0.000000000000000000e+00
2.001020000000000073e+04
1.978379999999999927e+04
1.951259999999999854e+04
1.914300000000000000e+04
1.887420000000000073e+04
1.866459999999999854e+04
1.853420000000000073e+04
1.847020000000000073e+04
1.812859999999999854e+04
1.784300000000000000e+04
1.766940000000000146e+04
1.741340000000000146e+04
1.737820000000000073e+04
1.727500000000000000e+04
1.694779999999999927e+04
1.652300000000000000e+04
1.781100000000000000e+04
1.930140000000000146e+04
1.906940000000000146e+04
1.882940000000000146e+04
1.868700000000000000e+04
1.840379999999999927e+04
1.824140000000000146e+04
1.820300000000000000e+04
1.804540000000000146e+04
1.779500000000000000e+04
1.749659999999999854e+04
1.729340000000000146e+04
1.697420000000000073e+04
1.666700000000000000e+04
1.659900000000000000e+04
1.656940000000000146e+04
1.641900000000000000e+04
1.624460000000000036e+04
1.617900000000000000e+04
1.614060000000000036e+04
1.590860000000000036e+04
1.580220000000000073e+04
1.578300000000000000e+04
1.557900000000000000e+04
1.538220000000000073e+04
1.520139999999999964e+04
1.516620000000000073e+04
1.512620000000000073e+04
1.495339999999999964e+04
1.477500000000000000e+04
1.468539999999999964e+04
1.456700000000000000e+04
1.436139999999999964e+04
1.417339999999999964e+04
1.405100000000000000e+04
1.395339999999999964e+04
1.386139999999999964e+04
1.369260000000000036e+04
1.347260000000000036e+04
1.336379999999999927e+04
9.310200000000000728e+03
5.971000000000000000e+03
7.190199999999999818e+03
8.283799999999999272e+03
9.648600000000000364e+03
1.102779999999999927e+04
1.232539999999999964e+04
1.357500000000000000e+04
1.473179999999999927e+04
1.576060000000000036e+04
1.664540000000000146e+04
1.751659999999999854e+04
1.826540000000000146e+04
1.885979999999999927e+04
1.923259999999999854e+04
1.957740000000000146e+04
2.000459999999999854e+04
2.028620000000000073e+04
2.033259999999999854e+04
2.041500000000000000e+04
2.053420000000000073e+04
2.056700000000000000e+04
2.050220000000000073e+04
2.038300000000000000e+04
2.035659999999999854e+04
2.038059999999999854e+04
2.047500000000000000e+04
2.047820000000000073e+04
2.028779999999999927e+04
2.013659999999999854e+04
2.006540000000000146e+04
1.998300000000000000e+04
1.980540000000000146e+04
1.956140000000000146e+04
1.934540000000000146e+04
1.913740000000000146e+04
1.884940000000000146e+04
1.863259999999999854e+04
1.858779999999999927e+04
1.834779999999999927e+04
1.801500000000000000e+04
1.788379999999999927e+04
1.764300000000000000e+04
1.727420000000000073e+04
1.696700000000000000e+04
1.666300000000000000e+04
1.638620000000000073e+04
1.606539999999999964e+04
1.599820000000000073e+04
1.593260000000000036e+04
1.569660000000000036e+04
1.542379999999999927e+04
1.508779999999999927e+04
1.495660000000000036e+04
1.456460000000000036e+04
1.412620000000000073e+04
1.402860000000000036e+04
1.393339999999999964e+04
1.365260000000000036e+04
1.331100000000000000e+04
1.317260000000000036e+04
1.303420000000000073e+04
1.278220000000000073e+04
1.267100000000000000e+04
1.253339999999999964e+04
1.236700000000000000e+04
1.214620000000000073e+04
1.181739999999999964e+04
1.163579999999999927e+04
1.158620000000000073e+04
1.149179999999999927e+04
1.124779999999999927e+04
1.112779999999999927e+04
1.113500000000000000e+04
1.109739999999999964e+04
1.098620000000000073e+04
1.077420000000000073e+04
1.068779999999999927e+04
1.063020000000000073e+04
1.052300000000000000e+04
1.031979999999999927e+04
1.000139999999999964e+04
9.977399999999999636e+03
9.912600000000000364e+03
9.616600000000000364e+03
9.391000000000000000e+03
9.235799999999999272e+03
9.115000000000000000e+03
9.028600000000000364e+03
8.898200000000000728e+03
8.964600000000000364e+03
8.868600000000000364e+03
8.555799999999999272e+03
8.410200000000000728e+03
8.252600000000000364e+03
8.143000000000000000e+03
8.108600000000000364e+03
8.183000000000000000e+03
8.264600000000000364e+03
8.184600000000000364e+03
8.076600000000000364e+03
8.002199999999999818e+03
7.892600000000000364e+03
7.899000000000000000e+03
7.811800000000000182e+03
7.587800000000000182e+03
7.559000000000000000e+03
7.505399999999999636e+03
7.243000000000000000e+03
7.196600000000000364e+03
7.331800000000000182e+03
7.398199999999999818e+03
7.356600000000000364e+03
7.119800000000000182e+03
6.859000000000000000e+03
6.823800000000000182e+03
6.619800000000000182e+03
6.424600000000000364e+03
6.371800000000000182e+03
6.275800000000000182e+03
6.336600000000000364e+03
6.339800000000000182e+03
6.394199999999999818e+03
6.597399999999999636e+03
6.619800000000000182e+03
6.458199999999999818e+03
6.306199999999999818e+03
6.130199999999999818e+03
6.005399999999999636e+03
6.029399999999999636e+03
5.980600000000000364e+03
5.906199999999999818e+03
5.794199999999999818e+03
5.813399999999999636e+03
5.902199999999999818e+03
5.758199999999999818e+03
5.683800000000000182e+03
5.621399999999999636e+03
5.531000000000000000e+03
5.384600000000000364e+03
5.280600000000000364e+03
5.431000000000000000e+03
5.402199999999999818e+03
5.304600000000000364e+03
5.249399999999999636e+03
5.088600000000000364e+03
5.110199999999999818e+03
5.040600000000000364e+03
5.037399999999999636e+03
5.039800000000000182e+03
5.022199999999999818e+03
5.148600000000000364e+03
5.010199999999999818e+03
4.855000000000000000e+03
4.830199999999999818e+03
4.696600000000000364e+03
4.529399999999999636e+03
4.482199999999999818e+03
4.596600000000000364e+03
4.593399999999999636e+03
4.483800000000000182e+03
4.458199999999999818e+03
4.287800000000000182e+03
4.203000000000000000e+03
4.217399999999999636e+03
4.124600000000000364e+03
4.093400000000000091e+03
3.999000000000000000e+03
4.034199999999999818e+03
4.074199999999999818e+03
3.859000000000000000e+03
3.799800000000000182e+03
3.852599999999999909e+03
3.893400000000000091e+03
3.898199999999999818e+03
3.688599999999999909e+03
3.638199999999999818e+03
3.771000000000000000e+03
3.625400000000000091e+03
3.515000000000000000e+03
3.403000000000000000e+03
3.371000000000000000e+03
3.542199999999999818e+03
3.498199999999999818e+03
3.467000000000000000e+03
3.344599999999999909e+03
3.188599999999999909e+03
3.195000000000000000e+03
3.184599999999999909e+03
3.203800000000000182e+03
3.216599999999999909e+03
3.257400000000000091e+03
3.189400000000000091e+03
2.912599999999999909e+03
2.738199999999999818e+03
2.770199999999999818e+03
2.781400000000000091e+03
2.884599999999999909e+03
3.004599999999999909e+03
3.056599999999999909e+03
3.002199999999999818e+03
2.828599999999999909e+03
2.835800000000000182e+03
2.823800000000000182e+03
2.752599999999999909e+03
2.699800000000000182e+03
2.625400000000000091e+03
2.494199999999999818e+03
2.395800000000000182e+03
2.469400000000000091e+03
2.407800000000000182e+03
2.176599999999999909e+03
2.158199999999999818e+03
2.236599999999999909e+03
2.131800000000000182e+03
2.006200000000000045e+03
1.946200000000000045e+03
2.174193749999999909e+03
2.442187500000000000e+03
2.266990624999999909e+03
2.175796875000000000e+03
2.273400000000000091e+03
2.311800000000000182e+03
2.272599999999999909e+03
2.317400000000000091e+03
2.470199999999999818e+03
2.488599999999999909e+03
2.396599999999999909e+03
2.439800000000000182e+03
2.539000000000000000e+03
2.451000000000000000e+03
2.307800000000000182e+03
2.315800000000000182e+03
2.367800000000000182e+03
2.355800000000000182e+03
2.346199999999999818e+03
2.278199999999999818e+03
2.163000000000000000e+03
2.111800000000000182e+03
2.231000000000000000e+03
2.160599999999999909e+03
1.978200000000000045e+03
1.979799999999999955e+03
2.124599999999999909e+03
2.356599999999999909e+03
2.323800000000000182e+03
2.198199999999999818e+03
2.231800000000000182e+03
2.382996874999999818e+03
2.295796875000000000e+03
1.998200000000000045e+03
2.039799999999999955e+03
2.013400000000000091e+03
2.030996875000000045e+03
2.560587500000000091e+03
2.369390625000000000e+03
1.841400000000000091e+03
1.855000000000000000e+03
2.362190625000000182e+03
2.433387499999999818e+03
1.927793750000000045e+03
2.117387499999999818e+03
2.627778124999999818e+03
2.861375000000000000e+03
4.056556250000000091e+03
4.591746874999999818e+03
3.596562500000000000e+03
4.542146875000000364e+03
4.726943750000000364e+03
3.189371874999999818e+03
2.993375000000000000e+03
3.426965624999999818e+03
3.120571875000000091e+03
2.830978125000000091e+03
3.755762499999999818e+03
3.923759375000000091e+03
2.895775000000000091e+03
4.022956250000000182e+03
6.790912500000000364e+03
5.458934374999999818e+03
2.831778124999999818e+03
3.196571875000000091e+03
3.279768750000000182e+03
4.073356249999999818e+03
5.240537500000000364e+03
4.858143750000000182e+03
5.309337499999999636e+03
7.244506250000000364e+03
7.537300000000000182e+03
8.526084375000000364e+03
1.409959687499999927e+04
1.445879062499999964e+04
1.441479062499999964e+04
1.477878437499999927e+04
1.158843437500000073e+04
1.120764062500000000e+04
1.218762500000000000e+04
1.475398437500000000e+04
1.552917187500000000e+04
1.431159062500000073e+04
1.554117187500000000e+04
1.516997812499999964e+04
1.411079375000000073e+04
2.059949062499999854e+04
2.140987812499999927e+04
2.045789374999999927e+04
2.060109062500000073e+04
2.476022499999999854e+04
3.038493750000000000e+04
3.016574062499999854e+04
3.152091875000000073e+04
3.130492187500000000e+04
3.472326875000000291e+04
3.473606874999999854e+04
3.330249062499999854e+04
3.648644062500000291e+04
3.908000000000000000e+04
4.142876249999999709e+04
3.584165000000000146e+04
3.151611875000000146e+04
3.271929999999999927e+04
3.014014062500000000e+04
3.017854062500000146e+04
3.179371562500000073e+04
2.837536875000000146e+04
2.778897812500000146e+04
3.301209687500000291e+04
3.717043125000000146e+04
3.977359062499999709e+04
3.751202500000000146e+04
3.665283750000000146e+04
3.903600000000000000e+04
4.124956562500000291e+04
4.443991562500000146e+04
4.636228437500000291e+04
4.597589062500000000e+04
4.362312812500000291e+04
4.638548437500000000e+04
4.871824687499999709e+04
4.790465937500000291e+04
5.103980937499999709e+04
5.158780000000000291e+04
5.166219999999999709e+04
5.097741249999999854e+04
4.954863437500000146e+04
4.949503437500000291e+04
4.871584687500000291e+04
4.816545625000000291e+04
5.172059999999999854e+04
5.361816874999999709e+04
5.280138124999999854e+04
5.420135937500000000e+04
5.517894374999999854e+04
5.687731562500000291e+04
5.610532812500000000e+04
5.494534687500000291e+04
5.528054062500000146e+04
5.624932499999999709e+04
5.761490312499999709e+04
5.830609062499999709e+04
5.868528437500000291e+04
5.815409375000000000e+04
5.806849375000000146e+04
5.857488437500000146e+04
5.990446250000000146e+04
6.163803437500000291e+04
6.126844062500000291e+04
6.070365000000000146e+04
5.693482499999999709e+04
5.383080000000000291e+04
5.499880000000000291e+04
5.636440000000000146e+04
5.769559999999999854e+04
5.884600000000000000e+04
5.981640625000000000e+04
5.959162812500000291e+04
5.709888124999999854e+04
5.346294999999999709e+04
5.030941249999999854e+04
4.418071875000000000e+04
3.444007812500000000e+04
2.514103125000000000e+04
1.848354062500000146e+04
1.226604062499999964e+04
5.780543749999999818e+03
2.925393750000000182e+03
2.946996874999999818e+03
3.118996874999999818e+03
3.183000000000000000e+03
3.270199999999999818e+03
3.351800000000000182e+03
3.349400000000000091e+03
3.292599999999999909e+03
3.276599999999999909e+03
3.167800000000000182e+03
3.045400000000000091e+03
3.059800000000000182e+03
3.080599999999999909e+03
2.900599999999999909e+03
2.916596875000000182e+03
3.043793749999999818e+03
2.562996874999999818e+03
3.050184374999999818e+03
4.304562500000000000e+03
5.790137499999999818e+03
7.722906250000000000e+03
9.070084375000000364e+03
1.333801562500000000e+04
1.500038750000000073e+04
1.663395937499999854e+04
2.326345312500000000e+04
2.832817187500000000e+04
3.300649687499999709e+04
3.457607187500000146e+04
3.768002187499999854e+04
4.019438124999999854e+04
4.116236562499999854e+04
4.274074062499999854e+04
4.397992187500000000e+04
4.863424687499999709e+04
5.203179062500000146e+04
5.256858125000000291e+04
5.175739375000000291e+04
5.387175937500000146e+04
5.715730625000000146e+04
5.775969687500000146e+04
5.775569687500000146e+04
5.890927812499999709e+04
5.949646875000000000e+04
6.017405625000000146e+04
6.152043125000000146e+04
6.178602500000000146e+04
6.183322187500000291e+04
6.192281874999999854e+04
6.181562187499999709e+04
6.169642187500000000e+04
6.219881250000000000e+04
6.253160624999999709e+04
6.246520312500000000e+04
6.250680000000000291e+04
6.239959999999999854e+04
6.222280000000000291e+04
6.197880312499999854e+04
6.186920312500000000e+04
6.202519999999999709e+04
6.205240000000000146e+04
