0.000000000000000000e+00
1.655062499999998593e+01
1.414527343750002686e+01
1.238592773437497740e+01
1.153277343750001727e+01
1.187374023437497783e+01
1.170155273437501009e+01
1.175527343749999964e+01
1.144600585937499737e+01
1.062359374999997996e+01
9.708193359375002274e+00
1.022608398437498245e+01
1.077652343749998742e+01
9.794960937499997300e+00
9.844833984374995239e+00
1.096625000000000227e+01
1.138428710937499844e+01
1.129000000000000270e+01
1.070902343749999908e+01
1.091952148437500014e+01
1.120839843749999964e+01
1.195561523437499929e+01
9.971005859374972857e+00
1.038902343749999702e+01
1.071631835937501087e+01
1.049984375000001258e+01
1.120152343750000412e+01
1.150819335937500654e+01
1.131621093749999929e+01
1.112621093749998025e+01
1.105621093749998707e+01
1.014256835937498380e+01
1.111859375000000227e+01
1.210233398437500085e+01
1.110562500000001407e+01
1.146905273437500128e+01
1.273812500000001258e+01
1.206592773437502863e+01
1.077241210937500071e+01
1.101859375000000973e+01
1.076527343749998877e+01
1.028749999999999964e+01
1.071108398437499964e+01
1.047464843750000618e+01
1.163246093749998877e+01
1.203871093750001009e+01
1.220937499999999964e+01
1.123277343750001300e+01
1.219121093749999929e+01
1.201163085937499808e+01
1.249178710937500014e+01
1.294121093749999929e+01
1.218452148437500071e+01
1.202186523437499943e+01
1.229839843750001194e+01
1.190484375000000838e+01
1.135538085937500341e+01
1.114609375000000036e+01
1.314625000000000554e+01
1.436499999999999844e+01
1.442030273437499410e+01
1.332714843750000000e+01
1.174214843750000981e+01
1.518569335937499964e+01
1.724746093750000142e+01
1.650609374999998380e+01
1.651734374999998423e+01
1.663109374999998025e+01
1.719506835937500000e+01
1.848609375000001975e+01
1.613491210937500142e+01
1.336319335937499275e+01
1.451527343749999410e+01
1.549625000000001407e+01
1.672686523437500483e+01
1.955609374999998806e+01
2.016475585937501336e+01
1.976991210937498522e+01
1.962562499999996035e+01
2.071756835937497243e+01
2.113375000000003467e+01
1.902186523437497456e+01
1.885433593749997172e+01
1.986839843749997314e+01
1.954444335937502331e+01
2.118124023437499304e+01
2.027871093750000142e+01
1.714170898437501833e+01
1.628475585937497883e+01
1.725999999999997669e+01
1.779859375000002331e+01
1.638125000000000142e+01
1.608983398437498735e+01
1.666319335937501833e+01
1.697402343750000142e+01
1.828277343750001549e+01
1.802089843750000142e+01
1.679609375000000071e+01
1.834959960937499446e+01
1.972225585937498238e+01
1.922061523437501407e+01
1.848187499999997030e+01
1.838433593750001549e+01
1.945999999999996888e+01
1.886402343750003041e+01
1.914663085937500142e+01
2.106670898437501549e+01
1.992249999999998877e+01
1.878687500000000199e+01
2.319373437499997124e+02
1.006500000000001727e+01
1.277874999999998451e+01
1.352152343749997065e+01
2.826866210937501478e+01
2.577850585937498451e+01
2.578436523437495609e+01
2.805839843749999929e+01
2.936859375000001293e+01
2.669639648437502544e+01
3.526371093749999375e+01
3.171312499999998025e+01
3.440991210937500000e+01
3.711889648437500000e+01
3.120225585937499346e+01
3.225562499999998778e+01
3.324561523437503041e+01
3.244256835937500938e+01
3.145655273437494515e+01
2.782577148437501435e+01
3.275913085937499858e+01
3.697152343750006764e+01
3.240272460937499943e+01
2.980053710937500000e+01
3.399859375000001904e+01
3.076402343750000412e+01
2.405312500000000142e+01
2.146464843749999929e+01
2.139746093750000000e+01
2.295996093750000000e+01
2.172881835937504746e+01
1.943734374999999304e+01
1.906788085937497712e+01
1.800996093750000071e+01
1.775584960937498380e+01
1.649725585937500583e+01
1.452749999999998565e+01
1.477152343749998842e+01
1.322381835937498273e+01
1.142749023437500000e+01
1.036913085937499268e+01
1.108311523437500412e+01
1.175913085937500036e+01
1.481234374999998593e+01
1.510584960937498877e+01
1.271234375000001293e+01
1.268125000000000036e+01
1.186402343750001087e+01
1.124608398437501755e+01
1.185250000000000981e+01
1.150499023437501123e+01
1.215913085937500071e+01
1.365234375000000000e+01
1.459124999999999694e+01
1.465741210937498806e+01
1.285428710937500263e+01
1.353983398437498487e+01
1.319234375000000625e+01
1.289952148437502011e+01
1.317530273437501798e+01
1.412358398437499929e+01
1.283277343750000554e+01
1.168975585937500128e+01
1.230589843749998025e+01
1.273350585937500057e+01
1.228241210937497918e+01
1.228746093750001123e+01
1.263124023437501720e+01
1.310975585937502252e+01
1.381030273437500000e+01
1.336558593750001833e+01
1.272999023437502153e+01
1.317108398437498273e+01
1.336527343749998487e+01
1.320589843749999659e+01
1.198402343749998167e+01
1.298359375000000071e+01
1.347764648437501478e+01
1.207725585937499169e+01
1.364288085937499773e+01
1.684984374999998380e+01
2.090069335937501549e+01
1.805858398437499801e+01
1.554312500000000874e+01
1.916527343749999446e+01
1.920952148437499929e+01
1.761288085937498593e+01
1.825308593750002473e+01
1.848277343750003610e+01
1.755234374999999858e+01
1.684937500000001620e+01
1.649984374999997883e+01
1.613256835937500000e+01
1.653359375000000142e+01
1.847295898437501904e+01
1.861683593750001720e+01
1.823109374999999943e+01
1.758389648437501052e+01
1.683631835937499233e+01
1.631308593749999858e+01
1.530342773437500270e+01
1.661319335937501052e+01
1.775214843750000071e+01
2.048609375000003396e+01
2.455250000000001620e+01
2.304819335937499858e+01
2.301600585937496746e+01
2.315288085937499929e+01
2.000621093750002188e+01
1.817686523437503254e+01
1.728569335937499929e+01
1.793311523437501620e+01
2.077652343750001762e+01
2.242562499999997527e+01
2.242933593749997456e+01
2.219749999999996248e+01
1.928499999999996461e+01
1.710937500000000000e+01
1.715366210937499858e+01
1.763936523437500625e+01
1.925562500000001975e+01
1.753436523437496319e+01
1.764527343750000199e+01
2.142030273437498877e+01
2.147569335937505386e+01
2.458358398437497527e+01
2.412183593750001620e+01
1.989139648437496533e+01
2.113734374999998522e+01
2.467777343749997954e+01
2.689371093750001407e+01
2.777714843749999929e+01
2.378734374999996959e+01
2.099100585937497243e+01
2.381053710937498025e+01
2.227933593749997954e+01
1.822264648437498025e+01
1.528902343750001513e+01
1.831874023437498522e+01
2.015624023437496959e+01
1.723280273437497812e+01
1.982777343749996390e+01
2.068725585937500000e+01
2.102308593749997812e+01
2.120928710937502970e+01
2.110374999999999801e+01
2.300077148437498309e+01
2.188812499999999517e+01
1.892812500000000142e+01
2.174959960937497527e+01
2.524530273437498096e+01
2.291249023437498167e+01
1.798433593750000625e+01
1.916859374999999233e+01
1.842246093749999858e+01
1.591186523437500000e+01
2.105859375000000000e+01
2.428871093749998167e+01
2.064913085937502757e+01
1.778389648437502402e+01
2.045616210937500767e+01
2.414561523437500767e+01
2.426109375000003254e+01
2.348121093750001265e+01
2.259803710937497812e+01
2.230999999999998806e+01
2.138163085937497243e+01
2.571875000000000000e+01
2.985234374999999929e+01
2.096235783098636603e+02
2.098922108934826554e+02
2.702459960937498451e+01
2.571871093750001336e+01
2.070058527849614620e+02
2.050572350023682588e+02
2.344749999999996959e+01
2.369183593749996675e+01
2.316694335937500071e+01
2.322959960937502899e+01
2.091058593749998451e+01
1.985733398437504249e+01
2.126839843749996106e+01
2.285303710937503041e+01
3.899156098359825364e+02
9.306082469998306124e+02
5.743976956067988340e+02
2.774561523437503041e+01
2.372381835937497030e+01
2.078932369707522412e+02
2.092791683672364229e+02
2.578319335937498380e+01
2.387871093749999929e+01
2.181030273437500000e+01
7.537449592947959900e+02
1.288061757223455515e+03
5.711917498670518398e+02
5.761808872877068097e+02
5.741147393690033596e+02
1.856913085937496533e+01
2.173334960937500071e+01
2.306234374999997527e+01
2.157499023437496533e+01
2.107437500000001052e+01
2.116714843750003539e+01
2.072933593749999304e+01
2.190933593750002473e+01
5.635343504987656615e+02
5.623635655103632871e+02
2.043121093750001194e+01
2.269413085937498664e+01
2.055983946703374272e+02
2.031028015612060358e+02
1.732147460937499162e+01
1.608812499999998380e+01
1.605350585937498664e+01
1.848124023437497243e+01
2.054754742144047270e+02
3.943799930757278389e+02
2.112368172167234661e+02
3.918470812410116082e+02
3.935129158967740750e+02
2.140234375000000000e+01
2.259444335937502046e+01
2.429256835937499304e+01
3.942843555635212169e+02
3.933388118928667723e+02
2.195464843750003325e+01
2.062026535509526752e+02
5.754166405378286981e+02
5.762933476148548380e+02
7.616073717093470350e+02
1.486883132696151733e+03
1.124403813452126769e+03
5.766978417097033116e+02
5.804633186994494736e+02
7.657316637015348988e+02
1.311306092321724691e+03
1.316160782568303830e+03
7.659824953055401693e+02
5.741352841077751918e+02
5.768415189252790469e+02
1.135243751043677776e+03
2.738804842829553763e+03
3.590456390359407123e+03
4.080893808238358815e+03
5.204182826156015835e+03
4.754702608524418793e+03
5.065578749426454124e+03
4.577899097055787934e+03
3.422715315030666716e+03
4.714572649036503208e+03
3.592562503335469955e+03
2.412240730117410749e+03
3.278671852921846039e+03
3.775856124669159271e+03
4.427193672897667057e+03
5.992611284750544655e+03
7.171078308659639333e+03
6.758758232259750002e+03
6.614520824615811762e+03
5.571604889068594275e+03
6.570517973892538976e+03
8.060177910489439455e+03
8.289438969972125051e+03
9.507578381747607636e+03
9.967726420649885767e+03
1.053077094387276702e+04
1.117435455898628788e+04
1.153161648756489194e+04
1.134702960664257444e+04
1.134624255395396722e+04
1.137655183147428397e+04
1.065598411704064711e+04
1.016194319448410170e+04
9.823155823411792881e+03
1.002319911646828587e+04
1.129559327747685893e+04
1.152627669109344060e+04
1.254109518470526200e+04
1.431519355213581548e+04
1.503368344396054817e+04
1.495347295535802914e+04
1.470772955991687195e+04
1.474580449171005785e+04
1.483950188569054080e+04
1.506922012428703056e+04
1.470968059049546719e+04
1.396919476372660756e+04
1.455234932380901591e+04
1.508487745596157947e+04
1.531187122417911814e+04
1.538499807997703647e+04
1.532366597516772526e+04
1.535706374127728850e+04
1.549479891204698106e+04
1.540844876066908182e+04
1.536008504867019292e+04
1.490359248660802768e+04
1.457812380883632795e+04
1.470223226896226333e+04
1.525808914250718408e+04
1.531694508315088206e+04
1.514563282809718476e+04
1.527801572798192501e+04
1.512239767792808198e+04
1.528247981281740431e+04
1.539651528915390372e+04
1.538147778152091814e+04
1.541304267463672113e+04
1.530608390028700160e+04
1.519686073040900737e+04
1.505920327829122471e+04
1.490623780651676134e+04
1.432456777698933183e+04
1.309710286350189563e+04
1.261621158149478288e+04
1.219462318600402614e+04
1.052999000260768662e+04
9.721377899598939621e+03
1.029464269695045004e+04
1.062683640438304064e+04
1.061319211345896656e+04
1.122739006771431195e+04
1.039890064039812751e+04
8.368290285279745149e+03
7.295223905923364327e+03
6.141847300717819962e+03
6.867170654170370653e+03
7.678166844944801596e+03
7.816928076896663697e+03
7.417093646558374530e+03
7.010239909881948734e+03
5.988761482199281090e+03
5.503709913482666707e+03
5.488296795806874798e+03
4.219496229696273986e+03
3.398659431241602761e+03
3.227009695786829070e+03
3.053420747532695714e+03
2.716178195719573068e+03
2.020907346926782338e+03
1.481878957281114253e+03
1.659632112157198208e+03
1.657658208577486221e+03
1.655693733632416524e+03
1.832861361545920317e+03
1.651341449391693914e+03
1.656103493230195454e+03
1.830098303684592338e+03
1.109714806341528401e+03
7.470876951956740868e+02
9.297509241543709777e+02
9.317909507809588376e+02
1.117928048834204674e+03
1.113483409094213130e+03
1.109327029394505416e+03
9.247206757412835714e+02
7.456725648856173621e+02
5.675874776349953663e+02
5.589486031995713802e+02
7.387526640677441492e+02
9.185036705075219743e+02
1.100899031805393406e+03
9.296808125363265844e+02
9.268985340176528780e+02
1.278766593878116964e+03
1.278218779470771551e+03
9.301804695187522611e+02
7.481495665335648937e+02
1.102207425207497181e+03
1.285254495336860373e+03
1.110113347143531882e+03
9.291892955838162607e+02
9.258974768124520551e+02
9.286691612301790428e+02
1.117852171301244198e+03
1.299658086721745121e+03
9.316164169369645833e+02
7.478198564505581771e+02
5.714694283185905306e+02
3.885169361299268758e+02
2.044862431810801979e+02
5.700454499708100684e+02
7.495545799612998508e+02
2.001339007280766964e+02
1.738709960937500654e+01
1.778359375000000142e+01
1.858558593749997101e+01
1.822308593750001648e+01
1.575678710937500071e+01
1.603045898437499872e+01
1.976439535997807866e+02
3.784225803560012764e+02
2.924697457598156234e+02
