5.714012345679012651e+04
5.698525925925926276e+04
5.700422222222221899e+04
5.685251851851851825e+04
5.695997530864197324e+04
5.696945679012345499e+04
5.712748148148148175e+04
5.703266666666666424e+04
5.703898765432099026e+04
5.674506172839506326e+04
5.683671604938271776e+04
5.683039506172839174e+04
5.669449382716049149e+04
5.692204938271604624e+04
5.672925925925926276e+04
5.673874074074073724e+04
5.651750617283950851e+04
5.660916049382716301e+04
5.657439506172839174e+04
5.653962962962962774e+04
5.657439506172839174e+04
5.642901234567900974e+04
5.629311111111110949e+04
5.617933333333333576e+04
5.612244444444444525e+04
5.623938271604938200e+04
5.641004938271604624e+04
5.637844444444444525e+04
5.642269135802469100e+04
5.603079012345679075e+04
5.617617283950617275e+04
5.621409876543209975e+04
5.633419753086419951e+04
5.629311111111110949e+04
5.648274074074073724e+04
5.634051851851851825e+04
5.632471604938271776e+04
5.640372839506172750e+04
5.641320987654320925e+04
5.632787654320987349e+04
5.613508641975309001e+04
5.606239506172839174e+04
5.623306172839506326e+04
5.650486419753086375e+04
5.642901234567900974e+04
5.628995061728395376e+04
5.624570370370370074e+04
5.632787654320987349e+04
5.625518518518518249e+04
5.595177777777778101e+04
5.595177777777778101e+04
5.573686419753086375e+04
5.578111111111110949e+04
5.561676543209876399e+04
5.556303703703703650e+04
5.578427160493827250e+04
5.598970370370370074e+04
5.572422222222221899e+04
5.590120987654320925e+04
5.587276543209876399e+04
5.600550617283950851e+04
5.605291358024690999e+04
5.620777777777778101e+04
5.610980246913580049e+04
5.625518518518518249e+04
5.643533333333333576e+04
5.657755555555555475e+04
5.625518518518518249e+04
5.620777777777778101e+04
5.617617283950617275e+04
5.622041975308641850e+04
5.624570370370370074e+04
5.622990123456790025e+04
5.603079012345679075e+04
5.607187654320987349e+04
5.600866666666666424e+04
5.604027160493827250e+04
5.592965432098765450e+04
5.598654320987654501e+04
5.617617283950617275e+04
5.644797530864197324e+04
5.647009876543209975e+04
5.628995061728395376e+04
5.643533333333333576e+04
5.636580246913580049e+04
5.622041975308641850e+04
5.633419753086419951e+04
5.652382716049382725e+04
5.671029629629629926e+04
5.654911111111110949e+04
5.647325925925926276e+04
5.654279012345679075e+04
5.660916049382716301e+04
5.654595061728395376e+04
5.680827160493827250e+04
5.692837037037037226e+04
5.687148148148148175e+04
5.679879012345679075e+04
5.680195061728395376e+04
5.713696296296296350e+04
5.684935802469135524e+04
5.683987654320987349e+04
5.705795061728395376e+04
5.682723456790123601e+04
5.683987654320987349e+04
5.736767901234568126e+04
5.726654320987654501e+04
5.702318518518518249e+04
5.724758024691358150e+04
5.711800000000000000e+04
5.715276543209876399e+04
5.748461728395061800e+04
5.713064197530864476e+04
5.723809876543209975e+04
5.092659259259259125e+04
5.153024691358024575e+04
5.239938271604938200e+04
5.370782716049382725e+04
5.462753086419752799e+04
5.579375308641975425e+04
5.743088888888889051e+04
5.855918518518518249e+04
5.955790123456790025e+04
6.029429629629629926e+04
6.091375308641975425e+04
6.165646913580247201e+04
6.246239506172839174e+04
6.288590123456790025e+04
6.345795061728395376e+04
6.396679012345679075e+04
6.419750617283950851e+04
6.380877777777778101e+04
5.994355555555555475e+04
5.444122222222221899e+04
5.840758024691358150e+04
5.133450617283950851e+04
5.056335802469135524e+04
4.819618518518518249e+04
4.893572839506172750e+04
4.962786419753086375e+04
4.651482716049382725e+04
4.969107407407407300e+04
5.356577777777778101e+04
5.199819753086419951e+04
6.000676543209876399e+04
5.515548148148148175e+04
5.909339506172839174e+04
6.215902469135802676e+04
6.350220987654320925e+04
6.412797530864197324e+04
6.395098765432099026e+04
6.380244444444444525e+04
6.368866666666666424e+04
6.385301234567900974e+04
6.364758024691358150e+04
6.355592592592592700e+04
6.335365432098765450e+04
6.291750617283950851e+04
6.294279012345679075e+04
6.273419753086419951e+04
6.277844444444444525e+04
6.279740740740740875e+04
6.246871604938271776e+04
6.214318518518518249e+04
6.204520987654320925e+04
6.206101234567900974e+04
6.180185185185185401e+04
6.139414814814814599e+04
6.137518518518518249e+04
6.152688888888889051e+04
6.118871604938271776e+04
6.102120987654320925e+04
6.097064197530864476e+04
6.053133333333333576e+04
6.058822222222221899e+04
6.044283950617283699e+04
6.044283950617283699e+04
6.058190123456790025e+04
6.038279012345679075e+04
6.034170370370370074e+04
6.013311111111110949e+04
6.033222222222221899e+04
6.050604938271604624e+04
6.018367901234568126e+04
6.031009876543209975e+04
6.016155555555555475e+04
5.996876543209876399e+04
6.005725925925926276e+04
5.977913580246913625e+04
5.972540740740740875e+04
5.963375308641975425e+04
5.957054320987654501e+04
5.929558024691358150e+04
5.949153086419752799e+04
5.919444444444444525e+04
5.921340740740740875e+04
5.919444444444444525e+04
5.932402469135802676e+04
5.922288888888889051e+04
5.877409876543209975e+04
5.880254320987654501e+04
5.878990123456790025e+04
5.877725925925926276e+04
5.870772839506172750e+04
5.891316049382716301e+04
5.885627160493827250e+04
5.890683950617283699e+04
5.894160493827160826e+04
5.874881481481481751e+04
5.854654320987654501e+04
5.862239506172839174e+04
5.849597530864197324e+04
5.820204938271604624e+04
5.815148148148148175e+04
5.846120987654320925e+04
5.806930864197530900e+04
5.812303703703703650e+04
5.822101234567900974e+04
5.826209876543209975e+04
5.791128395061728224e+04
5.765844444444444525e+04
5.787967901234568126e+04
5.774693827160493674e+04
5.766792592592592700e+04
5.767424691358024575e+04
5.777854320987654501e+04
5.790812345679012651e+04
5.781330864197530900e+04
5.770269135802469100e+04
5.787967901234568126e+04
5.806614814814814599e+04
5.797449382716049149e+04
5.811671604938271776e+04
5.820204938271604624e+04
5.810407407407407300e+04
5.804718518518518249e+04
5.781646913580247201e+04
5.794604938271604624e+04
5.789232098765431874e+04
5.777854320987654501e+04
5.776906172839506326e+04
5.773429629629629926e+04
5.788916049382716301e+04
5.775641975308641850e+04
5.780382716049382725e+04
5.789864197530864476e+04
5.775958024691358150e+04
5.796185185185185401e+04
5.788283950617283699e+04
5.774377777777778101e+04
5.791128395061728224e+04
5.793340740740740875e+04
5.786071604938271776e+04
5.778170370370370074e+04
5.808827160493827250e+04
5.789232098765431874e+04
5.811355555555555475e+04
5.800609876543209975e+04
5.785123456790123601e+04
5.805034567901234550e+04
5.803138271604938200e+04
5.796501234567900974e+04
5.827790123456790025e+04
5.792708641975309001e+04
5.802506172839506326e+04
5.800925925925926276e+04
5.786703703703703650e+04
5.782279012345679075e+04
5.778486419753086375e+04
5.786703703703703650e+04
5.745933333333333576e+04
5.745301234567900974e+04
5.743720987654320925e+04
5.743720987654320925e+04
5.757311111111110949e+04
5.738032098765431874e+04
5.755414814814814599e+04
5.755730864197530900e+04
5.790812345679012651e+04
5.787019753086419951e+04
5.778170370370370074e+04
5.763948148148148175e+04
5.784175308641975425e+04
5.749409876543209975e+04
5.748145679012345499e+04
5.774377777777778101e+04
5.760787654320987349e+04
5.757627160493827250e+04
5.755414814814814599e+04
5.760155555555555475e+04
5.753834567901234550e+04
5.741508641975309001e+04
5.753202469135802676e+04
5.762051851851851825e+04
5.754150617283950851e+04
5.747513580246913625e+04
5.738980246913580049e+04
5.707059259259259125e+04
5.722861728395061800e+04
5.718120987654320925e+04
5.734871604938271776e+04
5.730762962962962774e+04
5.738664197530864476e+04
5.734871604938271776e+04
5.727602469135802676e+04
5.720649382716049149e+04
5.708323456790123601e+04
5.714960493827160826e+04
5.703582716049382725e+04
5.732343209876543551e+04
5.707375308641975425e+04
5.730762962962962774e+04
5.720649382716049149e+04
5.718437037037037226e+04
5.710219753086419951e+04
5.695049382716049149e+04
5.681775308641975425e+04
5.709587654320987349e+04
5.679246913580247201e+04
5.681459259259259125e+04
5.677034567901234550e+04
5.693469135802469100e+04
5.677350617283950851e+04
5.724441975308641850e+04
5.693785185185185401e+04
5.681775308641975425e+04
5.709587654320987349e+04
5.715908641975309001e+04
5.715592592592592700e+04
5.725074074074073724e+04
5.729498765432099026e+04
5.739296296296296350e+04
5.734239506172839174e+04
5.735819753086419951e+04
5.729498765432099026e+04
5.714012345679012651e+04
5.748145679012345499e+04
5.724125925925926276e+04
5.768056790123456449e+04
5.752886419753086375e+04
5.776590123456790025e+04
5.753518518518518249e+04
5.742456790123456449e+04
5.732659259259259125e+04
5.752254320987654501e+04
5.723177777777778101e+04
5.746249382716049149e+04
5.751938271604938200e+04
5.733607407407407300e+04
5.708007407407407300e+04
5.716540740740740875e+04
5.721913580246913625e+04
5.719385185185185401e+04
5.697261728395061800e+04
5.731711111111110949e+04
5.746565432098765450e+04
5.725074074074073724e+04
5.734555555555555475e+04
5.712748148148148175e+04
5.735187654320987349e+04
5.737083950617283699e+04
5.738348148148148175e+04
5.740244444444444525e+04
5.735187654320987349e+04
5.744037037037037226e+04
5.698841975308641850e+04
5.716224691358024575e+04
5.719385185185185401e+04
5.721281481481481751e+04
5.711167901234568126e+04
5.721913580246913625e+04
5.735187654320987349e+04
5.748145679012345499e+04
5.751938271604938200e+04
5.769953086419752799e+04
5.774693827160493674e+04
5.767740740740740875e+04
5.801241975308641850e+04
5.803454320987654501e+04
5.828106172839506326e+04
5.803138271604938200e+04
5.802190123456790025e+04
5.810723456790123601e+04
5.806298765432099026e+04
5.823681481481481751e+04
5.843276543209876399e+04
5.816096296296296350e+04
5.828106172839506326e+04
5.820837037037037226e+04
5.840748148148148175e+04
5.804086419753086375e+04
5.798081481481481751e+04
5.799029629629629926e+04
5.812303703703703650e+04
5.825893827160493674e+04
5.803770370370370074e+04
5.787967901234568126e+04
5.777222222222221899e+04
5.824313580246913625e+04
5.795553086419752799e+04
5.798713580246913625e+04
5.822417283950617275e+04
5.802506172839506326e+04
5.799661728395061800e+04
5.793340740740740875e+04
5.787967901234568126e+04
5.773429629629629926e+04
5.780382716049382725e+04
5.754150617283950851e+04
5.774061728395061800e+04
5.783859259259259125e+04
5.761419753086419951e+04
5.772165432098765450e+04
5.749725925925926276e+04
5.727602469135802676e+04
5.752886419753086375e+04
5.763948148148148175e+04
5.752570370370370074e+04
5.755414814814814599e+04
5.737716049382716301e+04
5.734871604938271776e+04
5.738348148148148175e+04
5.760787654320987349e+04
5.752254320987654501e+04
5.750674074074073724e+04
5.777222222222221899e+04
5.765212345679012651e+04
5.766160493827160826e+04
5.750674074074073724e+04
5.754466666666666424e+04
5.738348148148148175e+04
5.747829629629629926e+04
5.762683950617283699e+04
5.766792592592592700e+04
5.801874074074073724e+04
5.782279012345679075e+04
5.802822222222221899e+04
5.774061728395061800e+04
5.786387654320987349e+04
5.771849382716049149e+04
5.768056790123456449e+04
5.792708641975309001e+04
5.787967901234568126e+04
5.792708641975309001e+04
5.766792592592592700e+04
5.772481481481481751e+04
5.770269135802469100e+04
5.752570370370370074e+04
5.751938271604938200e+04
5.752254320987654501e+04
5.752886419753086375e+04
5.764896296296296350e+04
5.756679012345679075e+04
5.763948148148148175e+04
5.776590123456790025e+04
5.774693827160493674e+04
5.774693827160493674e+04
5.781646913580247201e+04
5.772481481481481751e+04
5.778486419753086375e+04
5.796185185185185401e+04
5.797765432098765450e+04
5.778486419753086375e+04
5.788600000000000000e+04
5.766160493827160826e+04
5.761103703703703650e+04
5.798713580246913625e+04
5.775958024691358150e+04
5.798713580246913625e+04
5.755730864197530900e+04
5.764896296296296350e+04
5.776274074074073724e+04
5.789548148148148175e+04
5.794288888888889051e+04
5.783227160493827250e+04
5.787335802469135524e+04
5.793024691358024575e+04
5.804086419753086375e+04
5.800609876543209975e+04
5.786387654320987349e+04
5.782279012345679075e+04
5.767740740740740875e+04
5.767424691358024575e+04
5.763000000000000000e+04
5.791128395061728224e+04
5.794604938271604624e+04
5.788916049382716301e+04
5.780698765432099026e+04
5.776274074074073724e+04
5.776274074074073724e+04
5.769637037037037226e+04
5.764580246913580049e+04
5.770585185185185401e+04
5.752254320987654501e+04
5.739928395061728224e+04
5.741192592592592700e+04
5.768056790123456449e+04
5.758891358024690999e+04
5.739612345679012651e+04
5.716540740740740875e+04
5.727286419753086375e+04
5.728866666666666424e+04
5.746565432098765450e+04
5.725074074074073724e+04
5.738348148148148175e+04
5.732343209876543551e+04
5.732343209876543551e+04
5.233617283950617275e+04
5.276283950617283699e+04
5.365093827160493674e+04
5.465913580246913625e+04
5.582535802469135524e+04
5.689676543209876399e+04
5.818624691358024575e+04
5.931770370370370074e+04
6.024056790123456449e+04
6.088214814814814599e+04
6.145103703703703650e+04
6.222851851851851825e+04
6.196620987654320925e+04
6.249717283950617275e+04
6.286695061728395376e+04
6.354013580246913625e+04
6.147004938271604624e+04
6.218430864197530900e+04
5.760482716049382725e+04
5.608149382716049149e+04
5.441277777777778101e+04
4.573419753086419951e+04
4.345867901234568126e+04
4.737762962962962774e+04
4.427407407407407300e+04
4.105358024691358150e+04
4.186897530864197324e+04
4.661596296296296350e+04
5.371116049382716301e+04
5.675466666666666424e+04
6.146372839506172750e+04
6.138471604938271776e+04
6.366655555555555475e+04
6.351801234567900974e+04
6.419434567901234550e+04
6.344848148148148175e+04
6.392570370370370074e+04
6.384353086419752799e+04
6.373607407407407300e+04
6.367602469135802676e+04
6.376767901234568126e+04
6.384037037037037226e+04
6.355276543209876399e+04
6.337577777777778101e+04
6.286693827160493674e+04
6.296175308641975425e+04
6.290802469135802676e+04
6.260461728395061800e+04
6.257301234567900974e+04
6.211474074074073724e+04
6.232333333333333576e+04
6.202308641975309001e+04
6.189982716049382725e+04
6.168491358024690999e+04
6.159641975308641850e+04
6.128037037037037226e+04
6.134358024691358150e+04
6.140995061728395376e+04
6.119819753086419951e+04
6.079681481481481751e+04
6.090111111111110949e+04
6.114130864197530900e+04
6.103385185185185401e+04
6.109390123456790025e+04
6.117291358024690999e+04
6.095167901234568126e+04
6.105281481481481751e+04
6.092955555555555475e+04
6.071464197530864476e+04
6.074940740740740875e+04
6.093587654320987349e+04
6.071780246913580049e+04
6.085054320987654501e+04
6.067987654320987349e+04
6.082841975308641850e+04
6.067987654320987349e+04
6.044600000000000000e+04
6.037962962962962774e+04
6.031641975308641850e+04
6.036066666666666424e+04
6.035750617283950851e+04
6.045548148148148175e+04
6.037330864197530900e+04
6.050920987654320925e+04
6.016471604938271776e+04
6.023108641975309001e+04
6.019632098765431874e+04
6.000037037037037226e+04
5.996560493827160826e+04
5.994032098765431874e+04
5.985814814814814599e+04
5.979809876543209975e+04
5.962743209876543551e+04
5.960530864197530900e+04
5.952945679012345499e+04
5.927977777777778101e+04
5.925449382716049149e+04
5.918496296296296350e+04
5.920708641975309001e+04
5.937459259259259125e+04
5.922288888888889051e+04
5.906486419753086375e+04
5.896372839506172750e+04
5.885627160493827250e+04
5.927977777777778101e+04
5.890051851851851825e+04
5.886891358024690999e+04
5.883098765432099026e+04
5.873617283950617275e+04
5.895740740740740875e+04
5.899533333333333576e+04
5.879938271604938200e+04
5.914703703703703650e+04
5.905538271604938200e+04
5.894160493827160826e+04
5.884362962962962774e+04
5.896688888888889051e+04
5.909962962962962774e+04
5.904590123456790025e+04
5.914703703703703650e+04
5.907434567901234550e+04
5.901113580246913625e+04
5.889735802469135524e+04
5.871720987654320925e+04
5.889103703703703650e+04
5.890683950617283699e+04
5.903325925925926276e+04
5.854654320987654501e+04
5.858762962962962774e+04
5.866664197530864476e+04
5.846753086419752799e+04
5.856234567901234550e+04
5.859395061728395376e+04
5.869508641975309001e+04
5.860975308641975425e+04
5.856866666666666424e+04
5.873617283950617275e+04
5.872037037037037226e+04
5.886259259259259125e+04
5.862871604938271776e+04
5.878674074074073724e+04
5.872985185185185401e+04
5.884362962962962774e+04
5.870772839506172750e+04
5.876777777777778101e+04
5.877409876543209975e+04
5.851809876543209975e+04
5.862871604938271776e+04
5.844224691358024575e+04
5.849597530864197324e+04
5.823049382716049149e+04
5.849913580246913625e+04
5.840748148148148175e+04
5.820837037037037226e+04
5.825893827160493674e+04
5.807879012345679075e+04
5.803138271604938200e+04
5.817676543209876399e+04
5.825893827160493674e+04
5.810407407407407300e+04
5.835375308641975425e+04
5.833162962962962774e+04
5.833162962962962774e+04
5.861607407407407300e+04
5.857814814814814599e+04
5.862239506172839174e+04
5.858762962962962774e+04
5.866032098765431874e+04
5.854022222222221899e+04
5.850545679012345499e+04
5.864451851851851825e+04
5.862555555555555475e+04
5.881518518518518249e+04
5.857814814814814599e+04
5.861607407407407300e+04
5.848965432098765450e+04
5.843908641975309001e+04
5.829686419753086375e+04
5.835059259259259125e+04
5.857814814814814599e+04
5.845488888888889051e+04
5.850545679012345499e+04
5.841380246913580049e+04
5.852125925925926276e+04
5.827158024691358150e+04
5.859711111111110949e+04
5.846753086419752799e+04
5.827158024691358150e+04
5.839483950617283699e+04
5.858130864197530900e+04
5.816412345679012651e+04
5.804086419753086375e+04
5.809143209876543551e+04
5.824945679012345499e+04
5.804402469135802676e+04
5.805982716049382725e+04
5.808511111111110949e+04
5.816728395061728224e+04
5.819888888888889051e+04
5.797133333333333576e+04
5.847385185185185401e+04
5.776274074074073724e+04
5.760155555555555475e+04
5.809143209876543551e+04
5.813251851851851825e+04
5.842328395061728224e+04
5.802190123456790025e+04
5.832530864197530900e+04
5.780698765432099026e+04
5.793340740740740875e+04
5.812619753086419951e+04
5.788283950617283699e+04
5.788283950617283699e+04
5.782911111111110949e+04
5.778802469135802676e+04
5.782279012345679075e+04
5.782279012345679075e+04
5.784491358024690999e+04
5.781330864197530900e+04
5.788600000000000000e+04
5.781646913580247201e+04
5.785439506172839174e+04
5.811987654320987349e+04
5.815148148148148175e+04
5.799029629629629926e+04
5.802822222222221899e+04
5.798397530864197324e+04
5.805350617283950851e+04
5.793024691358024575e+04
5.796501234567900974e+04
5.785439506172839174e+04
5.787967901234568126e+04
5.797133333333333576e+04
5.825261728395061800e+04
5.807246913580247201e+04
5.802190123456790025e+04
5.811671604938271776e+04
5.792076543209876399e+04
5.774377777777778101e+04
5.797765432098765450e+04
5.818624691358024575e+04
5.823365432098765450e+04
5.805350617283950851e+04
5.812303703703703650e+04
5.826841975308641850e+04
5.842012345679012651e+04
5.828106172839506326e+04
5.828738271604938200e+04
5.831266666666666424e+04
5.832530864197530900e+04
5.834111111111110949e+04
5.836639506172839174e+04
5.832530864197530900e+04
5.797765432098765450e+04
5.778486419753086375e+04
5.818940740740740875e+04
5.808827160493827250e+04
5.812303703703703650e+04
5.833795061728395376e+04
5.858130864197530900e+04
5.863819753086419951e+04
5.904274074074073724e+04
5.931138271604938200e+04
5.912491358024690999e+04
5.896056790123456449e+04
5.895740740740740875e+04
5.898585185185185401e+04
5.926713580246913625e+04
5.929874074074073724e+04
5.941251851851851825e+04
5.933034567901234550e+04
5.969696296296296350e+04
5.970328395061728224e+04
5.967483950617283699e+04
5.959898765432099026e+04
5.948520987654320925e+04
5.953893827160493674e+04
5.949469135802469100e+04
5.939987654320987349e+04
5.951049382716049149e+04
5.934930864197530900e+04
5.947256790123456449e+04
5.982022222222221899e+04
5.986762962962962774e+04
5.978861728395061800e+04
5.980758024691358150e+04
5.981074074074073724e+04
5.963691358024690999e+04
5.965271604938271776e+04
5.984234567901234550e+04
5.992451851851851825e+04
5.978545679012345499e+04
5.970328395061728224e+04
5.967800000000000000e+04
5.979493827160493674e+04
5.951997530864197324e+04
5.945676543209876399e+04
5.949785185185185401e+04
5.953577777777778101e+04
5.973804938271604624e+04
5.946624691358024575e+04
5.949469135802469100e+04
5.955158024691358150e+04
5.949153086419752799e+04
5.933666666666666424e+04
5.948520987654320925e+04
5.963375308641975425e+04
5.963691358024690999e+04
5.961479012345679075e+04
5.985182716049382725e+04
5.974437037037037226e+04
5.992135802469135524e+04
5.984866666666666424e+04
5.968432098765431874e+04
6.049024691358024575e+04
5.989607407407407300e+04
5.981390123456790025e+04
5.995612345679012651e+04
5.992767901234568126e+04
5.991503703703703650e+04
5.981074074074073724e+04
5.976333333333333576e+04
5.960214814814814599e+04
5.969696296296296350e+04
5.980125925925926276e+04
5.963375308641975425e+04
5.960530864197530900e+04
5.950733333333333576e+04
5.971592592592592700e+04
5.946308641975309001e+04
5.986762962962962774e+04
5.964955555555555475e+04
5.953893827160493674e+04
5.937459259259259125e+04
5.950101234567900974e+04
5.963375308641975425e+04
5.963059259259259125e+04
5.951997530864197324e+04
5.961795061728395376e+04
5.949469135802469100e+04
5.945044444444444525e+04
5.932402469135802676e+04
5.950733333333333576e+04
5.940303703703703650e+04
5.938723456790123601e+04
5.939039506172839174e+04
5.955790123456790025e+04
5.939355555555555475e+04
5.940619753086419951e+04
5.941883950617283699e+04
5.927977777777778101e+04
5.924501234567900974e+04
5.921972839506172750e+04
5.901745679012345499e+04
5.926397530864197324e+04
5.928293827160493674e+04
5.942200000000000000e+04
5.961795061728395376e+04
5.962427160493827250e+04
5.953577777777778101e+04
5.958318518518518249e+04
5.944096296296296350e+04
5.965271604938271776e+04
5.962427160493827250e+04
5.966851851851851825e+04
5.940303703703703650e+04
5.943148148148148175e+04
5.964639506172839174e+04
5.986130864197530900e+04
5.985498765432099026e+04
5.988975308641975425e+04
5.959582716049382725e+04
5.992135802469135524e+04
5.980758024691358150e+04
5.990871604938271776e+04
5.981706172839506326e+04
5.950417283950617275e+04
5.949469135802469100e+04
5.958634567901234550e+04
5.943780246913580049e+04
5.974437037037037226e+04
5.971908641975309001e+04
5.976965432098765450e+04
5.952945679012345499e+04
5.957370370370370074e+04
5.969064197530864476e+04
5.953261728395061800e+04
5.913123456790123601e+04
5.935246913580247201e+04
5.954525925925926276e+04
5.965271604938271776e+04
5.975385185185185401e+04
5.378367901234568126e+04
5.376471604938271776e+04
5.432412345679012651e+04
5.566733333333333576e+04
5.694417283950617275e+04
5.839483950617283699e+04
5.989607407407407300e+04
6.083790123456790025e+04
6.194407407407407300e+04
6.284481481481481751e+04
6.348639506172839174e+04
6.437449382716049149e+04
5.052227160493827250e+04
2.836123456790123601e+04
1.845111111111111086e+03
1.930444444444444343e+03
1.683938271604938336e+03
2.085320987654321016e+03
2.502506172839506235e+03
2.470901234567901156e+03
2.363444444444444343e+03
2.666851851851851734e+03
2.594160493827160280e+03
2.632086419753086375e+03
2.698456790123456813e+03
2.632086419753086375e+03
2.549913580246913625e+03
2.496185185185185219e+03
2.417172839506172750e+03
2.398209876543209703e+03
2.395049382716049422e+03
2.129567901234568126e+03
2.218061728395061891e+03
1.883049382716049422e+03
1.791395061728395149e+03
2.050555555555555657e+03
1.753469135802469054e+03
1.563839506172839492e+03
1.396333333333333258e+03
2.063185185185185219e+03
1.889358024691357969e+03
1.029716049382715937e+03
3.264148148148148266e+03
1.096930864197530900e+04
1.095350617283950669e+04
1.731864197530864112e+04
2.513441975308641850e+04
3.067151851851851825e+04
4.175203703703703650e+04
4.019393827160493674e+04
4.492512345679012651e+04
4.887567901234568126e+04
5.366059259259259125e+04
5.910287654320987349e+04
5.121440740740740875e+04
6.125197530864197324e+04
6.278795061728395376e+04
6.348008641975309001e+04
6.380244444444444525e+04
6.384037037037037226e+04
6.386881481481481751e+04
6.363809876543209975e+04
6.242133333333333576e+04
6.311346913580247201e+04
6.302181481481481751e+04
6.359069135802469100e+04
6.383404938271604624e+04
6.369498765432099026e+04
6.358753086419752799e+04
6.322407407407407300e+04
6.344846913580247201e+04
6.344846913580247201e+04
6.349903703703703650e+04
6.327464197530864476e+04
6.315138271604938200e+04
6.286377777777778101e+04
6.309449382716049149e+04
6.268679012345679075e+04
6.271207407407407300e+04
6.265202469135802676e+04
6.271839506172839174e+04
6.260777777777778101e+04
6.228224691358024575e+04
6.229172839506172750e+04
6.243395061728395376e+04
6.237074074074073724e+04
6.225064197530864476e+04
6.214634567901234550e+04
6.195987654320987349e+04
6.203256790123456449e+04
6.196619753086419951e+04
6.205153086419752799e+04
6.212422222222221899e+04
6.194407407407407300e+04
6.163434567901234550e+04
6.173548148148148175e+04
6.238970370370370074e+04
6.192827160493827250e+04
6.208629629629629926e+04
6.193459259259259125e+04
6.199780246913580049e+04
6.182713580246913625e+04
6.189350617283950851e+04
6.202308641975309001e+04
6.150792592592592700e+04
6.125508641975309001e+04
6.137834567901234550e+04
6.108125925925926276e+04
6.141627160493827250e+04
6.154901234567900974e+04
6.134358024691358150e+04
6.145735802469135524e+04
6.151740740740740875e+04
6.140362962962962774e+04
6.155217283950617275e+04
6.128037037037037226e+04
6.139098765432099026e+04
6.142891358024690999e+04
6.139414814814814599e+04
6.143523456790123601e+04
6.127720987654320925e+04
6.091691358024690999e+04
6.105597530864197324e+04
6.106861728395061800e+04
6.125508641975309001e+04
6.111286419753086375e+04
6.111602469135802676e+04
6.126456790123456449e+04
6.132145679012345499e+04
6.112234567901234550e+04
6.116659259259259125e+04
6.097064197530864476e+04
6.089162962962962774e+04
6.103385185185185401e+04
6.107493827160493674e+04
6.118239506172839174e+04
6.105281481481481751e+04
6.091691358024690999e+04
6.111918518518518249e+04
6.089162962962962774e+04
6.074308641975309001e+04
6.078417283950617275e+04
6.077153086419752799e+04
6.052817283950617275e+04
6.073676543209876399e+04
6.068619753086419951e+04
6.027849382716049149e+04
6.055661728395061800e+04
6.044916049382716301e+04
6.040175308641975425e+04
6.046812345679012651e+04
6.036066666666666424e+04
6.043651851851851825e+04
6.041755555555555475e+04
6.025320987654320925e+04
6.026269135802469100e+04
6.032274074074073724e+04
6.047128395061728224e+04
6.061982716049382725e+04
6.046496296296296350e+04
6.080629629629629926e+04
6.085370370370370074e+04
6.071148148148148175e+04
6.098960493827160826e+04
6.110970370370370074e+04
6.099908641975309001e+04
6.086002469135802676e+04
6.073360493827160826e+04
6.066723456790123601e+04
6.092639506172839174e+04
6.092639506172839174e+04
6.085686419753086375e+04
6.081893827160493674e+04
6.088530864197530900e+04
6.068619753086419951e+04
6.057558024691358150e+04
6.054713580246913625e+04
6.053449382716049149e+04
6.069251851851851825e+04
6.039543209876543551e+04
6.030693827160493674e+04
6.069567901234568126e+04
6.023740740740740875e+04
6.043967901234568126e+04
6.040175308641975425e+04
6.025953086419752799e+04
6.026901234567900974e+04
6.012046913580247201e+04
6.021212345679012651e+04
6.017103703703703650e+04
5.996560493827160826e+04
6.039543209876543551e+04
6.005093827160493674e+04
6.031325925925926276e+04
6.018683950617283699e+04
6.012046913580247201e+04
6.058506172839506326e+04
6.062614814814814599e+04
6.054397530864197324e+04
6.049024691358024575e+04
6.032274074074073724e+04
6.018683950617283699e+04
6.022476543209876399e+04
6.027217283950617275e+04
6.031958024691358150e+04
6.024688888888889051e+04
6.004777777777778101e+04
6.009202469135802676e+04
6.009834567901234550e+04
6.010150617283950851e+04
6.028481481481481751e+04
6.026585185185185401e+04
6.024688888888889051e+04
6.047128395061728224e+04
6.043335802469135524e+04
6.029429629629629926e+04
6.034170370370370074e+04
6.022160493827160826e+04
6.026269135802469100e+04
6.031641975308641850e+04
6.030061728395061800e+04
6.045232098765431874e+04
6.025953086419752799e+04
6.038279012345679075e+04
6.034486419753086375e+04
6.030693827160493674e+04
6.033538271604938200e+04
6.026585185185185401e+04
5.986130864197530900e+04
6.026269135802469100e+04
6.016155555555555475e+04
5.999404938271604624e+04
6.037330864197530900e+04
6.042387654320987349e+04
6.030061728395061800e+04
6.017103703703703650e+04
6.010782716049382725e+04
6.023108641975309001e+04
6.025320987654320925e+04
5.987711111111110949e+04
5.984550617283950851e+04
5.996876543209876399e+04
6.006041975308641850e+04
6.002249382716049149e+04
6.020264197530864476e+04
5.995928395061728224e+04
5.974437037037037226e+04
5.981706172839506326e+04
5.974120987654320925e+04
5.981390123456790025e+04
5.984866666666666424e+04
5.992767901234568126e+04
5.985182716049382725e+04
5.987079012345679075e+04
5.973804938271604624e+04
6.001617283950617275e+04
5.980758024691358150e+04
6.038595061728395376e+04
6.053765432098765450e+04
6.067671604938271776e+04
6.057874074074073724e+04
6.070200000000000000e+04
6.067355555555555475e+04
6.060402469135802676e+04
6.060402469135802676e+04
6.066407407407407300e+04
6.078417283950617275e+04
6.098012345679012651e+04
6.092955555555555475e+04
6.090111111111110949e+04
6.078101234567900974e+04
6.072728395061728224e+04
6.083158024691358150e+04
6.105597530864197324e+04
6.090111111111110949e+04
6.076837037037037226e+04
6.104649382716049149e+04
6.074308641975309001e+04
6.069251851851851825e+04
6.078733333333333576e+04
6.070832098765431874e+04
6.084106172839506326e+04
6.085054320987654501e+04
6.105913580246913625e+04
6.079049382716049149e+04
6.066091358024690999e+04
6.103385185185185401e+04
6.073044444444444525e+04
6.085370370370370074e+04
6.066091358024690999e+04
6.080629629629629926e+04
6.073992592592592700e+04
6.077785185185185401e+04
6.057558024691358150e+04
6.056925925925926276e+04
6.050920987654320925e+04
6.048392592592592700e+04
6.039859259259259125e+04
6.026269135802469100e+04
6.056609876543209975e+04
6.039227160493827250e+04
6.049340740740740875e+04
6.028797530864197324e+04
6.026901234567900974e+04
6.058822222222221899e+04
6.065459259259259125e+04
6.070832098765431874e+04
6.051237037037037226e+04
6.056609876543209975e+04
6.068935802469135524e+04
6.043019753086419951e+04
6.050604938271604624e+04
6.047760493827160826e+04
6.056293827160493674e+04
6.037962962962962774e+04
6.042387654320987349e+04
6.041755555555555475e+04
6.043019753086419951e+04
6.034486419753086375e+04
6.045232098765431874e+04
6.019632098765431874e+04
6.031958024691358150e+04
6.037014814814814599e+04
6.055661728395061800e+04
6.031958024691358150e+04
6.025953086419752799e+04
6.018683950617283699e+04
6.014259259259259125e+04
6.049656790123456449e+04
6.000669135802469100e+04
5.991187654320987349e+04
5.988343209876543551e+04
5.973804938271604624e+04
5.994348148148148175e+04
5.976649382716049149e+04
5.977913580246913625e+04
5.975385185185185401e+04
5.961479012345679075e+04
5.974437037037037226e+04
5.987079012345679075e+04
5.983918518518518249e+04
5.986130864197530900e+04
5.982022222222221899e+04
5.972540740740740875e+04
5.949785185185185401e+04
5.979493827160493674e+04
5.970328395061728224e+04
6.025637037037037226e+04
6.012046913580247201e+04
5.981074074074073724e+04
5.983918518518518249e+04
5.996876543209876399e+04
5.988659259259259125e+04
6.010150617283950851e+04
6.011414814814814599e+04
6.009202469135802676e+04
6.000985185185185401e+04
5.986762962962962774e+04
6.017103703703703650e+04
6.025953086419752799e+04
6.004145679012345499e+04
6.013627160493827250e+04
6.026901234567900974e+04
6.034486419753086375e+04
6.018683950617283699e+04
6.008886419753086375e+04
6.009518518518518249e+04
6.019000000000000000e+04
6.006041975308641850e+04
6.009518518518518249e+04
5.995928395061728224e+04
6.010782716049382725e+04
6.001617283950617275e+04
5.994664197530864476e+04
6.012362962962962774e+04
6.000985185185185401e+04
5.994032098765431874e+04
5.999720987654320925e+04
5.990871604938271776e+04
6.011098765432099026e+04
6.007622222222221899e+04
6.005093827160493674e+04
6.019948148148148175e+04
6.017735802469135524e+04
6.017735802469135524e+04
6.025004938271604624e+04
6.018683950617283699e+04
5.999088888888889051e+04
5.996560493827160826e+04
6.000353086419752799e+04
6.002565432098765450e+04
6.003197530864197324e+04
5.637528395061728224e+04
5.677982716049382725e+04
5.763632098765431874e+04
5.908066666666666424e+04
5.994348148148148175e+04
6.090743209876543551e+04
6.225064197530864476e+04
6.340422222222221899e+04
6.340423456790123601e+04
2.836439506172839538e+04
1.146654320987654273e+03
1.712382716049382680e+03
2.240185185185185219e+03
2.609962962962963047e+03
3.156728395061728406e+03
3.450654320987654501e+03
3.529666666666666515e+03
3.763543209876543187e+03
3.994259259259259125e+03
4.348234567901234186e+03
4.307148148148147811e+03
4.695888888888888687e+03
4.721172839506172750e+03
4.566308641975309001e+03
4.395641975308642031e+03
4.480975308641975062e+03
4.436728395061728406e+03
4.563148148148147811e+03
4.455691358024690999e+03
4.398802469135802312e+03
4.275543209876543187e+03
3.877320987654321016e+03
3.611839506172839720e+03
3.567592592592592609e+03
3.245222222222222172e+03
3.371641975308642031e+03
2.960777777777777828e+03
2.919691358024691453e+03
2.764827160493827250e+03
2.875444444444444343e+03
2.752185185185185219e+03
2.534111111111111313e+03
2.382407407407407391e+03
2.243345679012345499e+03
2.230703703703703923e+03
1.968382716049382680e+03
1.996827160493827250e+03
1.668135802469135797e+03
1.371049382716049422e+03
1.930444444444444343e+03
2.717395061728394921e+03
2.006296296296296305e+03
1.902000000000000000e+03
1.845111111111111086e+03
3.795098765432098844e+03
9.423851851851852189e+03
5.463814814814814781e+03
9.404888888888888687e+03
6.209679012345679439e+03
6.130666666666666970e+03
6.174913580246913625e+03
3.934160493827160280e+03
1.021712345679012287e+04
6.933419753086419405e+03
7.774098765432098844e+03
6.279209876543210157e+03
1.403809876543209793e+04
1.396224691358024756e+04
2.434114814814814963e+04
1.634206172839506144e+04
2.833595061728395012e+04
2.437907407407407300e+04
2.589608641975308637e+04
3.227070370370370438e+04
3.617701234567900974e+04
3.308609876543209975e+04
3.782360493827160826e+04
4.654011111111110949e+04
5.212145679012345499e+04
4.657171604938271776e+04
4.890728395061728224e+04
5.044009876543209975e+04
5.753213580246913625e+04
4.574367901234568126e+04
5.603092592592592700e+04
5.822111111111110949e+04
5.830328395061728224e+04
6.134046913580247201e+04
6.206737037037037226e+04
6.363495061728395376e+04
6.194095061728395376e+04
6.352117283950617275e+04
6.352749382716049149e+04
6.341687654320987349e+04
6.398575308641975425e+04
6.338843209876543551e+04
6.412797530864197324e+04
6.395098765432099026e+04
6.400155555555555475e+04
6.391938271604938200e+04
6.383720987654320925e+04
6.393518518518518249e+04
6.384037037037037226e+04
6.370762962962962774e+04
6.355592592592592700e+04
6.356540740740740875e+04
6.344530864197530900e+04
6.331572839506172750e+04
6.327148148148148175e+04
6.349271604938271776e+04
6.328412345679012651e+04
6.341054320987654501e+04
6.352432098765431874e+04
6.325883950617283699e+04
6.327780246913580049e+04
6.340738271604938200e+04
6.332837037037037226e+04
6.332204938271604624e+04
6.330308641975309001e+04
6.306920987654320925e+04
6.309765432098765450e+04
6.324935802469135524e+04
6.296807407407407300e+04
6.290486419753086375e+04
6.291434567901234550e+04
6.304708641975309001e+04
6.301232098765431874e+04
6.292698765432099026e+04
6.288274074074073724e+04
6.271207407407407300e+04
6.295859259259259125e+04
6.278792592592592700e+04
6.265518518518518249e+04
6.280372839506172750e+04
6.272787654320987349e+04
6.283533333333333576e+04
6.281320987654320925e+04
6.285429629629629926e+04
6.289538271604938200e+04
6.297439506172839174e+04
6.288274074074073724e+04
6.278476543209876399e+04
6.262358024691358150e+04
6.263622222222221899e+04
6.240234567901234550e+04
6.276264197530864476e+04
6.290486419753086375e+04
6.266466666666666424e+04
6.232965432098765450e+04
6.250032098765431874e+04
6.235809876543209975e+04
6.224432098765431874e+04
6.201992592592592700e+04
6.205785185185185401e+04
6.239286419753086375e+04
6.229488888888889051e+04
6.253192592592592700e+04
6.256985185185185401e+04
6.266466666666666424e+04
6.272155555555555475e+04
6.275000000000000000e+04
6.275948148148148175e+04
6.302812345679012651e+04
6.304076543209876399e+04
6.299651851851851825e+04
6.278792592592592700e+04
6.270575308641975425e+04
6.275632098765431874e+04
6.267414814814814599e+04
6.265834567901234550e+04
6.290170370370370074e+04
6.272787654320987349e+04
6.263306172839506326e+04
6.271839506172839174e+04
6.297123456790123601e+04
6.276580246913580049e+04
6.281953086419752799e+04
6.271523456790123601e+04
6.279740740740740875e+04
6.250980246913580049e+04
6.269627160493827250e+04
6.273735802469135524e+04
6.286377777777778101e+04
6.303444444444444525e+04
6.286693827160493674e+04
6.272471604938271776e+04
6.266466666666666424e+04
6.246555555555555475e+04
6.280372839506172750e+04
6.288274074074073724e+04
6.272787654320987349e+04
6.264254320987654501e+04
6.269311111111110949e+04
6.255720987654320925e+04
6.275000000000000000e+04
6.271207407407407300e+04
6.287958024691358150e+04
6.286693827160493674e+04
6.280372839506172750e+04
6.274683950617283699e+04
6.270575308641975425e+04
6.272155555555555475e+04
6.266466666666666424e+04
6.252244444444444525e+04
6.263938271604938200e+04
6.267098765432099026e+04
6.291750617283950851e+04
6.284165432098765450e+04
6.291750617283950851e+04
6.296491358024690999e+04
6.297755555555555475e+04
6.315770370370370074e+04
6.297439506172839174e+04
6.287958024691358150e+04
6.256669135802469100e+04
6.259197530864197324e+04
6.259829629629629926e+04
6.240866666666666424e+04
6.247503703703703650e+04
6.239286419753086375e+04
6.224432098765431874e+04
6.237706172839506326e+04
6.225380246913580049e+04
6.230753086419752799e+04
6.221271604938271776e+04
6.197883950617283699e+04
6.169439506172839174e+04
6.157429629629629926e+04
6.166595061728395376e+04
6.154585185185185401e+04
6.148580246913580049e+04
6.144787654320987349e+04
6.149844444444444525e+04
6.156165432098765450e+04
6.166911111111110949e+04
6.127404938271604624e+04
6.142259259259259125e+04
6.129617283950617275e+04
6.111286419753086375e+04
6.108125925925926276e+04
6.079049382716049149e+04
6.081893827160493674e+04
6.086950617283950851e+04
6.083790123456790025e+04
6.085370370370370074e+04
6.066407407407407300e+04
6.060086419753086375e+04
6.085054320987654501e+04
6.074624691358024575e+04
6.050604938271604624e+04
6.049024691358024575e+04
6.065775308641975425e+04
6.064195061728395376e+04
6.071780246913580049e+04
6.072728395061728224e+04
6.107177777777778101e+04
6.144471604938271776e+04
6.157113580246913625e+04
6.173548148148148175e+04
6.172600000000000000e+04
6.166279012345679075e+04
6.179237037037037226e+04
6.203256790123456449e+04
6.198832098765431874e+04
6.203888888888889051e+04
6.234861728395061800e+04
6.236758024691358150e+04
6.234861728395061800e+04
6.226644444444444525e+04
6.209261728395061800e+04
6.211474074074073724e+04
6.264254320987654501e+04
6.228856790123456449e+04
6.219691358024690999e+04
6.218427160493827250e+04
6.226644444444444525e+04
6.218427160493827250e+04
6.219059259259259125e+04
6.208313580246913625e+04
6.214002469135802676e+04
6.208945679012345499e+04
6.232017283950617275e+04
6.249400000000000000e+04
6.245607407407407300e+04
6.171969135802469100e+04
6.174813580246913625e+04
6.248451851851851825e+04
6.162171604938271776e+04
6.241498765432099026e+04
6.201676543209876399e+04
6.222219753086419951e+04
6.235177777777778101e+04
6.214634567901234550e+04
6.211474074074073724e+04
6.227592592592592700e+04
6.162803703703703650e+04
6.223167901234568126e+04
6.232649382716049149e+04
6.256669135802469100e+04
6.241814814814814599e+04
6.243711111111110949e+04
6.219691358024690999e+04
6.220323456790123601e+04
6.157746913580247201e+04
6.176393827160493674e+04
6.181134567901234550e+04
6.265202469135802676e+04
6.255088888888889051e+04
6.255404938271604624e+04
6.246555555555555475e+04
6.267730864197530900e+04
6.245607407407407300e+04
6.257301234567900974e+04
6.269943209876543551e+04
6.252876543209876399e+04
6.256353086419752799e+04
6.262358024691358150e+04
6.262674074074073724e+04
6.259197530864197324e+04
6.247819753086419951e+04
6.256985185185185401e+04
6.242762962962962774e+04
6.245923456790123601e+04
6.251612345679012651e+04
6.240866666666666424e+04
6.235177777777778101e+04
6.217795061728395376e+04
6.261725925925926276e+04
6.239602469135802676e+04
6.249400000000000000e+04
6.269943209876543551e+04
6.279424691358024575e+04
6.254772839506172750e+04
6.256985185185185401e+04
6.269943209876543551e+04
6.253824691358024575e+04
6.279740740740740875e+04
6.263306172839506326e+04
6.269627160493827250e+04
6.259513580246913625e+04
6.277528395061728224e+04
6.266150617283950851e+04
6.275316049382716301e+04
6.259513580246913625e+04
6.254456790123456449e+04
6.155850617283950851e+04
6.232649382716049149e+04
6.226644444444444525e+04
6.235809876543209975e+04
6.244659259259259125e+04
6.227592592592592700e+04
6.203572839506172750e+04
6.214318518518518249e+04
6.239286419753086375e+04
6.226960493827160826e+04
6.234229629629629926e+04
6.242446913580247201e+04
6.242762962962962774e+04
6.236125925925926276e+04
6.222851851851851825e+04
6.247503703703703650e+04
6.263938271604938200e+04
6.267414814814814599e+04
6.247503703703703650e+04
6.259513580246913625e+04
6.263938271604938200e+04
6.241498765432099026e+04
6.220639506172839174e+04
6.249400000000000000e+04
6.254772839506172750e+04
6.263938271604938200e+04
6.181450617283950851e+04
6.268362962962962774e+04
6.244027160493827250e+04
6.251612345679012651e+04
6.241182716049382725e+04
6.239602469135802676e+04
6.241498765432099026e+04
6.237074074074073724e+04
6.278160493827160826e+04
6.253508641975309001e+04
6.275316049382716301e+04
6.267730864197530900e+04
6.271207407407407300e+04
6.281637037037037226e+04
6.283217283950617275e+04
6.292382716049382725e+04
6.269311111111110949e+04
6.248135802469135524e+04
6.246239506172839174e+04
6.252244444444444525e+04
6.253508641975309001e+04
6.253508641975309001e+04
5.953893827160493674e+04
6.011098765432099026e+04
6.085686419753086375e+04
6.189982716049382725e+04
6.315454320987654501e+04
6.370448148148148175e+04
6.946061728395061436e+03
1.506950617283950578e+03
2.670012345679012469e+03
3.719296296296296077e+03
4.322950617283951033e+03
5.030901234567901156e+03
5.413320987654320561e+03
6.127592592592592155e+03
6.532135802469136252e+03
6.747049382716048967e+03
7.366506172839505780e+03
7.540333333333333030e+03
7.502407407407407845e+03
7.897469135802469282e+03
8.330456790123456813e+03
8.131345679012345499e+03
8.365222222222222626e+03
8.460037037037036498e+03
8.226160493827161190e+03
8.273567901234568126e+03
8.172432098765431874e+03
8.260925925925925185e+03
8.223000000000000000e+03
8.381024691358024938e+03
8.087098765432098844e+03
7.900629629629629562e+03
7.998604938271604624e+03
7.796333333333333030e+03
7.543493827160494220e+03
7.486604938271604624e+03
7.369666666666666970e+03
7.230604938271604624e+03
7.085222222222222626e+03
6.715444444444444343e+03
6.639592592592592155e+03
6.570061728395061436e+03
6.431000000000000000e+03
6.168679012345679439e+03
6.263493827160494220e+03
6.035938271604938564e+03
5.947444444444444343e+03
5.666160493827160280e+03
5.982209876543210157e+03
5.606111111111111313e+03
5.432283950617284063e+03
5.201567901234568126e+03
5.034061728395061436e+03
4.992975308641975062e+03
4.822308641975309001e+03
4.585271604938271594e+03
4.759098765432098844e+03
4.724333333333333030e+03
4.977172839506172750e+03
4.939246913580246655e+03
4.648481481481481751e+03
4.645320987654320561e+03
4.601074074074073906e+03
4.594753086419753345e+03
4.367197530864197688e+03
4.256580246913580595e+03
4.139641975308642031e+03
3.918407407407407391e+03
3.896283950617284063e+03
4.082753086419752890e+03
3.893123456790123328e+03
3.829913580246913625e+03
3.709814814814814781e+03
3.599197530864197688e+03
3.823592592592592609e+03
3.586555555555555657e+03
3.431691358024691453e+03
3.324234567901234641e+03
3.175691358024691453e+03
3.080876543209876672e+03
3.093518518518518704e+03
3.001864197530864203e+03
3.074555555555555657e+03
3.074555555555555657e+03
2.982901234567901156e+03
3.084037037037036953e+03
3.052432098765431874e+03
2.989222222222222172e+03
2.897567901234568126e+03
2.774308641975308547e+03
2.900728395061728406e+03
2.790111111111111313e+03
2.603641975308642031e+03
2.609962962962963047e+03
2.638407407407407391e+03
2.587839506172839720e+03
2.464580246913580140e+03
2.426654320987654501e+03
2.319197530864197688e+03
2.271790123456790297e+03
2.521469135802469282e+03
2.252827160493827250e+03
2.335000000000000000e+03
1.917814814814814781e+03
2.012629629629629562e+03
2.044234567901234641e+03
2.120086419753086375e+03
2.066358024691357969e+03
2.265469135802469282e+03
2.271790123456790297e+03
2.335000000000000000e+03
2.309716049382715937e+03
2.085320987654321016e+03
2.176975308641975516e+03
2.107444444444444343e+03
2.158012345679012469e+03
2.249666666666666515e+03
2.335000000000000000e+03
2.252827160493827250e+03
2.278111111111111313e+03
2.464580246913580140e+03
2.458259259259259125e+03
2.287592592592592609e+03
2.309716049382715937e+03
2.312876543209876672e+03
1.930456790123456813e+03
2.063197530864197688e+03
1.958901234567901156e+03
2.063197530864197688e+03
1.987345679012345727e+03
1.823000000000000000e+03
2.003148148148148039e+03
1.898851851851851961e+03
1.753469135802469054e+03
1.709222222222222172e+03
1.721864197530864203e+03
1.529074074074074133e+03
1.402654320987654273e+03
1.301518518518518476e+03
1.939925925925925867e+03
1.949407407407407391e+03
2.850135802469135797e+03
1.298358024691357969e+03
1.958888888888888914e+03
1.105567901234567898e+03
1.036037037037036953e+03
1.130851851851851961e+03
1.073962962962963047e+03
1.674444444444444343e+03
8.811728395061728634e+02
8.685308641975308319e+02
6.304493827160494220e+03
4.787481481481481751e+03
1.608074074074074133e+03
1.943086419753086375e+03
2.044222222222222172e+03
1.535395061728395149e+03
1.352086419753086375e+03
1.456382716049382680e+03
1.339444444444444343e+03
1.601765432098765359e+03
1.554358024691357969e+03
1.503790123456790070e+03
1.374209876543209930e+03
2.006296296296296305e+03
1.206703703703703695e+03
1.418456790123456813e+03
1.345765432098765359e+03
1.342604938271604851e+03
1.554358024691357969e+03
1.772432098765432102e+03
1.551197530864197461e+03
2.195925925925926094e+03
1.222506172839506235e+03
1.895679012345678984e+03
2.154839506172839720e+03
2.903864197530864203e+03
2.701592592592592609e+03
1.361567901234567898e+03
1.323641975308642031e+03
1.298358024691357969e+03
1.257271604938271594e+03
1.383691358024691453e+03
1.231987654320987758e+03
1.200382716049382680e+03
1.225666666666666742e+03
1.418456790123456813e+03
1.345765432098765359e+03
1.582802469135802539e+03
1.475345679012345727e+03
1.443740740740740648e+03
1.497469135802469054e+03
1.721864197530864203e+03
1.608086419753086375e+03
1.266753086419753117e+03
1.396333333333333258e+03
1.459543209876543187e+03
1.860925925925925867e+03
1.538555555555555657e+03
1.525913580246913625e+03
1.342604938271604851e+03
1.348925925925925867e+03
1.706061728395061664e+03
1.750308641975308547e+03
1.823000000000000000e+03
2.366592592592592609e+03
1.854604938271604851e+03
1.968382716049382680e+03
1.819839506172839492e+03
1.993666666666666742e+03
1.952580246913580140e+03
1.898851851851851961e+03
1.604925925925925867e+03
1.598604938271604851e+03
1.709222222222222172e+03
1.797716049382715937e+03
1.671296296296296305e+03
1.601765432098765359e+03
1.639691358024691453e+03
1.721864197530864203e+03
1.895691358024691453e+03
1.791395061728395149e+03
1.734506172839506235e+03
1.690259259259259352e+03
1.342604938271604851e+03
1.481666666666666742e+03
1.494308641975308547e+03
1.933617283950617320e+03
1.829320987654321016e+03
1.630209876543209930e+03
1.658654320987654273e+03
1.576481481481481524e+03
1.424777777777777828e+03
1.664975308641975289e+03
1.677617283950617320e+03
1.712382716049382680e+03
1.620728395061728406e+03
1.661814814814814781e+03
1.367888888888888914e+03
1.424777777777777828e+03
1.443740740740740648e+03
1.459543209876543187e+03
1.402654320987654273e+03
1.478506172839506235e+03
1.408975308641975289e+03
1.576481481481481524e+03
1.431098765432098844e+03
2.786925925925926094e+03
1.134012345679012242e+03
1.405814814814814781e+03
1.143493827160493765e+03
1.399493827160493765e+03
1.456382716049382680e+03
1.728185185185185219e+03
1.927296296296296305e+03
1.943098765432098844e+03
1.905172839506172750e+03
2.252827160493827250e+03
2.085320987654321016e+03
2.123246913580247110e+03
2.423493827160493765e+03
2.335000000000000000e+03
2.344481481481481296e+03
1.943098765432098844e+03
2.186456790123456813e+03
2.391888888888888687e+03
2.044234567901234641e+03
2.053716049382715937e+03
2.372925925925926094e+03
2.328679012345678984e+03
2.445617283950617093e+03
2.312876543209876672e+03
2.477222222222222172e+03
2.530950617283950578e+03
2.600481481481481296e+03
2.379246913580247110e+03
2.379246913580247110e+03
2.559395061728394921e+03
2.486703703703703923e+03
2.641567901234568126e+03
2.445617283950617093e+03
2.385567901234568126e+03
2.489864197530864203e+03
2.530950617283950578e+03
2.521469135802469282e+03
2.486703703703703923e+03
2.363444444444444343e+03
2.303395061728394921e+03
2.376086419753086375e+03
2.455098765432098844e+03
2.369765432098765359e+03
2.565716049382715937e+03
2.448777777777777828e+03
2.297074074074073906e+03
2.151691358024691453e+03
2.328679012345678984e+03
1.955740740740740648e+03
2.290753086419752890e+03
2.195938271604938109e+03
2.107444444444444343e+03
2.028432098765432102e+03
2.227543209876543187e+03
2.148530864197530718e+03
2.259148148148148266e+03
2.097962962962963047e+03
2.161172839506172750e+03
2.221222222222222172e+03
2.101123456790123328e+03
2.382407407407407391e+03
2.006308641975308547e+03
2.199098765432098844e+03
2.132728395061728406e+03
1.955740740740740648e+03
2.031592592592592609e+03
2.344481481481481296e+03
2.091641975308642031e+03
2.376086419753086375e+03
2.252827160493827250e+03
2.205419753086419860e+03
2.316037037037036953e+03
2.176975308641975516e+03
2.436135802469135797e+03
2.423493827160493765e+03
2.281271604938271594e+03
2.410851851851851734e+03
2.429814814814814781e+03
2.758506172839506235e+03
2.407691358024691453e+03
2.546753086419752890e+03
2.464580246913580140e+03
2.278111111111111313e+03
2.274950617283950578e+03
2.211740740740740875e+03
2.164333333333333485e+03
2.350802469135802312e+03
2.344481481481481296e+03
2.006308641975308547e+03
2.385567901234568126e+03
2.012629629629629562e+03
1.864086419753086375e+03
1.734506172839506235e+03
1.867246913580246883e+03
1.683938271604938336e+03
1.551197530864197461e+03
1.620728395061728406e+03
1.478506172839506235e+03
2.186444444444444343e+03
1.329962962962963047e+03
1.295197530864197461e+03
1.427938271604938336e+03
1.279395061728395149e+03
1.434259259259259352e+03
1.598604938271604851e+03
1.551197530864197461e+03
1.658654320987654273e+03
1.608086419753086375e+03
1.642851851851851961e+03
1.393172839506172750e+03
1.484827160493827250e+03
1.971530864197530946e+03
1.405814814814814781e+03
1.516432098765432102e+03
2.843814814814814781e+03
2.022098765432098844e+03
1.348925925925925867e+03
1.266753086419753117e+03
1.086604938271604851e+03
1.023395061728395035e+03
3.219901234567901156e+03
1.810345679012345727e+03
3.400049382716049422e+03
1.955728395061728406e+03
2.704753086419752890e+03
1.140333333333333258e+03
1.032876543209876445e+03
2.559370370370370438e+03
9.981111111111110858e+02
1.108728395061728406e+03
1.250950617283950578e+03
2.164320987654321016e+03
2.660506172839506235e+03
4.142753086419753345e+03
3.308395061728394921e+03
2.549888888888888687e+03
4.613654320987654501e+03
1.402229629629629562e+04
2.198029629629629562e+04
1.717958024691358150e+04
2.191392592592592700e+04
2.914186419753086375e+04
2.832330864197530900e+04
2.911658024691358150e+04
2.911658024691358150e+04
6.233913580246913625e+04
6.288906172839506326e+04
6.382456790123456449e+04
3.862003703703703650e+04
2.521444444444444343e+03
2.278111111111111313e+03
3.242061728395061891e+03
4.310308641975309001e+03
5.612432098765431874e+03
6.677518518518518249e+03
7.059938271604938564e+03
7.910111111111111313e+03
8.409469135802468372e+03
8.725518518518518249e+03
9.348135802469136252e+03
9.746358024691358878e+03
9.803246913580247565e+03
1.014141975308642031e+04
1.029628395061728406e+04
1.026467901234567944e+04
1.058072839506172750e+04
1.069766666666666606e+04
1.057124691358024756e+04
1.059653086419753163e+04
1.070398765432098844e+04
1.047327160493827250e+04
1.055860493827160462e+04
1.055544444444444525e+04
1.014141975308642031e+04
1.013825925925925912e+04
1.000867901234567944e+04
9.882259259259259125e+03
9.923345679012345499e+03
9.525123456790122873e+03
9.506160493827161190e+03
9.382901234567902065e+03
9.256481481481481751e+03
9.117419753086420315e+03
9.291246913580247565e+03
9.253320987654320561e+03
8.978358024691358878e+03
8.997320987654320561e+03
8.750802469135802312e+03
8.665469135802468372e+03
8.501123456790122873e+03
8.469518518518518249e+03
8.226160493827161190e+03
8.204037037037036498e+03
8.178753086419753345e+03
8.216679012345679439e+03
7.793172839506172750e+03
7.862703703703703468e+03
7.578259259259259125e+03
7.546654320987654501e+03
7.511888888888888687e+03
7.442358024691357969e+03
7.394950617283951033e+03
7.110506172839505780e+03
7.357024691358024938e+03
7.176876543209876218e+03
7.050456790123456813e+03
7.129469135802469282e+03
7.164234567901234186e+03
7.119987654320987531e+03
6.832382716049382907e+03
6.848185185185185219e+03
6.541617283950617093e+03
6.598506172839505780e+03
6.740728395061728406e+03
6.639592592592592155e+03
6.560580246913580595e+03
6.462604938271604624e+03
6.222407407407407845e+03
6.168679012345679439e+03
6.254012345679012469e+03
6.190802469135802312e+03
6.212925925925926094e+03
5.862111111111111313e+03
5.783098765432098844e+03
5.903197530864197688e+03
5.792580246913580595e+03
5.795740740740740875e+03
5.710407407407407845e+03
5.881074074074073906e+03
5.697765432098765814e+03
5.726209876543210157e+03
5.656679012345679439e+03
5.527098765432098844e+03
5.245814814814814781e+03
5.024580246913580595e+03
5.043543209876543187e+03
5.084629629629629562e+03
5.160481481481481751e+03
5.258456790123456813e+03
5.056185185185185219e+03
4.945567901234568126e+03
4.942407407407407845e+03
4.932925925925926094e+03
4.939246913580246655e+03
4.945567901234568126e+03
4.910802469135802312e+03
4.768580246913580595e+03
4.853913580246913625e+03
4.736975308641975062e+03
4.651641975308642031e+03
4.749617283950617093e+03
4.736975308641975062e+03
4.733814814814814781e+03
4.809666666666666970e+03
4.547345679012345499e+03
4.727493827160494220e+03
4.790703703703703468e+03
4.613716049382715937e+03
4.477814814814814781e+03
4.436728395061728406e+03
4.680086419753086375e+03
4.673765432098765814e+03
4.411444444444444343e+03
4.269222222222222626e+03
4.196530864197530718e+03
4.398802469135802312e+03
4.300827160493827250e+03
4.307148148148147811e+03
4.221814814814814781e+03
4.604234567901234186e+03
4.401962962962962592e+03
4.117518518518518249e+03
4.047987654320987531e+03
4.247098765432098844e+03
4.066950617283950578e+03
4.032185185185185219e+03
4.104876543209876218e+03
4.149123456790123782e+03
3.874160493827160280e+03
3.861518518518518704e+03
3.788827160493827250e+03
3.927888888888888687e+03
3.893123456790123328e+03
3.580234567901234641e+03
3.766703703703703923e+03
3.697172839506172750e+03
3.586555555555555657e+03
3.652925925925926094e+03
3.867839506172839720e+03
3.238901234567901156e+03
3.270506172839506235e+03
3.589716049382715937e+03
3.292629629629629562e+03
3.396925925925926094e+03
3.090358024691357969e+03
3.248382716049382907e+03
3.273666666666666515e+03
3.387444444444444343e+03
3.460135802469135797e+03
3.627641975308642031e+03
3.504382716049382907e+03
3.763543209876543187e+03
3.580234567901234641e+03
3.706654320987654501e+03
3.570753086419752890e+03
3.694012345679012469e+03
3.491740740740740875e+03
3.567592592592592609e+03
3.646604938271605079e+03
3.795148148148148266e+03
3.934209876543209703e+03
4.199691358024690999e+03
4.013222222222222172e+03
3.968975308641975516e+03
3.959493827160493765e+03
3.896283950617284063e+03
3.877320987654321016e+03
3.886802469135802312e+03
4.060629629629629562e+03
3.991098765432098844e+03
3.968975308641975516e+03
4.029024691358024484e+03
3.867839506172839720e+03
3.972135802469135797e+03
4.085913580246913625e+03
4.215493827160494220e+03
4.085913580246913625e+03
3.975296296296296077e+03
3.950012345679012469e+03
4.070111111111111313e+03
4.085913580246913625e+03
3.987938271604938109e+03
3.858358024691357969e+03
4.063790123456790297e+03
4.123839506172839720e+03
4.322950617283951033e+03
4.177567901234568126e+03
4.070111111111111313e+03
4.130160493827160280e+03
4.183888888888888687e+03
4.288185185185185219e+03
4.136481481481481751e+03
3.978456790123456813e+03
4.057469135802469282e+03
3.801469135802469282e+03
3.807790123456790297e+03
3.725617283950617093e+03
3.766703703703703923e+03
3.880481481481481296e+03
4.177567901234568126e+03
3.858358024691357969e+03
3.880481481481481296e+03
3.918407407407407391e+03
4.041666666666666515e+03
4.010061728395061891e+03
4.044827160493827250e+03
4.171246913580246655e+03
4.085913580246913625e+03
4.073271604938271594e+03
3.994259259259259125e+03
4.013222222222222172e+03
4.032185185185185219e+03
3.893123456790123328e+03
3.896283950617284063e+03
4.019543209876543187e+03
3.934209876543209703e+03
3.836234567901234641e+03
3.852037037037036953e+03
3.542308641975308547e+03
3.618160493827160280e+03
3.602358024691357969e+03
3.630802469135802312e+03
3.409567901234568126e+03
3.292629629629629562e+03
3.441172839506172750e+03
3.362160493827160280e+03
3.532827160493827250e+03
3.494901234567901156e+03
3.327395061728394921e+03
3.400086419753086375e+03
3.535987654320987531e+03
3.317913580246913625e+03
3.314753086419752890e+03
3.333716049382715937e+03
3.077716049382715937e+03
2.859641975308642031e+03
2.771148148148148266e+03
2.828037037037036953e+03
2.938654320987654501e+03
2.809074074074073906e+03
2.628925925925926094e+03
2.594160493827160280e+03
2.843839506172839720e+03
2.676333333333333485e+03
3.068234567901234641e+03
3.406407407407407391e+03
3.526506172839506235e+03
3.773024691358024484e+03
3.615000000000000000e+03
3.908925925925926094e+03
3.880481481481481296e+03
3.899444444444444343e+03
3.972135802469135797e+03
4.038506172839506235e+03
4.127000000000000000e+03
3.997419753086419860e+03
3.921567901234568126e+03
4.073271604938271594e+03
4.221814814814814781e+03
4.348234567901234186e+03
4.528382716049382907e+03
4.553666666666666970e+03
4.515740740740740875e+03
4.689567901234568126e+03
4.427246913580246655e+03
4.300827160493827250e+03
4.449370370370370438e+03
4.408283950617284063e+03
4.484135802469136252e+03
4.345074074074073906e+03
4.477814814814814781e+03
4.316629629629629562e+03
4.199691358024690999e+03
4.487296296296296532e+03
4.490456790123456813e+03
4.357716049382715937e+03
4.503098765432098844e+03
4.493617283950617093e+03
4.414604938271604624e+03
4.572629629629629562e+03
4.578950617283951033e+03
4.711691358024690999e+03
4.790703703703703468e+03
4.771740740740740875e+03
4.759098765432098844e+03
4.733814814814814781e+03
4.702209876543210157e+03
4.680086419753086375e+03
4.743296296296296532e+03
4.847592592592592155e+03
4.822308641975309001e+03
4.850753086419753345e+03
4.651641975308642031e+03
4.651641975308642031e+03
4.762259259259259125e+03
4.667444444444444343e+03
4.885518518518518249e+03
5.011938271604938564e+03
4.809666666666666970e+03
4.891839506172839720e+03
4.961370370370370438e+03
5.103592592592592155e+03
4.844432098765431874e+03
4.992975308641975062e+03
4.787543209876543187e+03
4.901320987654320561e+03
4.961370370370370438e+03
4.917123456790123782e+03
5.214209876543210157e+03
5.217370370370370438e+03
5.071987654320987531e+03
4.951888888888888687e+03
5.217370370370370438e+03
5.008777777777777374e+03
5.005617283950617093e+03
5.441765432098765814e+03
5.201567901234568126e+03
4.863395061728395376e+03
5.185765432098765814e+03
4.986654320987654501e+03
5.027740740740740875e+03
5.027740740740740875e+03
4.898160493827160280e+03
4.876037037037037408e+03
5.100432098765431874e+03
4.907641975308642031e+03
4.781222222222222626e+03
4.525222222222222626e+03
4.740135802469136252e+03
4.853913580246913625e+03
4.831790123456789843e+03
4.825469135802469282e+03
4.974012345679012469e+03
4.879197530864197688e+03
4.977172839506172750e+03
4.923444444444444343e+03
4.702209876543210157e+03
4.809666666666666970e+03
4.771740740740740875e+03
4.736975308641975062e+03
4.462012345679012469e+03
4.332432098765431874e+03
4.389320987654320561e+03
4.597913580246913625e+03
4.635839506172839720e+03
4.736975308641975062e+03
4.932925925925926094e+03
4.942407407407407845e+03
4.727493827160494220e+03
4.771740740740740875e+03
4.623197530864197688e+03
4.607395061728395376e+03
4.680086419753086375e+03
5.059345679012345499e+03
4.711691358024690999e+03
4.676925925925926094e+03
4.888679012345679439e+03
5.245814814814814781e+03
5.056185185185185219e+03
5.068827160493827250e+03
5.040382716049382907e+03
5.090950617283951033e+03
5.046703703703703468e+03
5.125716049382715937e+03
5.071987654320987531e+03
5.173123456790123782e+03
4.936086419753086375e+03
5.090950617283951033e+03
5.097271604938271594e+03
5.071987654320987531e+03
5.176283950617284063e+03
5.460728395061728406e+03
5.432283950617284063e+03
5.384876543209876218e+03
5.290061728395061436e+03
5.277419753086419405e+03
5.087790123456789843e+03
5.220530864197530718e+03
5.103592592592592155e+03
5.233172839506172750e+03
5.201567901234568126e+03
5.309024691358024938e+03
5.362753086419753345e+03
5.195246913580246655e+03
5.283740740740740875e+03
5.125716049382715937e+03
5.211049382716048967e+03
6.339790123456790025e+04
6.360965432098765450e+04
6.354961728395061800e+04
1.319741975308642031e+04
1.048679012345678984e+03
2.720580246913580140e+03
3.991098765432098844e+03
4.992975308641975062e+03
5.770456790123456813e+03
6.952481481481481751e+03
8.055493827160494220e+03
8.655987654320988440e+03
9.313370370370370438e+03
9.771641975308641122e+03
1.012561728395061800e+04
1.044482716049382725e+04
1.100423456790123419e+04
1.118754320987654319e+04
1.165529629629629562e+04
1.152887654320987713e+04
1.156680246913580231e+04
1.174379012345679075e+04
1.196818518518518431e+04
1.193341975308642031e+04
1.167741975308642031e+04
1.155416049382716119e+04
1.154467901234567944e+04
1.141825925925925912e+04
1.139929629629629562e+04
1.153203703703703650e+04
1.156996296296296350e+04
1.151939506172839538e+04
1.134872839506172750e+04
1.118438271604938200e+04
1.088097530864197506e+04
1.093786419753086375e+04
1.097895061728395012e+04
1.068186419753086375e+04
1.046695061728395012e+04
1.022675308641975244e+04
1.024887654320987713e+04
9.999197530864197688e+03
9.809567901234568126e+03
9.322851851851852189e+03
9.228037037037036498e+03
9.047888888888888687e+03
8.804530864197531628e+03
8.690753086419752435e+03
8.466358024691358878e+03
8.460037037037036498e+03
8.175592592592592155e+03
8.200876543209877127e+03
8.305172839506172750e+03
8.033370370370370438e+03
8.352580246913579685e+03
8.207197530864197688e+03
8.052333333333333030e+03
8.210358024691358878e+03
7.998604938271604624e+03
7.878506172839505780e+03
7.676234567901234186e+03
7.562456790123456813e+03
7.628827160493827250e+03
7.483444444444444343e+03
7.413913580246913625e+03
7.473962962962962592e+03
7.489765432098765814e+03
7.426555555555555657e+03
7.110506172839505780e+03
7.053617283950617093e+03
6.876629629629629562e+03
6.826061728395061436e+03
6.658555555555555657e+03
6.547938271604938564e+03
6.266654320987654501e+03
6.320382716049382907e+03
6.124432098765431874e+03
6.181320987654320561e+03
5.979049382716048967e+03
5.925320987654320561e+03
5.934802469135802312e+03
5.887395061728395376e+03
5.697765432098765814e+03
5.893716049382715937e+03
6.102308641975309001e+03
5.865271604938271594e+03
5.495493827160494220e+03
5.542901234567901156e+03
5.362753086419753345e+03
5.327987654320987531e+03
5.384876543209876218e+03
5.381716049382715937e+03
5.245814814814814781e+03
5.343790123456789843e+03
5.081469135802469282e+03
5.302703703703703468e+03
4.951888888888888687e+03
5.094111111111111313e+03
4.705370370370370438e+03
4.686407407407407845e+03
4.427246913580246655e+03
4.559987654320987531e+03
4.828629629629629562e+03
4.594753086419753345e+03
4.736975308641975062e+03
4.736975308641975062e+03
4.879197530864197688e+03
4.585271604938271594e+03
4.642160493827160280e+03
4.455691358024690999e+03
4.471493827160494220e+03
4.575790123456789843e+03
4.695888888888888687e+03
4.601074074074073906e+03
4.525222222222222626e+03
4.291345679012345499e+03
4.386160493827160280e+03
4.468333333333333030e+03
4.480975308641975062e+03
4.240777777777777374e+03
4.149123456790123782e+03
4.430407407407407845e+03
4.288185185185185219e+03
4.082753086419752890e+03
4.114358024691357969e+03
3.766703703703703923e+03
4.085913580246913625e+03
3.912086419753086375e+03
4.127000000000000000e+03
4.288185185185185219e+03
4.108037037037037408e+03
3.927888888888888687e+03
4.010061728395061891e+03
3.871000000000000000e+03
3.836234567901234641e+03
3.643444444444444343e+03
3.757222222222222172e+03
3.561271604938271594e+03
3.817271604938271594e+03
3.643444444444444343e+03
3.494901234567901156e+03
3.542308641975308547e+03
3.453814814814814781e+03
3.719296296296296077e+03
3.494901234567901156e+03
3.349518518518518704e+03
3.517024691358024484e+03
3.583395061728394921e+03
3.279987654320987531e+03
3.336876543209876672e+03
3.077716049382715937e+03
3.242061728395061891e+03
3.422209876543209703e+03
3.400086419753086375e+03
3.605518518518518704e+03
3.529666666666666515e+03
3.719296296296296077e+03
3.804629629629629562e+03
3.741419753086419860e+03
3.867839506172839720e+03
3.785666666666666515e+03
3.804629629629629562e+03
3.596037037037036953e+03
3.801469135802469282e+03
3.833074074074073906e+03
3.833074074074073906e+03
3.652925925925926094e+03
3.501222222222222172e+03
3.697172839506172750e+03
3.615000000000000000e+03
3.754061728395061891e+03
3.728777777777777828e+03
3.820432098765431874e+03
3.504382716049382907e+03
3.425370370370370438e+03
3.649765432098765359e+03
3.744580246913580140e+03
3.791987654320987531e+03
3.956333333333333485e+03
3.791987654320987531e+03
3.782506172839506235e+03
3.681370370370370438e+03
3.839395061728394921e+03
3.747740740740740875e+03
3.690851851851851734e+03
3.864679012345678984e+03
3.972135802469135797e+03
3.877320987654321016e+03
4.092234567901234641e+03
3.918407407407407391e+03
3.583395061728394921e+03
3.491740740740740875e+03
3.551790123456790297e+03
3.633962962962963047e+03
3.523345679012345499e+03
3.460135802469135797e+03
3.314753086419752890e+03
3.197814814814814781e+03
2.998703703703703923e+03
3.166209876543209703e+03
3.308432098765431874e+03
3.223098765432098844e+03
3.166209876543209703e+03
3.368481481481481296e+03
3.387444444444444343e+03
3.463296296296296077e+03
3.336876543209876672e+03
3.251543209876543187e+03
3.324234567901234641e+03
3.463296296296296077e+03
3.286308641975308547e+03
3.352679012345678984e+03
3.134604938271605079e+03
3.343197530864197688e+03
3.504382716049382907e+03
3.573913580246913625e+03
3.520185185185185219e+03
3.264185185185185219e+03
3.381123456790123328e+03
3.270506172839506235e+03
3.084037037037036953e+03
3.017666666666666515e+03
2.995543209876543187e+03
3.109320987654321016e+03
3.381123456790123328e+03
3.586555555555555657e+03
3.352679012345678984e+03
3.431691358024691453e+03
3.327395061728394921e+03
3.238901234567901156e+03
3.324234567901234641e+03
3.279987654320987531e+03
3.412728395061728406e+03
3.242061728395061891e+03
3.039790123456790297e+03
3.077716049382715937e+03
3.182012345679012469e+03
3.166209876543209703e+03
3.542308641975308547e+03
3.343197530864197688e+03
3.251543209876543187e+03
3.213617283950617093e+03
3.093518518518518704e+03
3.197814814814814781e+03
3.109320987654321016e+03
2.982901234567901156e+03
2.910209876543209703e+03
2.850160493827160280e+03
2.979740740740740875e+03
3.200975308641975516e+03
3.340037037037036953e+03
3.336876543209876672e+03
3.592876543209876672e+03
3.586555555555555657e+03
3.668728395061728406e+03
3.728777777777777828e+03
3.513864197530864203e+03
4.101716049382715937e+03
3.577074074074073906e+03
3.782506172839506235e+03
3.466456790123456813e+03
3.618160493827160280e+03
3.744580246913580140e+03
3.899444444444444343e+03
3.788827160493827250e+03
3.652925925925926094e+03
3.697172839506172750e+03
3.621320987654321016e+03
3.826753086419752890e+03
3.798308641975308547e+03
3.975296296296296077e+03
3.709814814814814781e+03
3.520185185185185219e+03
3.833074074074073906e+03
3.760382716049382907e+03
3.637123456790123328e+03
3.725617283950617093e+03
3.855197530864197688e+03
3.972135802469135797e+03
3.836234567901234641e+03
3.931049382716049422e+03
3.836234567901234641e+03
3.646604938271605079e+03
3.801469135802469282e+03
3.861518518518518704e+03
4.095395061728394921e+03
4.016382716049382907e+03
4.054308641975308547e+03
4.013222222222222172e+03
3.918407407407407391e+03
3.940530864197530718e+03
3.785666666666666515e+03
3.820432098765431874e+03
4.054308641975308547e+03
4.003740740740740875e+03
3.965814814814814781e+03
3.788827160493827250e+03
4.038506172839506235e+03
4.079592592592592609e+03
4.190209876543210157e+03
4.073271604938271594e+03
3.994259259259259125e+03
3.997419753086419860e+03
3.984777777777777828e+03
4.108037037037037408e+03
4.000580246913580140e+03
4.171246913580246655e+03
4.155444444444444343e+03
4.142802469135802312e+03
4.054308641975308547e+03
4.174407407407407845e+03
4.392481481481481751e+03
4.139641975308642031e+03
4.310308641975309001e+03
4.057469135802469282e+03
3.981617283950617093e+03
3.921567901234568126e+03
4.098555555555555657e+03
4.041666666666666515e+03
3.791987654320987531e+03
3.864679012345678984e+03
3.899444444444444343e+03
3.893123456790123328e+03
4.051148148148148266e+03
4.168086419753086375e+03
3.927888888888888687e+03
4.123839506172839720e+03
4.029024691358024484e+03
4.114358024691357969e+03
4.029024691358024484e+03
4.168086419753086375e+03
4.029024691358024484e+03
4.149123456790123782e+03
4.016382716049382907e+03
4.019543209876543187e+03
3.839395061728394921e+03
3.946851851851851734e+03
3.741419753086419860e+03
3.931049382716049422e+03
3.956333333333333485e+03
3.899444444444444343e+03
3.953172839506172750e+03
3.943691358024691453e+03
3.959493827160493765e+03
3.807790123456790297e+03
3.649765432098765359e+03
3.795148148148148266e+03
3.950012345679012469e+03
3.826753086419752890e+03
4.085913580246913625e+03
4.127000000000000000e+03
4.468333333333333030e+03
4.427246913580246655e+03
4.525222222222222626e+03
4.439888888888888687e+03
4.408283950617284063e+03
4.506259259259259125e+03
4.139641975308642031e+03
4.386160493827160280e+03
4.420925925925926094e+03
4.493617283950617093e+03
4.313469135802469282e+03
4.285024691358024938e+03
4.449370370370370438e+03
4.275543209876543187e+03
4.250259259259259125e+03
4.569469135802469282e+03
4.620037037037037408e+03
4.430407407407407845e+03
4.303987654320987531e+03
4.114358024691357969e+03
4.155444444444444343e+03
4.079592592592592609e+03
4.316629629629629562e+03
4.389320987654320561e+03
4.240777777777777374e+03
4.221814814814814781e+03
4.480975308641975062e+03
4.436728395061728406e+03
4.278703703703703468e+03
4.187049382716048967e+03
4.262901234567901156e+03
4.025864197530864203e+03
4.082753086419752890e+03
3.934209876543209703e+03
4.038506172839506235e+03
4.262901234567901156e+03
4.114358024691357969e+03
4.231296296296296532e+03
4.076432098765431874e+03
3.899444444444444343e+03
4.108037037037037408e+03
4.108037037037037408e+03
2.277672839506172750e+04
9.349012345679012697e+02
1.560679012345678984e+03
3.305271604938271594e+03
4.433567901234568126e+03
5.792580246913580595e+03
6.551098765432098844e+03
8.020728395061728406e+03
8.738160493827161190e+03
9.442950617283950123e+03
1.035949382716049331e+04
1.096946913580246837e+04
1.178487654320987713e+04
1.203139506172839538e+04
1.260976543209876581e+04
1.265401234567901156e+04
1.304907407407407482e+04
1.317865432098765450e+04
1.358951851851851825e+04
1.338408641975308637e+04
1.371277777777777737e+04
1.403198765432098844e+04
1.376966666666666606e+04
1.403514814814814781e+04
1.394033333333333394e+04
1.380443209876543187e+04
1.367485185185185219e+04
1.366537037037037044e+04
1.364324691358024756e+04
1.370645679012345681e+04
1.355791358024691363e+04
1.339040740740740694e+04
1.320709876543209793e+04
1.323870370370370438e+04
1.297638271604938200e+04
1.290369135802469100e+04
1.278991358024691363e+04
1.281835802469135888e+04
1.237588888888888869e+04
1.231900000000000000e+04
1.240433333333333394e+04
1.200927160493827250e+04
1.189549382716049331e+04
1.188285185185185219e+04
1.151939506172839538e+04
1.164581481481481569e+04
1.130448148148148175e+04
1.126339506172839538e+04
1.106428395061728406e+04
1.091890123456790207e+04
1.055860493827160462e+04
1.063761728395061800e+04
1.047327160493827250e+04
1.054912345679012287e+04
1.026783950617283881e+04
1.037845679012345681e+04
1.014774074074074088e+04
1.056808641975308637e+04
1.058388888888888869e+04
1.057440740740740694e+04
1.065341975308642031e+04
1.052067901234567944e+04
1.042902469135802494e+04
1.028048148148148175e+04
1.002764197530864112e+04
9.942308641975309001e+03
9.958111111111111313e+03
1.039109876543209793e+04
1.008769135802469100e+04
9.651543209876543187e+03
9.626259259259259125e+03
9.692629629629629562e+03
9.329172839506172750e+03
9.253320987654320561e+03
9.256481481481481751e+03
9.243839506172838810e+03
9.133222222222222626e+03
9.155345679012345499e+03
9.341814814814815691e+03
9.196432098765431874e+03
8.946753086419752435e+03
8.921469135802468372e+03
8.880382716049381997e+03
8.874061728395061436e+03
8.703395061728395376e+03
8.412629629629629562e+03
8.637024691358024938e+03
8.460037037037036498e+03
8.346259259259259125e+03
8.554851851851852189e+03
8.267246913580247565e+03
8.213518518518518249e+03
8.115543209876543187e+03
7.919592592592592155e+03
7.891148148148147811e+03
7.774209876543210157e+03
7.711000000000000000e+03
7.594061728395061436e+03
7.562456790123456813e+03
7.540333333333333030e+03
7.420234567901234186e+03
7.492925925925926094e+03
7.834259259259259125e+03
7.748925925925926094e+03
7.729962962962962592e+03
7.840580246913580595e+03
7.704679012345679439e+03
7.543493827160494220e+03
7.398111111111111313e+03
7.451839506172839720e+03
7.338061728395061436e+03
7.293814814814814781e+03
6.965123456790123782e+03
7.366506172839505780e+03
7.145271604938271594e+03
7.145271604938271594e+03
7.186358024691357969e+03
6.939839506172839720e+03
7.003049382716048967e+03
7.145271604938271594e+03
7.192679012345679439e+03
7.110506172839505780e+03
7.221123456790123782e+03
7.075740740740740875e+03
6.886111111111111313e+03
7.119987654320987531e+03
7.094703703703703468e+03
7.230604938271604624e+03
7.259049382716048967e+03
7.104185185185185219e+03
7.037814814814814781e+03
6.829222222222222626e+03
6.709123456790123782e+03
6.614308641975309001e+03
6.687000000000000000e+03
6.589024691358024938e+03
6.566901234567901156e+03
6.601666666666666970e+03
