0.000000000000000000e+00
1.462620000000000073e+04
1.439686666666666679e+04
1.422193333333333248e+04
1.395313333333333321e+04
1.368860000000000036e+04
1.382406666666666752e+04
1.374086666666666679e+04
1.366513333333333321e+04
1.355739999999999964e+04
1.325979999999999927e+04
1.335153333333333285e+04
1.305500000000000000e+04
1.294193333333333248e+04
1.272006666666666752e+04
1.282033333333333394e+04
1.269553333333333285e+04
1.243206666666666752e+04
1.251313333333333321e+04
1.235206666666666752e+04
1.215686666666666679e+04
1.204700000000000000e+04
1.175900000000000000e+04
1.191793333333333248e+04
1.173446666666666715e+04
1.160220000000000073e+04
1.151473333333333358e+04
1.125660000000000036e+04
1.115100000000000000e+04
1.092166666666666606e+04
1.063900000000000000e+04
1.098246666666666715e+04
1.073179999999999927e+04
1.054193333333333248e+04
1.055260000000000036e+04
1.054833333333333394e+04
1.048539999999999964e+04
1.050246666666666715e+04
1.040646666666666715e+04
1.050993333333333248e+04
1.020593333333333248e+04
9.979799999999999272e+03
9.861399999999999636e+03
1.003313333333333321e+04
9.903000000000000000e+03
9.674733333333333576e+03
9.702466666666667152e+03
9.545666666666666060e+03
9.652333333333333940e+03
9.415533333333332848e+03
9.187266666666666424e+03
9.333399999999999636e+03
9.229933333333332484e+03
8.933399999999999636e+03
9.174466666666667152e+03
9.279000000000000000e+03
9.268333333333333940e+03
9.295000000000000000e+03
9.193666666666666060e+03
9.227799999999999272e+03
9.069933333333332484e+03
9.106200000000000728e+03
8.917399999999999636e+03
8.953666666666666060e+03
8.737133333333333212e+03
8.681666666666666060e+03
8.656066666666667516e+03
8.673133333333333212e+03
8.463000000000000000e+03
8.353133333333333212e+03
8.177133333333333212e+03
8.164333333333333030e+03
8.166466666666666242e+03
8.337133333333333212e+03
8.184600000000000364e+03
7.994733333333333576e+03
8.051266666666666424e+03
8.011800000000000182e+03
8.106733333333333576e+03
7.992600000000000364e+03
8.006466666666666242e+03
7.860333333333333030e+03
7.811266666666666424e+03
7.762199999999999818e+03
7.853933333333333394e+03
7.714199999999999818e+03
7.643800000000000182e+03
7.493399999999999636e+03
7.606466666666666242e+03
7.479533333333333758e+03
7.332333333333333030e+03
7.332333333333333030e+03
7.181933333333333394e+03
7.146733333333333576e+03
7.029399999999999636e+03
6.953666666666666970e+03
6.741399999999999636e+03
6.731800000000000182e+03
6.695533333333333758e+03
6.596333333333333030e+03
6.559000000000000000e+03
6.313666666666666970e+03
6.342466666666666242e+03
6.187800000000000182e+03
6.268866666666666788e+03
6.112066666666666606e+03
6.294466666666666242e+03
6.396866666666666788e+03
6.298733333333333576e+03
6.037399999999999636e+03
6.171800000000000182e+03
6.034199999999999818e+03
5.945666666666666970e+03
5.951000000000000000e+03
5.820866666666666788e+03
5.814466666666666242e+03
5.964866666666666788e+03
5.868866666666666788e+03
5.951000000000000000e+03
6.016066666666666606e+03
5.734466666666666242e+03
5.638466666666666242e+03
5.592600000000000364e+03
5.622466666666666242e+03
5.433666666666666970e+03
5.459266666666666424e+03
5.377133333333333212e+03
5.317399999999999636e+03
5.538199999999999818e+03
5.392066666666666606e+03
5.433666666666666970e+03
5.596866666666666788e+03
5.779266666666666424e+03
5.496600000000000364e+03
5.571266666666666424e+03
5.692866666666666788e+03
5.682199999999999818e+03
5.561666666666666970e+03
5.448600000000000364e+03
5.564866666666666788e+03
5.610733333333333576e+03
5.586199999999999818e+03
5.443266666666666424e+03
5.591533333333333758e+03
5.429399999999999636e+03
5.287533333333333758e+03
5.274733333333333576e+03
5.269399999999999636e+03
5.280066666666666606e+03
5.323800000000000182e+03
5.228866666666666788e+03
4.872600000000000364e+03
5.124333333333333030e+03
5.368600000000000364e+03
5.332333333333333030e+03
5.487000000000000000e+03
5.768600000000000364e+03
5.324866666666666788e+03
5.702466666666666242e+03
5.660866666666666788e+03
5.769666666666666970e+03
5.784600000000000364e+03
5.697133333333333212e+03
5.676866666666666788e+03
5.506199999999999818e+03
5.590466666666666242e+03
5.531800000000000182e+03
5.500866666666666788e+03
5.556333333333333030e+03
5.417666666666666970e+03
5.273666666666666970e+03
5.385666666666666970e+03
5.299266666666666424e+03
5.273666666666666970e+03
5.210733333333333576e+03
5.107266666666666424e+03
5.143533333333333758e+03
5.160600000000000364e+03
5.191533333333333758e+03
5.205399999999999636e+03
5.153133333333333212e+03
5.069933333333333394e+03
5.069933333333333394e+03
5.996386666666666861e+04
6.069666666666666424e+04
6.162680000000000291e+04
6.279053749999999854e+04
5.637678333333333285e+04
3.038253749999999854e+04
2.051816666666666788e+04
4.981354166666666970e+03
2.834199999999999818e+03
3.832599999999999909e+03
4.560066666666666606e+03
5.137133333333333212e+03
5.867800000000000182e+03
5.989399999999999636e+03
6.184600000000000364e+03
6.460866666666666788e+03
6.901399999999999636e+03
7.045399999999999636e+03
7.069933333333333394e+03
7.287533333333333758e+03
7.490199999999999818e+03
7.524333333333333030e+03
7.429399999999999636e+03
7.599000000000000000e+03
7.332333333333333030e+03
7.200066666666666606e+03
7.109399999999999636e+03
6.678466666666666242e+03
6.733933333333333394e+03
6.642199999999999818e+03
6.445933333333333394e+03
6.253933333333333394e+03
6.216600000000000364e+03
5.946733333333333576e+03
5.712066666666666606e+03
5.497666666666666970e+03
5.334466666666666242e+03
5.035800000000000182e+03
4.938733333333333576e+03
4.788333333333333030e+03
4.415000000000000000e+03
4.267800000000000182e+03
4.249666666666666970e+03
3.951000000000000000e+03
3.797400000000000091e+03
3.508333333333333485e+03
3.477400000000000091e+03
3.255533333333333303e+03
3.089133333333333212e+03
2.871533333333333303e+03
2.705133333333333212e+03
2.804329166666666879e+03
2.263533333333333303e+03
2.625125000000000000e+03
2.239000000000000000e+03
2.797920833333333121e+03
2.774454166666666879e+03
3.317375000000000000e+03
4.059762499999999818e+03
8.181295833333333576e+03
1.045965833333333285e+04
1.118924583333333248e+04
1.244255833333333248e+04
1.212149583333333248e+04
1.382813333333333321e+04
1.741847499999999854e+04
1.823552916666666715e+04
1.891818333333333430e+04
1.922111249999999927e+04
2.073682083333333503e+04
1.979817083333333358e+04
2.392503749999999854e+04
2.440289583333333212e+04
2.426529999999999927e+04
2.783217499999999927e+04
2.594420416666666642e+04
2.465889166666666642e+04
3.247316666666666788e+04
3.676323333333332994e+04
3.623417500000000291e+04
3.652963749999999709e+04
4.208688333333333139e+04
4.478337500000000000e+04
5.054328333333333285e+04
5.056248333333332994e+04
5.531227500000000146e+04
4.760359583333333285e+04
5.891968333333333430e+04
6.052712083333333430e+04
6.182736666666666861e+04
6.325774166666666861e+04
6.252602083333333576e+04
6.044605416666666861e+04
6.138364166666667006e+04
6.342840416666666715e+04
6.332067083333332994e+04
6.310734166666666715e+04
6.346040000000000146e+04
6.348813333333333139e+04
6.320866666666666424e+04
6.303160416666666424e+04
6.314786666666666861e+04
6.291319999999999709e+04
6.296440000000000146e+04
6.302519999999999709e+04
6.307319999999999709e+04
6.292706666666666570e+04
6.282680000000000291e+04
6.275106666666666570e+04
6.257400000000000000e+04
6.272653333333333285e+04
6.249613333333333139e+04
6.238519999999999709e+04
6.257719999999999709e+04
6.237453333333333285e+04
6.231266666666666424e+04
6.237559999999999854e+04
6.224759999999999854e+04
6.251319999999999709e+04
6.240546666666666715e+04
6.259426666666667006e+04
6.234467083333332994e+04
6.268066666666666424e+04
6.262946666666666715e+04
6.239693333333333430e+04
6.250893333333333430e+04
6.215906666666666570e+04
6.232226666666667006e+04
6.229880000000000291e+04
6.213666666666666424e+04
6.212706666666666570e+04
6.214626666666667006e+04
6.202466666666666424e+04
6.193080000000000291e+04
6.188706666666666570e+04
6.187213333333333139e+04
6.168119999999999709e+04
6.176333333333333576e+04
6.151053333333333285e+04
6.167266666666666424e+04
6.157026666666667006e+04
6.178466666666666424e+04
6.153933333333333576e+04
6.173453333333333285e+04
6.152546666666666715e+04
6.156919999999999709e+04
6.159586666666666861e+04
6.157880000000000291e+04
6.154359999999999854e+04
6.146573333333332994e+04
6.142200000000000000e+04
6.127266666666666424e+04
6.128866666666666424e+04
6.134200000000000000e+04
6.121506666666666570e+04
6.133559999999999854e+04
6.106680000000000291e+04
6.103053333333333285e+04
6.092813333333333139e+04
6.101133333333333576e+04
6.098359999999999854e+04
6.084280000000000291e+04
6.074786666666666861e+04
6.092493333333333430e+04
6.109133333333333576e+04
6.109880000000000291e+04
6.108813333333333139e+04
6.117986666666666861e+04
6.147640000000000146e+04
6.138680000000000291e+04
6.132173333333332994e+04
6.143159999999999854e+04
6.126200000000000000e+04
6.113613333333333139e+04
6.119480000000000291e+04
6.113186666666666861e+04
6.121826666666667006e+04
6.128653333333333285e+04
6.141133333333333576e+04
6.136546666666666715e+04
6.118733333333333576e+04
6.119053333333333285e+04
6.105826666666667006e+04
6.101453333333333285e+04
6.119906666666666570e+04
6.101986666666666861e+04
6.109240000000000146e+04
6.096866666666666424e+04
6.100706666666666570e+04
6.083640000000000146e+04
6.090040000000000146e+04
6.089400000000000000e+04
6.108066666666666424e+04
6.122359999999999854e+04
6.109453333333333285e+04
6.096440000000000146e+04
6.109666666666666424e+04
6.095480000000000291e+04
6.087159999999999854e+04
6.092386666666666861e+04
6.093026666666667006e+04
6.103586666666666861e+04
6.085666666666666424e+04
6.091106666666666570e+04
6.093026666666667006e+04
6.087266666666666424e+04
6.072333333333333576e+04
6.081400000000000000e+04
6.075426666666667006e+04
6.083746666666666715e+04
6.072546666666666715e+04
6.060493333333333430e+04
6.051426666666667006e+04
6.057186666666666861e+04
6.061026666666667006e+04
6.079906666666666570e+04
6.071586666666666861e+04
6.063480000000000291e+04
6.083000000000000000e+04
6.059853333333333285e+04
6.067213333333333139e+04
6.074359999999999854e+04
6.062413333333333139e+04
6.063053333333333285e+04
6.054626666666667006e+04
6.063693333333333430e+04
6.063906666666666570e+04
6.050893333333333430e+04
6.040546666666666715e+04
6.064013333333333139e+04
6.068813333333333139e+04
6.069559999999999854e+04
6.052706666666666570e+04
6.055053333333333285e+04
6.051319999999999709e+04
6.020280000000000291e+04
6.044706666666666570e+04
6.035533333333333576e+04
6.034680000000000291e+04
6.049719999999999709e+04
6.043746666666666715e+04
6.039586666666666861e+04
6.043959999999999854e+04
6.049826666666667006e+04
6.038413333333333139e+04
6.048866666666666424e+04
6.022840000000000146e+04
6.032759999999999854e+04
6.039373333333332994e+04
6.037026666666667006e+04
6.038093333333333430e+04
6.041080000000000291e+04
6.022733333333333576e+04
6.036386666666666861e+04
6.025826666666667006e+04
6.017293333333333430e+04
6.017293333333333430e+04
6.015586666666666861e+04
5.996493333333333430e+04
5.994466666666666424e+04
6.001506666666666570e+04
5.995000000000000000e+04
6.001506666666666570e+04
6.003746666666666715e+04
6.033293333333333430e+04
6.014413333333333139e+04
6.053666666666666424e+04
6.050466666666666424e+04
6.023053333333333285e+04
6.027213333333333139e+04
6.027213333333333139e+04
6.046093333333333430e+04
6.026893333333333430e+04
6.008013333333333139e+04
6.017719999999999709e+04
6.015266666666666424e+04
6.011106666666666570e+04
6.018466666666666424e+04
6.018466666666666424e+04
6.008119999999999709e+04
5.997773333333332994e+04
5.995319999999999709e+04
5.980386666666666861e+04
5.987213333333333139e+04
5.986146666666666715e+04
5.976653333333333285e+04
5.978359999999999854e+04
5.982733333333333576e+04
6.002146666666666715e+04
6.003000000000000000e+04
5.992119999999999709e+04
5.991906666666666570e+04
5.992759999999999854e+04
6.001080000000000291e+04
5.990626666666667006e+04
5.987533333333333576e+04
5.970786666666666861e+04
5.970253333333333285e+04
5.967800000000000000e+04
5.969293333333333430e+04
5.970359999999999854e+04
5.958840000000000146e+04
5.955640000000000146e+04
5.934733333333333576e+04
5.941986666666666861e+04
5.935480000000000291e+04
5.933773333333332994e+04
5.938573333333332994e+04
5.920759999999999854e+04
5.936440000000000146e+04
5.905400000000000000e+04
5.930253333333333285e+04
5.926093333333333430e+04
5.925773333333332994e+04
5.928119999999999709e+04
5.923106666666666570e+04
5.925986666666666861e+04
5.950413333333333139e+04
5.936759999999999854e+04
5.927480000000000291e+04
5.927800000000000000e+04
5.953293333333333430e+04
5.939853333333333285e+04
5.943906666666666570e+04
5.938040000000000146e+04
5.946253333333333285e+04
5.943053333333333285e+04
5.932919999999999709e+04
5.919373333333332994e+04
5.919159999999999854e+04
5.927800000000000000e+04
5.914786666666666861e+04
5.912013333333333139e+04
5.898893333333333430e+04
5.903693333333333430e+04
5.909559999999999854e+04
5.907746666666666715e+04
5.896333333333333576e+04
5.906573333333332994e+04
5.890573333333332994e+04
5.903693333333333430e+04
5.875000000000000000e+04
5.871053333333333285e+04
5.867106666666666570e+04
5.868706666666666570e+04
5.863373333333332994e+04
5.864546666666666715e+04
5.837666666666666424e+04
5.856546666666666715e+04
5.849080000000000291e+04
5.838413333333333139e+04
5.848226666666667006e+04
5.839053333333333285e+04
5.833293333333333430e+04
5.846200000000000000e+04
5.846946666666666715e+04
5.829880000000000291e+04
5.833933333333333576e+04
5.830626666666667006e+04
5.825933333333333576e+04
5.858680000000000291e+04
5.901880000000000291e+04
5.909559999999999854e+04
5.918733333333333576e+04
5.934946666666666715e+04
5.947426666666667006e+04
5.967053333333333285e+04
5.970040000000000146e+04
5.973133333333333576e+04
5.972066666666666424e+04
5.990840000000000146e+04
5.993080000000000291e+04
5.986040000000000146e+04
5.980813333333333139e+04
5.974519999999999709e+04
5.981666666666666424e+04
5.981559999999999854e+04
5.986466666666666424e+04
5.990306666666666570e+04
5.993186666666666861e+04
5.973773333333332994e+04
5.971000000000000000e+04
5.976866666666666424e+04
5.971426666666667006e+04
5.980919999999999709e+04
5.975266666666666424e+04
5.979746666666666715e+04
5.987959999999999854e+04
6.000226666666667006e+04
5.977933333333333576e+04
5.987106666666666570e+04
5.999373333333332994e+04
5.388173333333332994e+04
5.440440000000000146e+04
5.528333333333333576e+04
5.634253333333333285e+04
5.775266666666666424e+04
5.910946666666666715e+04
6.026359999999999854e+04
6.142840000000000146e+04
6.161401249999999709e+04
5.904232916666667006e+04
4.527722083333333285e+04
4.094876249999999709e+04
3.909706250000000000e+04
2.914842499999999927e+04
2.378531250000000000e+04
1.729475000000000000e+04
8.802087499999999636e+03
2.883250000000000000e+03
2.339262499999999818e+03
2.207000000000000000e+03
2.293400000000000091e+03
2.471533333333333303e+03
2.364866666666666788e+03
2.529133333333333212e+03
2.468333333333333485e+03
2.390466666666666697e+03
2.485400000000000091e+03
2.194199999999999818e+03
2.214466666666666697e+03
2.057666666666666515e+03
2.189925000000000182e+03
1.906195833333333439e+03
3.565900000000000091e+03
3.018708333333333485e+03
3.981891666666666879e+03
3.568029166666666697e+03
7.025041666666666970e+03
1.316467499999999927e+04
1.872085416666666788e+04
2.429303333333333285e+04
2.773937916666666570e+04
2.737565000000000146e+04
2.912922083333333285e+04
3.783521666666666715e+04
3.678776666666667006e+04
4.775612916666666570e+04
5.267018333333333430e+04
5.113314166666667006e+04
5.233952083333333576e+04
6.022312916666666570e+04
6.019646250000000146e+04
6.186790000000000146e+04
6.350307083333333139e+04
6.328227083333333576e+04
6.307853749999999854e+04
6.301987083333333430e+04
6.298680000000000291e+04
6.275213333333333139e+04
6.261559999999999854e+04
6.264119999999999709e+04
6.234786666666666861e+04
6.213240000000000146e+04
6.207053333333333285e+04
6.196493333333333430e+04
6.189666666666666424e+04
6.194786666666666861e+04
6.190413333333333139e+04
6.177613333333333139e+04
6.181880000000000291e+04
6.186573333333332994e+04
6.161719999999999709e+04
6.159373333333332994e+04
6.153186666666666861e+04
6.139533333333333576e+04
6.124386666666666861e+04
6.102733333333333576e+04
6.096546666666666715e+04
6.103586666666666861e+04
6.110200000000000000e+04
6.100706666666666570e+04
6.095373333333332994e+04
6.075640000000000146e+04
6.084813333333333139e+04
6.054733333333333576e+04
6.055480000000000291e+04
6.062840000000000146e+04
6.040440000000000146e+04
6.046519999999999709e+04
6.047693333333333430e+04
6.054093333333333430e+04
6.053346666666666715e+04
6.063906666666666570e+04
6.048866666666666424e+04
6.041933333333333576e+04
6.051426666666667006e+04
6.028173333333332994e+04
6.023906666666666570e+04
6.023693333333333430e+04
6.007800000000000000e+04
5.987853333333333285e+04
5.995000000000000000e+04
5.969933333333333576e+04
5.977506666666666570e+04
5.987426666666667006e+04
5.979959999999999854e+04
5.956173333333332994e+04
5.940919999999999709e+04
5.941346666666666715e+04
5.945186666666666861e+04
5.927586666666666861e+04
5.923213333333333139e+04
5.917453333333333285e+04
5.907959999999999854e+04
5.896759999999999854e+04
5.898359999999999854e+04
5.922040000000000146e+04
5.937826666666667006e+04
5.920866666666666424e+04
5.911693333333333430e+04
5.931959999999999854e+04
5.923000000000000000e+04
5.932386666666666861e+04
5.919906666666666570e+04
5.915640000000000146e+04
5.931000000000000000e+04
5.916386666666666861e+04
5.901986666666666861e+04
5.926733333333333576e+04
5.908173333333332994e+04
5.902413333333333139e+04
5.902093333333333430e+04
5.893559999999999854e+04
5.891213333333333139e+04
5.889506666666666570e+04
5.879266666666666424e+04
5.866040000000000146e+04
5.879586666666666861e+04
5.877240000000000146e+04
5.874146666666666715e+04
5.873613333333333139e+04
5.871693333333333430e+04
5.875426666666667006e+04
5.870733333333333576e+04
5.852066666666666424e+04
5.862200000000000000e+04
5.860919999999999709e+04
5.864119999999999709e+04
5.858359999999999854e+04
5.869666666666666424e+04
5.857933333333333576e+04
5.836066666666666424e+04
5.844813333333333139e+04
5.847800000000000000e+04
5.851319999999999709e+04
5.853666666666666424e+04
5.851213333333333139e+04
5.844066666666666424e+04
5.823906666666666570e+04
5.837453333333333285e+04
5.791800000000000000e+04
5.809506666666666570e+04
5.806093333333333430e+04
5.805453333333333285e+04
5.804600000000000000e+04
5.830626666666667006e+04
5.840440000000000146e+04
5.834359999999999854e+04
5.860813333333333139e+04
5.851213333333333139e+04
5.850893333333333430e+04
5.861666666666666424e+04
5.845240000000000146e+04
5.867959999999999854e+04
5.856653333333333285e+04
5.855159999999999854e+04
5.833613333333333139e+04
5.868173333333332994e+04
5.841080000000000291e+04
5.842680000000000291e+04
5.832013333333333139e+04
5.852386666666666861e+04
5.860066666666666424e+04
5.864119999999999709e+04
5.845559999999999854e+04
5.850680000000000291e+04
5.840013333333333139e+04
5.838840000000000146e+04
5.831480000000000291e+04
5.848973333333332994e+04
5.858893333333333430e+04
5.849400000000000000e+04
5.854946666666666715e+04
5.853346666666666715e+04
5.843533333333333576e+04
5.857613333333333139e+04
5.867426666666667006e+04
5.847906666666666570e+04
5.846733333333333576e+04
5.837666666666666424e+04
5.815159999999999854e+04
5.825400000000000000e+04
5.839159999999999854e+04
5.839373333333332994e+04
5.829026666666667006e+04
5.833933333333333576e+04
5.835319999999999709e+04
5.817933333333333576e+04
5.830840000000000146e+04
5.813026666666667006e+04
5.808440000000000146e+04
5.808226666666667006e+04
5.795853333333333285e+04
5.804600000000000000e+04
5.817933333333333576e+04
5.814306666666666570e+04
5.832866666666666424e+04
5.805773333333332994e+04
5.808440000000000146e+04
5.807693333333333430e+04
5.811000000000000000e+04
5.798626666666667006e+04
5.819853333333333285e+04
5.816546666666666715e+04
5.823480000000000291e+04
5.821880000000000291e+04
5.813666666666666424e+04
5.819426666666667006e+04
5.814306666666666570e+04
5.816866666666666424e+04
5.805559999999999854e+04
5.801933333333333576e+04
5.798306666666666570e+04
5.800333333333333576e+04
5.792440000000000146e+04
5.788493333333333430e+04
5.778146666666666715e+04
5.774306666666666570e+04
5.776759999999999854e+04
5.779533333333333576e+04
5.777400000000000000e+04
5.775586666666666861e+04
5.762466666666666424e+04
5.762893333333333430e+04
5.773240000000000146e+04
5.766840000000000146e+04
5.746680000000000291e+04
5.748173333333332994e+04
5.764493333333333430e+04
5.752653333333333285e+04
5.739640000000000146e+04
5.765666666666666424e+04
5.740813333333333139e+04
5.761613333333333139e+04
5.768866666666666424e+04
5.743266666666666424e+04
5.728226666666667006e+04
5.764600000000000000e+04
5.745826666666667006e+04
5.745080000000000291e+04
5.751586666666666861e+04
5.754573333333332994e+04
5.749773333333332994e+04
5.758093333333333430e+04
5.767586666666666861e+04
5.775586666666666861e+04
5.767159999999999854e+04
5.764493333333333430e+04
5.797559999999999854e+04
5.794786666666666861e+04
5.803746666666666715e+04
5.796066666666666424e+04
5.802680000000000291e+04
5.805559999999999854e+04
5.822626666666667006e+04
5.829773333333332994e+04
5.821026666666667006e+04
5.826253333333333285e+04
5.838200000000000000e+04
5.832653333333333285e+04
5.823800000000000000e+04
5.839266666666666424e+04
5.816759999999999854e+04
5.823373333333332994e+04
5.811959999999999854e+04
5.799159999999999854e+04
5.792013333333333139e+04
5.787213333333333139e+04
5.798626666666667006e+04
5.786680000000000291e+04
5.804600000000000000e+04
5.786359999999999854e+04
5.804493333333333430e+04
5.780173333333332994e+04
5.813026666666667006e+04
5.785400000000000000e+04
5.781133333333333576e+04
5.772813333333333139e+04
5.790306666666666570e+04
5.768119999999999709e+04
5.783159999999999854e+04
5.785719999999999709e+04
5.783693333333333430e+04
5.783480000000000291e+04
5.781453333333333285e+04
5.759693333333333430e+04
5.757666666666666424e+04
5.748919999999999709e+04
5.738466666666666424e+04
5.740066666666666424e+04
5.741986666666666861e+04
5.775586666666666861e+04
5.766519999999999709e+04
5.782946666666666715e+04
5.795640000000000146e+04
5.789559999999999854e+04
5.805986666666666861e+04
5.788280000000000291e+04
5.794359999999999854e+04
5.776226666666667006e+04
5.787213333333333139e+04
5.782519999999999709e+04
5.779533333333333576e+04
5.778680000000000291e+04
5.776866666666666424e+04
5.779640000000000146e+04
5.778146666666666715e+04
5.760866666666666424e+04
5.770253333333333285e+04
5.773346666666666715e+04
5.790946666666666715e+04
5.763853333333333285e+04
5.766093333333333430e+04
5.766519999999999709e+04
5.747640000000000146e+04
5.763533333333333576e+04
5.740280000000000291e+04
5.750519999999999709e+04
5.776759999999999854e+04
5.751480000000000291e+04
5.741240000000000146e+04
5.740706666666666570e+04
5.740386666666666861e+04
5.720226666666667006e+04
5.718840000000000146e+04
5.723426666666667006e+04
5.718200000000000000e+04
5.711159999999999854e+04
5.729506666666666570e+04
5.716173333333332994e+04
5.686093333333333430e+04
5.702626666666667006e+04
5.699853333333333285e+04
5.687480000000000291e+04
5.696759999999999854e+04
5.690680000000000291e+04
5.686733333333333576e+04
5.663159999999999854e+04
5.657719999999999709e+04
5.687159999999999854e+04
5.685026666666667006e+04
5.708386666666666861e+04
5.710519999999999709e+04
5.744866666666666424e+04
5.752440000000000146e+04
5.731746666666666715e+04
5.749880000000000291e+04
5.759586666666666861e+04
5.758413333333333139e+04
5.762466666666666424e+04
5.770359999999999854e+04
5.755853333333333285e+04
5.775586666666666861e+04
5.756813333333333139e+04
5.756919999999999709e+04
5.766840000000000146e+04
5.756706666666666570e+04
5.767800000000000000e+04
5.757453333333333285e+04
5.755533333333333576e+04
5.754893333333333430e+04
5.755106666666666570e+04
5.743373333333332994e+04
5.727906666666666570e+04
5.752013333333333139e+04
5.747959999999999854e+04
5.752759999999999854e+04
5.749986666666666861e+04
5.761933333333333576e+04
5.742200000000000000e+04
5.765346666666666715e+04
5.751800000000000000e+04
5.757773333333332994e+04
5.757773333333332994e+04
5.327480000000000291e+04
5.376866666666666424e+04
5.482040000000000146e+04
5.581133333333333576e+04
5.728866666666666424e+04
5.854626666666667006e+04
5.963853333333333285e+04
6.062519999999999709e+04
6.166200000000000000e+04
6.250146666666666715e+04
6.262947499999999854e+04
5.848234999999999854e+04
5.032141666666666424e+04
4.706173750000000291e+04
4.130609999999999854e+04
2.996654583333333358e+04
1.970537500000000000e+04
6.291187500000000000e+03
4.902412500000000364e+03
3.314170833333333121e+03
2.218724999999999909e+03
2.258191666666666606e+03
1.969129166666666606e+03
1.833666666666666742e+03
2.038462500000000091e+03
2.360587500000000091e+03
2.157925000000000182e+03
2.052329166666666879e+03
3.595762499999999818e+03
1.540329166666666652e+03
3.013370833333333394e+03
4.569612500000000182e+03
8.647412500000000364e+03
1.189962916666666752e+04
5.669324999999999818e+03
1.221748749999999927e+04
1.574810000000000036e+04
2.660126250000000073e+04
2.922948749999999927e+04
3.110359166666666715e+04
3.716856250000000000e+04
3.766988749999999709e+04
4.935183750000000146e+04
6.295374583333333430e+04
6.020386666666666861e+04
5.773453333333333285e+04
5.547640000000000146e+04
5.368119999999999709e+04
5.269453333333333285e+04
5.161613333333333139e+04
5.130680000000000291e+04
5.110200000000000000e+04
5.120440000000000146e+04
5.138573333333332994e+04
5.147426666666667006e+04
5.213453333333333285e+04
5.265186666666666861e+04
5.302413333333333139e+04
5.368440000000000146e+04
5.434466666666666424e+04
5.525240000000000146e+04
5.611426666666667006e+04
5.682253333333333285e+04
5.773453333333333285e+04
5.853880000000000291e+04
5.968546666666666715e+04
6.018786666666666861e+04
6.145719999999999709e+04
6.240653333333333285e+04
6.333453333333333285e+04
5.545413749999999709e+04
2.817243750000000000e+04
7.057037500000000364e+03
7.057037500000000364e+03
3.527580000000000291e+04
3.747740000000000146e+04
3.987633333333333576e+04
4.178993333333333430e+04
4.427206666666666570e+04
4.636380000000000291e+04
4.796593333333333430e+04
4.980380000000000291e+04
5.127153333333333285e+04
5.249286666666666861e+04
5.339740000000000146e+04
5.423366666666666424e+04
5.467740000000000146e+04
5.560646666666666715e+04
5.621340000000000146e+04
5.652486666666666861e+04
5.694300000000000000e+04
5.756059999999999854e+04
5.797126666666667006e+04
5.810780000000000291e+04
5.861980000000000291e+04
5.877233333333333576e+04
5.868059999999999854e+04
5.872326666666667006e+04
5.886406666666666570e+04
5.898886666666666861e+04
5.927259999999999854e+04
5.931633333333333576e+04
5.927580000000000291e+04
5.952219999999999709e+04
5.978673333333332994e+04
5.987100000000000000e+04
6.004913333333333139e+04
6.012059999999999854e+04
6.014406666666666570e+04
6.018246666666666715e+04
4.422619999999999709e+04
4.504006666666666570e+04
4.647259999999999854e+04
4.798726666666667006e+04
5.000966666666666424e+04
5.117766666666666424e+04
5.239686666666666861e+04
5.377819999999999709e+04
5.458993333333333430e+04
5.528326666666667006e+04
5.586459999999999854e+04
5.646833333333333576e+04
5.698246666666666715e+04
5.696646666666666715e+04
5.723100000000000000e+04
5.720219999999999709e+04
5.744433333333333576e+04
5.727473333333332994e+04
5.734619999999999709e+04
5.725980000000000291e+04
5.714993333333333430e+04
5.698459999999999854e+04
5.673926666666667006e+04
5.677873333333332994e+04
5.636806666666666570e+04
5.626033333333333576e+04
5.640113333333333139e+04
5.615366666666666424e+04
5.579740000000000146e+04
5.594033333333333576e+04
5.566513333333333139e+04
5.550086666666666861e+04
5.538353333333333285e+04
5.512433333333333576e+04
5.499953333333333285e+04
5.463473333333332994e+04
5.457180000000000291e+04
5.435313333333333139e+04
5.423473333333332994e+04
5.427846666666666715e+04
5.415473333333332994e+04
5.434459999999999854e+04
5.432219999999999709e+04
5.424859999999999854e+04
5.416326666666667006e+04
5.398513333333333139e+04
5.394246666666666715e+04
5.376753333333333285e+04
5.383900000000000000e+04
5.359686666666666861e+04
5.367259999999999854e+04
5.395100000000000000e+04
5.410993333333333430e+04
5.394246666666666715e+04
5.411313333333333139e+04
5.419953333333333285e+04
5.419633333333333576e+04
5.437553333333333285e+04
5.451206666666666570e+04
5.461126666666667006e+04
5.457286666666666861e+04
5.434033333333333576e+04
5.448006666666666570e+04
5.436486666666666861e+04
5.445233333333333576e+04
5.463686666666666861e+04
5.464326666666667006e+04
5.479259999999999854e+04
5.463793333333333430e+04
5.445659999999999854e+04
5.461659999999999854e+04
5.437340000000000146e+04
5.448219999999999709e+04
5.415259999999999854e+04
5.412700000000000000e+04
5.428273333333332994e+04
5.446300000000000000e+04
5.471153333333333285e+04
5.457286666666666861e+04
5.474566666666666424e+04
5.455473333333332994e+04
5.471366666666666424e+04
5.458780000000000291e+04
5.440753333333333285e+04
5.440433333333333576e+04
5.440219999999999709e+04
5.443846666666666715e+04
5.430406666666666570e+04
5.437446666666666715e+04
5.456219999999999709e+04
5.453126666666667006e+04
5.451313333333333139e+04
5.447793333333333430e+04
5.453019999999999709e+04
5.450886666666666861e+04
5.433819999999999709e+04
5.427206666666666570e+04
5.434353333333333285e+04
5.424753333333333285e+04
5.440753333333333285e+04
5.435633333333333576e+04
5.460593333333333430e+04
5.487046666666666715e+04
5.478726666666667006e+04
5.465286666666666861e+04
5.458353333333333285e+04
5.470833333333333576e+04
5.458886666666666861e+04
5.468273333333332994e+04
5.477873333333332994e+04
5.472859999999999854e+04
5.473500000000000000e+04
5.449819999999999709e+04
5.485126666666667006e+04
5.468486666666666861e+04
5.472326666666667006e+04
5.459846666666666715e+04
5.447046666666666715e+04
5.441073333333332994e+04
5.445019999999999709e+04
5.451526666666667006e+04
5.448753333333333285e+04
5.440326666666667006e+04
5.433713333333333139e+04
5.447900000000000000e+04
5.437446666666666715e+04
5.444593333333333430e+04
5.435740000000000146e+04
5.437980000000000291e+04
5.431686666666666861e+04
5.430940000000000146e+04
5.551473333333332994e+04
5.428806666666666570e+04
5.419526666666667006e+04
5.443633333333333576e+04
5.416753333333333285e+04
5.410780000000000291e+04
5.405659999999999854e+04
5.399580000000000291e+04
5.396059999999999854e+04
5.401500000000000000e+04
5.400753333333333285e+04
5.405766666666666424e+04
5.400326666666667006e+04
5.413446666666666715e+04
5.395526666666667006e+04
5.388059999999999854e+04
5.364806666666666570e+04
5.372059999999999854e+04
5.403206666666666570e+04
5.399580000000000291e+04
5.427206666666666570e+04
5.418033333333333576e+04
5.432219999999999709e+04
5.427419999999999709e+04
5.399900000000000000e+04
5.407473333333332994e+04
5.417606666666666570e+04
5.420166666666666424e+04
5.406193333333333430e+04
5.413446666666666715e+04
5.426246666666666715e+04
5.433393333333333430e+04
5.439793333333333430e+04
5.419100000000000000e+04
5.412700000000000000e+04
5.422619999999999709e+04
5.397873333333332994e+04
5.404593333333333430e+04
5.450673333333332994e+04
5.434033333333333576e+04
5.434993333333333430e+04
5.402353333333333285e+04
5.419419999999999709e+04
5.435313333333333139e+04
5.426886666666666861e+04
5.446726666666667006e+04
5.453126666666667006e+04
5.461019999999999709e+04
5.467953333333333285e+04
5.464326666666667006e+04
5.454193333333333430e+04
5.446726666666667006e+04
5.467100000000000000e+04
5.466459999999999854e+04
5.464006666666666570e+04
5.504326666666667006e+04
5.456859999999999854e+04
5.446086666666666861e+04
5.441286666666666861e+04
5.428593333333333430e+04
5.432433333333333576e+04
5.457500000000000000e+04
5.419633333333333576e+04
5.434140000000000146e+04
5.418993333333333430e+04
5.410246666666666715e+04
5.403526666666667006e+04
5.430086666666666861e+04
5.425500000000000000e+04
5.440753333333333285e+04
5.434140000000000146e+04
5.427740000000000146e+04
5.401500000000000000e+04
5.420486666666666861e+04
5.422726666666667006e+04
5.424433333333333576e+04
5.413766666666666424e+04
5.416646666666666715e+04
5.440966666666666424e+04
5.439580000000000291e+04
5.452913333333333139e+04
5.418140000000000146e+04
5.415793333333333430e+04
5.416753333333333285e+04
5.409713333333333139e+04
5.411419999999999709e+04
5.413019999999999709e+04
5.395633333333333576e+04
5.411419999999999709e+04
5.425606666666666570e+04
5.404806666666666570e+04
5.424006666666666570e+04
5.450566666666666424e+04
5.435953333333333285e+04
5.432326666666667006e+04
5.425073333333332994e+04
5.414833333333333576e+04
5.417180000000000291e+04
5.406193333333333430e+04
5.467953333333333285e+04
5.410353333333333285e+04
5.409073333333332994e+04
5.404380000000000291e+04
5.432006666666666570e+04
5.416113333333333139e+04
5.404273333333332994e+04
5.400433333333333576e+04
5.409180000000000291e+04
5.388059999999999854e+04
5.381873333333332994e+04
5.379100000000000000e+04
5.376753333333333285e+04
5.372059999999999854e+04
5.367793333333333430e+04
5.367259999999999854e+04
5.378353333333333285e+04
5.408006666666666570e+04
5.427846666666666715e+04
5.451633333333333576e+04
5.473926666666667006e+04
5.501980000000000291e+04
5.506673333333332994e+04
5.514993333333333430e+04
5.511366666666666424e+04
5.515633333333333576e+04
5.514886666666666861e+04
5.518300000000000000e+04
5.509233333333333576e+04
5.506353333333333285e+04
5.516700000000000000e+04
5.526300000000000000e+04
5.530353333333333285e+04
5.526833333333333576e+04
5.563953333333333285e+04
5.541659999999999854e+04
5.521500000000000000e+04
5.541980000000000291e+04
5.512326666666667006e+04
5.537286666666666861e+04
5.528219999999999709e+04
5.539419999999999709e+04
5.544219999999999709e+04
5.559366666666666424e+04
5.554353333333333285e+04
5.551900000000000000e+04
5.564380000000000291e+04
5.563953333333333285e+04
5.556806666666666570e+04
5.562033333333333576e+04
5.560753333333333285e+04
5.547100000000000000e+04
5.533980000000000291e+04
5.547526666666667006e+04
5.541126666666667006e+04
5.525873333333332994e+04
5.537606666666666570e+04
5.546353333333333285e+04
5.526833333333333576e+04
5.557766666666666424e+04
5.529713333333333139e+04
5.525233333333333576e+04
5.525019999999999709e+04
5.494940000000000146e+04
5.507633333333333576e+04
5.511366666666666424e+04
5.519686666666666861e+04
5.535580000000000291e+04
5.527900000000000000e+04
5.516166666666666424e+04
5.526300000000000000e+04
5.520646666666666715e+04
5.537073333333332994e+04
5.514993333333333430e+04
5.508486666666666861e+04
5.515206666666666570e+04
5.516806666666666570e+04
5.516700000000000000e+04
5.522566666666666424e+04
5.513073333333332994e+04
5.487793333333333430e+04
5.492913333333333139e+04
5.501873333333332994e+04
5.488646666666666715e+04
5.487580000000000291e+04
5.495900000000000000e+04
5.497500000000000000e+04
5.480540000000000146e+04
5.469873333333332994e+04
5.458566666666666424e+04
5.477659999999999854e+04
5.497713333333333139e+04
5.514140000000000146e+04
5.509126666666667006e+04
5.500486666666666861e+04
5.510086666666666861e+04
5.479793333333333430e+04
5.489819999999999709e+04
5.483100000000000000e+04
5.465073333333332994e+04
5.479366666666666424e+04
5.510833333333333576e+04
5.463473333333332994e+04
5.467633333333333576e+04
5.480540000000000146e+04
5.486619999999999709e+04
5.474673333333332994e+04
5.476166666666666424e+04
5.486406666666666570e+04
5.487686666666666861e+04
5.501340000000000146e+04
5.488540000000000146e+04
5.498459999999999854e+04
5.468806666666666570e+04
5.455153333333333285e+04
5.473819999999999709e+04
5.483846666666666715e+04
5.497180000000000291e+04
5.508273333333332994e+04
5.523633333333333576e+04
5.508913333333333139e+04
5.536433333333333576e+04
5.524700000000000000e+04
5.561180000000000291e+04
5.523740000000000146e+04
5.544113333333333139e+04
5.524273333333332994e+04
5.521180000000000291e+04
5.559793333333333430e+04
5.533659999999999854e+04
5.544966666666666424e+04
5.547206666666666570e+04
5.549766666666666424e+04
5.558086666666666861e+04
5.536753333333333285e+04
5.509873333333332994e+04
5.511046666666666715e+04
5.493233333333333576e+04
5.494300000000000000e+04
5.486406666666666570e+04
5.506993333333333430e+04
5.514993333333333430e+04
5.520753333333333285e+04
5.522353333333333285e+04
5.529819999999999709e+04
5.521819999999999709e+04
5.490353333333333285e+04
5.485659999999999854e+04
5.491633333333333576e+04
5.503473333333332994e+04
5.507633333333333576e+04
5.501126666666667006e+04
5.501126666666667006e+04
5.477340000000000146e+04
5.486193333333333430e+04
5.488859999999999854e+04
5.492700000000000000e+04
5.486300000000000000e+04
5.473713333333333139e+04
5.499100000000000000e+04
5.479793333333333430e+04
5.458459999999999854e+04
5.458459999999999854e+04
4.968326666666667006e+04
5.111900000000000000e+04
5.272753333333333285e+04
5.420593333333333430e+04
5.580380000000000291e+04
5.706673333333332994e+04
5.824433333333333576e+04
5.940700000000000000e+04
6.041819999999999709e+04
6.067633333333333576e+04
6.118407083333333139e+04
6.128433750000000146e+04
6.187419999999999709e+04
6.208966666666666424e+04
6.183793333333333430e+04
6.177073333333332994e+04
6.153500000000000000e+04
6.117553333333333285e+04
6.111153333333333285e+04
6.085019999999999709e+04
6.064006666666666570e+04
6.016753333333333285e+04
6.007366666666666424e+04
5.973019999999999709e+04
5.964166666666666424e+04
5.924486666666666861e+04
5.894833333333333576e+04
5.883953333333333285e+04
5.833393333333333430e+04
5.832113333333333139e+04
5.802353333333333285e+04
5.787526666666667006e+04
5.794140000000000146e+04
5.766406666666666570e+04
5.717340000000000146e+04
5.705180000000000291e+04
5.692593333333333430e+04
5.683206666666666570e+04
5.668806666666666570e+04
5.660380000000000291e+04
5.634673333333332994e+04
5.634780000000000291e+04
5.619419999999999709e+04
5.609606666666666570e+04
5.602353333333333285e+04
5.585073333333332994e+04
5.574300000000000000e+04
5.564806666666666570e+04
5.578246666666666715e+04
5.578246666666666715e+04
5.571740000000000146e+04
5.602566666666666424e+04
5.568966666666666424e+04
5.577393333333333430e+04
5.577606666666666570e+04
5.590406666666666570e+04
5.556593333333333430e+04
5.573340000000000146e+04
5.562033333333333576e+04
5.561819999999999709e+04
5.551046666666666715e+04
5.596059999999999854e+04
5.578033333333333576e+04
5.595313333333333139e+04
5.619633333333333576e+04
5.575580000000000291e+04
5.568326666666667006e+04
5.576113333333333139e+04
5.585713333333333139e+04
5.566513333333333139e+04
5.561286666666666861e+04
5.581340000000000146e+04
5.558300000000000000e+04
5.553819999999999709e+04
5.560113333333333139e+04
5.572059999999999854e+04
5.535046666666666715e+04
5.577393333333333430e+04
5.572806666666666570e+04
5.553180000000000291e+04
5.571206666666666570e+04
5.571206666666666570e+04
5.587740000000000146e+04
5.590726666666667006e+04
5.556593333333333430e+04
5.540593333333333430e+04
5.555526666666667006e+04
5.536646666666666715e+04
5.549340000000000146e+04
5.597233333333333576e+04
5.550619999999999709e+04
5.558833333333333576e+04
5.559046666666666715e+04
5.551793333333333430e+04
5.544859999999999854e+04
5.532913333333333139e+04
5.545393333333333430e+04
5.544540000000000146e+04
5.545180000000000291e+04
5.545286666666666861e+04
5.550619999999999709e+04
5.554353333333333285e+04
5.563206666666666570e+04
5.576433333333333576e+04
5.579633333333333576e+04
5.568859999999999854e+04
5.569819999999999709e+04
5.593393333333333430e+04
5.583580000000000291e+04
5.570033333333333576e+04
5.565126666666667006e+04
5.570459999999999854e+04
5.580059999999999854e+04
5.589233333333333576e+04
5.591046666666666715e+04
5.574940000000000146e+04
5.619313333333333139e+04
5.558300000000000000e+04
5.548166666666666424e+04
5.535366666666666424e+04
5.545286666666666861e+04
5.523740000000000146e+04
5.540166666666666424e+04
5.532593333333333430e+04
5.543580000000000291e+04
5.551473333333332994e+04
5.549126666666667006e+04
5.550726666666667006e+04
5.540593333333333430e+04
5.528646666666666715e+04
5.543046666666666715e+04
5.572700000000000000e+04
5.538993333333333430e+04
5.496966666666666424e+04
5.487900000000000000e+04
5.492593333333333430e+04
5.504113333333333139e+04
5.503580000000000291e+04
5.515100000000000000e+04
5.514566666666666424e+04
5.497819999999999709e+04
5.471686666666666861e+04
5.490459999999999854e+04
5.496326666666667006e+04
5.493980000000000291e+04
5.481926666666667006e+04
5.515526666666667006e+04
5.495686666666666861e+04
5.503686666666666861e+04
5.497286666666666861e+04
5.500913333333333139e+04
5.504006666666666570e+04
5.497073333333332994e+04
5.498993333333333430e+04
5.507846666666666715e+04
5.497500000000000000e+04
5.492806666666666570e+04
5.495366666666666424e+04
5.499526666666667006e+04
5.520433333333333576e+04
5.517126666666667006e+04
5.490353333333333285e+04
5.495793333333333430e+04
5.504006666666666570e+04
5.503793333333333430e+04
5.525553333333333285e+04
5.503900000000000000e+04
5.501126666666667006e+04
5.498566666666666424e+04
5.487900000000000000e+04
5.496219999999999709e+04
5.499633333333333576e+04
5.496326666666667006e+04
5.498886666666666861e+04
5.504540000000000146e+04
5.484700000000000000e+04
5.533766666666666424e+04
5.507846666666666715e+04
5.510619999999999709e+04
5.519686666666666861e+04
5.524913333333333139e+04
5.548380000000000291e+04
5.524380000000000291e+04
5.526833333333333576e+04
5.521500000000000000e+04
5.524806666666666570e+04
5.528113333333333139e+04
5.517233333333333576e+04
5.518726666666667006e+04
5.473819999999999709e+04
5.485446666666666715e+04
5.470086666666666861e+04
5.472540000000000146e+04
5.448646666666666715e+04
5.466566666666666424e+04
5.452166666666666424e+04
5.472966666666666424e+04
5.488859999999999854e+04
5.468806666666666570e+04
5.481180000000000291e+04
5.481713333333333139e+04
5.464326666666667006e+04
5.477446666666666715e+04
5.471046666666666715e+04
5.492913333333333139e+04
5.510619999999999709e+04
5.469233333333333576e+04
5.478513333333333139e+04
5.484166666666666424e+04
5.531206666666666570e+04
5.510619999999999709e+04
5.480006666666666570e+04
5.474459999999999854e+04
5.483313333333333139e+04
5.488753333333333285e+04
5.499206666666666570e+04
5.492273333333332994e+04
5.498033333333333576e+04
5.490993333333333430e+04
5.479686666666666861e+04
5.464433333333333576e+04
5.479686666666666861e+04
5.482353333333333285e+04
5.478406666666666570e+04
5.487153333333333285e+04
5.484486666666666861e+04
5.482459999999999854e+04
5.474033333333333576e+04
5.457713333333333139e+04
5.497073333333332994e+04
5.485126666666667006e+04
5.503259999999999854e+04
5.461553333333333285e+04
5.474566666666666424e+04
5.484380000000000291e+04
5.460059999999999854e+04
5.453019999999999709e+04
5.467633333333333576e+04
5.470940000000000146e+04
5.466459999999999854e+04
5.467953333333333285e+04
5.459846666666666715e+04
5.479580000000000291e+04
5.434673333333332994e+04
5.441393333333333430e+04
5.455900000000000000e+04
5.475313333333333139e+04
5.504219999999999709e+04
5.527793333333333430e+04
5.517553333333333285e+04
5.562246666666666715e+04
5.562780000000000291e+04
5.556059999999999854e+04
5.541659999999999854e+04
5.550619999999999709e+04
5.560219999999999709e+04
5.514993333333333430e+04
5.533659999999999854e+04
5.554246666666666715e+04
5.533019999999999709e+04
5.526086666666666861e+04
5.525873333333332994e+04
5.543900000000000000e+04
5.543259999999999854e+04
5.551259999999999854e+04
5.545926666666667006e+04
5.534086666666666861e+04
5.544433333333333576e+04
5.519473333333332994e+04
5.514886666666666861e+04
5.544326666666667006e+04
5.533766666666666424e+04
5.539846666666666715e+04
5.549873333333332994e+04
5.593073333333332994e+04
5.562566666666666424e+04
5.578459999999999854e+04
5.547313333333333139e+04
5.560966666666666424e+04
5.562246666666666715e+04
5.554246666666666715e+04
5.564913333333333139e+04
5.539846666666666715e+04
5.547526666666667006e+04
5.550513333333333139e+04
5.556913333333333139e+04
5.547953333333333285e+04
5.525233333333333576e+04
5.533233333333333576e+04
5.530246666666666715e+04
5.523633333333333576e+04
5.522246666666666715e+04
5.512326666666667006e+04
5.526193333333333430e+04
5.518940000000000146e+04
5.539313333333333139e+04
5.516913333333333139e+04
5.530566666666666424e+04
5.525446666666666715e+04
5.555313333333333139e+04
5.523633333333333576e+04
5.538780000000000291e+04
5.538033333333333576e+04
5.547419999999999709e+04
5.549980000000000291e+04
5.543580000000000291e+04
5.552966666666666424e+04
5.549873333333332994e+04
5.538033333333333576e+04
5.533766666666666424e+04
5.551366666666666424e+04
5.532700000000000000e+04
5.528540000000000146e+04
5.533553333333333285e+04
5.544753333333333285e+04
5.508486666666666861e+04
5.513926666666667006e+04
5.503473333333332994e+04
5.487366666666666424e+04
5.498886666666666861e+04
5.530886666666666861e+04
5.510513333333333139e+04
5.509873333333332994e+04
5.529819999999999709e+04
5.527153333333333285e+04
5.542726666666667006e+04
5.532593333333333430e+04
5.518513333333333139e+04
5.523419999999999709e+04
5.517873333333332994e+04
5.514993333333333430e+04
5.498780000000000291e+04
5.483206666666666570e+04
5.504966666666666424e+04
5.509553333333333285e+04
5.519473333333332994e+04
5.501873333333332994e+04
5.492059999999999854e+04
5.508593333333333430e+04
5.485980000000000291e+04
5.483313333333333139e+04
5.475100000000000000e+04
5.464433333333333576e+04
5.501553333333333285e+04
5.496006666666666570e+04
5.477446666666666715e+04
5.516593333333333430e+04
5.517340000000000146e+04
5.521926666666667006e+04
5.523953333333333285e+04
5.511259999999999854e+04
5.525873333333332994e+04
5.507100000000000000e+04
5.502406666666666570e+04
5.506140000000000146e+04
5.502619999999999709e+04
5.510726666666667006e+04
5.498246666666666715e+04
5.521180000000000291e+04
5.520859999999999854e+04
5.493766666666666424e+04
5.500486666666666861e+04
5.487580000000000291e+04
5.509980000000000291e+04
5.493446666666666715e+04
5.486513333333333139e+04
5.510726666666667006e+04
5.503686666666666861e+04
5.522353333333333285e+04
5.521713333333333139e+04
5.511793333333333430e+04
5.512219999999999709e+04
5.517019999999999709e+04
5.517553333333333285e+04
5.499100000000000000e+04
5.495153333333333285e+04
5.487473333333332994e+04
5.483846666666666715e+04
5.476486666666666861e+04
5.471793333333333430e+04
5.476059999999999854e+04
5.473500000000000000e+04
5.466246666666666715e+04
5.477659999999999854e+04
5.478619999999999709e+04
5.494513333333333139e+04
5.472113333333333139e+04
5.499740000000000146e+04
5.488113333333333139e+04
5.488753333333333285e+04
5.471259999999999854e+04
5.477340000000000146e+04
5.477340000000000146e+04
5.002673333333332994e+04
5.142513333333333139e+04
5.284806666666666570e+04
5.435846666666666715e+04
5.596380000000000291e+04
5.681926666666667006e+04
5.818780000000000291e+04
5.912540000000000146e+04
5.993180000000000291e+04
6.025500000000000000e+04
6.050246666666666715e+04
6.099206666666666570e+04
6.104326666666667006e+04
6.099206666666666570e+04
6.104859999999999854e+04
6.102619999999999709e+04
6.081286666666666861e+04
6.079046666666666715e+04
6.048326666666667006e+04
6.026993333333333430e+04
6.007366666666666424e+04
5.983793333333333430e+04
5.966619999999999709e+04
5.969393333333333430e+04
5.940273333333332994e+04
5.928433333333333576e+04
5.893766666666666424e+04
5.860913333333333139e+04
5.834033333333333576e+04
5.827313333333333139e+04
5.786886666666666861e+04
5.793500000000000000e+04
5.748273333333332994e+04
5.733019999999999709e+04
5.713180000000000291e+04
5.711259999999999854e+04
5.685980000000000291e+04
5.683206666666666570e+04
5.684806666666666570e+04
5.669873333333332994e+04
5.669019999999999709e+04
5.637873333333332994e+04
5.633180000000000291e+04
5.614300000000000000e+04
5.606513333333333139e+04
5.597659999999999854e+04
5.598086666666666861e+04
5.595740000000000146e+04
5.607473333333332994e+04
5.602566666666666424e+04
5.606833333333333576e+04
5.598726666666667006e+04
5.611206666666666570e+04
5.608540000000000146e+04
5.597340000000000146e+04
5.582940000000000146e+04
5.580913333333333139e+04
5.581766666666666424e+04
5.595740000000000146e+04
5.578140000000000146e+04
5.596059999999999854e+04
5.570780000000000291e+04
5.577606666666666570e+04
5.571953333333333285e+04
5.562353333333333285e+04
5.561073333333332994e+04
5.567793333333333430e+04
5.574193333333333430e+04
5.576326666666667006e+04
5.609073333333332994e+04
5.569286666666666861e+04
5.577286666666666861e+04
5.585180000000000291e+04
5.592966666666666424e+04
5.593606666666666570e+04
5.600859999999999854e+04
5.587953333333333285e+04
5.589659999999999854e+04
5.586780000000000291e+04
5.584753333333333285e+04
5.579100000000000000e+04
5.567793333333333430e+04
5.565980000000000291e+04
5.559259999999999854e+04
5.563100000000000000e+04
5.575259999999999854e+04
5.561180000000000291e+04
5.562886666666666861e+04
5.531633333333333576e+04
5.519259999999999854e+04
5.533766666666666424e+04
5.540273333333332994e+04
5.529073333333332994e+04
5.525659999999999854e+04
5.517126666666667006e+04
5.508486666666666861e+04
5.539526666666667006e+04
5.525446666666666715e+04
5.545286666666666861e+04
5.532166666666666424e+04
5.554140000000000146e+04
5.554566666666666424e+04
5.553286666666666861e+04
5.551686666666666861e+04
5.555846666666666715e+04
5.544859999999999854e+04
5.540806666666666570e+04
5.547953333333333285e+04
5.549766666666666424e+04
5.548700000000000000e+04
5.549659999999999854e+04
5.544540000000000146e+04
5.537180000000000291e+04
5.529073333333332994e+04
5.534940000000000146e+04
5.560326666666667006e+04
5.539419999999999709e+04
5.541766666666666424e+04
5.538993333333333430e+04
5.540593333333333430e+04
5.541019999999999709e+04
5.548166666666666424e+04
5.552006666666666570e+04
5.541126666666667006e+04
5.558406666666666570e+04
5.532806666666666570e+04
5.552326666666667006e+04
5.554033333333333576e+04
5.532166666666666424e+04
5.542086666666666861e+04
5.553713333333333139e+04
5.557233333333333576e+04
5.561286666666666861e+04
5.554140000000000146e+04
5.533019999999999709e+04
5.533340000000000146e+04
5.544326666666667006e+04
5.539419999999999709e+04
5.561286666666666861e+04
5.527153333333333285e+04
5.527366666666666424e+04
5.507419999999999709e+04
5.525019999999999709e+04
5.526193333333333430e+04
5.576006666666666570e+04
5.605126666666667006e+04
5.660059999999999854e+04
5.690033333333333576e+04
5.721500000000000000e+04
5.762353333333333285e+04
5.771526666666667006e+04
5.785819999999999709e+04
5.790193333333333430e+04
5.813019999999999709e+04
5.792859999999999854e+04
5.795846666666666715e+04
5.781126666666667006e+04
5.772486666666666861e+04
5.746459999999999854e+04
5.710406666666666570e+04
5.693980000000000291e+04
5.674246666666666715e+04
5.637126666666667006e+04
5.612380000000000291e+04
5.591793333333333430e+04
5.571419999999999709e+04
5.561606666666666570e+04
5.526940000000000146e+04
5.480966666666666424e+04
5.472326666666667006e+04
5.444380000000000291e+04
5.441286666666666861e+04
5.436806666666666570e+04
5.405873333333332994e+04
5.389980000000000291e+04
5.362033333333333576e+04
5.335046666666666715e+04
5.318086666666666861e+04
5.315526666666667006e+04
5.280433333333333576e+04
5.265286666666666861e+04
5.253659999999999854e+04
5.233073333333332994e+04
5.206300000000000000e+04
5.188806666666666570e+04
5.169819999999999709e+04
5.165233333333333576e+04
5.132059999999999854e+04
5.101659999999999854e+04
5.090993333333333430e+04
5.085553333333333285e+04
5.054726666666667006e+04
5.040540000000000146e+04
5.018993333333333430e+04
5.012380000000000291e+04
4.987206666666666570e+04
5.016753333333333285e+04
4.989233333333333576e+04
4.981340000000000146e+04
4.955846666666666715e+04
4.944753333333333285e+04
4.934300000000000000e+04
4.893873333333332994e+04
4.890993333333333430e+04
4.869873333333332994e+04
4.873500000000000000e+04
4.845340000000000146e+04
4.832859999999999854e+04
4.815686666666666861e+04
4.808646666666666715e+04
4.801073333333332994e+04
4.783259999999999854e+04
4.779953333333333285e+04
4.751793333333333430e+04
4.728433333333333576e+04
4.720326666666667006e+04
4.701340000000000146e+04
4.686833333333333576e+04
4.672646666666666715e+04
4.673713333333333139e+04
4.665073333333332994e+04
4.639046666666666715e+04
4.640433333333333576e+04
4.607366666666666424e+04
4.616219999999999709e+04
4.606513333333333139e+04
4.587526666666667006e+04
4.575473333333332994e+04
4.564806666666666570e+04
4.556913333333333139e+04
4.542833333333333576e+04
4.516700000000000000e+04
4.518726666666667006e+04
4.513180000000000291e+04
4.498140000000000146e+04
4.483206666666666570e+04
4.488966666666666424e+04
4.488966666666666424e+04
2.193926666666666642e+04
2.249713333333333503e+04
2.312753333333333285e+04
2.439579999999999927e+04
2.600433333333333212e+04
2.734406666666666570e+04
2.906459999999999854e+04
2.997340000000000146e+04
3.117979999999999927e+04
3.199473333333333358e+04
3.273926666666666642e+04
3.354673333333332994e+04
3.433713333333333139e+04
3.469873333333332994e+04
3.490459999999999854e+04
3.554673333333332994e+04
3.550940000000000146e+04
3.598833333333333576e+04
3.589340000000000146e+04
3.588059999999999854e+04
3.580806666666666570e+04
3.602459999999999854e+04
3.591046666666666715e+04
3.578246666666666715e+04
3.575473333333332994e+04
3.540059999999999854e+04
3.530140000000000146e+04
3.500700000000000000e+04
3.486086666666666861e+04
3.467526666666667006e+04
3.444273333333332994e+04
3.414833333333333576e+04
3.399259999999999854e+04
3.377606666666666570e+04
3.355846666666666715e+04
3.314566666666666424e+04
3.291313333333333139e+04
3.268593333333333430e+04
3.247259999999999854e+04
3.223046666666666715e+04
3.196379999999999927e+04
3.171420000000000073e+04
3.151579999999999927e+04
3.133446666666666715e+04
3.085340000000000146e+04
3.052166666666666788e+04
3.045233333333333212e+04
3.018459999999999854e+04
3.013020000000000073e+04
2.974620000000000073e+04
2.957126666666666642e+04
2.934406666666666570e+04
2.905500000000000000e+04
2.875526666666666642e+04
2.857820000000000073e+04
2.843313333333333503e+04
2.820273333333333358e+04
2.803206666666666570e+04
2.788166666666666788e+04
2.767686666666666497e+04
2.764059999999999854e+04
2.755420000000000073e+04
2.722566666666666788e+04
2.711153333333333285e+04
2.674033333333333212e+04
2.661446666666666715e+04
2.630406666666666570e+04
2.633713333333333503e+04
2.612700000000000000e+04
2.589340000000000146e+04
2.591686666666666497e+04
2.559366666666666788e+04
2.554459999999999854e+04
2.521393333333333430e+04
2.498779999999999927e+04
2.474566666666666788e+04
2.448326666666666642e+04
2.456113333333333503e+04
2.428700000000000000e+04
2.424646666666666715e+04
2.406406666666666570e+04
2.388379999999999927e+04
2.403633333333333212e+04
2.372700000000000000e+04
2.355100000000000000e+04
2.330140000000000146e+04
2.318833333333333212e+04
2.295153333333333285e+04
2.273179999999999927e+04
2.267100000000000000e+04
2.270620000000000073e+04
2.248113333333333503e+04
2.233286666666666497e+04
2.240753333333333285e+04
2.219420000000000073e+04
2.195100000000000000e+04
2.182193333333333430e+04
2.158406666666666570e+04
2.157873333333333358e+04
2.139633333333333212e+04
2.130993333333333430e+04
2.112433333333333212e+04
2.104646666666666715e+04
2.124059999999999854e+04
2.119579999999999927e+04
2.108806666666666570e+04
2.117553333333333285e+04
2.107740000000000146e+04
2.107313333333333503e+04
2.106246666666666715e+04
2.092486666666666497e+04
2.096113333333333503e+04
2.089179999999999927e+04
2.063153333333333285e+04
2.066140000000000146e+04
2.056540000000000146e+04
2.046193333333333430e+04
2.032433333333333212e+04
2.046513333333333503e+04
2.041073333333333358e+04
2.004593333333333430e+04
2.009179999999999927e+04
2.000326666666666642e+04
1.996700000000000000e+04
2.005979999999999927e+04
1.973446666666666715e+04
1.958833333333333212e+04
1.972806666666666570e+04
1.974193333333333430e+04
1.960326666666666642e+04
1.954673333333333358e+04
1.943686666666666497e+04
1.944966666666666788e+04
1.946673333333333358e+04
1.936113333333333503e+04
1.922459999999999854e+04
1.915526666666666642e+04
1.905713333333333503e+04
1.907846666666666715e+04
1.901659999999999854e+04
1.893553333333333285e+04
1.886726666666666642e+04
1.890459999999999854e+04
1.869979999999999927e+04
1.857286666666666497e+04
1.848540000000000146e+04
1.859633333333333212e+04
1.842246666666666715e+04
1.844806666666666570e+04
1.822193333333333430e+04
1.803100000000000000e+04
1.829553333333333285e+04
1.825393333333333430e+04
1.831793333333333430e+04
1.818140000000000146e+04
1.816326666666666642e+04
1.812273333333333358e+04
1.807473333333333358e+04
1.807046666666666715e+04
1.808006666666666570e+04
2.090724999999999909e+03
1.739799999999999955e+03
2.465133333333333212e+03
3.590466666666666697e+03
4.752066666666666606e+03
6.168600000000000364e+03
7.213933333333333394e+03
8.299799999999999272e+03
9.170200000000000728e+03
1.035633333333333394e+04
1.098886666666666679e+04
1.181020000000000073e+04
1.238193333333333248e+04
1.254620000000000073e+04
1.309553333333333285e+04
1.352753333333333285e+04
1.377606666666666752e+04
1.393820000000000073e+04
1.404273333333333358e+04
1.412060000000000036e+04
1.414939999999999964e+04
1.430193333333333248e+04
1.434139999999999964e+04
1.411633333333333394e+04
1.410139999999999964e+04
1.386779999999999927e+04
1.383473333333333358e+04
1.375260000000000036e+04
1.354779999999999927e+04
1.337286666666666679e+04
1.318726666666666642e+04
1.282033333333333394e+04
1.258033333333333394e+04
1.258033333333333394e+04
1.244700000000000000e+04
1.221553333333333285e+04
1.194246666666666715e+04
1.163420000000000073e+04
1.138566666666666606e+04
1.122566666666666606e+04
1.106246666666666715e+04
1.093126666666666642e+04
1.092806666666666752e+04
1.072326666666666642e+04
1.040326666666666642e+04
1.029020000000000073e+04
1.013979999999999927e+04
1.001820000000000073e+04
9.945666666666666060e+03
9.682200000000000728e+03
9.595799999999999272e+03
9.481666666666666060e+03
9.407000000000000000e+03
9.152066666666667516e+03
8.919533333333332848e+03
8.789399999999999636e+03
8.700866666666666788e+03
8.517399999999999636e+03
8.464066666666667516e+03
8.146199999999999818e+03
8.253933333333332484e+03
7.952066666666666606e+03
7.736600000000000364e+03
7.636333333333333030e+03
7.490199999999999818e+03
7.291800000000000182e+03
7.100866666666666788e+03
7.137133333333333212e+03
6.981399999999999636e+03
6.913133333333333212e+03
6.767000000000000000e+03
6.564333333333333030e+03
6.319000000000000000e+03
6.373399999999999636e+03
6.438466666666666242e+03
6.093933333333333394e+03
6.048066666666666606e+03
5.945666666666666970e+03
5.674733333333333576e+03
5.562733333333333576e+03
5.402733333333333576e+03
5.155266666666666424e+03
5.433666666666666970e+03
5.218199999999999818e+03
4.883266666666666424e+03
4.869399999999999636e+03
4.746733333333333576e+03
4.518466666666666242e+03
4.585666666666666970e+03
4.514199999999999818e+03
4.385133333333333212e+03
4.466199999999999818e+03
4.492866666666666788e+03
4.266733333333333576e+03
4.377666666666666970e+03
4.276333333333333030e+03
4.412866666666666788e+03
4.137666666666666970e+03
4.088599999999999909e+03
3.908333333333333485e+03
3.723800000000000182e+03
3.718466666666666697e+03
3.517933333333333394e+03
3.587266666666666879e+03
3.551000000000000000e+03
3.276866666666666788e+03
3.237400000000000091e+03
3.073133333333333212e+03
2.908866666666666788e+03
2.834199999999999818e+03
2.916333333333333485e+03
2.602733333333333121e+03
2.706199999999999818e+03
2.756333333333333485e+03
2.800066666666666606e+03
2.594199999999999818e+03
2.593133333333333212e+03
2.455533333333333303e+03
2.403266666666666879e+03
2.450199999999999818e+03
2.428866666666666788e+03
2.327533333333333303e+03
2.198466666666666697e+03
2.355266666666666879e+03
2.490729166666666515e+03
2.290199999999999818e+03
2.433129166666666606e+03
2.036333333333333258e+03
1.994733333333333348e+03
1.933933333333333394e+03
2.145129166666666606e+03
2.412854166666666515e+03
2.339254166666666606e+03
1.756862499999999955e+03
2.601650000000000091e+03
3.352570833333333212e+03
2.996308333333333394e+03
2.560050000000000182e+03
2.952579166666666879e+03
3.016579166666666879e+03
3.154179166666666788e+03
3.250179166666666788e+03
2.478987500000000182e+03
2.158991666666666788e+03
1.720599999999999909e+03
3.301370833333333394e+03
2.867250000000000000e+03
2.475791666666666515e+03
2.866179166666666788e+03
2.120591666666666697e+03
3.234175000000000182e+03
2.005391666666666652e+03
1.901929166666666561e+03
2.965379166666666606e+03
1.954195833333333439e+03
2.856579166666666879e+03
3.092308333333333394e+03
2.446987500000000182e+03
2.642183333333333394e+03
4.664550000000000182e+03
2.535516666666666879e+03
3.593633333333333212e+03
5.661866666666666788e+03
4.637883333333333212e+03
3.588300000000000182e+03
4.417087499999999636e+03
4.962145833333333030e+03
6.041595833333333758e+03
4.731750000000000000e+03
4.679483333333333576e+03
4.525883333333333212e+03
3.438966666666666697e+03
2.898175000000000182e+03
6.550383333333333212e+03
8.892745833333332484e+03
1.175029999999999927e+04
7.742895833333333030e+03
8.518350000000000364e+03
8.618612499999999272e+03
9.904991666666666788e+03
8.875674999999999272e+03
8.427683333333332484e+03
1.125643750000000000e+04
1.714114583333333212e+04
1.710061249999999927e+04
1.891391666666666788e+04
1.842005833333333430e+04
1.547503750000000036e+04
1.227935416666666606e+04
7.880495833333333394e+03
1.231135416666666606e+04
1.896618333333333430e+04
1.764247083333333285e+04
1.782913333333333503e+04
1.806166249999999854e+04
2.208613333333333503e+04
1.889684999999999854e+04
2.196773333333333358e+04
1.967870416666666642e+04
2.016829583333333358e+04
2.226639583333333212e+04
2.750364583333333212e+04
2.386850416666666570e+04
2.915055416666666497e+04
2.653086249999999927e+04
2.758044583333333503e+04
2.943854999999999927e+04
3.558565416666666715e+04
3.768588749999999709e+04
3.826721250000000146e+04
3.502139583333333576e+04
3.495419583333333139e+04
3.416807499999999709e+04
3.737229166666666424e+04
3.319635833333332994e+04
4.001651666666667006e+04
4.189488749999999709e+04
3.763042083333332994e+04
4.426711666666666861e+04
3.968052083333333576e+04
4.659454583333332994e+04
4.892517500000000291e+04
4.740519999999999709e+04
5.107980833333333430e+04
5.269684999999999854e+04
5.627119166666666570e+04
5.399176249999999709e+04
5.608346250000000146e+04
5.582640000000000146e+04
5.711491249999999854e+04
5.654745416666667006e+04
5.995113333333333139e+04
6.055485833333332994e+04
6.118844583333333139e+04
6.147217500000000291e+04
6.112657916666667006e+04
5.752130416666666861e+04
5.606746250000000146e+04
