6.300601234567900974e+04
6.315454320987654501e+04
6.272471604938271776e+04
6.249400000000000000e+04
6.224116049382716301e+04
6.181765432098765450e+04
6.149528395061728224e+04
6.140679012345679075e+04
6.124876543209876399e+04
6.110338271604938200e+04
6.094851851851851825e+04
6.107177777777778101e+04
6.039859259259259125e+04
6.025637037037037226e+04
6.011098765432099026e+04
5.972540740740740875e+04
5.945992592592592700e+04
5.909646913580247201e+04
5.886575308641975425e+04
5.882466666666666424e+04
5.864767901234568126e+04
5.838535802469135524e+04
5.850229629629629926e+04
5.798081481481481751e+04
5.790812345679012651e+04
5.783859259259259125e+04
5.772797530864197324e+04
5.756362962962962774e+04
5.749409876543209975e+04
5.703898765432099026e+04
5.670397530864197324e+04
5.632155555555555475e+04
5.632155555555555475e+04
5.319582716049382725e+04
5.420402469135802676e+04
5.530703703703703650e+04
5.632787654320987349e+04
5.755098765432099026e+04
5.884362962962962774e+04
5.924185185185185401e+04
5.993083950617283699e+04
6.098644444444444525e+04
6.161222222222221899e+04
6.247187654320987349e+04
6.314506172839506326e+04
6.357172839506172750e+04
6.340107407407407300e+04
6.349588888888889051e+04
6.295229629629629926e+04
5.352153086419752799e+04
4.562990123456790025e+04
5.125233333333333576e+04
4.648322222222221899e+04
4.419822222222221899e+04
3.308925925925926276e+04
3.855050617283950851e+04
2.359528395061728224e+04
3.544695061728395376e+04
4.333541975308641850e+04
4.334806172839506326e+04
4.253898765432099026e+04
5.594243209876543551e+04
5.597087654320987349e+04
5.825903703703703650e+04
6.285748148148148175e+04
6.271841975308641850e+04
6.335366666666666424e+04
6.396679012345679075e+04
6.351167901234568126e+04
6.322407407407407300e+04
6.320827160493827250e+04
6.303444444444444525e+04
6.267098765432099026e+04
6.247187654320987349e+04
6.220323456790123601e+04
6.226644444444444525e+04
6.193459259259259125e+04
6.170071604938271776e+04
6.127404938271604624e+04
6.126140740740740875e+04
6.105281481481481751e+04
6.089162962962962774e+04
6.063246913580247201e+04
6.050920987654320925e+04
6.020264197530864476e+04
5.986762962962962774e+04
6.002249382716049149e+04
6.011730864197530900e+04
5.961162962962962774e+04
5.952629629629629926e+04
5.916600000000000000e+04
5.874249382716049149e+04
5.842960493827160826e+04
5.843276543209876399e+04
5.799345679012345499e+04
5.780382716049382725e+04
5.769320987654320925e+04
5.793656790123456449e+04
5.744353086419752799e+04
5.709587654320987349e+04
5.705479012345679075e+04
5.655859259259259125e+04
5.630891358024690999e+04
5.613824691358024575e+04
5.616353086419752799e+04
5.609083950617283699e+04
5.626782716049382725e+04
5.636580246913580049e+04
5.621725925925926276e+04
5.630259259259259125e+04
5.604659259259259125e+04
5.609083950617283699e+04
5.603079012345679075e+04
5.600234567901234550e+04
5.605291358024690999e+04
5.604659259259259125e+04
5.580955555555555475e+04
5.605291358024690999e+04
5.546190123456790025e+04
5.515217283950617275e+04
5.524698765432099026e+04
5.508580246913580049e+04
5.466229629629629926e+04
5.510160493827160826e+04
5.452323456790123601e+04
5.425143209876543551e+04
5.434624691358024575e+04
5.423246913580247201e+04
5.405548148148148175e+04
5.413133333333333576e+04
5.412501234567900974e+04
5.394486419753086375e+04
5.363513580246913625e+04
5.354980246913580049e+04
5.346446913580247201e+04
5.313261728395061800e+04
5.287345679012345499e+04
5.291138271604938200e+04
5.287345679012345499e+04
5.292718518518518249e+04
5.244995061728395376e+04
5.238358024691358150e+04
5.253212345679012651e+04
5.233301234567900974e+04
5.212758024691358150e+04
5.207385185185185401e+04
5.192846913580247201e+04
5.230772839506172750e+04
5.233617283950617275e+04
5.197903703703703650e+04
5.191582716049382725e+04
5.160925925925926276e+04
5.156817283950617275e+04
5.161874074074073724e+04
5.190318518518518249e+04
5.183049382716049149e+04
5.178624691358024575e+04
5.178940740740740875e+04
5.163138271604938200e+04
5.157133333333333576e+04
5.159977777777778101e+04
5.157449382716049149e+04
5.159345679012345499e+04
5.133429629629629926e+04
5.130585185185185401e+04
5.100560493827160826e+04
5.113202469135802676e+04
5.149548148148148175e+04
5.134693827160493674e+04
5.091079012345679075e+04
5.113518518518518249e+04
5.132481481481481751e+04
5.098664197530864476e+04
5.112886419753086375e+04
5.104037037037037226e+04
5.090446913580247201e+04
5.092659259259259125e+04
5.075592592592592700e+04
5.086338271604938200e+04
5.108461728395061800e+04
5.082229629629629926e+04
5.104985185185185401e+04
5.065162962962962774e+04
5.084125925925926276e+04
5.064846913580247201e+04
5.046832098765431874e+04
5.049676543209876399e+04
5.036402469135802676e+04
5.029449382716049149e+04
5.038614814814814599e+04
5.047148148148148175e+04
5.051256790123456449e+04
5.055049382716049149e+04
5.053785185185185401e+04
5.039246913580247201e+04
5.033874074074073724e+04
4.984886419753086375e+04
4.988679012345679075e+04
4.985202469135802676e+04
4.976037037037037226e+04
4.960550617283950851e+04
4.971928395061728224e+04
4.956125925925926276e+04
4.948224691358024575e+04
4.962762962962962774e+04
4.935582716049382725e+04
4.930525925925926276e+04
4.938111111111110949e+04
4.930841975308641850e+04
4.951385185185185401e+04
4.933054320987654501e+04
4.934634567901234550e+04
4.923888888888889051e+04
4.904925925925926276e+04
4.900817283950617275e+04
4.909982716049382725e+04
4.897972839506172750e+04
4.921992592592592700e+04
4.903661728395061800e+04
4.893548148148148175e+04
4.887859259259259125e+04
4.868580246913580049e+04
4.878061728395061800e+04
4.875217283950617275e+04
4.866051851851851825e+04
4.852145679012345499e+04
4.841083950617283699e+04
4.870160493827160826e+04
4.878377777777778101e+04
4.865419753086419951e+04
4.866367901234568126e+04
4.877429629629629926e+04
4.871424691358024575e+04
4.887543209876543551e+04
4.862575308641975425e+04
4.858466666666666424e+04
4.843928395061728224e+04
4.846140740740740875e+04
4.862575308641975425e+04
4.849617283950617275e+04
4.820224691358024575e+04
4.823701234567900974e+04
4.804738271604938200e+04
4.815800000000000000e+04
4.823385185185185401e+04
4.821804938271604624e+04
4.843296296296296350e+04
4.809795061728395376e+04
4.802841975308641850e+04
4.816116049382716301e+04
4.796204938271604624e+04
4.818012345679012651e+04
4.800313580246913625e+04
4.805370370370370074e+04
4.818328395061728224e+04
4.815483950617283699e+04
4.820224691358024575e+04
4.800629629629629926e+04
4.800945679012345499e+04
4.802525925925926276e+04
4.799681481481481751e+04
4.790516049382716301e+04
4.798101234567900974e+04
4.744688888888889051e+04
4.744056790123456449e+04
4.740580246913580049e+04
4.751641975308641850e+04
4.743424691358024575e+04
4.759543209876543551e+04
4.725409876543209975e+04
4.697281481481481751e+04
4.682111111111110949e+04
4.698229629629629926e+04
4.696965432098765450e+04
4.673893827160493674e+04
4.670733333333333576e+04
4.700441975308641850e+04
4.710555555555555475e+04
4.687483950617283699e+04
4.702338271604938200e+04
4.691276543209876399e+04
4.695701234567900974e+04
4.722249382716049149e+04
4.700758024691358150e+04
4.702022222222221899e+04
4.705814814814814599e+04
4.708027160493827250e+04
4.668204938271604624e+04
4.667888888888889051e+04
4.669153086419752799e+04
4.673893827160493674e+04
4.662832098765431874e+04
4.644185185185185401e+04
4.667256790123456449e+04
4.652402469135802676e+04
4.650822222222221899e+04
4.641024691358024575e+04
4.633755555555555475e+04
4.623641975308641850e+04
4.626802469135802676e+04
4.610367901234568126e+04
4.664412345679012651e+04
4.659355555555555475e+04
4.681795061728395376e+04
4.686219753086419951e+04
4.671997530864197324e+04
4.667888888888889051e+04
4.678950617283950851e+04
4.678950617283950851e+04
4.680846913580247201e+04
4.659671604938271776e+04
4.648925925925926276e+04
4.640708641975309001e+04
4.661251851851851825e+04
4.648293827160493674e+04
4.662516049382716301e+04
4.656195061728395376e+04
4.670417283950617275e+04
4.653350617283950851e+04
4.669153086419752799e+04
4.648925925925926276e+04
4.665044444444444525e+04
4.665360493827160826e+04
4.675158024691358150e+04
4.670417283950617275e+04
4.681479012345679075e+04
4.678950617283950851e+04
4.688748148148148175e+04
4.651138271604938200e+04
4.640392592592592700e+04
4.666308641975309001e+04
4.666308641975309001e+04
4.671997530864197324e+04
4.646397530864197324e+04
4.654614814814814599e+04
4.630279012345679075e+04
4.643869135802469100e+04
4.635967901234568126e+04
4.611632098765431874e+04
4.620481481481481751e+04
4.612896296296296350e+04
4.615108641975309001e+04
4.620165432098765450e+04
4.614476543209876399e+04
4.615424691358024575e+04
4.626170370370370074e+04
4.642288888888889051e+04
4.643237037037037226e+04
4.605627160493827250e+04
4.604362962962962774e+04
4.621113580246913625e+04
4.617637037037037226e+04
4.600254320987654501e+04
4.610051851851851825e+04
4.616372839506172750e+04
4.613844444444444525e+04
4.618585185185185401e+04
4.621429629629629926e+04
4.616056790123456449e+04
4.614160493827160826e+04
4.611632098765431874e+04
4.586032098765431874e+04
4.608155555555555475e+04
4.575918518518518249e+04
4.591088888888889051e+04
4.584451851851851825e+04
4.576866666666666424e+04
4.551266666666666424e+04
4.555375308641975425e+04
4.569913580246913625e+04
4.583819753086419951e+04
4.573390123456790025e+04
4.560748148148148175e+04
4.543997530864197324e+04
4.526614814814814599e+04
4.548738271604938200e+04
4.543681481481481751e+04
4.549370370370370074e+04
4.539888888888889051e+04
4.530723456790123601e+04
4.518397530864197324e+04
4.537676543209876399e+04
4.535780246913580049e+04
4.515869135802469100e+04
4.527562962962962774e+04
4.517133333333333576e+04
4.544313580246913625e+04
4.519029629629629926e+04
4.510812345679012651e+04
4.508283950617283699e+04
4.508283950617283699e+04
4.492797530864197324e+04
4.477627160493827250e+04
4.487740740740740875e+04
4.483000000000000000e+04
4.461508641975309001e+04
4.465617283950617275e+04
4.447602469135802676e+04
4.457400000000000000e+04
4.470041975308641850e+04
4.511128395061728224e+04
4.512708641975309001e+04
4.512708641975309001e+04
4.539572839506172750e+04
4.526614814814814599e+04
4.530091358024690999e+04
4.512708641975309001e+04
4.516185185185185401e+04
4.496590123456790025e+04
4.493745679012345499e+04
4.503543209876543551e+04
4.503227160493827250e+04
4.516185185185185401e+04
4.514920987654320925e+04
4.534832098765431874e+04
4.538624691358024575e+04
4.530723456790123601e+04
4.511444444444444525e+04
4.525350617283950851e+04
4.516501234567900974e+04
4.484896296296296350e+04
4.496906172839506326e+04
4.471938271604938200e+04
4.475730864197530900e+04
4.476362962962962774e+04
3.164125925925925912e+04
3.280748148148148175e+04
3.410328395061728224e+04
3.524422222222221899e+04
3.645785185185185401e+04
3.732382716049382725e+04
3.886298765432099026e+04
3.953933333333333576e+04
4.073083950617283699e+04
4.153676543209876399e+04
4.254180246913580049e+04
4.305380246913580049e+04
4.401143209876543551e+04
4.441597530864197324e+04
4.504175308641975425e+04
4.542101234567900974e+04
4.565172839506172750e+04
4.576234567901234550e+04
4.604046913580247201e+04
4.621745679012345499e+04
4.602150617283950851e+04
4.655246913580247201e+04
4.639128395061728224e+04
4.678318518518518249e+04
4.706130864197530900e+04
4.710871604938271776e+04
4.702970370370370074e+04
4.709923456790123601e+04
4.670101234567900974e+04
4.659671604938271776e+04
4.667256790123456449e+04
4.658407407407407300e+04
4.655562962962962774e+04
4.608471604938271776e+04
4.617004938271604624e+04
4.599938271604938200e+04
4.593617283950617275e+04
4.548422222222221899e+04
4.580659259259259125e+04
4.560432098765431874e+04
4.525982716049382725e+04
4.498486419753086375e+04
4.479839506172839174e+04
4.442861728395061800e+04
4.466565432098765450e+04
4.426427160493827250e+04
4.409044444444444525e+04
4.396402469135802676e+04
4.381548148148148175e+04
4.368274074074073724e+04
4.375859259259259125e+04
4.354051851851851825e+04
4.348362962962962774e+04
4.318022222222221899e+04
4.315493827160493674e+04
4.289261728395061800e+04
4.300955555555555475e+04
4.266822222222221899e+04
4.236797530864197324e+04
4.223523456790123601e+04
4.216254320987654501e+04
4.224787654320987349e+04
4.222259259259259125e+04
4.204876543209876399e+04
4.189706172839506326e+04
4.181804938271604624e+04
4.142930864197530900e+04
4.132501234567900974e+04
4.132501234567900974e+04
4.137874074074073724e+04
4.115434567901234550e+04
4.080353086419752799e+04
4.118279012345679075e+04
4.147355555555555475e+04
4.129024691358024575e+04
4.122703703703703650e+04
4.091098765432099026e+04
4.116698765432099026e+04
4.111958024691358150e+04
4.108797530864197324e+04
4.113222222222221899e+04
4.087938271604938200e+04
4.091098765432099026e+04
4.090150617283950851e+04
4.089202469135802676e+04
4.078456790123456449e+04
4.041795061728395376e+04
4.042743209876543551e+04
4.029785185185185401e+04
3.993755555555555475e+04
3.972896296296296350e+04
3.979849382716049149e+04
3.958358024691358150e+04
3.945716049382716301e+04
3.902101234567900974e+04
3.872392592592592700e+04
3.882190123456790025e+04
3.845528395061728224e+04
3.866071604938271776e+04
3.869232098765431874e+04
3.827513580246913625e+04
3.850269135802469100e+04
3.832570370370370074e+04
3.849953086419752799e+04
3.838259259259259125e+04
3.825933333333333576e+04
3.814871604938271776e+04
3.803493827160493674e+04
3.780738271604938200e+04
3.778841975308641850e+04
3.764935802469135524e+04
3.758930864197530900e+04
3.764935802469135524e+04
3.741864197530864476e+04
3.742180246913580049e+04
3.740916049382716301e+04
3.720688888888889051e+04
3.706782716049382725e+04
3.699829629629629926e+04
3.702674074074073724e+04
3.721320987654320925e+04
3.699197530864197324e+04
3.723849382716049149e+04
3.701409876543209975e+04
3.738703703703703650e+04
3.726061728395061800e+04
3.702041975308641850e+04
3.674861728395061800e+04
3.702041975308641850e+04
3.699197530864197324e+04
3.715000000000000000e+04
3.718792592592592700e+04
3.714683950617283699e+04
3.672649382716049149e+04
3.684975308641975425e+04
3.684343209876543551e+04
3.704254320987654501e+04
3.687187654320987349e+04
3.685607407407407300e+04
3.659691358024690999e+04
3.663483950617283699e+04
3.672333333333333576e+04
3.635671604938271776e+04
3.629666666666666424e+04
3.637567901234568126e+04
3.644204938271604624e+04
3.658111111111110949e+04
3.661587654320987349e+04
3.664432098765431874e+04
3.658427160493827250e+04
3.649261728395061800e+04
3.664748148148148175e+04
3.661271604938271776e+04
3.661903703703703650e+04
3.681182716049382725e+04
3.680234567901234550e+04
3.669488888888889051e+04
3.663800000000000000e+04
3.662851851851851825e+04
3.650841975308641850e+04
3.665696296296296350e+04
3.654318518518518249e+04
3.656846913580247201e+04
3.660639506172839174e+04
3.636935802469135524e+04
3.631246913580247201e+04
3.653054320987654501e+04
3.639464197530864476e+04
3.635039506172839174e+04
3.636303703703703650e+04
3.641676543209876399e+04
3.643572839506172750e+04
3.653370370370370074e+04
3.668224691358024575e+04
3.688767901234568126e+04
3.666644444444444525e+04
3.659375308641975425e+04
3.671385185185185401e+04
3.629982716049382725e+04
3.648313580246913625e+04
3.654318518518518249e+04
3.647997530864197324e+04
3.665696296296296350e+04
3.646417283950617275e+04
3.636935802469135524e+04
3.635039506172839174e+04
3.634407407407407300e+04
3.627138271604938200e+04
3.668540740740740875e+04
3.636619753086419951e+04
3.642308641975309001e+04
3.627770370370370074e+04
3.620817283950617275e+04
3.635671604938271776e+04
3.650209876543209975e+04
3.651474074074073724e+04
3.632827160493827250e+04
3.632195061728395376e+04
3.652422222222221899e+04
3.640096296296296350e+04
3.660323456790123601e+04
3.655266666666666424e+04
3.639464197530864476e+04
3.620501234567900974e+04
3.635355555555555475e+04
3.637567901234568126e+04
3.640728395061728224e+04
3.640728395061728224e+04
3.629350617283950851e+04
3.620817283950617275e+04
3.620185185185185401e+04
3.627454320987654501e+04
3.600274074074073724e+04
3.602170370370370074e+04
3.590792592592592700e+04
3.594901234567900974e+04
3.602486419753086375e+04
3.606595061728395376e+04
3.603750617283950851e+04
3.618604938271604624e+04
3.610703703703703650e+04
3.642624691358024575e+04
3.677074074074073724e+04
3.648313580246913625e+04
3.676758024691358150e+04
3.672649382716049149e+04
3.645785185185185401e+04
3.633459259259259125e+04
3.623345679012345499e+04
3.626822222222221899e+04
3.654950617283950851e+04
3.631562962962962774e+04
3.634723456790123601e+04
3.652422222222221899e+04
3.655898765432099026e+04
3.629350617283950851e+04
3.621449382716049149e+04
3.638832098765431874e+04
3.661271604938271776e+04
3.670437037037037226e+04
3.642624691358024575e+04
3.624293827160493674e+04
3.616708641975309001e+04
3.626190123456790025e+04
3.625558024691358150e+04
3.632195061728395376e+04
3.640728395061728224e+04
3.636303703703703650e+04
3.622713580246913625e+04
3.612916049382716301e+04
3.596481481481481751e+04
3.601854320987654501e+04
3.617340740740740875e+04
3.595849382716049149e+04
3.580362962962962774e+04
3.606279012345679075e+04
3.594585185185185401e+04
3.579098765432099026e+04
3.574041975308641850e+04
3.572461728395061800e+04
3.492817283950617275e+04
3.575938271604938200e+04
3.570249382716049149e+04
3.568353086419752799e+04
3.572777777777778101e+04
3.548758024691358150e+04
3.540224691358024575e+04
3.557923456790123601e+04
3.601538271604938200e+04
3.611967901234568126e+04
3.651474074074073724e+04
3.671701234567900974e+04
3.676758024691358150e+04
3.682446913580247201e+04
3.702041975308641850e+04
3.689400000000000000e+04
3.692244444444444525e+04
3.691928395061728224e+04
3.672333333333333576e+04
3.681814814814814599e+04
3.716264197530864476e+04
3.714051851851851825e+04
3.701093827160493674e+04
3.717212345679012651e+04
3.714367901234568126e+04
3.701409876543209975e+04
3.723217283950617275e+04
3.714051851851851825e+04
3.715632098765431874e+04
3.732066666666666424e+04
3.723533333333333576e+04
3.720688888888889051e+04
3.736807407407407300e+04
3.738071604938271776e+04
3.754190123456790025e+04
3.739019753086419951e+04
3.736175308641975425e+04
3.754506172839506326e+04
3.745340740740740875e+04
3.733330864197530900e+04
3.726061728395061800e+04
3.738387654320987349e+04
3.740916049382716301e+04
3.746920987654320925e+04
3.780738271604938200e+04
3.750397530864197324e+04
3.760511111111110949e+04
3.755454320987654501e+04
3.754822222222221899e+04
3.750713580246913625e+04
3.750713580246913625e+04
3.739335802469135524e+04
3.745972839506172750e+04
3.750713580246913625e+04
3.757350617283950851e+04
3.716580246913580049e+04
3.702358024691358150e+04
3.728906172839506326e+04
3.732698765432099026e+04
3.709943209876543551e+04
3.732698765432099026e+04
3.728590123456790025e+04
3.733646913580247201e+04
3.731434567901234550e+04
3.740916049382716301e+04
3.755454320987654501e+04
3.745024691358024575e+04
3.735227160493827250e+04
3.727009876543209975e+04
3.745024691358024575e+04
3.745656790123456449e+04
3.752925925925926276e+04
3.740916049382716301e+04
3.732382716049382725e+04
3.745024691358024575e+04
3.719740740740740875e+04
3.726061728395061800e+04
3.730486419753086375e+04
3.733962962962962774e+04
3.731118518518518249e+04
3.719740740740740875e+04
3.730486419753086375e+04
3.739651851851851825e+04
3.732382716049382725e+04
3.744392592592592700e+04
3.708046913580247201e+04
3.727325925925926276e+04
3.748501234567900974e+04
3.716580246913580049e+04
3.717844444444444525e+04
3.724481481481481751e+04
3.741548148148148175e+04
3.729854320987654501e+04
3.730170370370370074e+04
3.716896296296296350e+04
3.711839506172839174e+04
3.724797530864197324e+04
3.717212345679012651e+04
3.717528395061728224e+04
3.700461728395061800e+04
3.689400000000000000e+04
3.672017283950617275e+04
3.678338271604938200e+04
3.671701234567900974e+04
3.675809876543209975e+04
3.667276543209876399e+04
3.702358024691358150e+04
3.692876543209876399e+04
3.692244444444444525e+04
3.685923456790123601e+04
3.702990123456790025e+04
3.690980246913580049e+04
3.687503703703703650e+04
3.704254320987654501e+04
3.698881481481481751e+04
3.707414814814814599e+04
3.700777777777778101e+04
3.698565432098765450e+04
3.690664197530864476e+04
3.707730864197530900e+04
3.707098765432099026e+04
3.705834567901234550e+04
3.691296296296296350e+04
3.702990123456790025e+04
3.695720987654320925e+04
3.689083950617283699e+04
3.674861728395061800e+04
3.694140740740740875e+04
3.678654320987654501e+04
3.670120987654320925e+04
3.684343209876543551e+04
3.682130864197530900e+04
3.682130864197530900e+04
2.986506172839506326e+04
3.081637037037036862e+04
3.199839506172839538e+04
3.310140740740740875e+04
3.416965432098765450e+04
3.531691358024690999e+04
3.617656790123456449e+04
3.747869135802469100e+04
3.808550617283950851e+04
3.915691358024690999e+04
3.983009876543209975e+04
4.074980246913580049e+04
4.111009876543209975e+04
4.209301234567900974e+04
4.263661728395061800e+04
4.283256790123456449e+04
4.317390123456790025e+04
4.345202469135802676e+04
4.333824691358024575e+04
4.348046913580247201e+04
4.358476543209876399e+04
4.372066666666666424e+04
4.374595061728395376e+04
4.398298765432099026e+04
4.397034567901234550e+04
4.413785185185185401e+04
4.387237037037037226e+04
4.390081481481481751e+04
4.394506172839506326e+04
4.388501234567900974e+04
4.410940740740740875e+04
4.389765432098765450e+04
4.359108641975309001e+04
4.344254320987654501e+04
4.331928395061728224e+04
4.324659259259259125e+04
4.294950617283950851e+04
4.286417283950617275e+04
4.298743209876543551e+04
4.283256790123456449e+04
4.256392592592592700e+04
4.219098765432099026e+04
4.199187654320987349e+04
4.192234567901234550e+04
4.176432098765431874e+04
4.138506172839506326e+04
4.153360493827160826e+04
4.130920987654320925e+04
4.143562962962962774e+04
4.112906172839506326e+04
4.123335802469135524e+04
4.114486419753086375e+04
4.093943209876543551e+04
4.056017283950617275e+04
4.055701234567900974e+04
4.026940740740740875e+04
4.029153086419752799e+04
4.016827160493827250e+04
4.004185185185185401e+04
3.997548148148148175e+04
3.973212345679012651e+04
3.978585185185185401e+04
3.976688888888889051e+04
3.954565432098765450e+04
3.945083950617283699e+04
3.945400000000000000e+04
3.919483950617283699e+04
3.942239506172839174e+04
3.904313580246913625e+04
3.879029629629629926e+04
3.892303703703703650e+04
3.893567901234568126e+04
3.881558024691358150e+04
3.910002469135802676e+04
3.908422222222221899e+04
3.903365432098765450e+04
3.892935802469135524e+04
3.910002469135802676e+04
3.912846913580247201e+04
3.893883950617283699e+04
3.895148148148148175e+04
3.877765432098765450e+04
3.877765432098765450e+04
3.892619753086419951e+04
3.876817283950617275e+04
3.892303703703703650e+04
3.876185185185185401e+04
3.889775308641975425e+04
3.876817283950617275e+04
3.874604938271604624e+04
3.865755555555555475e+04
3.852481481481481751e+04
3.882822222222221899e+04
3.845212345679012651e+04
3.823720987654320925e+04
3.831938271604938200e+04
3.839523456790123601e+04
3.833834567901234550e+04
3.810762962962962774e+04
3.819612345679012651e+04
3.802229629629629926e+04
3.799069135802469100e+04
3.800649382716049149e+04
3.796540740740740875e+04
3.776313580246913625e+04
3.762407407407407300e+04
3.740283950617283699e+04
3.750397530864197324e+04
3.753558024691358150e+04
3.753241975308641850e+04
3.769360493827160826e+04
3.755454320987654501e+04
3.749133333333333576e+04
3.735859259259259125e+04
3.759246913580247201e+04
3.727641975308641850e+04
3.714683950617283699e+04
3.727958024691358150e+04
3.704886419753086375e+04
3.694772839506172750e+04
3.717844444444444525e+04
3.752609876543209975e+04
3.753558024691358150e+04
3.752925925925926276e+04
3.739967901234568126e+04
3.772520987654320925e+04
3.775365432098765450e+04
3.767464197530864476e+04
3.761459259259259125e+04
3.727641975308641850e+04
3.751029629629629926e+04
3.731750617283950851e+04
3.728274074074073724e+04
3.746604938271604624e+04
3.723849382716049149e+04
3.703306172839506326e+04
3.704254320987654501e+04
3.718792592592592700e+04
3.740916049382716301e+04
3.732382716049382725e+04
3.740600000000000000e+04
3.713419753086419951e+04
3.700777777777778101e+04
3.713735802469135524e+04
3.720688888888889051e+04
3.712471604938271776e+04
3.727958024691358150e+04
3.718476543209876399e+04
3.701093827160493674e+04
3.689400000000000000e+04
3.691296296296296350e+04
3.699197530864197324e+04
3.703938271604938200e+04
3.690032098765431874e+04
3.677074074074073724e+04
3.699829629629629926e+04
3.696669135802469100e+04
3.698881481481481751e+04
3.697617283950617275e+04
3.712155555555555475e+04
3.715316049382716301e+04
3.694140740740740875e+04
3.686871604938271776e+04
3.700777777777778101e+04
3.680866666666666424e+04
3.682130864197530900e+04
3.705834567901234550e+04
3.695404938271604624e+04
3.715316049382716301e+04
3.710891358024690999e+04
3.694456790123456449e+04
3.699829629629629926e+04
3.731434567901234550e+04
3.717528395061728224e+04
3.713103703703703650e+04
3.717212345679012651e+04
3.704570370370370074e+04
3.718476543209876399e+04
3.710259259259259125e+04
3.725745679012345499e+04
3.734595061728395376e+04
3.731750617283950851e+04
3.737439506172839174e+04
3.745340740740740875e+04
3.693192592592592700e+04
3.689083950617283699e+04
3.677390123456790025e+04
3.693824691358024575e+04
3.684975308641975425e+04
3.678022222222221899e+04
3.688135802469135524e+04
3.666644444444444525e+04
3.638200000000000000e+04
3.689400000000000000e+04
3.684027160493827250e+04
3.693824691358024575e+04
3.690032098765431874e+04
3.685291358024690999e+04
3.674229629629629926e+04
3.694140740740740875e+04
3.696353086419752799e+04
3.697933333333333576e+04
3.701093827160493674e+04
3.692244444444444525e+04
3.689083950617283699e+04
3.715632098765431874e+04
3.702041975308641850e+04
3.686239506172839174e+04
3.701093827160493674e+04
3.722269135802469100e+04
3.693192592592592700e+04
3.679286419753086375e+04
3.695404938271604624e+04
3.687503703703703650e+04
3.685291358024690999e+04
3.685607407407407300e+04
3.709311111111110949e+04
3.701093827160493674e+04
3.678022222222221899e+04
3.688135802469135524e+04
3.701725925925926276e+04
3.697301234567900974e+04
3.695088888888889051e+04
3.697617283950617275e+04
3.703622222222221899e+04
3.691928395061728224e+04
3.681182716049382725e+04
3.705518518518518249e+04
3.701093827160493674e+04
3.708679012345679075e+04
3.699513580246913625e+04
3.663800000000000000e+04
3.662219753086419951e+04
3.653054320987654501e+04
3.663167901234568126e+04
3.696037037037037226e+04
3.671385185185185401e+04
3.696985185185185401e+04
3.697617283950617275e+04
3.698881481481481751e+04
3.675809876543209975e+04
3.657795061728395376e+04
3.677074074074073724e+04
3.686871604938271776e+04
3.665064197530864476e+04
3.650841975308641850e+04
3.682762962962962774e+04
3.675809876543209975e+04
3.679602469135802676e+04
3.653370370370370074e+04
3.632827160493827250e+04
3.664748148148148175e+04
3.660639506172839174e+04
3.615444444444444525e+04
3.642308641975309001e+04
3.632195061728395376e+04
3.621133333333333576e+04
3.631562962962962774e+04
3.620185185185185401e+04
3.612916049382716301e+04
3.603434567901234550e+04
3.641992592592592700e+04
3.657162962962962774e+04
3.629350617283950851e+04
3.628402469135802676e+04
3.605646913580247201e+04
3.633143209876543551e+04
3.658427160493827250e+04
3.669804938271604624e+04
3.681498765432099026e+04
3.679286419753086375e+04
3.661271604938271776e+04
3.678970370370370074e+04
3.668856790123456449e+04
3.707730864197530900e+04
3.700145679012345499e+04
3.694456790123456449e+04
3.679602469135802676e+04
3.697301234567900974e+04
3.708679012345679075e+04
3.718160493827160826e+04
3.717844444444444525e+04
3.718160493827160826e+04
3.723533333333333576e+04
3.712471604938271776e+04
3.713419753086419951e+04
3.727641975308641850e+04
3.712471604938271776e+04
3.721637037037037226e+04
3.714367901234568126e+04
3.713419753086419951e+04
3.693508641975309001e+04
3.708995061728395376e+04
3.700777777777778101e+04
3.722269135802469100e+04
3.716264197530864476e+04
3.698881481481481751e+04
3.714683950617283699e+04
3.692560493827160826e+04
3.690348148148148175e+04
3.678022222222221899e+04
3.678338271604938200e+04
3.686555555555555475e+04
3.650525925925926276e+04
3.688451851851851825e+04
3.673281481481481751e+04
3.682762962962962774e+04
3.651474074074073724e+04
3.675493827160493674e+04
3.660639506172839174e+04
3.675177777777778101e+04
3.682130864197530900e+04
3.642308641975309001e+04
3.660639506172839174e+04
3.645153086419752799e+04
3.636619753086419951e+04
3.647049382716049149e+04
3.667592592592592700e+04
3.700777777777778101e+04
3.674861728395061800e+04
3.665380246913580049e+04
3.672965432098765450e+04
3.683079012345679075e+04
3.689400000000000000e+04
3.691296296296296350e+04
3.690032098765431874e+04
3.694772839506172750e+04
3.704886419753086375e+04
3.704570370370370074e+04
3.702358024691358150e+04
3.707730864197530900e+04
3.685923456790123601e+04
3.706150617283950851e+04
3.674861728395061800e+04
3.706466666666666424e+04
3.689716049382716301e+04
3.703622222222221899e+04
3.667908641975309001e+04
3.667592592592592700e+04
3.675177777777778101e+04
3.685923456790123601e+04
3.693824691358024575e+04
3.691612345679012651e+04
3.678654320987654501e+04
3.702358024691358150e+04
3.683395061728395376e+04
3.688135802469135524e+04
3.717528395061728224e+04
3.696669135802469100e+04
3.732066666666666424e+04
3.720056790123456449e+04
3.721320987654320925e+04
3.737123456790123601e+04
3.728906172839506326e+04
3.751029629629629926e+04
3.735543209876543551e+04
3.752925925925926276e+04
3.731434567901234550e+04
3.714683950617283699e+04
3.704886419753086375e+04
3.736491358024690999e+04
3.723533333333333576e+04
3.681182716049382725e+04
3.679918518518518249e+04
3.703306172839506326e+04
3.716580246913580049e+04
3.719108641975309001e+04
3.727958024691358150e+04
3.739651851851851825e+04
3.726377777777778101e+04
3.724797530864197324e+04
3.715948148148148175e+04
3.720056790123456449e+04
3.722585185185185401e+04
3.727325925925926276e+04
3.740283950617283699e+04
3.723533333333333576e+04
3.757982716049382725e+04
3.735227160493827250e+04
3.736175308641975425e+04
3.729538271604938200e+04
3.742180246913580049e+04
3.749765432098765450e+04
3.755454320987654501e+04
3.752925925925926276e+04
3.750713580246913625e+04
3.774101234567900974e+04
3.749449382716049149e+04
3.721953086419752799e+04
3.700777777777778101e+04
3.715316049382716301e+04
3.728590123456790025e+04
3.728590123456790025e+04
3.111661728395061800e+04
3.213113580246913625e+04
3.291177777777778101e+04
3.434348148148148175e+04
3.559187654320987349e+04
3.633459259259259125e+04
3.736491358024690999e+04
3.824669135802469100e+04
3.907790123456790025e+04
3.994387654320987349e+04
4.076876543209876399e+04
4.116698765432099026e+04
4.197923456790123601e+04
4.251967901234568126e+04
4.290841975308641850e+04
4.316441975308641850e+04
4.352471604938271776e+04
4.369538271604938200e+04
4.376491358024690999e+04
4.389449382716049149e+04
4.418841975308641850e+04
4.457400000000000000e+04
4.455187654320987349e+04
4.477943209876543551e+04
4.466565432098765450e+04
4.461192592592592700e+04
4.456767901234568126e+04
4.455187654320987349e+04
4.465933333333333576e+04
4.433064197530864476e+04
4.442545679012345499e+04
4.420422222222221899e+04
4.450446913580247201e+04
4.440017283950617275e+04
4.415049382716049149e+04
4.392925925925926276e+04
4.415365432098765450e+04
4.389765432098765450e+04
4.378703703703703650e+04
4.379651851851851825e+04
4.347414814814814599e+04
4.335404938271604624e+04
4.317074074074073724e+04
4.305696296296296350e+04
4.290841975308641850e+04
4.307592592592592700e+04
4.294950617283950851e+04
4.263661728395061800e+04
4.281360493827160826e+04
4.252916049382716301e+04
4.237429629629629926e+04
4.229212345679012651e+04
4.210565432098765450e+04
4.211513580246913625e+04
4.190654320987654501e+04
4.180224691358024575e+04
4.176432098765431874e+04
4.160313580246913625e+04
4.160313580246913625e+04
4.130288888888889051e+04
4.118911111111110949e+04
4.099632098765431874e+04
4.107849382716049149e+04
4.099316049382716301e+04
4.075612345679012651e+04
4.071503703703703650e+04
4.050328395061728224e+04
4.055385185185185401e+04
4.045271604938271776e+04
4.042427160493827250e+04
4.053488888888889051e+04
4.044639506172839174e+04
4.045903703703703650e+04
4.049380246913580049e+04
4.028204938271604624e+04
4.038002469135802676e+04
4.037054320987654501e+04
4.027256790123456449e+04
4.032945679012345499e+04
4.042111111111110949e+04
4.042111111111110949e+04
4.028837037037037226e+04
4.040214814814814599e+04
4.027572839506172750e+04
4.029785185185185401e+04
4.015246913580247201e+04
4.022832098765431874e+04
3.993123456790123601e+04
3.982061728395061800e+04
3.969103703703703650e+04
3.966575308641975425e+04
3.959306172839506326e+04
3.929597530864197324e+04
3.946980246913580049e+04
3.950456790123456449e+04
3.943819753086419951e+04
3.964679012345679075e+04
3.960254320987654501e+04
3.955197530864197324e+04
3.982377777777778101e+04
3.958041975308641850e+04
3.935918518518518249e+04
3.922012345679012651e+04
3.920116049382716301e+04
3.885666666666666424e+04
3.897676543209876399e+04
3.903365432098765450e+04
3.891355555555555475e+04
3.908106172839506326e+04
3.886930864197530900e+04
3.864175308641975425e+04
3.858486419753086375e+04
3.873972839506172750e+04
3.853429629629629926e+04
3.848688888888889051e+04
3.876817283950617275e+04
3.870812345679012651e+04
3.853745679012345499e+04
3.878081481481481751e+04
3.896412345679012651e+04
3.885034567901234550e+04
3.893567901234568126e+04
3.874288888888889051e+04
3.863543209876543551e+04
3.868600000000000000e+04
3.871128395061728224e+04
3.862279012345679075e+04
3.866387654320987349e+04
3.845528395061728224e+04
3.857538271604938200e+04
3.843948148148148175e+04
3.851217283950617275e+04
3.847740740740740875e+04
3.851849382716049149e+04
3.858170370370370074e+04
3.874604938271604624e+04
3.842051851851851825e+04
3.836362962962962774e+04
3.867019753086419951e+04
3.835414814814814599e+04
3.823720987654320925e+04
3.818032098765431874e+04
3.820244444444444525e+04
3.844896296296296350e+04
3.856906172839506326e+04
3.849953086419752799e+04
3.845844444444444525e+04
3.835730864197530900e+04
3.838259259259259125e+04
3.833202469135802676e+04
3.840787654320987349e+04
3.821824691358024575e+04
3.823088888888889051e+04
3.819928395061728224e+04
3.812975308641975425e+04
3.805074074074073724e+04
3.819928395061728224e+04
3.845212345679012651e+04
3.827197530864197324e+04
3.818980246913580049e+04
3.835730864197530900e+04
3.828461728395061800e+04
3.812659259259259125e+04
3.817400000000000000e+04
3.819296296296296350e+04
3.795276543209876399e+04
3.793380246913580049e+04
3.811711111111110949e+04
3.834466666666666424e+04
3.821824691358024575e+04
3.823720987654320925e+04
3.840155555555555475e+04
3.858802469135802676e+04
3.867019753086419951e+04
3.843632098765431874e+04
3.839207407407407300e+04
3.852165432098765450e+04
3.873972839506172750e+04
3.862911111111110949e+04
3.900520987654320925e+04
3.869232098765431874e+04
3.860698765432099026e+04
3.861962962962962774e+04
3.852481481481481751e+04
3.870496296296296350e+04
3.857538271604938200e+04
3.869864197530864476e+04
3.838575308641975425e+04
3.844896296296296350e+04
3.840787654320987349e+04
3.829725925925926276e+04
3.845844444444444525e+04
3.847740740740740875e+04
3.849953086419752799e+04
3.845844444444444525e+04
3.845212345679012651e+04
3.839839506172839174e+04
3.856906172839506326e+04
3.840787654320987349e+04
3.820244444444444525e+04
3.816135802469135524e+04
3.819928395061728224e+04
3.787375308641975425e+04
3.797488888888889051e+04
3.818032098765431874e+04
3.830674074074073724e+04
3.833518518518518249e+04
3.812975308641975425e+04
3.809182716049382725e+04
3.789271604938271776e+04
3.802229629629629926e+04
3.789587654320987349e+04
3.799069135802469100e+04
3.787691358024690999e+04
3.763671604938271776e+04
3.782318518518518249e+04
3.816767901234568126e+04
3.814555555555555475e+04
3.795276543209876399e+04
3.819612345679012651e+04
3.824669135802469100e+04
3.806338271604938200e+04
3.812659259259259125e+04
3.811395061728395376e+04
3.811079012345679075e+04
3.824037037037037226e+04
3.806970370370370074e+04
3.801597530864197324e+04
3.806338271604938200e+04
3.814871604938271776e+04
3.844264197530864476e+04
3.837943209876543551e+04
3.832254320987654501e+04
3.821192592592592700e+04
3.809498765432099026e+04
3.796540740740740875e+04
3.813291358024690999e+04
3.817716049382716301e+04
3.802861728395061800e+04
3.836046913580247201e+04
3.790535802469135524e+04
3.791800000000000000e+04
3.806338271604938200e+04
3.831622222222221899e+04
3.808234567901234550e+04
3.807918518518518249e+04
3.765567901234568126e+04
3.781686419753086375e+04
3.787059259259259125e+04
3.799385185185185401e+04
3.791483950617283699e+04
3.797804938271604624e+04
3.794644444444444525e+04
3.800649382716049149e+04
3.779790123456790025e+04
3.784530864197530900e+04
3.805074074074073724e+04
3.790219753086419951e+04
3.770624691358024575e+04
3.772520987654320925e+04
3.764935802469135524e+04
3.769992592592592700e+04
3.766516049382716301e+04
3.752609876543209975e+04
3.739019753086419951e+04
3.795592592592592700e+04
3.811711111111110949e+04
3.819928395061728224e+04
3.852165432098765450e+04
3.860698765432099026e+04
3.881558024691358150e+04
3.877133333333333576e+04
3.895464197530864476e+04
3.914427160493827250e+04
3.926437037037037226e+04
3.938762962962962774e+04
3.912214814814814599e+04
3.919483950617283699e+04
3.952037037037037226e+04
3.950456790123456449e+04
3.951088888888889051e+04
3.965311111111110949e+04
3.951404938271604624e+04
3.968471604938271776e+04
3.976688888888889051e+04
3.955829629629629926e+04
3.956461728395061800e+04
3.957409876543209975e+04
3.927385185185185401e+04
3.927069135802469100e+04
3.934970370370370074e+04
3.959622222222221899e+04
3.952353086419752799e+04
3.961834567901234550e+04
3.967839506172839174e+04
3.934654320987654501e+04
3.967523456790123601e+04
3.976688888888889051e+04
3.964679012345679075e+04
3.962466666666666424e+04
3.952353086419752799e+04
3.956461728395061800e+04
3.942239506172839174e+04
3.936234567901234550e+04
3.937498765432099026e+04
3.948876543209876399e+04
3.945083950617283699e+04
3.941923456790123601e+04
3.942239506172839174e+04
3.961834567901234550e+04
3.945083950617283699e+04
3.940027160493827250e+04
3.945400000000000000e+04
3.964679012345679075e+04
3.950772839506172750e+04
3.968471604938271776e+04
3.977004938271604624e+04
3.998496296296296350e+04
3.995335802469135524e+04
4.001972839506172750e+04
4.020619753086419951e+04
3.990911111111110949e+04
3.976688888888889051e+04
3.984274074074073724e+04
3.983641975308641850e+04
3.956461728395061800e+04
3.959938271604938200e+04
3.993439506172839174e+04
3.991859259259259125e+04
3.952669135802469100e+04
3.965943209876543551e+04
3.966259259259259125e+04
3.954881481481481751e+04
3.946348148148148175e+04
3.957409876543209975e+04
3.942871604938271776e+04
3.948244444444444525e+04
3.929597530864197324e+04
3.916323456790123601e+04
3.916323456790123601e+04
3.954565432098765450e+04
3.935286419753086375e+04
3.960254320987654501e+04
3.948560493827160826e+04
3.944451851851851825e+04
3.943187654320987349e+04
3.950140740740740875e+04
3.938130864197530900e+04
3.941291358024690999e+04
3.962150617283950851e+04
3.933390123456790025e+04
3.933390123456790025e+04
3.952037037037037226e+04
3.961834567901234550e+04
3.958358024691358150e+04
3.952037037037037226e+04
3.942239506172839174e+04
3.943819753086419951e+04
3.932758024691358150e+04
3.938446913580247201e+04
3.974792592592592700e+04
3.975424691358024575e+04
3.938762962962962774e+04
3.962782716049382725e+04
3.966891358024690999e+04
3.993755555555555475e+04
3.991227160493827250e+04
4.007345679012345499e+04
3.977953086419752799e+04
4.025360493827160826e+04
4.013034567901234550e+04
4.010822222222221899e+04
4.000392592592592700e+04
4.020619753086419951e+04
4.035158024691358150e+04
4.027888888888889051e+04
4.043375308641975425e+04
4.027572839506172750e+04
4.012086419753086375e+04
4.036106172839506326e+04
4.043059259259259125e+04
4.043691358024690999e+04
4.048116049382716301e+04
4.021883950617283699e+04
4.020619753086419951e+04
4.019671604938271776e+04
4.040530864197530900e+04
4.037370370370370074e+04
4.050644444444444525e+04
4.092679012345679075e+04
4.067395061728395376e+04
4.075296296296296350e+04
3.163493827160493674e+04
3.321202469135802676e+04
3.375879012345679075e+04
3.498190123456790025e+04
3.598693827160493674e+04
3.726061728395061800e+04
3.842367901234568126e+04
4.002604938271604624e+04
4.088886419753086375e+04
4.173903703703703650e+04
4.266822222222221899e+04
4.327503703703703650e+04
4.375543209876543551e+04
4.443177777777778101e+04
4.512708641975309001e+04
4.530723456790123601e+04
4.522506172839506326e+04
4.562012345679012651e+04
4.584451851851851825e+04
4.612896296296296350e+04
4.631227160493827250e+04
4.649874074074073724e+04
4.661251851851851825e+04
4.693488888888889051e+04
4.697281481481481751e+04
4.734575308641975425e+04
4.689064197530864476e+04
4.661883950617283699e+04
4.688748148148148175e+04
4.660935802469135524e+04
4.657143209876543551e+04
4.642288888888889051e+04
4.648609876543209975e+04
4.627118518518518249e+04
4.629962962962962774e+04
4.593617283950617275e+04
4.566120987654320925e+04
4.531355555555555475e+04
4.518713580246913625e+04
4.495009876543209975e+04
4.471622222222221899e+04
4.463404938271604624e+04
4.487424691358024575e+04
4.443493827160493674e+04
4.423266666666666424e+04
4.406200000000000000e+04
4.400827160493827250e+04
4.384392592592592700e+04
4.380600000000000000e+04
4.366693827160493674e+04
4.378071604938271776e+04
4.375543209876543551e+04
4.374279012345679075e+04
4.359424691358024575e+04
4.333508641975309001e+04
4.330348148148148175e+04
4.298427160493827250e+04
4.309172839506172750e+04
4.287365432098765450e+04
4.294634567901234550e+04
4.270614814814814599e+04
4.261449382716049149e+04
4.276303703703703650e+04
4.234269135802469100e+04
4.216254320987654501e+04
4.221943209876543551e+04
4.219730864197530900e+04
4.216570370370370074e+04
4.210565432098765450e+04
4.220046913580247201e+04
4.196659259259259125e+04
4.205824691358024575e+04
4.208037037037037226e+04
4.215306172839506326e+04
4.184333333333333576e+04
4.164738271604938200e+04
4.193814814814814599e+04
4.176432098765431874e+04
4.173587654320987349e+04
4.168530864197530900e+04
4.175483950617283699e+04
4.139454320987654501e+04
4.146723456790123601e+04
4.170427160493827250e+04
4.175167901234568126e+04
4.175167901234568126e+04
4.158733333333333576e+04
4.158733333333333576e+04
4.154940740740740875e+04
4.154940740740740875e+04
4.158417283950617275e+04
4.152728395061728224e+04
4.147355555555555475e+04
4.152728395061728224e+04
4.165686419753086375e+04
4.169795061728395376e+04
4.160313580246913625e+04
4.170111111111110949e+04
4.145459259259259125e+04
4.123967901234568126e+04
4.123019753086419951e+04
4.101528395061728224e+04
4.109113580246913625e+04
4.114170370370370074e+04
4.101528395061728224e+04
4.083197530864197324e+04
4.083197530864197324e+04
4.074980246913580049e+04
4.076876543209876399e+04
4.080353086419752799e+04
4.062970370370370074e+04
4.069291358024690999e+04
4.072135802469135524e+04
4.069291358024690999e+04
4.039898765432099026e+04
4.042111111111110949e+04
4.023148148148148175e+04
4.007977777777778101e+04
4.042427160493827250e+04
4.027256790123456449e+04
4.019987654320987349e+04
4.026940740740740875e+04
4.018723456790123601e+04
4.036738271604938200e+04
4.016195061728395376e+04
4.001656790123456449e+04
4.008609876543209975e+04
4.001340740740740875e+04
4.007029629629629926e+04
3.986802469135802676e+04
4.005133333333333576e+04
3.994387654320987349e+04
4.013034567901234550e+04
4.026624691358024575e+04
4.033577777777778101e+04
4.013982716049382725e+04
4.028837037037037226e+04
4.023780246913580049e+04
4.044639506172839174e+04
4.043691358024690999e+04
4.003237037037037226e+04
4.017459259259259125e+04
4.018091358024690999e+04
4.025044444444444525e+04
4.028837037037037226e+04
4.044639506172839174e+04
4.035158024691358150e+04
4.021567901234568126e+04
4.039266666666666424e+04
4.041795061728395376e+04
4.030733333333333576e+04
4.048432098765431874e+04
4.040846913580247201e+04
4.044639506172839174e+04
4.017459259259259125e+04
4.011138271604938200e+04
4.021567901234568126e+04
4.010822222222221899e+04
4.001340740740740875e+04
3.978901234567900974e+04
3.991543209876543551e+04
3.994387654320987349e+04
3.978585185185185401e+04
3.977953086419752799e+04
3.985222222222221899e+04
3.989962962962962774e+04
3.966575308641975425e+04
3.989014814814814599e+04
3.994387654320987349e+04
3.997864197530864476e+04
4.027572839506172750e+04
4.019671604938271776e+04
4.010190123456790025e+04
3.995019753086419951e+04
4.042427160493827250e+04
4.013666666666666424e+04
4.014614814814814599e+04
3.997232098765431874e+04
3.964679012345679075e+04
3.982377777777778101e+04
3.985538271604938200e+04
3.985538271604938200e+04
3.998180246913580049e+04
3.992807407407407300e+04
3.990279012345679075e+04
3.996283950617283699e+04
3.983009876543209975e+04
4.014930864197530900e+04
3.981113580246913625e+04
3.967839506172839174e+04
4.004501234567900974e+04
4.014930864197530900e+04
4.022832098765431874e+04
4.020303703703703650e+04
3.995967901234568126e+04
4.008293827160493674e+04
3.997232098765431874e+04
3.994703703703703650e+04
4.008925925925926276e+04
4.006713580246913625e+04
4.005449382716049149e+04
4.013350617283950851e+04
4.001340740740740875e+04
3.998812345679012651e+04
4.025044444444444525e+04
3.998180246913580049e+04
3.992807407407407300e+04
4.002920987654320925e+04
4.001340740740740875e+04
3.996600000000000000e+04
3.978901234567900974e+04
3.981745679012345499e+04
3.964679012345679075e+04
3.958990123456790025e+04
3.979849382716049149e+04
3.990279012345679075e+04
3.985222222222221899e+04
3.989646913580247201e+04
4.002604938271604624e+04
4.013350617283950851e+04
4.003553086419752799e+04
4.013982716049382725e+04
3.995335802469135524e+04
3.996916049382716301e+04
4.021567901234568126e+04
4.016195061728395376e+04
4.016511111111110949e+04
4.004817283950617275e+04
3.997548148148148175e+04
4.025992592592592700e+04
4.038318518518518249e+04
4.031681481481481751e+04
4.008925925925926276e+04
4.021251851851851825e+04
4.004817283950617275e+04
4.007661728395061800e+04
4.011770370370370074e+04
4.000392592592592700e+04
4.013666666666666424e+04
4.017143209876543551e+04
3.987434567901234550e+04
3.987750617283950851e+04
3.999128395061728224e+04
4.018091358024690999e+04
4.021251851851851825e+04
4.004185185185185401e+04
4.010822222222221899e+04
4.007977777777778101e+04
4.000708641975309001e+04
4.006081481481481751e+04
4.001340740740740875e+04
3.992175308641975425e+04
3.997864197530864476e+04
3.998496296296296350e+04
3.986170370370370074e+04
3.981429629629629926e+04
3.961834567901234550e+04
3.965311111111110949e+04
3.981745679012345499e+04
3.990911111111110949e+04
3.998496296296296350e+04
3.977953086419752799e+04
3.983009876543209975e+04
3.968787654320987349e+04
3.959938271604938200e+04
3.995019753086419951e+04
4.011770370370370074e+04
4.021251851851851825e+04
4.062654320987654501e+04
4.077508641975309001e+04
4.068975308641975425e+04
4.068343209876543551e+04
4.057281481481481751e+04
4.026308641975309001e+04
4.041795061728395376e+04
4.035158024691358150e+04
4.023780246913580049e+04
4.060441975308641850e+04
4.062022222222221899e+04
4.057597530864197324e+04
4.057597530864197324e+04
4.039266666666666424e+04
4.070871604938271776e+04
4.028520987654320925e+04
4.025992592592592700e+04
4.027256790123456449e+04
4.033577777777778101e+04
4.034209876543209975e+04
4.030101234567900974e+04
4.030733333333333576e+04
4.062970370370370074e+04
4.053488888888889051e+04
4.033893827160493674e+04
4.027888888888889051e+04
4.026940740740740875e+04
4.036422222222221899e+04
4.059809876543209975e+04
4.038634567901234550e+04
4.049064197530864476e+04
4.042111111111110949e+04
4.026940740740740875e+04
3.998812345679012651e+04
4.030101234567900974e+04
4.021567901234568126e+04
4.033261728395061800e+04
4.056965432098765450e+04
4.060758024691358150e+04
4.057281481481481751e+04
4.055069135802469100e+04
4.049380246913580049e+04
4.050960493827160826e+04
4.041479012345679075e+04
4.020303703703703650e+04
4.021567901234568126e+04
4.048748148148148175e+04
4.081617283950617275e+04
4.068659259259259125e+04
4.099000000000000000e+04
4.104372839506172750e+04
4.067395061728395376e+04
4.083197530864197324e+04
4.058861728395061800e+04
4.074980246913580049e+04
4.069923456790123601e+04
4.074348148148148175e+04
4.071819753086419951e+04
4.082881481481481751e+04
4.080353086419752799e+04
4.084461728395061800e+04
4.076876543209876399e+04
4.102476543209876399e+04
4.095523456790123601e+04
4.087306172839506326e+04
4.107849382716049149e+04
4.108481481481481751e+04
4.098051851851851825e+04
4.077508641975309001e+04
4.073083950617283699e+04
4.095523456790123601e+04
4.083197530864197324e+04
4.051592592592592700e+04
4.066762962962962774e+04
4.116066666666666424e+04
4.083513580246913625e+04
4.085093827160493674e+04
4.096155555555555475e+04
4.102160493827160826e+04
4.092995061728395376e+04
4.088886419753086375e+04
4.069607407407407300e+04
4.076876543209876399e+04
4.092046913580247201e+04
4.088886419753086375e+04
4.097419753086419951e+04
4.090782716049382725e+04
4.097103703703703650e+04
4.094259259259259125e+04
4.092995061728395376e+04
4.103424691358024575e+04
4.124283950617283699e+04
4.140402469135802676e+04
4.104688888888889051e+04
4.104688888888889051e+04
4.101844444444444525e+04
4.115118518518518249e+04
4.135029629629629926e+04
4.135029629629629926e+04
4.118595061728395376e+04
4.119227160493827250e+04
4.129340740740740875e+04
4.126496296296296350e+04
4.121755555555555475e+04
4.104688888888889051e+04
4.111325925925926276e+04
4.097103703703703650e+04
4.105953086419752799e+04
4.128076543209876399e+04
4.131869135802469100e+04
4.110693827160493674e+04
4.096471604938271776e+04
4.130604938271604624e+04
4.145143209876543551e+04
4.142930864197530900e+04
4.140718518518518249e+04
4.123651851851851825e+04
4.109429629629629926e+04
4.131553086419752799e+04
4.118279012345679075e+04
4.147671604938271776e+04
4.123019753086419951e+04
4.135345679012345499e+04
4.167266666666666424e+04
4.167266666666666424e+04
3.421390123456790025e+04
3.529162962962962774e+04
3.616076543209876399e+04
3.757982716049382725e+04
3.840155555555555475e+04
3.969419753086419951e+04
4.079088888888889051e+04
4.143562962962962774e+04
4.303800000000000000e+04
4.374595061728395376e+04
4.425479012345679075e+04
4.539256790123456449e+04
4.574022222222221899e+04
4.627434567901234550e+04
4.664728395061728224e+04
4.720037037037037226e+04
4.728886419753086375e+04
4.759543209876543551e+04
4.766812345679012651e+04
4.785143209876543551e+04
4.824965432098765450e+04
4.823069135802469100e+04
4.859414814814814599e+04
4.855306172839506326e+04
4.899237037037037226e+04
4.891335802469135524e+04
4.892600000000000000e+04
4.889439506172839174e+04
4.875533333333333576e+04
4.868264197530864476e+04
4.881854320987654501e+04
4.869844444444444525e+04
4.886279012345679075e+04
4.888491358024690999e+04
4.866367901234568126e+04
4.873004938271604624e+04
4.832234567901234550e+04
4.828441975308641850e+04
4.825913580246913625e+04
4.816432098765431874e+04
4.757962962962962774e+04
4.769656790123456449e+04
4.767760493827160826e+04
4.769024691358024575e+04
4.758911111111110949e+04
4.738683950617283699e+04
4.735207407407407300e+04
4.720353086419752799e+04
4.698861728395061800e+04
4.695701234567900974e+04
4.672945679012345499e+04
4.703286419753086375e+04
4.666624691358024575e+04
4.656195061728395376e+04
4.645133333333333576e+04
4.670733333333333576e+04
4.644185185185185401e+04
4.613528395061728224e+04
4.616372839506172750e+04
4.588876543209876399e+04
4.577498765432099026e+04
4.585400000000000000e+04
4.586348148148148175e+04
4.567069135802469100e+04
4.562960493827160826e+04
4.560432098765431874e+04
4.575918518518518249e+04
4.540837037037037226e+04
4.568333333333333576e+04
4.567385185185185401e+04
4.573074074074073724e+04
4.548422222222221899e+04
4.551266666666666424e+04
4.547158024691358150e+04
4.565488888888889051e+04
4.556323456790123601e+04
4.556007407407407300e+04
4.548106172839506326e+04
4.563908641975309001e+04
4.549054320987654501e+04
4.556007407407407300e+04
4.566753086419752799e+04
4.556007407407407300e+04
4.543681481481481751e+04
4.576550617283950851e+04
4.564856790123456449e+04
4.564224691358024575e+04
4.571177777777778101e+04
4.541153086419752799e+04
4.561380246913580049e+04
4.530723456790123601e+04
4.539572839506172750e+04
4.531987654320987349e+04
4.559800000000000000e+04
4.537360493827160826e+04
4.524718518518518249e+04
4.520925925925926276e+04
4.507019753086419951e+04
4.518081481481481751e+04
4.515869135802469100e+04
4.494693827160493674e+04
4.512076543209876399e+04
4.487424691358024575e+04
4.469725925925926276e+04
4.488056790123456449e+04
4.490901234567900974e+04
4.514604938271604624e+04
4.508916049382716301e+04
4.490269135802469100e+04
4.508283950617283699e+04
4.493113580246913625e+04
4.461508641975309001e+04
4.471306172839506326e+04
4.434960493827160826e+04
4.431483950617283699e+04
4.440649382716049149e+04
4.430851851851851825e+04
4.435276543209876399e+04
4.431483950617283699e+04
4.455187654320987349e+04
4.440333333333333576e+04
4.440017283950617275e+04
4.466881481481481751e+04
4.449814814814814599e+04
4.458980246913580049e+04
4.446338271604938200e+04
4.447602469135802676e+04
4.440965432098765450e+04
4.431483950617283699e+04
4.399562962962962774e+04
4.424530864197530900e+04
4.465933333333333576e+04
4.453923456790123601e+04
4.472570370370370074e+04
4.477311111111110949e+04
4.467513580246913625e+04
4.488056790123456449e+04
4.520609876543209975e+04
4.470674074074073724e+04
4.463720987654320925e+04
4.489004938271604624e+04
4.484580246913580049e+04
4.456451851851851825e+04
4.455819753086419951e+04
4.464353086419752799e+04
4.447602469135802676e+04
4.453923456790123601e+04
4.444125925925926276e+04
4.432432098765431874e+04
4.403355555555555475e+04
4.422634567901234550e+04
4.414733333333333576e+04
4.403987654320987349e+04
4.414733333333333576e+04
4.397982716049382725e+04
4.408728395061728224e+04
4.375859259259259125e+04
4.367958024691358150e+04
4.378071604938271776e+04
4.371434567901234550e+04
4.378703703703703650e+04
4.398614814814814599e+04
4.389133333333333576e+04
4.404303703703703650e+04
4.384076543209876399e+04
4.394190123456790025e+04
4.405251851851851825e+04
4.396718518518518249e+04
4.416313580246913625e+04
4.423898765432099026e+04
4.417261728395061800e+04
4.429903703703703650e+04
4.407148148148148175e+04
4.403355555555555475e+04
4.401459259259259125e+04
4.401143209876543551e+04
4.420106172839506326e+04
4.408728395061728224e+04
4.430535802469135524e+04
4.431483950617283699e+04
4.446338271604938200e+04
4.435908641975309001e+04
4.437804938271604624e+04
4.426743209876543551e+04
4.446338271604938200e+04
4.444441975308641850e+04
4.447918518518518249e+04
4.428955555555555475e+04
4.426427160493827250e+04
4.409676543209876399e+04
4.426743209876543551e+04
4.423898765432099026e+04
4.445390123456790025e+04
4.446654320987654501e+04
4.410940740740740875e+04
4.441597530864197324e+04
4.428955555555555475e+04
4.448866666666666424e+04
4.426111111111110949e+04
4.409992592592592700e+04
4.448550617283950851e+04
4.420106172839506326e+04
4.410624691358024575e+04
4.430219753086419951e+04
4.442861728395061800e+04
4.432116049382716301e+04
4.426743209876543551e+04
4.408412345679012651e+04
4.417261728395061800e+04
4.433696296296296350e+04
4.430535802469135524e+04
4.419474074074073724e+04
4.425795061728395376e+04
4.414417283950617275e+04
4.388817283950617275e+04
4.395454320987654501e+04
4.424214814814814599e+04
4.432432098765431874e+04
4.467513580246913625e+04
4.459296296296296350e+04
4.488688888888889051e+04
4.481735802469135524e+04
4.473834567901234550e+04
4.465617283950617275e+04
4.443809876543209975e+04
4.456135802469135524e+04
4.452343209876543551e+04
4.446654320987654501e+04
4.437172839506172750e+04
4.446022222222221899e+04
4.428007407407407300e+04
4.432116049382716301e+04
4.402723456790123601e+04
4.424530864197530900e+04
4.428955555555555475e+04
4.428955555555555475e+04
4.394822222222221899e+04
4.373014814814814599e+04
4.411572839506172750e+04
4.418525925925926276e+04
4.415997530864197324e+04
4.434012345679012651e+04
4.442861728395061800e+04
4.444441975308641850e+04
4.423582716049382725e+04
4.454239506172839174e+04
4.422950617283950851e+04
4.412204938271604624e+04
4.392925925925926276e+04
4.393558024691358150e+04
4.383760493827160826e+04
4.439385185185185401e+04
4.430535802469135524e+04
4.431800000000000000e+04
4.405251851851851825e+04
4.437172839506172750e+04
4.478259259259259125e+04
4.421370370370370074e+04
4.433064197530864476e+04
4.430535802469135524e+04
4.414101234567900974e+04
4.413153086419752799e+04
4.418209876543209975e+04
4.422002469135802676e+04
4.461508641975309001e+04
4.488688888888889051e+04
4.496274074074073724e+04
4.492797530864197324e+04
4.512392592592592700e+04
4.511128395061728224e+04
4.529459259259259125e+04
4.528511111111110949e+04
4.532619753086419951e+04
4.561380246913580049e+04
4.560748148148148175e+04
4.571177777777778101e+04
4.588244444444444525e+04
4.607839506172839174e+04
4.534200000000000000e+04
4.585083950617283699e+04
4.585400000000000000e+04
4.591720987654320925e+04
4.624590123456790025e+04
4.650190123456790025e+04
4.597409876543209975e+04
4.591088888888889051e+04
4.571493827160493674e+04
4.562960493827160826e+04
4.571177777777778101e+04
4.582871604938271776e+04
4.605943209876543551e+04
4.592353086419752799e+04
4.581923456790123601e+04
4.584135802469135524e+04
4.618901234567900974e+04
4.588560493827160826e+04
4.572441975308641850e+04
4.580027160493827250e+04
4.589192592592592700e+04
4.601834567901234550e+04
4.608471604938271776e+04
4.572441975308641850e+04
4.582555555555555475e+04
4.590140740740740875e+04
4.581923456790123601e+04
4.589192592592592700e+04
4.589824691358024575e+04
4.617637037037037226e+04
4.623958024691358150e+04
4.611000000000000000e+04
4.610051851851851825e+04
4.590456790123456449e+04
4.574654320987654501e+04
4.591404938271604624e+04
4.581923456790123601e+04
4.591720987654320925e+04
4.600886419753086375e+04
4.598041975308641850e+04
4.595829629629629926e+04
4.593933333333333576e+04
4.569913580246913625e+04
4.590140740740740875e+04
4.610051851851851825e+04
4.629330864197530900e+04
4.616688888888889051e+04
4.618901234567900974e+04
4.604362962962962774e+04
4.632491358024690999e+04
4.597725925925926276e+04
4.607839506172839174e+04
4.607839506172839174e+04
4.602466666666666424e+04
4.607523456790123601e+04
4.601202469135802676e+04
4.578130864197530900e+04
4.576234567901234550e+04
4.533251851851851825e+04
4.532935802469135524e+04
4.547790123456790025e+04
4.553162962962962774e+04
4.578130864197530900e+04
4.608155555555555475e+04
4.579395061728395376e+04
4.580027160493827250e+04
4.559483950617283699e+04
4.558851851851851825e+04
4.561696296296296350e+04
4.567385185185185401e+04
4.560116049382716301e+04
4.560432098765431874e+04
4.569913580246913625e+04
4.583187654320987349e+04
4.578446913580247201e+04
4.584451851851851825e+04
4.587296296296296350e+04
4.592037037037037226e+04
4.596145679012345499e+04
4.595829629629629926e+04
4.605311111111110949e+04
4.597725925925926276e+04
4.577182716049382725e+04
4.615424691358024575e+04
4.595829629629629926e+04
4.586032098765431874e+04
4.601518518518518249e+04
4.607207407407407300e+04
4.608471604938271776e+04
4.640076543209876399e+04
4.666624691358024575e+04
4.660619753086419951e+04
4.651138271604938200e+04
4.637864197530864476e+04
4.631859259259259125e+04
4.638496296296296350e+04
4.637232098765431874e+04
4.647345679012345499e+04
4.652718518518518249e+04
4.653350617283950851e+04
4.683691358024690999e+04
4.679582716049382725e+04
4.660935802469135524e+04
4.632807407407407300e+04
4.642920987654320925e+04
4.657143209876543551e+04
4.637864197530864476e+04
4.646713580246913625e+04
4.695385185185185401e+04
4.643869135802469100e+04
4.664412345679012651e+04
4.679898765432099026e+04
4.698229629629629926e+04
4.706130864197530900e+04
4.706130864197530900e+04
3.669172839506172750e+04
3.815503703703703650e+04
3.906209876543209975e+04
4.031681481481481751e+04
4.130604938271604624e+04
4.255760493827160826e+04
4.371750617283950851e+04
4.472254320987654501e+04
4.524086419753086375e+04
4.629014814814814599e+04
4.719404938271604624e+04
4.782614814814814599e+04
4.862259259259259125e+04
4.899553086419752799e+04
4.958654320987654501e+04
4.958970370370370074e+04
4.976669135802469100e+04
4.981093827160493674e+04
5.041775308641975425e+04
5.068955555555555475e+04
5.096767901234568126e+04
5.113518518518518249e+04
5.141014814814814599e+04
5.136590123456790025e+04
5.117627160493827250e+04
5.135958024691358150e+04
5.141646913580247201e+04
5.138802469135802676e+04
5.127108641975309001e+04
5.112570370370370074e+04
5.092659259259259125e+04
5.108777777777778101e+04
5.085074074074073724e+04
5.059474074074073724e+04
5.048728395061728224e+04
5.045883950617283699e+04
5.032609876543209975e+04
5.004165432098765450e+04
4.988046913580247201e+04
4.929893827160493674e+04
4.937795061728395376e+04
4.909034567901234550e+04
4.925469135802469100e+04
4.916303703703703650e+04
4.897656790123456449e+04
4.895444444444444525e+04
4.871740740740740875e+04
4.872056790123456449e+04
4.850881481481481751e+04
4.842664197530864476e+04
4.820856790123456449e+04
4.819908641975309001e+04
4.794308641975309001e+04
4.775345679012345499e+04
4.768708641975309001e+04
4.772185185185185401e+04
4.765548148148148175e+04
4.741212345679012651e+04
4.742476543209876399e+04
4.703286419753086375e+04
4.690328395061728224e+04
4.690960493827160826e+04
4.676422222222221899e+04
4.683691358024690999e+04
4.657459259259259125e+04
4.632807407407407300e+04
4.636600000000000000e+04
4.660619753086419951e+04
4.645449382716049149e+04
4.647977777777778101e+04
4.662516049382716301e+04
4.655246913580247201e+04
4.652402469135802676e+04
4.628382716049382725e+04
4.626170370370370074e+04
4.593617283950617275e+04
4.608155555555555475e+04
4.600886419753086375e+04
4.614476543209876399e+04
4.592353086419752799e+04
4.606259259259259125e+04
4.609103703703703650e+04
4.600254320987654501e+04
4.604046913580247201e+04
4.586348148148148175e+04
4.571177777777778101e+04
4.591404938271604624e+04
4.542733333333333576e+04
4.540520987654320925e+04
4.553479012345679075e+04
4.523454320987654501e+04
4.557587654320987349e+04
4.553795061728395376e+04
4.585083950617283699e+04
4.572758024691358150e+04
4.562644444444444525e+04
4.544945679012345499e+04
4.550318518518518249e+04
4.528511111111110949e+04
4.534200000000000000e+04
4.527246913580247201e+04
4.558219753086419951e+04
4.524402469135802676e+04
4.514604938271604624e+04
4.511760493827160826e+04
4.502279012345679075e+04
4.503859259259259125e+04
4.540204938271604624e+04
4.498486419753086375e+04
4.498170370370370074e+04
4.499434567901234550e+04
4.478575308641975425e+04
4.466249382716049149e+04
4.465617283950617275e+04
4.468145679012345499e+04
4.493113580246913625e+04
4.474782716049382725e+04
4.463404938271604624e+04
4.491533333333333576e+04
4.500066666666666424e+04
4.476362962962962774e+04
4.476046913580247201e+04
4.479207407407407300e+04
4.495641975308641850e+04
4.495641975308641850e+04
4.466249382716049149e+04
4.448866666666666424e+04
4.442229629629629926e+04
4.444125925925926276e+04
4.451079012345679075e+04
4.454871604938271776e+04
4.445390123456790025e+04
4.451079012345679075e+04
4.481103703703703650e+04
4.479839506172839174e+04
4.465933333333333576e+04
4.468461728395061800e+04
4.460560493827160826e+04
4.465933333333333576e+04
4.452027160493827250e+04
4.446022222222221899e+04
4.454239506172839174e+04
4.461824691358024575e+04
4.458980246913580049e+04
4.457083950617283699e+04
4.473834567901234550e+04
4.471938271604938200e+04
4.476679012345679075e+04
4.482683950617283699e+04
4.471622222222221899e+04
4.428955555555555475e+04
4.451395061728395376e+04
4.462456790123456449e+04
4.445706172839506326e+04
4.443809876543209975e+04
4.439069135802469100e+04
4.453607407407407300e+04
4.446654320987654501e+04
4.440965432098765450e+04
4.446338271604938200e+04
4.460560493827160826e+04
4.441281481481481751e+04
4.401143209876543551e+04
4.421686419753086375e+04
4.433696296296296350e+04
4.456135802469135524e+04
4.468461728395061800e+04
4.493113580246913625e+04
4.488688888888889051e+04
4.491533333333333576e+04
4.493429629629629926e+04
4.486160493827160826e+04
4.495009876543209975e+04
4.463720987654320925e+04
4.482051851851851825e+04
4.478575308641975425e+04
4.469093827160493674e+04
4.487108641975309001e+04
4.480471604938271776e+04
4.473202469135802676e+04
4.471938271604938200e+04
4.469409876543209975e+04
4.478259259259259125e+04
4.460244444444444525e+04
4.465617283950617275e+04
4.447602469135802676e+04
4.440965432098765450e+04
4.444441975308641850e+04
4.459296296296296350e+04
4.491533333333333576e+04
4.474466666666666424e+04
4.473518518518518249e+04
4.462140740740740875e+04
4.486792592592592700e+04
4.474466666666666424e+04
4.470990123456790025e+04
4.493745679012345499e+04
4.494377777777778101e+04
4.495958024691358150e+04
4.507019753086419951e+04
4.521241975308641850e+04
4.502595061728395376e+04
4.519977777777778101e+04
4.511760493827160826e+04
4.501646913580247201e+04
4.509548148148148175e+04
4.485212345679012651e+04
4.523454320987654501e+04
4.505439506172839174e+04
4.499434567901234550e+04
4.496590123456790025e+04
4.466249382716049149e+04
4.455819753086419951e+04
4.461508641975309001e+04
4.467197530864197324e+04
4.442229629629629926e+04
4.494693827160493674e+04
4.470990123456790025e+04
4.466565432098765450e+04
4.476046913580247201e+04
4.486160493827160826e+04
4.502595061728395376e+04
4.534832098765431874e+04
4.501962962962962774e+04
4.508283950617283699e+04
4.501014814814814599e+04
4.510496296296296350e+04
4.497222222222221899e+04
4.499434567901234550e+04
4.518397530864197324e+04
4.507335802469135524e+04
4.495009876543209975e+04
4.507335802469135524e+04
4.501330864197530900e+04
4.486160493827160826e+04
4.487108641975309001e+04
4.475414814814814599e+04
4.487740740740740875e+04
4.480787654320987349e+04
4.492797530864197324e+04
4.501014814814814599e+04
4.529459259259259125e+04
4.514288888888889051e+04
4.495325925925926276e+04
4.492481481481481751e+04
4.490269135802469100e+04
4.480155555555555475e+04
4.458664197530864476e+04
4.481419753086419951e+04
4.464669135802469100e+04
4.458980246913580049e+04
4.463088888888889051e+04
4.466565432098765450e+04
4.463088888888889051e+04
4.478575308641975425e+04
4.474466666666666424e+04
4.448866666666666424e+04
4.444125925925926276e+04
4.445390123456790025e+04
4.440649382716049149e+04
4.445706172839506326e+04
4.430219753086419951e+04
4.454239506172839174e+04
4.463088888888889051e+04
4.468777777777778101e+04
4.504175308641975425e+04
4.508283950617283699e+04
4.502911111111110949e+04
4.522190123456790025e+04
4.514920987654320925e+04
4.526614814814814599e+04
4.488372839506172750e+04
4.508916049382716301e+04
4.504491358024690999e+04
4.531987654320987349e+04
4.519345679012345499e+04
4.519661728395061800e+04
4.531355555555555475e+04
4.535148148148148175e+04
4.532935802469135524e+04
4.530091358024690999e+04
4.537360493827160826e+04
4.531987654320987349e+04
4.503543209876543551e+04
4.518081481481481751e+04
4.517133333333333576e+04
4.508283950617283699e+04
4.534200000000000000e+04
4.538308641975309001e+04
4.555691358024690999e+04
4.537360493827160826e+04
4.536412345679012651e+04
4.547158024691358150e+04
4.509864197530864476e+04
4.522822222222221899e+04
4.503543209876543551e+04
4.506703703703703650e+04
4.534516049382716301e+04
4.495325925925926276e+04
4.505123456790123601e+04
4.508283950617283699e+04
4.494061728395061800e+04
4.490901234567900974e+04
4.477311111111110949e+04
4.503227160493827250e+04
4.484264197530864476e+04
4.486160493827160826e+04
4.481103703703703650e+04
4.459296296296296350e+04
4.463088888888889051e+04
4.482051851851851825e+04
4.487740740740740875e+04
4.490585185185185401e+04
4.525982716049382725e+04
4.528827160493827250e+04
4.545261728395061800e+04
4.563276543209876399e+04
4.525982716049382725e+04
4.553479012345679075e+04
4.544313580246913625e+04
4.531671604938271776e+04
4.543049382716049149e+04
4.522190123456790025e+04
4.515237037037037226e+04
4.555059259259259125e+04
4.542733333333333576e+04
4.532935802469135524e+04
4.525666666666666424e+04
4.522822222222221899e+04
4.520609876543209975e+04
4.510180246913580049e+04
4.533567901234568126e+04
4.530723456790123601e+04
4.527879012345679075e+04
4.530407407407407300e+04
4.537360493827160826e+04
4.530723456790123601e+04
4.527562962962962774e+04
4.537360493827160826e+04
4.506071604938271776e+04
4.507967901234568126e+04
4.519977777777778101e+04
4.543049382716049149e+04
4.529775308641975425e+04
4.514288888888889051e+04
4.510496296296296350e+04
4.520293827160493674e+04
4.517765432098765450e+04
4.503543209876543551e+04
4.529143209876543551e+04
4.523770370370370074e+04
4.507335802469135524e+04
4.516501234567900974e+04
4.502911111111110949e+04
4.489637037037037226e+04
4.492797530864197324e+04
4.504491358024690999e+04
4.498802469135802676e+04
4.520925925925926276e+04
4.543049382716049149e+04
4.517133333333333576e+04
4.504491358024690999e+04
4.505123456790123601e+04
4.513024691358024575e+04
4.522190123456790025e+04
4.535148148148148175e+04
4.554427160493827250e+04
4.539888888888889051e+04
4.548106172839506326e+04
4.547790123456790025e+04
4.535780246913580049e+04
4.521874074074073724e+04
4.535148148148148175e+04
4.561380246913580049e+04
4.548106172839506326e+04
4.504175308641975425e+04
4.548422222222221899e+04
4.542733333333333576e+04
4.534832098765431874e+04
4.554427160493827250e+04
4.550950617283950851e+04
4.532303703703703650e+04
4.542733333333333576e+04
4.589824691358024575e+04
4.535464197530864476e+04
4.513972839506172750e+04
4.541785185185185401e+04
4.532619753086419951e+04
4.536728395061728224e+04
4.535780246913580049e+04
4.537992592592592700e+04
4.534516049382716301e+04
3.795592592592592700e+04
3.897044444444444525e+04
4.012402469135802676e+04
4.138506172839506326e+04
4.215938271604938200e+04
4.361320987654320925e+04
4.454555555555555475e+04
4.571493827160493674e+04
4.632175308641975425e+04
4.753854320987654501e+04
4.800945679012345499e+04
4.951069135802469100e+04
4.962446913580247201e+04
5.019651851851851825e+04
5.077172839506172750e+04
5.101824691358024575e+04
5.142595061728395376e+04
5.195059259259259125e+04
5.222555555555555475e+04
5.218446913580247201e+04
5.247839506172839174e+04
5.281024691358024575e+04
5.279444444444444525e+04
5.299671604938271776e+04
5.293350617283950851e+04
5.293666666666666424e+04
5.307572839506172750e+04
5.278812345679012651e+04
5.278180246913580049e+04
5.302200000000000000e+04
5.302200000000000000e+04
5.279444444444444525e+04
5.261113580246913625e+04
5.254476543209876399e+04
5.239306172839506326e+04
5.229192592592592700e+04
5.227612345679012651e+04
5.188738271604938200e+04
5.233301234567900974e+04
5.192530864197530900e+04
5.178940740740740875e+04
5.128688888888889051e+04
5.154920987654320925e+04
5.148916049382716301e+04
5.135009876543209975e+04
5.120787654320987349e+04
5.112254320987654501e+04
5.111306172839506326e+04
5.083493827160493674e+04
5.062950617283950851e+04
5.055997530864197324e+04
5.037350617283950851e+04
5.007641975308641850e+04
5.004165432098765450e+04
5.036402469135802676e+04
5.019967901234568126e+04
5.035138271604938200e+04
5.009538271604938200e+04
4.996580246913580049e+04
4.955177777777778101e+04
4.983306172839506326e+04
4.953281481481481751e+04
4.957706172839506326e+04
4.916935802469135524e+04
4.897656790123456449e+04
4.884066666666666424e+04
4.873320987654320925e+04
4.875849382716049149e+04
4.884382716049382725e+04
4.880906172839506326e+04
4.905241975308641850e+04
4.878377777777778101e+04
4.889123456790123601e+04
4.885962962962962774e+04
4.885962962962962774e+04
4.877429629629629926e+04
4.885962962962962774e+04
4.870160493827160826e+04
4.890071604938271776e+04
4.881854320987654501e+04
4.873953086419752799e+04
4.877745679012345499e+04
4.854674074074073724e+04
4.865735802469135524e+04
4.827809876543209975e+04
4.834130864197530900e+04
4.825913580246913625e+04
4.806634567901234550e+04
4.828758024691358150e+04
4.820224691358024575e+04
4.791780246913580049e+04
4.786091358024690999e+04
4.778190123456790025e+04
4.802841975308641850e+04
4.809479012345679075e+04
4.805686419753086375e+04
4.774713580246913625e+04
4.787987654320987349e+04
4.777874074074073724e+04
4.762703703703703650e+04
4.774081481481481751e+04
4.769340740740740875e+04
4.790516049382716301e+04
4.773449382716049149e+04
4.767444444444444525e+04
4.778506172839506326e+04
4.777241975308641850e+04
4.768708641975309001e+04
4.751641975308641850e+04
4.757014814814814599e+04
4.743108641975309001e+04
4.739316049382716301e+04
4.750693827160493674e+04
4.739000000000000000e+04
4.740580246913580049e+04
4.727306172839506326e+04
4.736471604938271776e+04
4.718140740740740875e+04
4.720669135802469100e+04
4.714980246913580049e+04
4.717508641975309001e+04
4.731098765432099026e+04
4.713400000000000000e+04
4.742160493827160826e+04
4.728254320987654501e+04
4.732362962962962774e+04
4.736155555555555475e+04
4.685903703703703650e+04
4.710555555555555475e+04
4.686219753086419951e+04
4.708343209876543551e+04
4.730466666666666424e+04
4.733943209876543551e+04
4.734575308641975425e+04
4.727938271604938200e+04
4.688432098765431874e+04
4.669785185185185401e+04
4.669785185185185401e+04
4.653034567901234550e+04
4.664412345679012651e+04
4.678950617283950851e+04
4.678950617283950851e+04
4.662200000000000000e+04
4.678950617283950851e+04
4.697281481481481751e+04
4.669469135802469100e+04
4.682111111111110949e+04
4.650822222222221899e+04
4.648609876543209975e+04
4.669153086419752799e+04
4.677686419753086375e+04
4.657459259259259125e+04
4.663148148148148175e+04
4.669785185185185401e+04
4.664412345679012651e+04
4.650506172839506326e+04
4.635019753086419951e+04
4.636916049382716301e+04
4.640392592592592700e+04
4.646713580246913625e+04
4.651770370370370074e+04
4.619217283950617275e+04
4.648609876543209975e+04
4.633755555555555475e+04
4.666940740740740875e+04
4.630595061728395376e+04
4.692856790123456449e+04
4.682427160493827250e+04
4.686535802469135524e+04
4.684323456790123601e+04
4.676106172839506326e+04
4.682427160493827250e+04
4.691908641975309001e+04
4.690328395061728224e+04
4.686219753086419951e+04
4.690960493827160826e+04
4.657459259259259125e+04
4.687483950617283699e+04
4.684955555555555475e+04
4.696333333333333576e+04
4.669153086419752799e+04
4.669469135802469100e+04
4.659671604938271776e+04
4.657775308641975425e+04
4.652086419753086375e+04
4.661567901234568126e+04
4.644501234567900974e+04
4.653034567901234550e+04
4.650822222222221899e+04
4.666624691358024575e+04
4.650822222222221899e+04
4.692540740740740875e+04
4.709607407407407300e+04
4.686219753086419951e+04
4.660935802469135524e+04
4.657143209876543551e+04
4.649241975308641850e+04
4.635019753086419951e+04
4.657143209876543551e+04
4.654298765432099026e+04
4.632807407407407300e+04
4.646081481481481751e+04
4.628066666666666424e+04
4.631859259259259125e+04
4.616056790123456449e+04
4.608787654320987349e+04
4.613844444444444525e+04
4.620797530864197324e+04
4.619217283950617275e+04
4.635651851851851825e+04
4.650822222222221899e+04
4.650822222222221899e+04
4.659671604938271776e+04
4.642288888888889051e+04
4.683059259259259125e+04
4.646397530864197324e+04
4.664728395061728224e+04
4.644817283950617275e+04
4.640076543209876399e+04
