0.000000000000000000e+00
5.262621250000000146e+04
5.276861250000000291e+04
5.266141249999999854e+04
5.273501249999999709e+04
5.286141249999999854e+04
5.273341249999999854e+04
5.248221250000000146e+04
5.247581250000000000e+04
5.231261250000000291e+04
5.213501249999999709e+04
5.197021250000000146e+04
5.209821250000000146e+04
5.230301249999999709e+04
5.213341249999999854e+04
5.227101249999999709e+04
5.209501249999999709e+04
5.214781250000000000e+04
5.200381250000000000e+04
5.196061250000000291e+04
5.175901249999999709e+04
5.193021250000000146e+04
5.187421250000000146e+04
5.164861250000000291e+04
5.187261250000000291e+04
5.202781250000000000e+04
5.222621250000000146e+04
5.223261250000000291e+04
5.200541249999999854e+04
5.210461250000000291e+04
5.228381250000000000e+04
5.219101249999999709e+04
5.229821250000000146e+04
5.223421250000000146e+04
5.230141249999999854e+04
5.244701249999999709e+04
5.235741249999999854e+04
5.240221250000000146e+04
5.240861250000000291e+04
5.226301249999999709e+04
5.226461250000000291e+04
5.231901249999999709e+04
5.252861250000000291e+04
5.241981250000000000e+04
5.230461250000000291e+04
5.197501249999999709e+04
5.214301249999999709e+04
5.216381250000000000e+04
5.214301249999999709e+04
5.229981250000000000e+04
5.206621250000000146e+04
5.236381250000000000e+04
5.232381250000000000e+04
5.260221250000000146e+04
5.228861250000000291e+04
5.223261250000000291e+04
5.231261250000000291e+04
5.237501249999999709e+04
5.209501249999999709e+04
5.218941249999999854e+04
5.197661250000000291e+04
5.203261250000000291e+04
5.207901249999999709e+04
5.209181250000000000e+04
5.189341249999999854e+04
5.222621250000000146e+04
5.189501249999999709e+04
5.184861250000000291e+04
5.197821250000000146e+04
5.191741249999999854e+04
5.181341249999999854e+04
5.178301249999999709e+04
5.168701249999999709e+04
5.151581250000000000e+04
5.180861250000000291e+04
5.176061250000000291e+04
5.169981250000000000e+04
5.180541249999999854e+04
5.185341249999999854e+04
5.190621250000000146e+04
5.196061250000000291e+04
5.177661250000000291e+04
5.188701249999999709e+04
5.193341249999999854e+04
5.182141249999999854e+04
5.206621250000000146e+04
5.183261250000000291e+04
5.188701249999999709e+04
5.204701249999999709e+04
5.192221250000000146e+04
5.187261250000000291e+04
5.167741249999999854e+04
5.190141249999999854e+04
5.195581250000000000e+04
5.193821250000000146e+04
5.179421250000000146e+04
5.199261250000000291e+04
5.185341249999999854e+04
5.178141249999999854e+04
5.186301249999999709e+04
5.193021250000000146e+04
5.191421250000000146e+04
5.190621250000000146e+04
5.201021250000000146e+04
5.188541249999999854e+04
5.185501249999999709e+04
5.190461250000000291e+04
5.184541249999999854e+04
5.176541249999999854e+04
5.165821250000000146e+04
5.167261250000000291e+04
5.161341249999999854e+04
5.179261250000000291e+04
5.185021250000000146e+04
5.154781250000000000e+04
5.137821250000000146e+04
5.154461250000000291e+04
5.158781250000000000e+04
5.146301249999999709e+04
5.157181250000000000e+04
5.149981250000000000e+04
5.125181250000000000e+04
5.164861250000000291e+04
5.193021250000000146e+04
5.206941249999999854e+04
5.230301249999999709e+04
5.238941249999999854e+04
5.252861250000000291e+04
5.277501249999999709e+04
5.292701249999999709e+04
5.288061250000000291e+04
5.304061250000000291e+04
5.295261250000000291e+04
5.303421250000000146e+04
5.309181250000000000e+04
5.308701249999999709e+04
5.321501249999999709e+04
5.307421250000000146e+04
5.305181250000000000e+04
5.311421250000000146e+04
5.325341249999999854e+04
5.336381250000000000e+04
5.312861250000000291e+04
5.296541249999999854e+04
5.312541249999999854e+04
5.299741249999999854e+04
5.307101249999999709e+04
5.303901249999999709e+04
5.305341249999999854e+04
5.334141249999999854e+04
5.339581250000000000e+04
5.329181250000000000e+04
5.321981250000000000e+04
5.327581250000000000e+04
5.351581250000000000e+04
5.344381250000000000e+04
5.329341249999999854e+04
5.317501249999999709e+04
5.341661250000000291e+04
5.330461250000000291e+04
5.315741249999999854e+04
5.350301249999999709e+04
5.326141249999999854e+04
5.317981250000000000e+04
5.310621250000000146e+04
5.318941249999999854e+04
5.317661250000000291e+04
5.330141249999999854e+04
5.319421250000000146e+04
5.317181250000000000e+04
5.312061250000000291e+04
5.322461250000000291e+04
5.331261250000000291e+04
5.342941249999999854e+04
5.324381250000000000e+04
5.343261250000000291e+04
5.343581250000000000e+04
5.345341249999999854e+04
5.344541249999999854e+04
5.358461250000000291e+04
5.356381250000000000e+04
5.366301249999999709e+04
5.362301249999999709e+04
5.363581250000000000e+04
5.359261250000000291e+04
5.373661250000000291e+04
5.375421250000000146e+04
5.377661250000000291e+04
5.367421250000000146e+04
5.361981250000000000e+04
5.362941249999999854e+04
5.365981250000000000e+04
5.351741249999999854e+04
5.347101249999999709e+04
5.340861250000000291e+04
5.332701249999999709e+04
5.344381250000000000e+04
5.339901249999999709e+04
5.356061250000000291e+04
5.341661250000000291e+04
5.348381250000000000e+04
5.333981250000000000e+04
5.331261250000000291e+04
5.321981250000000000e+04
5.307741249999999854e+04
5.293341249999999854e+04
5.300541249999999854e+04
5.305501249999999709e+04
5.313341249999999854e+04
5.313181250000000000e+04
5.294141249999999854e+04
5.324381250000000000e+04
5.313021250000000146e+04
5.307421250000000146e+04
5.306141249999999854e+04
5.325821250000000146e+04
5.300381250000000000e+04
5.326781250000000000e+04
5.303581250000000000e+04
5.286621250000000146e+04
5.318781250000000000e+04
5.311581250000000000e+04
5.340701249999999709e+04
5.361981250000000000e+04
5.361341249999999854e+04
5.373661250000000291e+04
5.370461250000000291e+04
5.349981250000000000e+04
5.357021250000000146e+04
5.368541249999999854e+04
5.363261250000000291e+04
5.377501249999999709e+04
5.353341249999999854e+04
5.359101249999999709e+04
5.361021250000000146e+04
5.331101249999999709e+04
5.334141249999999854e+04
5.343101249999999709e+04
5.332541249999999854e+04
5.323421250000000146e+04
5.326781250000000000e+04
5.322781250000000000e+04
5.290461250000000291e+04
5.309661250000000291e+04
5.291901249999999709e+04
5.285181250000000000e+04
5.287741249999999854e+04
5.301341249999999854e+04
5.290301249999999709e+04
5.295741249999999854e+04
5.298621250000000146e+04
5.282141249999999854e+04
5.281981250000000000e+04
5.282781250000000000e+04
5.272221250000000146e+04
5.273181250000000000e+04
5.276221250000000146e+04
5.279101249999999709e+04
5.275741249999999854e+04
5.266141249999999854e+04
5.258781250000000000e+04
5.288061250000000291e+04
5.275261250000000291e+04
5.258141249999999854e+04
5.274461250000000291e+04
5.280541249999999854e+04
5.275581250000000000e+04
5.245341249999999854e+04
5.262941249999999854e+04
5.292221250000000146e+04
5.281821250000000146e+04
5.286781250000000000e+04
5.280701249999999709e+04
5.293661250000000291e+04
5.286941249999999854e+04
5.302941249999999854e+04
5.314301249999999709e+04
5.310461250000000291e+04
5.306301249999999709e+04
5.295901249999999709e+04
5.281341249999999854e+04
5.288061250000000291e+04
5.297661250000000291e+04
5.280381250000000000e+04
5.292701249999999709e+04
5.281501249999999709e+04
5.289341249999999854e+04
5.280541249999999854e+04
5.285981250000000000e+04
5.282621250000000146e+04
5.273821250000000146e+04
5.274781250000000000e+04
5.274781250000000000e+04
4.661501249999999709e+04
4.789501249999999709e+04
5.000861250000000291e+04
5.152221250000000146e+04
5.373501249999999709e+04
5.497341249999999854e+04
5.613661250000000291e+04
5.723581250000000000e+04
5.801501249999999709e+04
5.857181250000000000e+04
5.901021250000000146e+04
5.902941874999999709e+04
5.972381250000000000e+04
5.968701249999999709e+04
6.005501249999999709e+04
5.992221250000000146e+04
5.983421250000000146e+04
5.938941249999999854e+04
5.927741249999999854e+04
5.888061250000000291e+04
5.871581250000000000e+04
5.834461250000000291e+04
5.810141249999999854e+04
5.776701249999999709e+04
5.764861250000000291e+04
5.762141249999999854e+04
5.729821250000000146e+04
5.708381250000000000e+04
5.690461250000000291e+04
5.678621250000000146e+04
5.670941249999999854e+04
5.619421250000000146e+04
5.597021250000000146e+04
5.576861250000000291e+04
5.583261250000000291e+04
5.533181250000000000e+04
5.537021250000000146e+04
5.485181250000000000e+04
5.480861250000000291e+04
5.485341249999999854e+04
5.461981250000000000e+04
5.437341249999999854e+04
5.419421250000000146e+04
5.401661250000000291e+04
5.415261250000000291e+04
5.408541249999999854e+04
5.390141249999999854e+04
5.360541249999999854e+04
5.349981250000000000e+04
5.339741249999999854e+04
5.355741249999999854e+04
5.336061250000000291e+04
5.337341249999999854e+04
5.317181250000000000e+04
5.303581250000000000e+04
5.289021250000000146e+04
5.283741249999999854e+04
5.282301249999999709e+04
5.286941249999999854e+04
5.278941249999999854e+04
5.283581250000000000e+04
5.282301249999999709e+04
5.271581250000000000e+04
5.264061250000000291e+04
5.242141249999999854e+04
5.244061250000000291e+04
5.237981250000000000e+04
5.243901249999999709e+04
5.219901249999999709e+04
5.223901249999999709e+04
5.217821250000000146e+04
5.189501249999999709e+04
5.201501249999999709e+04
5.216221250000000146e+04
5.199901249999999709e+04
5.210941249999999854e+04
5.223901249999999709e+04
5.214941249999999854e+04
5.207261250000000291e+04
5.237181250000000000e+04
5.230941249999999854e+04
5.214621250000000146e+04
5.234621250000000146e+04
5.225341249999999854e+04
5.217661250000000291e+04
5.216221250000000146e+04
5.208701249999999709e+04
5.239101249999999709e+04
5.259421250000000146e+04
5.223581250000000000e+04
5.222781250000000000e+04
5.225341249999999854e+04
5.226141249999999854e+04
5.229341249999999854e+04
5.218781250000000000e+04
5.203901249999999709e+04
5.204061250000000291e+04
5.202781250000000000e+04
5.210621250000000146e+04
5.222461250000000291e+04
5.201821250000000146e+04
5.215581250000000000e+04
5.207901249999999709e+04
5.207421250000000146e+04
5.212861250000000291e+04
5.214781250000000000e+04
5.211421250000000146e+04
5.216861250000000291e+04
5.200061250000000291e+04
5.217501249999999709e+04
5.198941249999999854e+04
5.205021250000000146e+04
5.180381250000000000e+04
5.186301249999999709e+04
5.177021250000000146e+04
5.177981250000000000e+04
5.166461250000000291e+04
5.152861250000000291e+04
5.135101249999999709e+04
5.142941249999999854e+04
5.154141249999999854e+04
5.135901249999999709e+04
5.156861250000000291e+04
5.184061250000000291e+04
5.169021250000000146e+04
5.195901249999999709e+04
5.189821250000000146e+04
5.186141249999999854e+04
5.195901249999999709e+04
5.209821250000000146e+04
5.205021250000000146e+04
5.215901249999999709e+04
5.213821250000000146e+04
5.203421250000000146e+04
5.216861250000000291e+04
5.213501249999999709e+04
5.203101249999999709e+04
5.213501249999999709e+04
5.233661250000000291e+04
5.222781250000000000e+04
5.240701249999999709e+04
5.233821250000000146e+04
5.236541249999999854e+04
5.221181250000000000e+04
5.209021250000000146e+04
5.208061250000000291e+04
5.207261250000000291e+04
5.192701249999999709e+04
5.239261250000000291e+04
5.204541249999999854e+04
5.210621250000000146e+04
5.231101249999999709e+04
5.199741249999999854e+04
5.229021250000000146e+04
5.225821250000000146e+04
5.212061250000000291e+04
5.206461250000000291e+04
5.224541249999999854e+04
5.201661250000000291e+04
5.206141249999999854e+04
5.198141249999999854e+04
5.190781250000000000e+04
5.175901249999999709e+04
5.184861250000000291e+04
5.137981250000000000e+04
5.140381250000000000e+04
5.129341249999999854e+04
5.129021250000000146e+04
5.147901249999999709e+04
5.134621250000000146e+04
5.137021250000000146e+04
5.172061250000000291e+04
5.145341249999999854e+04
5.170461250000000291e+04
5.183261250000000291e+04
5.159581250000000000e+04
5.179581250000000000e+04
5.176381250000000000e+04
5.186621250000000146e+04
5.186141249999999854e+04
5.177661250000000291e+04
5.187101249999999709e+04
5.225821250000000146e+04
5.185981250000000000e+04
5.186461250000000291e+04
5.189181250000000000e+04
5.182461250000000291e+04
5.179581250000000000e+04
5.189661250000000291e+04
5.205181250000000000e+04
5.178461250000000291e+04
5.178941249999999854e+04
5.180061250000000291e+04
5.180861250000000291e+04
5.180861250000000291e+04
5.171581250000000000e+04
5.165661250000000291e+04
5.225341249999999854e+04
5.171421250000000146e+04
5.166941249999999854e+04
5.170941249999999854e+04
5.185021250000000146e+04
5.189661250000000291e+04
5.190941249999999854e+04
5.169821250000000146e+04
5.171101249999999709e+04
5.160061250000000291e+04
5.149501249999999709e+04
5.193821250000000146e+04
5.175261250000000291e+04
5.163261250000000291e+04
5.163261250000000291e+04
5.162941249999999854e+04
5.166781250000000000e+04
5.173821250000000146e+04
5.138621250000000146e+04
5.178301249999999709e+04
5.172221250000000146e+04
5.145661250000000291e+04
5.157821250000000146e+04
5.176221250000000146e+04
5.179901249999999709e+04
5.202781250000000000e+04
5.213661250000000291e+04
5.218141249999999854e+04
5.233341249999999854e+04
5.220221250000000146e+04
5.247101249999999709e+04
5.239261250000000291e+04
5.261341249999999854e+04
5.256861250000000291e+04
5.245821250000000146e+04
5.263421250000000146e+04
5.262941249999999854e+04
5.257661250000000291e+04
5.254621250000000146e+04
5.236861250000000291e+04
5.257341249999999854e+04
5.242461250000000291e+04
5.253501249999999709e+04
5.250141249999999854e+04
5.249501249999999709e+04
5.219101249999999709e+04
5.219421250000000146e+04
5.244061250000000291e+04
5.221981250000000000e+04
5.237341249999999854e+04
5.252701249999999709e+04
5.251901249999999709e+04
5.251101249999999709e+04
5.209661250000000291e+04
5.245181250000000000e+04
5.220381250000000000e+04
5.225981250000000000e+04
5.219101249999999709e+04
5.219581250000000000e+04
5.201661250000000291e+04
5.232061250000000291e+04
5.233341249999999854e+04
5.223581250000000000e+04
5.224061250000000291e+04
5.225821250000000146e+04
5.221181250000000000e+04
5.213341249999999854e+04
5.233181250000000000e+04
5.208541249999999854e+04
5.211261250000000291e+04
5.214461250000000291e+04
5.183261250000000291e+04
5.209341249999999854e+04
5.215261250000000291e+04
5.228701249999999709e+04
5.208221250000000146e+04
5.215421250000000146e+04
5.220381250000000000e+04
5.227101249999999709e+04
5.228221250000000146e+04
5.236861250000000291e+04
5.230621250000000146e+04
5.198461250000000291e+04
5.198781250000000000e+04
5.210621250000000146e+04
5.187901249999999709e+04
5.214141249999999854e+04
5.204541249999999854e+04
5.197181250000000000e+04
5.213821250000000146e+04
5.208381250000000000e+04
5.193341249999999854e+04
5.159741249999999854e+04
5.152061250000000291e+04
5.155581250000000000e+04
5.174621250000000146e+04
5.164861250000000291e+04
5.167581250000000000e+04
5.167421250000000146e+04
5.175261250000000291e+04
5.178461250000000291e+04
5.177181250000000000e+04
5.181501249999999709e+04
5.174941249999999854e+04
5.171581250000000000e+04
5.153341249999999854e+04
5.174621250000000146e+04
5.184061250000000291e+04
5.148701249999999709e+04
5.138941249999999854e+04
5.165021250000000146e+04
5.154621250000000146e+04
5.151261250000000291e+04
5.163101249999999709e+04
5.159421250000000146e+04
5.132061250000000291e+04
5.150621250000000146e+04
5.142781250000000000e+04
5.129341249999999854e+04
5.126301249999999709e+04
5.122301249999999709e+04
5.146461250000000291e+04
5.139581250000000000e+04
5.175901249999999709e+04
5.153341249999999854e+04
5.148701249999999709e+04
5.183901249999999709e+04
5.179901249999999709e+04
5.174141249999999854e+04
5.171581250000000000e+04
5.166941249999999854e+04
5.173821250000000146e+04
5.175741249999999854e+04
5.176701249999999709e+04
5.194941249999999854e+04
5.186941249999999854e+04
5.169661250000000291e+04
5.166941249999999854e+04
5.152381250000000000e+04
5.153501249999999709e+04
5.160221250000000146e+04
5.166141249999999854e+04
5.166781250000000000e+04
5.157341249999999854e+04
5.142941249999999854e+04
5.153501249999999709e+04
5.177981250000000000e+04
5.146781250000000000e+04
5.146941249999999854e+04
5.155261250000000291e+04
5.149181250000000000e+04
5.161181250000000000e+04
5.163101249999999709e+04
5.136541249999999854e+04
5.151741249999999854e+04
5.171101249999999709e+04
5.173821250000000146e+04
5.179101249999999709e+04
5.163101249999999709e+04
5.156381250000000000e+04
5.159741249999999854e+04
5.149021250000000146e+04
5.155901249999999709e+04
5.173821250000000146e+04
5.165981250000000000e+04
5.169021250000000146e+04
5.137661250000000291e+04
5.138941249999999854e+04
5.128381250000000000e+04
5.137661250000000291e+04
5.151741249999999854e+04
5.138461250000000291e+04
5.137341249999999854e+04
5.152701249999999709e+04
5.169181250000000000e+04
5.155261250000000291e+04
5.163101249999999709e+04
5.155261250000000291e+04
5.154621250000000146e+04
5.138461250000000291e+04
5.150461250000000291e+04
5.169501249999999709e+04
5.180541249999999854e+04
5.171261250000000291e+04
5.150781250000000000e+04
5.142621250000000146e+04
5.138301249999999709e+04
5.154301249999999709e+04
5.157181250000000000e+04
5.149501249999999709e+04
5.149181250000000000e+04
5.144221250000000146e+04
5.142781250000000000e+04
5.128861250000000291e+04
5.128861250000000291e+04
4.713341249999999854e+04
4.827901249999999709e+04
5.010301249999999709e+04
5.149981250000000000e+04
5.336381250000000000e+04
5.524061250000000291e+04
5.621341249999999854e+04
5.745981250000000000e+04
5.847101249999999709e+04
5.908701249999999709e+04
5.997181250000000000e+04
5.954781874999999854e+04
5.984381874999999854e+04
5.982621875000000000e+04
6.040061250000000291e+04
6.003101875000000291e+04
6.044701249999999709e+04
6.026781250000000000e+04
5.993341249999999854e+04
5.941341249999999854e+04
5.957501249999999709e+04
5.907741249999999854e+04
5.888221250000000146e+04
5.884701249999999709e+04
5.865661250000000291e+04
5.856061250000000291e+04
5.850141249999999854e+04
5.833181250000000000e+04
5.802941249999999854e+04
5.782781250000000000e+04
5.752541249999999854e+04
5.707421250000000146e+04
5.691261250000000291e+04
5.674781250000000000e+04
5.640381250000000000e+04
5.663581250000000000e+04
5.614461250000000291e+04
5.592381250000000000e+04
5.573501249999999709e+04
5.556381250000000000e+04
5.528061250000000291e+04
5.522301249999999709e+04
5.509501249999999709e+04
5.476221250000000146e+04
5.472221250000000146e+04
5.428541249999999854e+04
5.441181250000000000e+04
5.422301249999999709e+04
5.389981250000000000e+04
5.403901249999999709e+04
5.392701249999999709e+04
5.400381250000000000e+04
5.391261250000000291e+04
5.388061250000000291e+04
5.381021250000000146e+04
5.362941249999999854e+04
5.365501249999999709e+04
5.348061250000000291e+04
5.336061250000000291e+04
5.337501249999999709e+04
5.344541249999999854e+04
5.325021250000000146e+04
5.332701249999999709e+04
5.339741249999999854e+04
5.312541249999999854e+04
5.320541249999999854e+04
5.309021250000000146e+04
5.305341249999999854e+04
5.309341249999999854e+04
5.282301249999999709e+04
5.281821250000000146e+04
5.285661250000000291e+04
5.310301249999999709e+04
5.289501249999999709e+04
5.289341249999999854e+04
5.285341249999999854e+04
5.308701249999999709e+04
5.291421250000000146e+04
5.288061250000000291e+04
5.279421250000000146e+04
5.303741249999999854e+04
5.292701249999999709e+04
5.285021250000000146e+04
5.294141249999999854e+04
5.311421250000000146e+04
5.305021250000000146e+04
5.326301249999999709e+04
5.287101249999999709e+04
5.303421250000000146e+04
5.299741249999999854e+04
5.285981250000000000e+04
5.311901249999999709e+04
5.277821250000000146e+04
5.281021250000000146e+04
5.284541249999999854e+04
5.275581250000000000e+04
5.258621250000000146e+04
5.261661250000000291e+04
5.267581250000000000e+04
5.280381250000000000e+04
5.277501249999999709e+04
5.267421250000000146e+04
5.283261250000000291e+04
5.269821250000000146e+04
5.267581250000000000e+04
5.269661250000000291e+04
5.248861250000000291e+04
5.247261250000000291e+04
5.246621250000000146e+04
5.271101249999999709e+04
5.245501249999999709e+04
5.228701249999999709e+04
5.241341249999999854e+04
5.222301249999999709e+04
5.225661250000000291e+04
5.216061250000000291e+04
5.216541249999999854e+04
5.229341249999999854e+04
5.199261250000000291e+04
5.178941249999999854e+04
5.202781250000000000e+04
5.208221250000000146e+04
5.216381250000000000e+04
5.231741249999999854e+04
5.224221250000000146e+04
5.238941249999999854e+04
5.255101249999999709e+04
5.269181250000000000e+04
5.259581250000000000e+04
5.271421250000000146e+04
5.244381250000000000e+04
5.233021250000000146e+04
5.224061250000000291e+04
5.263581250000000000e+04
5.255741249999999854e+04
5.257501249999999709e+04
5.270461250000000291e+04
5.256061250000000291e+04
5.274621250000000146e+04
5.278461250000000291e+04
5.265341249999999854e+04
5.257341249999999854e+04
5.258141249999999854e+04
5.268701249999999709e+04
5.242621250000000146e+04
5.273341249999999854e+04
5.255901249999999709e+04
5.260541249999999854e+04
5.291901249999999709e+04
5.267901249999999709e+04
5.264701249999999709e+04
5.251581250000000000e+04
5.271581250000000000e+04
5.263101249999999709e+04
5.217821250000000146e+04
5.243261250000000291e+04
5.222461250000000291e+04
5.242621250000000146e+04
5.226621250000000146e+04
5.231421250000000146e+04
5.242141249999999854e+04
5.229341249999999854e+04
5.226621250000000146e+04
5.223261250000000291e+04
5.222461250000000291e+04
5.227901249999999709e+04
5.220861250000000291e+04
5.231101249999999709e+04
5.213981250000000000e+04
5.220701249999999709e+04
5.243581250000000000e+04
5.253981250000000000e+04
5.248541249999999854e+04
5.245661250000000291e+04
5.255901249999999709e+04
5.237661250000000291e+04
5.254141249999999854e+04
5.238621250000000146e+04
5.266781250000000000e+04
5.260861250000000291e+04
5.257021250000000146e+04
5.243741249999999854e+04
5.254941249999999854e+04
5.250781250000000000e+04
5.237661250000000291e+04
5.233341249999999854e+04
5.237181250000000000e+04
5.220861250000000291e+04
5.232541249999999854e+04
5.219581250000000000e+04
5.221661250000000291e+04
5.195901249999999709e+04
5.206301249999999709e+04
5.187421250000000146e+04
5.193501249999999709e+04
5.218461250000000291e+04
5.213981250000000000e+04
5.225021250000000146e+04
5.219901249999999709e+04
5.221181250000000000e+04
5.206461250000000291e+04
5.207581250000000000e+04
5.202461250000000291e+04
5.210141249999999854e+04
5.213821250000000146e+04
5.189661250000000291e+04
5.212861250000000291e+04
5.209341249999999854e+04
5.207741249999999854e+04
5.213821250000000146e+04
5.221981250000000000e+04
5.193341249999999854e+04
5.195101249999999709e+04
5.202781250000000000e+04
5.188861250000000291e+04
5.177021250000000146e+04
5.196861250000000291e+04
5.168701249999999709e+04
5.197181250000000000e+04
5.232061250000000291e+04
5.242941249999999854e+04
5.276701249999999709e+04
5.291101249999999709e+04
5.298781250000000000e+04
5.323421250000000146e+04
5.321341249999999854e+04
5.331581250000000000e+04
5.309341249999999854e+04
5.339901249999999709e+04
5.330301249999999709e+04
5.343421250000000146e+04
5.356061250000000291e+04
5.335261250000000291e+04
5.353661250000000291e+04
5.359581250000000000e+04
5.367101249999999709e+04
5.337981250000000000e+04
5.341661250000000291e+04
5.349661250000000291e+04
5.340861250000000291e+04
5.348541249999999854e+04
5.359421250000000146e+04
5.346141249999999854e+04
5.357821250000000146e+04
5.362621250000000146e+04
5.345501249999999709e+04
5.346621250000000146e+04
5.379581250000000000e+04
5.378141249999999854e+04
5.374621250000000146e+04
5.378461250000000291e+04
5.389821250000000146e+04
5.365181250000000000e+04
5.350141249999999854e+04
5.360701249999999709e+04
5.376541249999999854e+04
5.374621250000000146e+04
5.383901249999999709e+04
5.382301249999999709e+04
5.376061250000000291e+04
5.362941249999999854e+04
5.350141249999999854e+04
5.348861250000000291e+04
5.350301249999999709e+04
5.336541249999999854e+04
5.344541249999999854e+04
5.299421250000000146e+04
5.323101249999999709e+04
5.338141249999999854e+04
5.322461250000000291e+04
5.332541249999999854e+04
5.345981250000000000e+04
5.354141249999999854e+04
5.361021250000000146e+04
5.353181250000000000e+04
5.347581250000000000e+04
5.355101249999999709e+04
5.344061250000000291e+04
5.329661250000000291e+04
5.341341249999999854e+04
5.367101249999999709e+04
5.365661250000000291e+04
5.357341249999999854e+04
5.359581250000000000e+04
5.356541249999999854e+04
5.377021250000000146e+04
5.350781250000000000e+04
5.351261250000000291e+04
5.350941249999999854e+04
5.345661250000000291e+04
5.350301249999999709e+04
5.336061250000000291e+04
5.328541249999999854e+04
5.343581250000000000e+04
5.324861250000000291e+04
5.337821250000000146e+04
5.337501249999999709e+04
5.336701249999999709e+04
5.352541249999999854e+04
5.349501249999999709e+04
5.324701249999999709e+04
5.333181250000000000e+04
5.327101249999999709e+04
5.317341249999999854e+04
5.328221250000000146e+04
5.329981250000000000e+04
5.305821250000000146e+04
5.317821250000000146e+04
5.350621250000000146e+04
5.298941249999999854e+04
5.316381250000000000e+04
5.300061250000000291e+04
5.298141249999999854e+04
5.295901249999999709e+04
5.277661250000000291e+04
5.273501249999999709e+04
5.293661250000000291e+04
5.304861250000000291e+04
5.313981250000000000e+04
5.325821250000000146e+04
5.308061250000000291e+04
5.310141249999999854e+04
5.306941249999999854e+04
5.320701249999999709e+04
5.302941249999999854e+04
5.329501249999999709e+04
5.351421250000000146e+04
5.334461250000000291e+04
5.314301249999999709e+04
5.336701249999999709e+04
5.329021250000000146e+04
5.293021250000000146e+04
5.331101249999999709e+04
5.323421250000000146e+04
5.315581250000000000e+04
5.322461250000000291e+04
5.323741249999999854e+04
5.321821250000000146e+04
5.317341249999999854e+04
5.306781250000000000e+04
5.298461250000000291e+04
5.292381250000000000e+04
5.323261250000000291e+04
5.322461250000000291e+04
5.313661250000000291e+04
5.316541249999999854e+04
5.305341249999999854e+04
5.318621250000000146e+04
5.319101249999999709e+04
5.385501249999999709e+04
5.350941249999999854e+04
5.306141249999999854e+04
5.293021250000000146e+04
5.308061250000000291e+04
5.295901249999999709e+04
5.288381250000000000e+04
5.307901249999999709e+04
5.313341249999999854e+04
5.341181250000000000e+04
5.310941249999999854e+04
5.286461250000000291e+04
5.281341249999999854e+04
5.267901249999999709e+04
5.251581250000000000e+04
5.258621250000000146e+04
5.290461250000000291e+04
5.299421250000000146e+04
5.294941249999999854e+04
5.299421250000000146e+04
5.300701249999999709e+04
5.287901249999999709e+04
5.281661250000000291e+04
5.287581250000000000e+04
5.293341249999999854e+04
5.311101249999999709e+04
5.291261250000000291e+04
5.274461250000000291e+04
5.295581250000000000e+04
5.308381250000000000e+04
5.301661250000000291e+04
5.306941249999999854e+04
5.302621250000000146e+04
5.298461250000000291e+04
5.304061250000000291e+04
5.309181250000000000e+04
5.315261250000000291e+04
5.304701249999999709e+04
5.293821250000000146e+04
5.319421250000000146e+04
5.298941249999999854e+04
5.289501249999999709e+04
5.289501249999999709e+04
4.646621250000000146e+04
4.754781250000000000e+04
4.906941249999999854e+04
5.134141249999999854e+04
5.291581250000000000e+04
5.462461250000000291e+04
5.620221250000000146e+04
5.722781250000000000e+04
5.794941249999999854e+04
5.878781250000000000e+04
5.918461250000000291e+04
5.964221250000000146e+04
5.977021250000000146e+04
5.982621250000000146e+04
5.976221250000000146e+04
5.969501249999999709e+04
5.956381250000000000e+04
5.944861250000000291e+04
5.914781250000000000e+04
5.896861250000000291e+04
5.851581250000000000e+04
5.834781250000000000e+04
5.832221250000000146e+04
5.834621250000000146e+04
5.801341249999999854e+04
5.793341249999999854e+04
5.782301249999999709e+04
5.763101249999999709e+04
5.742141249999999854e+04
5.708701249999999709e+04
5.690141249999999854e+04
5.647421250000000146e+04
5.608061250000000291e+04
5.576861250000000291e+04
5.573021250000000146e+04
5.536381250000000000e+04
5.520381250000000000e+04
5.521181250000000000e+04
5.485181250000000000e+04
5.461981250000000000e+04
5.429181250000000000e+04
5.417981250000000000e+04
5.404221250000000146e+04
5.386941249999999854e+04
5.331741249999999854e+04
5.336221250000000146e+04
5.341821250000000146e+04
5.319421250000000146e+04
5.317821250000000146e+04
5.312221250000000146e+04
5.302941249999999854e+04
5.277021250000000146e+04
5.285661250000000291e+04
5.257981250000000000e+04
5.265981250000000000e+04
5.268061250000000291e+04
5.244701249999999709e+04
5.241981250000000000e+04
5.238621250000000146e+04
5.216221250000000146e+04
5.216221250000000146e+04
5.222301249999999709e+04
5.227741249999999854e+04
5.203421250000000146e+04
5.226141249999999854e+04
5.224221250000000146e+04
5.191741249999999854e+04
5.202941249999999854e+04
5.193341249999999854e+04
5.181501249999999709e+04
5.185501249999999709e+04
5.211261250000000291e+04
5.204381250000000000e+04
5.194141249999999854e+04
5.212061250000000291e+04
5.210141249999999854e+04
5.206461250000000291e+04
5.241661250000000291e+04
5.221661250000000291e+04
5.218301249999999709e+04
5.209181250000000000e+04
5.247261250000000291e+04
5.221021250000000146e+04
5.245341249999999854e+04
5.237501249999999709e+04
5.240381250000000000e+04
5.218301249999999709e+04
5.216541249999999854e+04
5.229341249999999854e+04
5.221021250000000146e+04
5.221021250000000146e+04
5.225021250000000146e+04
5.185981250000000000e+04
5.180701249999999709e+04
5.180701249999999709e+04
5.208541249999999854e+04
5.205661250000000291e+04
5.198141249999999854e+04
5.199901249999999709e+04
5.202141249999999854e+04
5.195741249999999854e+04
5.191901249999999709e+04
5.189821250000000146e+04
5.181021250000000146e+04
5.170141249999999854e+04
5.186781250000000000e+04
5.181981250000000000e+04
5.173501249999999709e+04
5.162141249999999854e+04
5.147901249999999709e+04
5.133181250000000000e+04
5.120061250000000291e+04
5.171101249999999709e+04
5.154141249999999854e+04
5.141821250000000146e+04
5.122621250000000146e+04
5.149341249999999854e+04
5.122941249999999854e+04
5.100381250000000000e+04
5.160381250000000000e+04
5.157981250000000000e+04
5.177181250000000000e+04
5.171101249999999709e+04
5.183741249999999854e+04
5.167101249999999709e+04
5.208061250000000291e+04
5.198781250000000000e+04
5.212381250000000000e+04
5.208541249999999854e+04
5.230781250000000000e+04
5.210621250000000146e+04
5.191101249999999709e+04
5.198461250000000291e+04
5.197661250000000291e+04
5.203581250000000000e+04
5.214461250000000291e+04
5.176861250000000291e+04
5.188541249999999854e+04
5.172221250000000146e+04
5.176701249999999709e+04
5.208221250000000146e+04
5.182621250000000146e+04
5.177501249999999709e+04
5.211741249999999854e+04
5.179581250000000000e+04
5.180541249999999854e+04
5.184701249999999709e+04
5.189981250000000000e+04
5.190781250000000000e+04
5.170141249999999854e+04
5.192541249999999854e+04
5.173981250000000000e+04
5.157821250000000146e+04
5.152381250000000000e+04
5.150781250000000000e+04
5.146141249999999854e+04
5.148701249999999709e+04
5.154301249999999709e+04
5.127101249999999709e+04
5.165981250000000000e+04
5.163901249999999709e+04
5.149821250000000146e+04
5.148541249999999854e+04
5.168381250000000000e+04
5.143421250000000146e+04
5.164541249999999854e+04
5.145341249999999854e+04
5.137501249999999709e+04
5.135741249999999854e+04
5.155421250000000146e+04
5.142461250000000291e+04
5.112221250000000146e+04
5.156061250000000291e+04
5.130781250000000000e+04
5.121021250000000146e+04
5.132061250000000291e+04
5.121981250000000000e+04
5.116541249999999854e+04
5.124061250000000291e+04
5.117821250000000146e+04
5.113981250000000000e+04
5.127261250000000291e+04
5.124861250000000291e+04
5.133021250000000146e+04
5.119421250000000146e+04
5.123901249999999709e+04
5.144701249999999709e+04
5.157981250000000000e+04
5.178301249999999709e+04
5.176701249999999709e+04
5.146141249999999854e+04
5.157021250000000146e+04
5.172861250000000291e+04
5.185821250000000146e+04
5.168061250000000291e+04
5.162621250000000146e+04
5.186461250000000291e+04
5.187581250000000000e+04
5.165981250000000000e+04
5.180541249999999854e+04
5.168861250000000291e+04
5.173981250000000000e+04
5.161981250000000000e+04
5.173021250000000146e+04
5.158141249999999854e+04
5.161981250000000000e+04
5.172861250000000291e+04
5.181501249999999709e+04
5.171101249999999709e+04
5.165341249999999854e+04
5.146781250000000000e+04
5.174941249999999854e+04
5.172061250000000291e+04
5.149501249999999709e+04
5.155421250000000146e+04
5.128861250000000291e+04
5.138141249999999854e+04
5.158621250000000146e+04
5.156061250000000291e+04
5.170141249999999854e+04
5.177981250000000000e+04
5.200861250000000291e+04
5.211741249999999854e+04
5.217021250000000146e+04
5.210301249999999709e+04
5.210141249999999854e+04
5.205181250000000000e+04
5.209501249999999709e+04
5.216061250000000291e+04
5.209021250000000146e+04
5.213981250000000000e+04
5.190621250000000146e+04
5.199101249999999709e+04
5.196061250000000291e+04
5.228541249999999854e+04
5.218621250000000146e+04
5.208861250000000291e+04
5.229821250000000146e+04
5.219421250000000146e+04
5.200701249999999709e+04
5.208701249999999709e+04
5.213501249999999709e+04
5.219901249999999709e+04
5.219901249999999709e+04
5.252061250000000291e+04
5.218301249999999709e+04
5.238301249999999709e+04
5.230941249999999854e+04
5.238621250000000146e+04
5.237181250000000000e+04
5.242141249999999854e+04
5.229821250000000146e+04
5.212221250000000146e+04
5.211581250000000000e+04
5.216381250000000000e+04
5.196061250000000291e+04
5.204381250000000000e+04
5.206141249999999854e+04
5.233661250000000291e+04
5.212861250000000291e+04
5.223741249999999854e+04
5.228061250000000291e+04
5.211581250000000000e+04
5.208541249999999854e+04
5.209021250000000146e+04
5.190941249999999854e+04
5.191581250000000000e+04
5.221181250000000000e+04
5.218301249999999709e+04
5.227901249999999709e+04
5.239421250000000146e+04
5.217341249999999854e+04
5.221341249999999854e+04
5.214141249999999854e+04
5.218781250000000000e+04
5.199741249999999854e+04
5.218621250000000146e+04
5.212861250000000291e+04
5.213341249999999854e+04
5.217181250000000000e+04
5.214781250000000000e+04
5.218781250000000000e+04
5.224061250000000291e+04
5.196061250000000291e+04
5.197021250000000146e+04
5.203581250000000000e+04
5.200701249999999709e+04
5.189501249999999709e+04
5.198461250000000291e+04
5.177501249999999709e+04
5.178621250000000146e+04
5.166141249999999854e+04
5.162781250000000000e+04
5.179101249999999709e+04
5.197981250000000000e+04
5.165821250000000146e+04
5.171581250000000000e+04
5.171581250000000000e+04
5.174941249999999854e+04
5.192061250000000291e+04
5.181181250000000000e+04
5.184381250000000000e+04
5.180381250000000000e+04
5.183741249999999854e+04
5.189981250000000000e+04
5.162781250000000000e+04
5.192861250000000291e+04
5.171581250000000000e+04
5.205021250000000146e+04
5.185981250000000000e+04
5.192221250000000146e+04
5.172861250000000291e+04
5.167901249999999709e+04
5.166941249999999854e+04
5.162301249999999709e+04
5.171581250000000000e+04
5.188541249999999854e+04
5.192221250000000146e+04
5.210941249999999854e+04
5.226781250000000000e+04
5.238461250000000291e+04
5.231741249999999854e+04
5.256861250000000291e+04
5.234461250000000291e+04
5.245021250000000146e+04
5.266621250000000146e+04
5.256221250000000146e+04
5.255901249999999709e+04
5.252221250000000146e+04
5.246461250000000291e+04
5.233661250000000291e+04
5.231581250000000000e+04
5.262301249999999709e+04
5.248061250000000291e+04
5.244861250000000291e+04
5.234301249999999709e+04
5.265181250000000000e+04
5.249981250000000000e+04
5.248701249999999709e+04
5.237181250000000000e+04
5.246941249999999854e+04
5.249181250000000000e+04
5.246301249999999709e+04
5.244861250000000291e+04
5.266781250000000000e+04
5.253021250000000146e+04
5.253661250000000291e+04
5.257181250000000000e+04
5.242941249999999854e+04
5.237021250000000146e+04
5.211261250000000291e+04
5.214301249999999709e+04
5.211421250000000146e+04
5.222301249999999709e+04
5.230781250000000000e+04
5.214941249999999854e+04
5.221501249999999709e+04
5.213181250000000000e+04
5.222141249999999854e+04
5.214621250000000146e+04
5.207261250000000291e+04
5.240701249999999709e+04
5.200221250000000146e+04
5.214621250000000146e+04
5.223581250000000000e+04
5.233821250000000146e+04
5.239421250000000146e+04
5.246141249999999854e+04
5.224221250000000146e+04
5.237341249999999854e+04
5.224541249999999854e+04
5.235101249999999709e+04
5.221341249999999854e+04
5.235261250000000291e+04
5.235101249999999709e+04
5.233501249999999709e+04
5.252541249999999854e+04
5.237341249999999854e+04
5.207261250000000291e+04
5.229181250000000000e+04
5.216061250000000291e+04
5.213181250000000000e+04
5.212221250000000146e+04
5.194461250000000291e+04
5.197501249999999709e+04
5.193181250000000000e+04
5.180701249999999709e+04
5.161821250000000146e+04
5.185661250000000291e+04
5.178141249999999854e+04
5.177981250000000000e+04
5.168541249999999854e+04
4.662621250000000146e+04
4.716701249999999709e+04
4.870301249999999709e+04
5.045021250000000146e+04
5.241981250000000000e+04
5.397181250000000000e+04
5.543741249999999854e+04
5.673501249999999709e+04
5.822141249999999854e+04
5.864701249999999709e+04
5.812863124999999854e+04
5.969981250000000000e+04
5.947581874999999854e+04
5.996701249999999709e+04
6.006941249999999854e+04
6.012061250000000291e+04
5.991101249999999709e+04
5.971901249999999709e+04
5.943421250000000146e+04
5.920701249999999709e+04
5.922301249999999709e+04
5.933661250000000291e+04
5.911261250000000291e+04
5.877181250000000000e+04
5.884221250000000146e+04
5.835581250000000000e+04
5.828221250000000146e+04
5.806781250000000000e+04
5.759741249999999854e+04
5.726781250000000000e+04
5.729021250000000146e+04
5.680701249999999709e+04
5.693181250000000000e+04
5.639261250000000291e+04
5.612701249999999709e+04
5.587901249999999709e+04
5.592541249999999854e+04
5.545821250000000146e+04
5.540061250000000291e+04
5.508701249999999709e+04
5.510621250000000146e+04
5.482941249999999854e+04
5.459421250000000146e+04
5.439101249999999709e+04
5.435581250000000000e+04
5.430141249999999854e+04
5.417501249999999709e+04
5.404701249999999709e+04
5.382621250000000146e+04
5.393501249999999709e+04
5.381981250000000000e+04
5.369661250000000291e+04
5.352701249999999709e+04
5.366621250000000146e+04
5.363741249999999854e+04
5.350141249999999854e+04
5.346301249999999709e+04
5.325981250000000000e+04
5.313341249999999854e+04
5.310621250000000146e+04
5.301181250000000000e+04
5.323261250000000291e+04
5.309821250000000146e+04
5.290461250000000291e+04
5.296701249999999709e+04
5.289661250000000291e+04
5.305341249999999854e+04
5.285181250000000000e+04
5.252061250000000291e+04
5.309981250000000000e+04
5.292061250000000291e+04
5.280381250000000000e+04
5.307421250000000146e+04
5.287581250000000000e+04
5.280701249999999709e+04
5.286941249999999854e+04
5.300381250000000000e+04
5.302141249999999854e+04
5.307421250000000146e+04
5.309021250000000146e+04
5.295581250000000000e+04
5.281661250000000291e+04
5.300701249999999709e+04
5.291901249999999709e+04
5.286461250000000291e+04
5.285981250000000000e+04
5.288381250000000000e+04
5.284541249999999854e+04
5.283581250000000000e+04
5.287261250000000291e+04
5.262781250000000000e+04
5.269981250000000000e+04
5.266941249999999854e+04
5.254781250000000000e+04
5.255901249999999709e+04
5.251581250000000000e+04
5.265021250000000146e+04
5.264861250000000291e+04
5.234461250000000291e+04
5.246781250000000000e+04
5.246941249999999854e+04
5.232221250000000146e+04
5.252061250000000291e+04
5.233181250000000000e+04
5.258461250000000291e+04
5.234621250000000146e+04
5.251101249999999709e+04
5.240381250000000000e+04
5.248701249999999709e+04
5.237821250000000146e+04
5.224061250000000291e+04
5.223261250000000291e+04
5.219101249999999709e+04
5.222141249999999854e+04
5.239741249999999854e+04
5.246621250000000146e+04
5.229181250000000000e+04
5.235581250000000000e+04
5.241021250000000146e+04
5.241981250000000000e+04
5.247261250000000291e+04
5.263421250000000146e+04
5.267421250000000146e+04
5.244541249999999854e+04
5.265501249999999709e+04
5.274941249999999854e+04
5.280541249999999854e+04
5.290301249999999709e+04
5.287741249999999854e+04
5.280541249999999854e+04
5.278141249999999854e+04
5.305181250000000000e+04
5.275261250000000291e+04
5.284221250000000146e+04
5.284221250000000146e+04
5.283101249999999709e+04
5.283901249999999709e+04
5.274301249999999709e+04
5.291741249999999854e+04
5.262941249999999854e+04
5.241501249999999709e+04
5.258301249999999709e+04
5.237021250000000146e+04
5.256381250000000000e+04
5.247741249999999854e+04
5.254941249999999854e+04
5.258461250000000291e+04
5.253661250000000291e+04
5.264381250000000000e+04
5.250461250000000291e+04
5.242301249999999709e+04
5.232061250000000291e+04
5.260701249999999709e+04
5.237821250000000146e+04
5.250941249999999854e+04
5.253661250000000291e+04
5.238781250000000000e+04
5.278301249999999709e+04
5.253821250000000146e+04
5.242461250000000291e+04
5.240861250000000291e+04
5.249821250000000146e+04
5.225981250000000000e+04
5.229821250000000146e+04
5.245501249999999709e+04
5.225821250000000146e+04
5.225021250000000146e+04
5.233981250000000000e+04
5.218621250000000146e+04
5.237821250000000146e+04
5.245821250000000146e+04
5.266461250000000291e+04
5.245341249999999854e+04
5.241501249999999709e+04
5.239741249999999854e+04
5.217181250000000000e+04
5.241181250000000000e+04
5.258781250000000000e+04
5.214461250000000291e+04
5.231421250000000146e+04
5.223741249999999854e+04
5.255741249999999854e+04
5.251901249999999709e+04
5.238141249999999854e+04
5.257181250000000000e+04
5.226141249999999854e+04
5.236221250000000146e+04
5.257341249999999854e+04
5.233021250000000146e+04
5.220861250000000291e+04
5.217821250000000146e+04
5.237981250000000000e+04
5.235901249999999709e+04
5.233981250000000000e+04
5.232541249999999854e+04
5.235261250000000291e+04
5.241501249999999709e+04
5.241021250000000146e+04
5.235101249999999709e+04
5.241181250000000000e+04
5.217661250000000291e+04
5.230461250000000291e+04
5.213661250000000291e+04
5.209021250000000146e+04
5.208541249999999854e+04
5.221821250000000146e+04
5.207261250000000291e+04
5.222301249999999709e+04
5.223581250000000000e+04
5.201661250000000291e+04
5.220221250000000146e+04
5.218301249999999709e+04
5.217981250000000000e+04
5.205181250000000000e+04
5.205501249999999709e+04
5.207421250000000146e+04
5.260701249999999709e+04
5.290621250000000146e+04
5.300701249999999709e+04
5.309181250000000000e+04
5.318621250000000146e+04
5.328541249999999854e+04
5.366781250000000000e+04
5.354781250000000000e+04
5.362621250000000146e+04
5.364221250000000146e+04
5.363421250000000146e+04
5.369661250000000291e+04
5.372701249999999709e+04
5.365021250000000146e+04
5.369661250000000291e+04
5.401501249999999709e+04
5.362941249999999854e+04
5.392701249999999709e+04
5.364861250000000291e+04
5.365501249999999709e+04
5.350621250000000146e+04
5.343581250000000000e+04
5.371421250000000146e+04
5.353981250000000000e+04
5.356861250000000291e+04
5.345661250000000291e+04
5.365981250000000000e+04
5.364541249999999854e+04
5.374301249999999709e+04
5.363101249999999709e+04
5.368861250000000291e+04
5.379901249999999709e+04
5.370461250000000291e+04
5.396701249999999709e+04
5.388541249999999854e+04
5.356221250000000146e+04
5.365821250000000146e+04
5.370461250000000291e+04
5.374141249999999854e+04
5.361181250000000000e+04
5.359421250000000146e+04
5.351101249999999709e+04
5.363741249999999854e+04
5.339101249999999709e+04
5.354461250000000291e+04
5.341341249999999854e+04
5.341821250000000146e+04
5.326941249999999854e+04
5.339901249999999709e+04
5.337661250000000291e+04
5.333821250000000146e+04
5.351901249999999709e+04
5.360061250000000291e+04
5.362461250000000291e+04
5.356061250000000291e+04
5.373341249999999854e+04
5.368381250000000000e+04
5.401181250000000000e+04
5.371741249999999854e+04
5.365821250000000146e+04
5.355901249999999709e+04
5.338141249999999854e+04
5.340861250000000291e+04
5.331581250000000000e+04
5.322621250000000146e+04
5.323581250000000000e+04
5.312381250000000000e+04
5.311261250000000291e+04
5.282621250000000146e+04
5.323741249999999854e+04
5.322141249999999854e+04
5.316541249999999854e+04
5.314941249999999854e+04
5.329181250000000000e+04
5.327741249999999854e+04
5.324701249999999709e+04
5.314301249999999709e+04
5.287421250000000146e+04
5.295421250000000146e+04
5.308061250000000291e+04
5.290461250000000291e+04
5.309501249999999709e+04
5.294141249999999854e+04
5.300221250000000146e+04
5.281341249999999854e+04
5.296381250000000000e+04
5.288541249999999854e+04
5.298141249999999854e+04
5.299901249999999709e+04
5.299101249999999709e+04
5.287261250000000291e+04
5.279581250000000000e+04
5.284701249999999709e+04
5.270941249999999854e+04
5.299901249999999709e+04
5.290621250000000146e+04
5.283581250000000000e+04
5.299101249999999709e+04
5.298301249999999709e+04
5.320061250000000291e+04
5.357501249999999709e+04
5.355101249999999709e+04
5.352221250000000146e+04
5.321981250000000000e+04
5.331101249999999709e+04
5.331741249999999854e+04
5.346781250000000000e+04
5.327901249999999709e+04
5.324221250000000146e+04
5.332861250000000291e+04
5.333341249999999854e+04
5.343581250000000000e+04
5.328701249999999709e+04
5.329341249999999854e+04
5.329341249999999854e+04
5.312541249999999854e+04
5.317501249999999709e+04
5.326621250000000146e+04
5.322941249999999854e+04
5.334461250000000291e+04
5.347101249999999709e+04
5.329981250000000000e+04
5.332701249999999709e+04
5.320061250000000291e+04
5.315741249999999854e+04
5.309341249999999854e+04
5.308541249999999854e+04
5.332381250000000000e+04
5.328541249999999854e+04
5.323101249999999709e+04
5.303261250000000291e+04
5.295741249999999854e+04
5.280861250000000291e+04
5.280861250000000291e+04
5.304861250000000291e+04
5.312061250000000291e+04
5.288701249999999709e+04
5.288701249999999709e+04
5.303901249999999709e+04
5.306461250000000291e+04
5.329341249999999854e+04
5.304381250000000000e+04
5.286621250000000146e+04
5.298141249999999854e+04
5.313821250000000146e+04
5.297181250000000000e+04
5.318621250000000146e+04
5.312381250000000000e+04
5.304221250000000146e+04
5.322941249999999854e+04
5.302141249999999854e+04
5.320861250000000291e+04
5.336541249999999854e+04
5.330461250000000291e+04
5.322461250000000291e+04
5.318941249999999854e+04
5.283421250000000146e+04
5.307581250000000000e+04
5.323421250000000146e+04
5.329661250000000291e+04
5.306461250000000291e+04
5.336061250000000291e+04
5.317021250000000146e+04
5.316381250000000000e+04
5.325341249999999854e+04
5.322781250000000000e+04
5.313821250000000146e+04
5.325981250000000000e+04
5.323421250000000146e+04
5.307901249999999709e+04
5.310141249999999854e+04
5.345821250000000146e+04
5.328541249999999854e+04
5.339901249999999709e+04
5.318941249999999854e+04
5.318941249999999854e+04
4.685821250000000146e+04
4.805021250000000146e+04
4.968061250000000291e+04
5.182141249999999854e+04
5.316221250000000146e+04
5.479581250000000000e+04
5.608381250000000000e+04
5.750781250000000000e+04
5.814301249999999709e+04
5.898301249999999709e+04
5.940701249999999709e+04
5.969181250000000000e+04
5.993661250000000291e+04
5.992381250000000000e+04
5.953341249999999854e+04
5.929821875000000000e+04
5.945821250000000146e+04
5.925501249999999709e+04
5.936381250000000000e+04
5.925181250000000000e+04
5.888221250000000146e+04
5.881181250000000000e+04
5.847741249999999854e+04
5.829661250000000291e+04
5.802461250000000291e+04
5.770461250000000291e+04
5.733661250000000291e+04
5.718781250000000000e+04
5.679421250000000146e+04
5.657181250000000000e+04
5.637341249999999854e+04
5.607581250000000000e+04
5.575901249999999709e+04
5.566621250000000146e+04
5.550301249999999709e+04
5.512541249999999854e+04
5.503101249999999709e+04
5.486141249999999854e+04
5.497821250000000146e+04
5.422461250000000291e+04
5.447421250000000146e+04
5.411581250000000000e+04
5.421021250000000146e+04
5.403101249999999709e+04
5.380701249999999709e+04
5.382621250000000146e+04
5.373501249999999709e+04
5.366941249999999854e+04
5.349181250000000000e+04
5.340701249999999709e+04
5.323261250000000291e+04
5.342781250000000000e+04
5.318941249999999854e+04
5.321661250000000291e+04
5.295581250000000000e+04
5.308061250000000291e+04
5.281981250000000000e+04
5.275581250000000000e+04
5.269181250000000000e+04
5.257981250000000000e+04
5.260701249999999709e+04
5.235901249999999709e+04
5.242301249999999709e+04
5.244861250000000291e+04
5.254781250000000000e+04
5.255741249999999854e+04
5.280861250000000291e+04
5.279901249999999709e+04
5.254941249999999854e+04
5.254141249999999854e+04
5.259261250000000291e+04
5.252061250000000291e+04
5.264861250000000291e+04
5.242941249999999854e+04
5.245021250000000146e+04
5.274461250000000291e+04
5.246141249999999854e+04
5.282621250000000146e+04
5.262461250000000291e+04
5.255261250000000291e+04
5.244541249999999854e+04
5.268221250000000146e+04
5.266621250000000146e+04
5.229821250000000146e+04
5.233821250000000146e+04
5.228541249999999854e+04
5.241981250000000000e+04
5.222301249999999709e+04
5.219581250000000000e+04
5.233341249999999854e+04
5.239901249999999709e+04
5.214141249999999854e+04
5.217341249999999854e+04
5.213821250000000146e+04
5.213821250000000146e+04
5.187741249999999854e+04
5.217341249999999854e+04
5.205341249999999854e+04
5.228541249999999854e+04
5.223741249999999854e+04
5.210941249999999854e+04
5.211101249999999709e+04
5.237181250000000000e+04
5.213181250000000000e+04
5.214301249999999709e+04
5.205981250000000000e+04
5.209981250000000000e+04
5.191741249999999854e+04
5.179421250000000146e+04
5.189501249999999709e+04
5.201021250000000146e+04
5.233981250000000000e+04
5.249821250000000146e+04
5.258621250000000146e+04
5.255581250000000000e+04
5.263261250000000291e+04
5.262941249999999854e+04
5.241661250000000291e+04
5.253181250000000000e+04
5.242301249999999709e+04
5.250141249999999854e+04
5.245181250000000000e+04
5.249021250000000146e+04
5.225021250000000146e+04
5.234781250000000000e+04
5.242781250000000000e+04
5.230781250000000000e+04
5.256221250000000146e+04
5.235421250000000146e+04
5.212861250000000291e+04
5.244861250000000291e+04
5.212061250000000291e+04
5.204061250000000291e+04
5.218941249999999854e+04
5.236861250000000291e+04
5.225341249999999854e+04
5.222781250000000000e+04
5.242141249999999854e+04
5.238461250000000291e+04
5.247901249999999709e+04
5.231101249999999709e+04
5.199741249999999854e+04
5.221021250000000146e+04
5.210141249999999854e+04
5.232541249999999854e+04
5.232701249999999709e+04
5.207901249999999709e+04
5.231421250000000146e+04
5.217501249999999709e+04
5.229501249999999709e+04
5.194941249999999854e+04
5.195581250000000000e+04
5.207261250000000291e+04
5.195581250000000000e+04
5.207741249999999854e+04
5.193501249999999709e+04
5.207261250000000291e+04
5.208701249999999709e+04
5.206941249999999854e+04
5.215901249999999709e+04
5.219581250000000000e+04
5.203741249999999854e+04
5.197021250000000146e+04
5.215421250000000146e+04
5.220861250000000291e+04
5.227261250000000291e+04
5.216381250000000000e+04
5.238941249999999854e+04
5.273341249999999854e+04
5.244701249999999709e+04
5.235581250000000000e+04
5.226781250000000000e+04
5.230781250000000000e+04
5.213501249999999709e+04
5.210621250000000146e+04
5.206141249999999854e+04
5.203741249999999854e+04
5.194781250000000000e+04
5.195101249999999709e+04
5.198941249999999854e+04
5.196061250000000291e+04
5.165981250000000000e+04
5.179421250000000146e+04
5.188061250000000291e+04
5.199261250000000291e+04
5.187421250000000146e+04
5.181661250000000291e+04
5.199741249999999854e+04
5.189821250000000146e+04
5.176861250000000291e+04
5.162781250000000000e+04
5.150301249999999709e+04
5.149501249999999709e+04
5.164541249999999854e+04
5.153821250000000146e+04
5.147901249999999709e+04
5.164061250000000291e+04
5.125181250000000000e+04
5.129021250000000146e+04
5.145181250000000000e+04
5.144701249999999709e+04
5.141021250000000146e+04
5.156381250000000000e+04
5.133501249999999709e+04
5.140381250000000000e+04
5.149021250000000146e+04
5.179261250000000291e+04
5.201981250000000000e+04
5.268701249999999709e+04
5.251261250000000291e+04
5.246621250000000146e+04
5.249661250000000291e+04
5.267741249999999854e+04
5.281661250000000291e+04
5.273021250000000146e+04
5.274141249999999854e+04
5.257501249999999709e+04
5.269021250000000146e+04
5.268701249999999709e+04
5.278781250000000000e+04
5.277981250000000000e+04
5.260701249999999709e+04
5.260541249999999854e+04
5.243261250000000291e+04
5.238941249999999854e+04
5.258461250000000291e+04
5.252861250000000291e+04
5.239901249999999709e+04
5.241661250000000291e+04
5.222621250000000146e+04
5.234621250000000146e+04
5.271741249999999854e+04
5.277501249999999709e+04
5.236221250000000146e+04
5.245661250000000291e+04
5.265021250000000146e+04
5.247421250000000146e+04
5.239101249999999709e+04
5.238301249999999709e+04
5.246781250000000000e+04
5.224061250000000291e+04
5.223261250000000291e+04
5.223261250000000291e+04
5.230141249999999854e+04
5.246621250000000146e+04
5.226141249999999854e+04
5.221981250000000000e+04
5.225021250000000146e+04
5.228221250000000146e+04
5.215741249999999854e+04
5.239421250000000146e+04
5.215741249999999854e+04
5.220861250000000291e+04
5.223101249999999709e+04
5.204061250000000291e+04
5.218941249999999854e+04
5.225181250000000000e+04
5.232061250000000291e+04
5.208701249999999709e+04
5.209821250000000146e+04
5.211261250000000291e+04
5.206781250000000000e+04
5.230141249999999854e+04
5.212221250000000146e+04
5.204541249999999854e+04
5.222781250000000000e+04
5.246141249999999854e+04
5.205661250000000291e+04
5.209341249999999854e+04
5.229661250000000291e+04
5.221501249999999709e+04
5.201661250000000291e+04
5.205341249999999854e+04
5.217981250000000000e+04
5.208061250000000291e+04
5.198461250000000291e+04
5.194941249999999854e+04
5.204541249999999854e+04
5.215581250000000000e+04
5.230941249999999854e+04
5.222941249999999854e+04
5.243101249999999709e+04
5.229181250000000000e+04
5.228061250000000291e+04
5.225021250000000146e+04
5.232221250000000146e+04
5.212381250000000000e+04
5.232061250000000291e+04
5.228221250000000146e+04
5.206301249999999709e+04
5.197021250000000146e+04
5.201981250000000000e+04
5.226461250000000291e+04
5.210461250000000291e+04
5.207101249999999709e+04
5.198141249999999854e+04
5.168221250000000146e+04
5.177341249999999854e+04
5.185021250000000146e+04
5.183901249999999709e+04
5.184541249999999854e+04
5.210301249999999709e+04
5.184541249999999854e+04
5.187101249999999709e+04
5.190141249999999854e+04
5.182461250000000291e+04
5.204381250000000000e+04
5.210301249999999709e+04
5.186301249999999709e+04
5.223421250000000146e+04
5.228061250000000291e+04
5.210941249999999854e+04
5.214301249999999709e+04
5.210941249999999854e+04
5.216541249999999854e+04
5.216861250000000291e+04
5.210461250000000291e+04
5.215101249999999709e+04
5.208541249999999854e+04
5.226141249999999854e+04
5.219261250000000291e+04
5.213501249999999709e+04
5.211901249999999709e+04
5.214941249999999854e+04
5.227901249999999709e+04
5.217341249999999854e+04
5.192861250000000291e+04
5.199421250000000146e+04
5.198781250000000000e+04
5.209821250000000146e+04
5.209661250000000291e+04
5.226621250000000146e+04
5.222141249999999854e+04
5.216861250000000291e+04
5.230941249999999854e+04
5.217501249999999709e+04
5.221821250000000146e+04
5.230781250000000000e+04
5.214621250000000146e+04
5.200221250000000146e+04
5.221501249999999709e+04
5.239261250000000291e+04
5.225661250000000291e+04
5.242141249999999854e+04
5.209661250000000291e+04
5.201501249999999709e+04
5.200861250000000291e+04
5.173021250000000146e+04
5.180541249999999854e+04
5.167581250000000000e+04
5.184061250000000291e+04
5.187901249999999709e+04
5.195741249999999854e+04
5.196061250000000291e+04
5.199901249999999709e+04
5.212221250000000146e+04
5.195261250000000291e+04
5.203901249999999709e+04
5.209501249999999709e+04
5.204541249999999854e+04
5.178781250000000000e+04
5.185341249999999854e+04
5.224381250000000000e+04
5.210141249999999854e+04
5.222941249999999854e+04
5.209661250000000291e+04
5.208381250000000000e+04
5.205021250000000146e+04
5.222621250000000146e+04
5.209661250000000291e+04
5.196701249999999709e+04
5.213021250000000146e+04
5.214301249999999709e+04
5.206141249999999854e+04
5.194141249999999854e+04
5.206781250000000000e+04
5.192381250000000000e+04
5.177661250000000291e+04
5.156061250000000291e+04
5.201341249999999854e+04
5.180221250000000146e+04
5.183261250000000291e+04
5.177341249999999854e+04
4.667261250000000291e+04
4.754141249999999854e+04
4.858781250000000000e+04
5.067741249999999854e+04
5.225501249999999709e+04
5.416701249999999709e+04
5.555741249999999854e+04
5.664541249999999854e+04
5.753021250000000146e+04
5.841501249999999709e+04
5.889501249999999709e+04
5.965821250000000146e+04
5.979261250000000291e+04
5.997341249999999854e+04
6.005981250000000000e+04
5.992221250000000146e+04
6.011901249999999709e+04
5.995261875000000146e+04
5.945982499999999709e+04
5.976221875000000000e+04
5.985341249999999854e+04
5.981181250000000000e+04
5.978461250000000291e+04
5.939421250000000146e+04
5.933341249999999854e+04
5.893981250000000000e+04
5.890141249999999854e+04
5.849501249999999709e+04
5.811101249999999709e+04
5.785501249999999709e+04
5.766141249999999854e+04
5.765821250000000146e+04
5.737181250000000000e+04
5.703581250000000000e+04
5.693021250000000146e+04
5.675261250000000291e+04
5.651421250000000146e+04
5.631741249999999854e+04
5.616381250000000000e+04
5.572061250000000291e+04
5.534301249999999709e+04
5.552381250000000000e+04
5.539101249999999709e+04
5.506941249999999854e+04
5.502941249999999854e+04
5.488861250000000291e+04
5.483581250000000000e+04
5.476061250000000291e+04
5.456061250000000291e+04
5.441501249999999709e+04
5.412861250000000291e+04
5.389501249999999709e+04
5.385021250000000146e+04
5.404861250000000291e+04
5.407581250000000000e+04
5.389821250000000146e+04
5.386461250000000291e+04
5.383421250000000146e+04
5.368701249999999709e+04
5.367741249999999854e+04
5.358621250000000146e+04
5.346941249999999854e+04
5.347741249999999854e+04
5.337501249999999709e+04
5.328541249999999854e+04
5.351261250000000291e+04
5.348861250000000291e+04
5.343901249999999709e+04
5.335261250000000291e+04
5.341981250000000000e+04
5.329181250000000000e+04
5.326941249999999854e+04
5.325341249999999854e+04
5.335901249999999709e+04
5.322621250000000146e+04
5.317501249999999709e+04
5.305021250000000146e+04
5.302941249999999854e+04
5.308221250000000146e+04
5.291421250000000146e+04
5.293501249999999709e+04
5.310781250000000000e+04
5.294461250000000291e+04
5.304701249999999709e+04
5.295581250000000000e+04
5.288541249999999854e+04
5.277341249999999854e+04
5.292061250000000291e+04
5.303101249999999709e+04
5.292541249999999854e+04
5.280221250000000146e+04
5.296861250000000291e+04
5.292701249999999709e+04
5.308861250000000291e+04
5.296861250000000291e+04
5.278941249999999854e+04
5.289661250000000291e+04
5.283581250000000000e+04
5.290941249999999854e+04
5.275261250000000291e+04
5.270941249999999854e+04
5.272221250000000146e+04
5.274301249999999709e+04
5.277981250000000000e+04
5.268221250000000146e+04
5.287101249999999709e+04
5.273341249999999854e+04
5.283741249999999854e+04
5.270461250000000291e+04
5.283901249999999709e+04
5.260541249999999854e+04
5.260701249999999709e+04
5.275261250000000291e+04
5.274941249999999854e+04
5.285661250000000291e+04
5.302461250000000291e+04
5.294941249999999854e+04
5.277341249999999854e+04
5.304541249999999854e+04
5.323101249999999709e+04
5.304381250000000000e+04
5.311741249999999854e+04
5.309981250000000000e+04
5.308541249999999854e+04
5.312541249999999854e+04
5.291261250000000291e+04
5.292381250000000000e+04
5.330461250000000291e+04
5.314621250000000146e+04
5.314461250000000291e+04
5.297341249999999854e+04
5.296061250000000291e+04
5.304701249999999709e+04
5.302941249999999854e+04
5.279261250000000291e+04
5.272861250000000291e+04
5.272861250000000291e+04
5.280861250000000291e+04
5.275901249999999709e+04
5.289661250000000291e+04
5.271261250000000291e+04
5.266301249999999709e+04
5.309341249999999854e+04
5.277181250000000000e+04
5.266621250000000146e+04
5.260701249999999709e+04
5.261661250000000291e+04
5.287261250000000291e+04
5.279421250000000146e+04
5.309821250000000146e+04
5.264861250000000291e+04
5.259421250000000146e+04
5.265021250000000146e+04
5.263901249999999709e+04
5.275581250000000000e+04
5.274941249999999854e+04
5.284701249999999709e+04
5.250941249999999854e+04
5.277021250000000146e+04
5.253661250000000291e+04
5.258141249999999854e+04
5.239421250000000146e+04
5.244541249999999854e+04
5.264541249999999854e+04
5.285821250000000146e+04
5.270941249999999854e+04
5.270621250000000146e+04
5.272861250000000291e+04
5.296381250000000000e+04
5.281181250000000000e+04
5.264541249999999854e+04
5.265181250000000000e+04
5.280061250000000291e+04
5.276381250000000000e+04
5.266461250000000291e+04
5.264701249999999709e+04
5.282301249999999709e+04
5.296861250000000291e+04
5.281661250000000291e+04
5.265341249999999854e+04
5.274941249999999854e+04
5.278301249999999709e+04
5.272061250000000291e+04
5.282781250000000000e+04
5.282781250000000000e+04
5.283101249999999709e+04
5.230141249999999854e+04
5.264701249999999709e+04
5.277341249999999854e+04
5.265341249999999854e+04
5.287101249999999709e+04
5.286461250000000291e+04
5.274141249999999854e+04
5.285341249999999854e+04
5.297181250000000000e+04
5.284221250000000146e+04
5.280381250000000000e+04
5.278941249999999854e+04
5.263741249999999854e+04
5.267581250000000000e+04
5.289981250000000000e+04
5.267101249999999709e+04
5.253341249999999854e+04
5.277821250000000146e+04
5.277021250000000146e+04
5.265821250000000146e+04
5.247741249999999854e+04
5.254941249999999854e+04
5.261501249999999709e+04
5.254941249999999854e+04
5.241661250000000291e+04
5.228061250000000291e+04
5.268701249999999709e+04
5.282781250000000000e+04
5.325981250000000000e+04
5.340381250000000000e+04
5.321181250000000000e+04
5.357501249999999709e+04
5.344701249999999709e+04
5.361981250000000000e+04
5.365181250000000000e+04
5.376541249999999854e+04
5.365341249999999854e+04
5.350781250000000000e+04
5.358301249999999709e+04
5.358461250000000291e+04
5.367421250000000146e+04
5.360221250000000146e+04
5.382941249999999854e+04
5.379261250000000291e+04
5.357981250000000000e+04
5.359261250000000291e+04
5.375261250000000291e+04
5.373181250000000000e+04
5.394781250000000000e+04
5.388701249999999709e+04
5.367581250000000000e+04
5.374301249999999709e+04
5.378621250000000146e+04
5.388701249999999709e+04
5.389981250000000000e+04
5.385501249999999709e+04
5.391261250000000291e+04
5.391101249999999709e+04
5.384541249999999854e+04
5.391901249999999709e+04
5.397341249999999854e+04
5.387901249999999709e+04
5.390301249999999709e+04
5.370461250000000291e+04
5.376061250000000291e+04
5.384221250000000146e+04
5.394781250000000000e+04
5.411581250000000000e+04
5.397181250000000000e+04
5.385501249999999709e+04
5.371741249999999854e+04
5.385821250000000146e+04
5.381181250000000000e+04
5.372701249999999709e+04
5.351101249999999709e+04
5.352861250000000291e+04
5.373501249999999709e+04
5.365501249999999709e+04
5.382141249999999854e+04
5.379421250000000146e+04
5.382781250000000000e+04
5.403421250000000146e+04
5.387901249999999709e+04
5.377981250000000000e+04
5.387741249999999854e+04
5.386941249999999854e+04
5.382621250000000146e+04
5.364541249999999854e+04
5.380701249999999709e+04
5.369981250000000000e+04
5.384861250000000291e+04
5.376381250000000000e+04
5.384541249999999854e+04
5.363581250000000000e+04
5.360061250000000291e+04
5.380541249999999854e+04
5.376061250000000291e+04
5.352701249999999709e+04
5.339101249999999709e+04
5.344541249999999854e+04
5.341021250000000146e+04
5.345181250000000000e+04
5.366621250000000146e+04
5.359421250000000146e+04
5.354621250000000146e+04
5.336701249999999709e+04
5.338301249999999709e+04
5.330941249999999854e+04
5.316061250000000291e+04
5.307101249999999709e+04
5.302141249999999854e+04
5.313181250000000000e+04
5.313501249999999709e+04
5.309181250000000000e+04
5.318941249999999854e+04
5.300701249999999709e+04
5.318141249999999854e+04
5.275581250000000000e+04
5.268541249999999854e+04
5.288381250000000000e+04
5.299261250000000291e+04
5.272701249999999709e+04
5.263581250000000000e+04
5.258621250000000146e+04
5.288541249999999854e+04
5.313661250000000291e+04
5.315741249999999854e+04
5.328701249999999709e+04
5.339101249999999709e+04
5.322141249999999854e+04
5.324861250000000291e+04
5.331901249999999709e+04
5.326621250000000146e+04
5.341981250000000000e+04
5.371741249999999854e+04
5.340061250000000291e+04
5.319901249999999709e+04
5.337821250000000146e+04
5.333661250000000291e+04
5.340221250000000146e+04
5.364701249999999709e+04
5.334941249999999854e+04
5.345981250000000000e+04
5.338621250000000146e+04
5.345501249999999709e+04
5.360701249999999709e+04
5.365981250000000000e+04
5.355101249999999709e+04
5.323101249999999709e+04
5.361341249999999854e+04
5.353821250000000146e+04
5.353661250000000291e+04
5.344221250000000146e+04
5.332541249999999854e+04
5.334781250000000000e+04
5.346781250000000000e+04
5.336061250000000291e+04
5.338461250000000291e+04
5.309341249999999854e+04
5.315261250000000291e+04
5.317661250000000291e+04
5.321501249999999709e+04
5.336541249999999854e+04
5.294941249999999854e+04
5.306461250000000291e+04
5.307421250000000146e+04
5.284221250000000146e+04
5.295741249999999854e+04
5.293181250000000000e+04
5.288701249999999709e+04
5.283261250000000291e+04
5.280221250000000146e+04
5.278461250000000291e+04
5.287101249999999709e+04
5.288701249999999709e+04
5.306621250000000146e+04
5.303901249999999709e+04
5.276541249999999854e+04
5.318621250000000146e+04
5.321661250000000291e+04
5.312381250000000000e+04
5.317981250000000000e+04
5.322941249999999854e+04
5.319581250000000000e+04
5.344221250000000146e+04
5.315581250000000000e+04
5.333821250000000146e+04
5.336221250000000146e+04
5.333501249999999709e+04
5.323581250000000000e+04
5.318141249999999854e+04
5.318941249999999854e+04
5.330941249999999854e+04
5.320541249999999854e+04
5.334621250000000146e+04
5.313661250000000291e+04
5.296541249999999854e+04
5.302141249999999854e+04
5.310301249999999709e+04
5.327261250000000291e+04
5.321341249999999854e+04
5.330621250000000146e+04
5.317821250000000146e+04
5.299101249999999709e+04
5.280541249999999854e+04
5.293821250000000146e+04
5.293821250000000146e+04
4.613021250000000146e+04
4.745821250000000146e+04
4.867741249999999854e+04
5.056221250000000146e+04
5.227741249999999854e+04
5.365501249999999709e+04
5.513021250000000146e+04
5.618781250000000000e+04
5.729181250000000000e+04
5.807261250000000291e+04
5.841821250000000146e+04
5.878301249999999709e+04
5.890461250000000291e+04
5.891581250000000000e+04
5.905341249999999854e+04
5.930781250000000000e+04
5.942461250000000291e+04
5.955581250000000000e+04
5.941341249999999854e+04
5.934301249999999709e+04
5.921661250000000291e+04
5.905981250000000000e+04
5.896541249999999854e+04
5.850461250000000291e+04
5.803741249999999854e+04
5.764061250000000291e+04
5.774301249999999709e+04
5.741341249999999854e+04
5.693501249999999709e+04
5.680061250000000291e+04
5.649501249999999709e+04
5.625021250000000146e+04
5.623581250000000000e+04
5.565021250000000146e+04
5.558781250000000000e+04
5.534301249999999709e+04
5.503261250000000291e+04
5.482781250000000000e+04
5.464221250000000146e+04
5.460221250000000146e+04
5.447741249999999854e+04
5.413021250000000146e+04
5.423421250000000146e+04
5.384381250000000000e+04
5.390141249999999854e+04
5.380861250000000291e+04
5.365341249999999854e+04
5.367101249999999709e+04
5.356701249999999709e+04
5.320541249999999854e+04
5.317821250000000146e+04
5.311261250000000291e+04
5.312221250000000146e+04
5.292541249999999854e+04
5.285981250000000000e+04
5.261501249999999709e+04
5.284381250000000000e+04
5.256541249999999854e+04
5.252541249999999854e+04
5.248861250000000291e+04
5.237981250000000000e+04
5.226141249999999854e+04
5.215261250000000291e+04
5.213341249999999854e+04
5.223421250000000146e+04
5.244061250000000291e+04
5.241661250000000291e+04
5.256701249999999709e+04
5.259581250000000000e+04
5.241021250000000146e+04
5.251901249999999709e+04
5.242301249999999709e+04
5.225821250000000146e+04
5.208061250000000291e+04
5.231901249999999709e+04
5.220381250000000000e+04
5.217021250000000146e+04
5.217821250000000146e+04
5.228221250000000146e+04
5.218781250000000000e+04
5.219901249999999709e+04
5.209981250000000000e+04
5.191581250000000000e+04
5.182621250000000146e+04
5.178621250000000146e+04
5.182301249999999709e+04
5.192221250000000146e+04
5.184541249999999854e+04
5.182461250000000291e+04
5.199901249999999709e+04
5.165021250000000146e+04
5.192061250000000291e+04
5.180221250000000146e+04
5.197181250000000000e+04
5.177661250000000291e+04
5.187261250000000291e+04
5.204061250000000291e+04
5.209021250000000146e+04
5.197021250000000146e+04
5.208541249999999854e+04
5.199741249999999854e+04
5.194301249999999709e+04
5.189021250000000146e+04
5.185821250000000146e+04
5.174941249999999854e+04
5.175581250000000000e+04
5.155101249999999709e+04
5.156861250000000291e+04
5.154301249999999709e+04
5.145341249999999854e+04
5.119741249999999854e+04
5.136541249999999854e+04
5.147901249999999709e+04
5.153661250000000291e+04
5.185181250000000000e+04
5.159261250000000291e+04
5.181821250000000146e+04
5.180541249999999854e+04
5.168861250000000291e+04
5.175421250000000146e+04
5.170461250000000291e+04
5.184221250000000146e+04
5.180541249999999854e+04
5.163261250000000291e+04
5.156701249999999709e+04
5.178781250000000000e+04
5.182301249999999709e+04
5.173181250000000000e+04
5.189341249999999854e+04
5.167901249999999709e+04
5.154781250000000000e+04
5.175901249999999709e+04
5.177501249999999709e+04
5.173661250000000291e+04
5.187261250000000291e+04
5.166621250000000146e+04
5.154141249999999854e+04
5.180701249999999709e+04
5.177181250000000000e+04
5.162461250000000291e+04
5.161661250000000291e+04
5.147901249999999709e+04
5.140221250000000146e+04
5.150621250000000146e+04
5.161181250000000000e+04
5.160061250000000291e+04
5.174301249999999709e+04
5.147101249999999709e+04
5.127421250000000146e+04
5.155741249999999854e+04
5.145661250000000291e+04
5.140701249999999709e+04
5.156381250000000000e+04
5.152701249999999709e+04
5.145341249999999854e+04
5.132861250000000291e+04
5.127421250000000146e+04
5.142461250000000291e+04
5.115261250000000291e+04
5.123741249999999854e+04
5.118141249999999854e+04
5.094461250000000291e+04
5.121341249999999854e+04
5.126621250000000146e+04
5.131421250000000146e+04
5.129181250000000000e+04
5.151421250000000146e+04
5.151581250000000000e+04
5.158621250000000146e+04
5.164701249999999709e+04
5.163101249999999709e+04
5.173661250000000291e+04
5.157181250000000000e+04
5.136061250000000291e+04
5.141661250000000291e+04
5.159421250000000146e+04
5.154781250000000000e+04
5.156381250000000000e+04
5.157181250000000000e+04
5.150621250000000146e+04
5.153021250000000146e+04
5.157661250000000291e+04
5.164541249999999854e+04
5.141501249999999709e+04
5.137181250000000000e+04
5.128701249999999709e+04
5.145181250000000000e+04
5.141181250000000000e+04
5.155581250000000000e+04
5.148541249999999854e+04
5.144221250000000146e+04
5.145661250000000291e+04
5.155901249999999709e+04
5.152861250000000291e+04
5.171261250000000291e+04
5.153981250000000000e+04
5.123741249999999854e+04
5.111901249999999709e+04
5.116861250000000291e+04
5.133501249999999709e+04
5.107741249999999854e+04
5.109341249999999854e+04
5.091101249999999709e+04
5.111741249999999854e+04
5.100541249999999854e+04
5.104861250000000291e+04
5.075741249999999854e+04
5.117821250000000146e+04
5.099421250000000146e+04
5.086781250000000000e+04
5.098141249999999854e+04
5.117501249999999709e+04
5.122781250000000000e+04
5.148701249999999709e+04
5.152861250000000291e+04
5.174941249999999854e+04
5.175581250000000000e+04
5.174621250000000146e+04
5.201021250000000146e+04
5.177501249999999709e+04
5.165661250000000291e+04
5.198141249999999854e+04
5.188061250000000291e+04
5.199101249999999709e+04
5.200061250000000291e+04
5.206781250000000000e+04
5.186941249999999854e+04
5.186941249999999854e+04
5.180221250000000146e+04
5.174941249999999854e+04
5.159741249999999854e+04
5.164701249999999709e+04
5.155741249999999854e+04
5.170781250000000000e+04
5.152861250000000291e+04
5.160861250000000291e+04
5.152061250000000291e+04
5.163741249999999854e+04
5.175581250000000000e+04
5.147101249999999709e+04
5.168061250000000291e+04
5.166141249999999854e+04
5.171901249999999709e+04
5.134461250000000291e+04
5.142941249999999854e+04
5.136381250000000000e+04
5.149981250000000000e+04
5.155261250000000291e+04
5.128701249999999709e+04
5.144061250000000291e+04
5.147421250000000146e+04
5.145661250000000291e+04
5.125501249999999709e+04
5.153661250000000291e+04
5.136381250000000000e+04
5.130141249999999854e+04
5.127741249999999854e+04
5.135581250000000000e+04
5.142301249999999709e+04
5.136541249999999854e+04
5.162461250000000291e+04
5.161661250000000291e+04
5.180861250000000291e+04
5.174301249999999709e+04
5.169181250000000000e+04
5.177661250000000291e+04
5.187421250000000146e+04
5.185661250000000291e+04
5.168861250000000291e+04
5.194301249999999709e+04
5.189501249999999709e+04
5.166301249999999709e+04
5.200541249999999854e+04
5.202301249999999709e+04
5.205021250000000146e+04
5.198621250000000146e+04
5.203101249999999709e+04
5.193021250000000146e+04
5.195901249999999709e+04
5.206941249999999854e+04
5.187101249999999709e+04
5.156061250000000291e+04
5.182461250000000291e+04
5.180061250000000291e+04
5.209661250000000291e+04
5.204701249999999709e+04
5.195421250000000146e+04
5.203581250000000000e+04
5.193181250000000000e+04
5.167741249999999854e+04
5.182621250000000146e+04
5.180381250000000000e+04
5.167421250000000146e+04
5.162461250000000291e+04
5.170461250000000291e+04
5.170461250000000291e+04
5.167901249999999709e+04
5.144861250000000291e+04
5.161981250000000000e+04
5.165021250000000146e+04
5.165501249999999709e+04
5.140061250000000291e+04
5.138141249999999854e+04
5.135421250000000146e+04
5.135901249999999709e+04
5.149661250000000291e+04
5.131901249999999709e+04
5.124541249999999854e+04
5.150621250000000146e+04
5.145501249999999709e+04
5.187261250000000291e+04
5.165981250000000000e+04
5.153341249999999854e+04
5.153981250000000000e+04
5.172381250000000000e+04
5.177341249999999854e+04
5.174941249999999854e+04
5.174141249999999854e+04
5.164221250000000146e+04
5.161661250000000291e+04
5.163101249999999709e+04
5.178941249999999854e+04
5.185021250000000146e+04
5.163101249999999709e+04
5.174141249999999854e+04
5.175261250000000291e+04
5.169981250000000000e+04
5.185661250000000291e+04
5.159741249999999854e+04
5.178301249999999709e+04
5.150781250000000000e+04
5.135901249999999709e+04
5.155261250000000291e+04
5.156061250000000291e+04
5.149821250000000146e+04
5.154461250000000291e+04
5.174301249999999709e+04
5.155101249999999709e+04
5.161181250000000000e+04
5.153821250000000146e+04
5.144061250000000291e+04
5.132541249999999854e+04
5.131581250000000000e+04
5.126621250000000146e+04
5.158461250000000291e+04
5.128221250000000146e+04
5.134141249999999854e+04
5.131581250000000000e+04
5.125661250000000291e+04
5.112381250000000000e+04
5.134621250000000146e+04
5.128541249999999854e+04
5.146781250000000000e+04
5.132701249999999709e+04
5.149821250000000146e+04
5.134621250000000146e+04
5.107741249999999854e+04
5.145661250000000291e+04
5.140861250000000291e+04
5.151101249999999709e+04
5.149181250000000000e+04
5.153981250000000000e+04
5.145501249999999709e+04
