3.822330666666666511e+06
5.471964197530864039e+05
4.937581481481481460e+05
4.672975925925925840e+05
5.061230000000000000e+05
1.274261419753086520e+06
3.253423074074074160e+06
5.031020839506172575e+06
5.042432000000000000e+06
4.931555555555555969e+06
4.910244345679012127e+06
4.871458765432098880e+06
4.789962271604938433e+06
4.783786666666666977e+06
4.758723950617283583e+06
4.714865777777777985e+06
4.698658765432098880e+06
4.693706271604938433e+06
4.688560987654320896e+06
4.678283061728395522e+06
4.680489086419752799e+06
4.665947654320987873e+06
4.674945580246913247e+06
4.693592493827160448e+06
4.707840000000000000e+06
4.720232296296296641e+06
4.712027654320987873e+06
4.735585975308641791e+06
4.778925827160493471e+06
4.797727604938271455e+06
4.807977086419752799e+06
4.842707753086419776e+06
4.861041777777777985e+06
4.879789827160493471e+06
4.896755358024691232e+06
4.908888493827160448e+06
4.936839901234568097e+06
4.958767407407407649e+06
4.983921777777777985e+06
4.994117530864197761e+06
5.014186666666666977e+06
5.036879012345679104e+06
5.046262518518518656e+06
5.045358827160493471e+06
5.059037234567901120e+06
5.088306580246913247e+06
5.084887222222222015e+06
5.016615518518518656e+06
4.965827271604938433e+06
4.650304617283950560e+06
4.116290901234568097e+06
3.626529666666666511e+06
3.562982592592592817e+06
2.970870333333333489e+06
2.929266172839506064e+06
2.170054975308641791e+06
1.839257629629629664e+06
1.500840358024691464e+06
1.563609975308642024e+06
5.151835185185185401e+05
7.902462962962962920e+05
3.623066666666666861e+05
1.859699259259259270e+05
2.481578765432098880e+05
2.485846543209876399e+05
2.816587037037037080e+05
2.138483086419753090e+05
2.129098271604938200e+05
2.763652345679012360e+05
1.863179753086419660e+05
1.880849135802469100e+05
1.782528395061728370e+05
1.875477283950617420e+05
1.988939135802469100e+05
2.016499753086419660e+05
2.106351358024691290e+05
2.069753827160493820e+05
2.073039876543209830e+05
2.131194074074074160e+05
2.213145555555555620e+05
2.317157530864197470e+05
2.368199506172839610e+05
2.368199506172839610e+05
1.242849382716049440e+06
1.138941827160493936e+06
1.051889185185185168e+06
9.637240493827160681e+05
8.225384691358024720e+05
7.071267160493826959e+05
6.506297283950616838e+05
5.685611851851851679e+05
4.704183703703703941e+05
4.088108641975308419e+05
3.264294320987654501e+05
2.707320493827160681e+05
2.596511358024691290e+05
2.400586913580246910e+05
2.477667037037037080e+05
3.235885802469135961e+05
5.234390123456789879e+05
7.557818518518517958e+05
1.115623567901234608e+06
1.476312283950617304e+06
1.518352506172839552e+06
1.324269604938271688e+06
1.639703876543209888e+06
1.560041888888888992e+06
1.515482814814814832e+06
1.200623493827160448e+06
1.158959469135802472e+06
1.001768518518518540e+06
7.407634074074074160e+05
1.054930296296296408e+06
5.491677777777777519e+05
3.870340740740741021e+05
3.925205432098765159e+05
3.238315061728394940e+05
2.186113703703703650e+05
2.284276543209876399e+05
2.079734691358024720e+05
2.072562962962962920e+05
2.122216049382716010e+05
2.094973950617283990e+05
2.439941604938271630e+05
2.374267654320987640e+05
2.401953580246913480e+05
2.681752098765432020e+05
2.713862716049382580e+05
2.873404444444444380e+05
3.105669135802469100e+05
3.224061234567901120e+05
3.284173827160493820e+05
3.403008395061728661e+05
3.624464197530864039e+05
3.782425679012345499e+05
3.988900740740741021e+05
4.051225679012345499e+05
4.208175802469135961e+05
4.391579259259258979e+05
4.359974320987654501e+05
4.413987160493826959e+05
4.613066666666666861e+05
4.835691851851851679e+05
4.945076543209876399e+05
4.962080000000000000e+05
5.090870123456789879e+05
5.089037037037037080e+05
5.484161975308641559e+05
5.405718518518517958e+05
5.413809382716049440e+05
5.531000493827160681e+05
5.651889382716049440e+05
5.541019259259259561e+05
5.618419753086420242e+05
5.844616296296296641e+05
5.787063703703703359e+05
5.843762962962962920e+05
5.941011358024690999e+05
6.184337777777777519e+05
6.299600987654321361e+05
6.212150123456789879e+05
6.125868641975309001e+05
6.050870123456789879e+05
5.988134320987653919e+05
5.783144691358024720e+05
5.794585679012346081e+05
5.812821728395061800e+05
5.742311111111111240e+05
5.954348641975309001e+05
5.927674074074074160e+05
5.866550123456789879e+05
5.867593086419752799e+05
5.865443950617284281e+05
6.024163950617284281e+05
5.660043456790123601e+05
5.938609382716049440e+05
5.837094320987653919e+05
6.103618765432098880e+05
6.043600987654321361e+05
6.167018271604938200e+05
6.130672592592592118e+05
6.150836543209876399e+05
5.906720000000000000e+05
6.196063209876542678e+05
6.245777777777777519e+05
6.272641975308641559e+05
6.180734814814814599e+05
6.257376790123457322e+05
6.316478024691358441e+05
6.335946666666666279e+05
6.365402469135802239e+05
6.375105185185185401e+05
6.570613333333333721e+05
6.548173827160494402e+05
6.551492345679012360e+05
6.607875555555555038e+05
6.630188641975309001e+05
6.646907654320987640e+05
6.679239506172839319e+05
6.683664197530864039e+05
6.667229629629629198e+05
6.819976296296296641e+05
6.718303209876542678e+05
6.795324444444444962e+05
7.070603456790123601e+05
6.870670617283950560e+05
6.896649876543210121e+05
6.798232098765432602e+05
7.125975308641975280e+05
7.103504197530864039e+05
7.065293827160494402e+05
7.079926913580247201e+05
6.989726419753086520e+05
7.044529382716049440e+05
7.037765925925925840e+05
7.033372839506173041e+05
6.853003456790123601e+05
6.749149629629629198e+05
7.004675555555555038e+05
7.073163456790123601e+05
7.108181728395061800e+05
6.948924444444444962e+05
7.336527407407407882e+05
6.884387160493826959e+05
7.136720987654321361e+05
7.157295802469135961e+05
7.177238518518517958e+05
7.216681481481482042e+05
7.354415802469135961e+05
7.307229629629629198e+05
7.395849876543210121e+05
7.389592098765432602e+05
7.452422716049383162e+05
7.573343209876542678e+05
7.686078024691358441e+05
7.582571851851851679e+05
7.387253333333333721e+05
7.669453827160494402e+05
7.664649876543210121e+05
7.575587160493826959e+05
7.726121481481482042e+05
7.808800000000000000e+05
7.775962469135802239e+05
7.672266666666666279e+05
7.688353580246913480e+05
7.791290864197530318e+05
7.741102222222222481e+05
7.732189629629629198e+05
7.683549629629629198e+05
7.703081481481482042e+05
7.611774814814814599e+05
7.842522469135802239e+05
7.783136790123457322e+05
7.752385185185185401e+05
7.658486913580247201e+05
7.797769876543210121e+05
7.722897777777777519e+05
7.653461728395061800e+05
7.589872592592592118e+05
7.593096296296296641e+05
7.401633580246913480e+05
7.391520000000000000e+05
7.272906666666666279e+05
7.287666172839505598e+05
7.203249382716049440e+05
7.025281975308641559e+05
6.978380246913579758e+05
6.858344691358024720e+05
7.107328395061728079e+05
1.978008691358024720e+06
1.852164148148148088e+06
1.734236641975308536e+06
1.665540148148148088e+06
1.541775209876543144e+06
1.438616691358024720e+06
1.338286814814814832e+06
1.240267259259259328e+06
1.144125037037037080e+06
1.092327703703703592e+06
1.021968790123456740e+06
9.496408888888888760e+05
0.000000000000000000e+00
0.000000000000000000e+00
0.000000000000000000e+00
0.000000000000000000e+00
0.000000000000000000e+00
0.000000000000000000e+00
0.000000000000000000e+00
0.000000000000000000e+00
0.000000000000000000e+00
0.000000000000000000e+00
0.000000000000000000e+00
0.000000000000000000e+00
0.000000000000000000e+00
0.000000000000000000e+00
0.000000000000000000e+00
0.000000000000000000e+00
0.000000000000000000e+00
0.000000000000000000e+00
0.000000000000000000e+00
