3.802053086419752799e+04
3.814379012345679075e+04
3.782774074074073724e+04
3.785618518518518249e+04
3.767287654320987349e+04
3.779929629629629926e+04
3.774556790123456449e+04
3.769183950617283699e+04
3.757490123456790025e+04
3.819118518518518249e+04
3.807108641975309001e+04
3.824491358024690999e+04
3.822595061728395376e+04
3.802051851851851825e+04
3.721460493827160826e+04
3.716087654320987349e+04
3.810585185185185401e+04
3.818486419753086375e+04
3.802683950617283699e+04
3.777400000000000000e+04
3.713243209876543551e+04
3.784985185185185401e+04
3.794782716049382725e+04
3.772343209876543551e+04
3.793834567901234550e+04
3.778980246913580049e+04
3.777716049382716301e+04
3.759069135802469100e+04
3.695544444444444525e+04
3.692067901234568126e+04
3.711346913580247201e+04
3.743900000000000000e+04
3.817854320987654501e+04
3.780877777777778101e+04
3.778033333333333576e+04
3.785302469135802676e+04
3.802685185185185401e+04
3.805845679012345499e+04
3.798576543209876399e+04
3.814379012345679075e+04
3.756858024691358150e+04
3.761598765432099026e+04
3.778033333333333576e+04
3.757806172839506326e+04
3.768551851851851825e+04
3.759070370370370074e+04
3.760650617283950851e+04
3.765075308641975425e+04
3.837449382716049149e+04
3.825755555555555475e+04
3.832076543209876399e+04
3.829864197530864476e+04
3.809637037037037226e+04
3.836501234567900974e+04
3.738527160493827250e+04
3.806476543209876399e+04
3.800471604938271776e+04
3.730941975308641850e+04
3.723356790123456449e+04
3.793834567901234550e+04
3.812481481481481751e+04
3.810585185185185401e+04
3.738211111111110949e+04
3.728729629629629926e+04
3.742951851851851825e+04
3.734418518518518249e+04
3.757490123456790025e+04
3.833656790123456449e+04
3.822279012345679075e+04
3.754329629629629926e+04
3.728413580246913625e+04
3.740423456790123601e+04
3.721144444444444525e+04
3.768551851851851825e+04
3.754961728395061800e+04
3.750853086419752799e+04
3.735998765432099026e+04
3.761598765432099026e+04
3.755909876543209975e+04
3.774872839506172750e+04
3.776137037037037226e+04
3.783090123456790025e+04
3.763811111111110949e+04
3.771080246913580049e+04
3.780245679012345499e+04
3.782141975308641850e+04
3.759702469135802676e+04
3.778033333333333576e+04
3.748640740740740875e+04
3.750853086419752799e+04
3.742003703703703650e+04
3.753381481481481751e+04
3.742951851851851825e+04
3.773608641975309001e+04
3.760966666666666424e+04
3.761598765432099026e+04
3.785934567901234550e+04
3.767603703703703650e+04
3.746112345679012651e+04
3.731258024691358150e+04
3.742951851851851825e+04
3.738843209876543551e+04
3.790990123456790025e+04
3.697124691358024575e+04
3.722092592592592700e+04
3.717983950617283699e+04
3.741371604938271776e+04
3.706606172839506326e+04
3.727465432098765450e+04
3.728097530864197324e+04
3.713559259259259125e+04
3.735682716049382725e+04
3.721776543209876399e+04
3.717035802469135524e+04
3.718616049382716301e+04
3.716719753086419951e+04
3.735682716049382725e+04
3.729045679012345499e+04
3.731258024691358150e+04
3.784985185185185401e+04
3.724304938271604624e+04
3.705341975308641850e+04
3.686379012345679075e+04
3.687011111111110949e+04
3.690171604938271776e+04
3.760649382716049149e+04
3.793518518518518249e+04
3.728413580246913625e+04
3.772028395061728224e+04
3.771080246913580049e+04
3.795100000000000000e+04
3.834922222222221899e+04
3.789727160493827250e+04
3.769183950617283699e+04
3.826072839506172750e+04
3.856097530864197324e+04
3.861154320987654501e+04
3.867475308641975425e+04
3.869371604938271776e+04
3.855781481481481751e+04
3.859890123456790025e+04
3.869055555555555475e+04
3.856729629629629926e+04
3.873796296296296350e+04
3.917411111111110949e+04
3.908561728395061800e+04
3.880749382716049149e+04
3.861786419753086375e+04
3.879485185185185401e+04
3.861154320987654501e+04
3.863682716049382725e+04
3.890862962962962774e+04
3.875376543209876399e+04
3.881381481481481751e+04
3.884225925925926276e+04
3.881065432098765450e+04
3.881065432098765450e+04
3.876008641975309001e+04
3.910458024691358150e+04
3.894971604938271776e+04
3.910774074074073724e+04
3.930685185185185401e+04
3.899080246913580049e+04
3.909509876543209975e+04
3.924996296296296350e+04
3.894023456790123601e+04
3.894655555555555475e+04
3.885490123456790025e+04
3.879169135802469100e+04
3.890230864197530900e+04
3.888334567901234550e+04
3.902872839506172750e+04
3.897816049382716301e+04
3.907929629629629926e+04
3.902556790123456449e+04
3.909509876543209975e+04
3.917095061728395376e+04
3.923100000000000000e+04
3.957549382716049149e+04
3.946803703703703650e+04
3.939534567901234550e+04
3.957865432098765450e+04
3.982201234567900974e+04
3.970823456790123601e+04
3.943011111111110949e+04
3.934161728395061800e+04
3.921835802469135524e+04
3.901924691358024575e+04
3.882329629629629926e+04
3.905085185185185401e+04
3.904769135802469100e+04
3.939534567901234550e+04
3.924364197530864476e+04
3.911090123456790025e+04
3.921519753086419951e+04
3.890230864197530900e+04
3.865262962962962774e+04
3.862102469135802676e+04
3.852620987654320925e+04
3.833025925925926276e+04
3.834606172839506326e+04
3.860206172839506326e+04
3.840927160493827250e+04
3.836186419753086375e+04
3.830497530864197324e+04
3.861470370370370074e+04
3.878220987654320925e+04
3.864630864197530900e+04
3.826388888888889051e+04
3.872532098765431874e+04
3.857993827160493674e+04
3.824808641975309001e+04
3.851356790123456449e+04
3.877272839506172750e+04
3.878853086419752799e+04
3.888018518518518249e+04
3.852937037037037226e+04
3.844719753086419951e+04
3.832077777777778101e+04
3.837450617283950851e+04
3.876324691358024575e+04
3.819435802469135524e+04
3.840927160493827250e+04
3.846932098765431874e+04
3.868739506172839174e+04
3.856097530864197324e+04
3.863366666666666424e+04
3.864314814814814599e+04
3.868739506172839174e+04
3.861154320987654501e+04
3.872216049382716301e+04
3.893707407407407300e+04
3.869371604938271776e+04
3.847564197530864476e+04
3.846300000000000000e+04
3.865262962962962774e+04
3.866211111111110949e+04
3.888018518518518249e+04
3.869687654320987349e+04
3.839662962962962774e+04
3.867791358024690999e+04
3.852937037037037226e+04
3.854201234567900974e+04
3.839030864197530900e+04
3.849776543209876399e+04
3.837766666666666424e+04
3.852304938271604624e+04
3.859890123456790025e+04
3.848196296296296350e+04
3.844719753086419951e+04
3.853253086419752799e+04
3.835238271604938200e+04
3.859574074074073724e+04
3.839662962962962774e+04
3.854517283950617275e+04
3.876640740740740875e+04
3.873164197530864476e+04
3.860522222222221899e+04
3.853569135802469100e+04
3.861470370370370074e+04
3.850408641975309001e+04
3.851988888888889051e+04
3.827020987654320925e+04
3.852304938271604624e+04
3.829865432098765450e+04
3.859258024691358150e+04
3.877588888888889051e+04
3.863682716049382725e+04
3.776137037037037226e+04
3.847880246913580049e+04
3.866843209876543551e+04
3.866527160493827250e+04
3.854833333333333576e+04
3.841243209876543551e+04
3.837766666666666424e+04
3.844403703703703650e+04
3.839662962962962774e+04
3.852620987654320925e+04
3.837134567901234550e+04
3.837134567901234550e+04
3.865895061728395376e+04
3.947435802469135524e+04
3.936691358024690999e+04
3.962292592592592700e+04
4.046361728395061800e+04
3.994532098765431874e+04
4.059638271604938200e+04
4.122532098765431874e+04
4.111787654320987349e+04
4.186691358024690999e+04
4.166465432098765450e+04
4.215137037037037226e+04
4.243265432098765450e+04
4.275186419753086375e+04
4.195859259259259125e+04
4.207869135802469100e+04
4.238525925925926276e+04
4.236313580246913625e+04
4.298574074074073724e+04
4.154774074074073724e+04
4.306475308641975425e+04
4.296993827160493674e+04
4.267917283950617275e+04
4.256223456790123601e+04
4.192066666666666424e+04
4.191750617283950851e+04
4.287511111111110949e+04
4.339025925925926276e+04
4.248004938271604624e+04
4.226197530864197324e+04
4.297623456790123601e+04
4.227461728395061800e+04
4.200597530864197324e+04
4.172785185185185401e+04
4.148133333333333576e+04
4.155086419753086375e+04
4.192695061728395376e+04
4.202176543209876399e+04
4.184161728395061800e+04
4.169939506172839174e+04
4.151924691358024575e+04
4.120635802469135524e+04
4.127904938271604624e+04
4.127588888888889051e+04
4.145603703703703650e+04
4.121267901234568126e+04
4.145287654320987349e+04
4.134858024691358150e+04
4.142443209876543551e+04
4.162986419753086375e+04
4.155717283950617275e+04
4.146867901234568126e+04
4.125692592592592700e+04
4.135490123456790025e+04
4.128220987654320925e+04
4.117791358024690999e+04
4.116211111111110949e+04
4.116211111111110949e+04
4.087134567901234550e+04
4.131065432098765450e+04
4.103885185185185401e+04
4.079233333333333576e+04
4.075440740740740875e+04
4.107993827160493674e+04
4.082077777777778101e+04
4.061534567901234550e+04
4.077969135802469100e+04
4.085870370370370074e+04
4.080181481481481751e+04
4.094403703703703650e+04
4.070067901234568126e+04
4.054897530864197324e+04
4.071648148148148175e+04
4.056793827160493674e+04
4.021712345679012651e+04
4.019183950617283699e+04
4.022976543209876399e+04
4.097246913580247201e+04
4.095350617283950851e+04
4.100091358024690999e+04
4.076387654320987349e+04
4.099143209876543551e+04
4.068802469135802676e+04
4.088397530864197324e+04
4.056792592592592700e+04
4.025187654320987349e+04
4.012545679012345499e+04
4.097561728395061800e+04
4.013809876543209975e+04
4.036881481481481751e+04
4.098509876543209975e+04
3.960398765432099026e+04
4.022343209876543551e+04
4.037829629629629926e+04
4.048259259259259125e+04
4.030244444444444525e+04
4.032456790123456449e+04
4.038145679012345499e+04
4.046046913580247201e+04
4.063429629629629926e+04
4.047627160493827250e+04
4.032456790123456449e+04
4.122845679012345499e+04
4.026767901234568126e+04
4.107043209876543551e+04
4.095349382716049149e+04
4.093453086419752799e+04
4.084287654320987349e+04
4.100722222222221899e+04
4.009701234567900974e+04
4.036881481481481751e+04
4.052683950617283699e+04
4.009701234567900974e+04
4.014758024691358150e+04
4.083023456790123601e+04
4.061532098765431874e+04
3.987577777777778101e+04
4.015706172839506326e+04
4.011913580246913625e+04
4.089660493827160826e+04
4.022343209876543551e+04
4.076386419753086375e+04
4.080179012345679075e+04
4.091240740740740875e+04
4.122213580246913625e+04
4.089344444444444525e+04
4.087132098765431874e+04
4.030243209876543551e+04
4.041937037037037226e+04
4.031823456790123601e+04
3.996427160493827250e+04
4.000851851851851825e+04
4.051734567901234550e+04
4.002114814814814599e+04
4.052050617283950851e+04
4.060583950617283699e+04
4.064692592592592700e+04
4.057423456790123601e+04
4.049206172839506326e+04
4.021393827160493674e+04
4.051102469135802676e+04
4.062480246913580049e+04
3.993898765432099026e+04
4.074174074074073724e+04
4.095665432098765450e+04
4.074174074074073724e+04
4.081759259259259125e+04
4.002748148148148175e+04
4.074174074074073724e+04
4.004012345679012651e+04
4.065324691358024575e+04
4.011597530864197324e+04
3.943016049382716301e+04
4.073858024691358150e+04
4.067220987654320925e+04
4.077650617283950851e+04
4.096613580246913625e+04
4.081127160493827250e+04
4.004960493827160826e+04
3.995162962962962774e+04
3.994846913580247201e+04
4.060583950617283699e+04
3.985049382716049149e+04
4.043201234567900974e+04
3.917100000000000000e+04
4.005276543209876399e+04
4.039093827160493674e+04
4.015390123456790025e+04
4.092504938271604624e+04
4.088712345679012651e+04
4.073225925925926276e+04
4.070381481481481751e+04
4.060267901234568126e+04
4.074806172839506326e+04
4.001483950617283699e+04
4.050154320987654501e+04
4.036564197530864476e+04
4.057739506172839174e+04
4.055527160493827250e+04
4.054895061728395376e+04
4.051102469135802676e+04
4.035932098765431874e+04
4.037512345679012651e+04
4.047625925925926276e+04
4.023922222222221899e+04
4.038776543209876399e+04
4.026450617283950851e+04
4.042885185185185401e+04
3.997690123456790025e+04
4.046361728395061800e+04
4.047941975308641850e+04
4.049206172839506326e+04
3.993266666666666424e+04
4.012229629629629926e+04
4.009385185185185401e+04
4.010333333333333576e+04
4.090924691358024575e+04
4.005592592592592700e+04
4.055843209876543551e+04
4.086183950617283699e+04
4.086500000000000000e+04
4.028664197530864476e+04
4.025503703703703650e+04
4.043202469135802676e+04
4.038145679012345499e+04
4.100722222222221899e+04
4.088396296296296350e+04
4.011913580246913625e+04
4.082075308641975425e+04
4.062796296296296350e+04
4.019182716049382725e+04
4.001800000000000000e+04
4.000851851851851825e+04
4.086183950617283699e+04
4.107991358024690999e+04
4.106095061728395376e+04
4.091556790123456449e+04
4.068169135802469100e+04
4.083971604938271776e+04
4.089344444444444525e+04
4.086183950617283699e+04
4.111467901234568126e+04
4.119685185185185401e+04
4.140228395061728224e+04
4.117788888888889051e+04
4.131379012345679075e+04
4.152238271604938200e+04
4.065958024691358150e+04
4.078916049382716301e+04
4.145917283950617275e+04
4.171517283950617275e+04
4.159507407407407300e+04
4.067538271604938200e+04
4.150025925925926276e+04
4.034353086419752799e+04
4.149393827160493674e+04
4.119369135802469100e+04
4.113364197530864476e+04
4.148761728395061800e+04
4.003381481481481751e+04
4.010334567901234550e+04
4.166776543209876399e+04
4.097246913580247201e+04
4.020764197530864476e+04
4.199961728395061800e+04
4.030561728395061800e+04
4.027401234567900974e+04
4.048260493827160826e+04
4.056793827160493674e+04
4.073228395061728224e+04
4.073860493827160826e+04
4.055845679012345499e+04
4.060586419753086375e+04
4.053001234567900974e+04
4.065643209876543551e+04
4.056793827160493674e+04
4.077653086419752799e+04
4.057425925925926276e+04
4.040675308641975425e+04
4.059638271604938200e+04
4.053001234567900974e+04
4.025504938271604624e+04
4.027717283950617275e+04
4.045732098765431874e+04
4.051104938271604624e+04
4.057741975308641850e+04
4.033722222222221899e+04
4.114629629629629926e+04
4.064695061728395376e+04
4.044783950617283699e+04
4.017287654320987349e+04
4.030245679012345499e+04
4.022028395061728224e+04
3.986946913580247201e+04
3.995796296296296350e+04
4.081128395061728224e+04
4.040990123456790025e+04
3.989159259259259125e+04
4.027083950617283699e+04
4.028980246913580049e+04
4.029928395061728224e+04
3.962611111111110949e+04
4.028664197530864476e+04
4.028348148148148175e+04
4.022343209876543551e+04
4.116524691358024575e+04
4.097561728395061800e+04
4.107675308641975425e+04
4.103882716049382725e+04
4.104198765432099026e+04
4.104830864197530900e+04
4.024871604938271776e+04
4.032772839506172750e+04
3.992319753086419951e+04
3.972724691358024575e+04
4.121265432098765450e+04
4.132327160493827250e+04
4.117156790123456449e+04
4.031192592592592700e+04
4.129166666666666424e+04
4.097877777777778101e+04
4.112732098765431874e+04
4.089028395061728224e+04
4.021711111111110949e+04
4.023923456790123601e+04
4.080179012345679075e+04
4.063428395061728224e+04
4.068801234567900974e+04
4.075122222222221899e+04
4.092820987654320925e+04
4.078282716049382725e+04
4.089976543209876399e+04
4.102618518518518249e+04
4.018550617283950851e+04
4.010333333333333576e+04
4.015706172839506326e+04
4.048575308641975425e+04
4.066274074074073724e+04
4.053000000000000000e+04
4.068486419753086375e+04
4.033090123456790025e+04
4.006858024691358150e+04
3.984102469135802676e+04
3.996744444444444525e+04
3.986946913580247201e+04
4.008754320987654501e+04
4.011914814814814599e+04
3.979045679012345499e+04
4.051419753086419951e+04
3.975253086419752799e+04
4.069118518518518249e+04
3.967351851851851825e+04
4.055844444444444525e+04
3.972092592592592700e+04
3.974937037037037226e+04
3.992003703703703650e+04
3.974937037037037226e+04
4.004961728395061800e+04
4.018867901234568126e+04
3.991687654320987349e+04
4.029613580246913625e+04
3.982838271604938200e+04
4.001801234567900974e+04
4.005593827160493674e+04
3.993267901234568126e+04
4.093770370370370074e+04
4.060269135802469100e+04
4.053316049382716301e+04
4.027400000000000000e+04
4.046679012345679075e+04
3.979361728395061800e+04
4.067854320987654501e+04
4.046995061728395376e+04
4.033720987654320925e+04
4.056792592592592700e+04
4.000537037037037226e+04
3.985366666666666424e+04
3.991371604938271776e+04
4.017287654320987349e+04
4.020132098765431874e+04
3.998956790123456449e+04
4.110837037037037226e+04
4.088397530864197324e+04
4.094402469135802676e+04
4.004961728395061800e+04
4.013495061728395376e+04
4.005909876543209975e+04
3.985366666666666424e+04
4.000537037037037226e+04
3.995164197530864476e+04
4.067854320987654501e+04
4.079548148148148175e+04
3.992635802469135524e+04
4.001169135802469100e+04
4.059004938271604624e+04
4.060585185185185401e+04
4.040674074074073724e+04
4.042886419753086375e+04
4.041938271604938200e+04
4.033404938271604624e+04
4.050471604938271776e+04
4.027716049382716301e+04
3.950285185185185401e+04
4.022027160493827250e+04
4.029928395061728224e+04
4.046362962962962774e+04
4.055844444444444525e+04
4.054896296296296350e+04
4.000853086419752799e+04
4.007806172839506326e+04
4.018551851851851825e+04
3.754645679012345499e+04
3.845667901234568126e+04
3.941746913580247201e+04
4.010013580246913625e+04
4.083969135802469100e+04
4.039408641975309001e+04
3.957870370370370074e+04
4.052685185185185401e+04
4.119687654320987349e+04
4.198069135802469100e+04
4.165200000000000000e+04
4.225881481481481751e+04
4.147186419753086375e+04
4.202811111111110949e+04
4.204075308641975425e+04
4.168679012345679075e+04
4.180372839506172750e+04
4.293201234567900974e+04
4.292253086419752799e+04
4.263808641975309001e+04
4.193014814814814599e+04
4.186377777777778101e+04
4.274238271604938200e+04
4.244213580246913625e+04
4.218929629629629926e+04
4.197122222222221899e+04
4.198386419753086375e+04
4.176895061728395376e+04
4.150346913580247201e+04
4.133280246913580049e+04
4.133596296296296350e+04
4.135176543209876399e+04
4.183214814814814599e+04
4.177525925925926276e+04
4.136439506172839174e+04
4.174364197530864476e+04
4.199648148148148175e+04
4.179104938271604624e+04
4.147816049382716301e+04
4.112102469135802676e+04
4.132645679012345499e+04
4.108941975308641850e+04
4.098828395061728224e+04
4.092823456790123601e+04
4.103253086419752799e+04
4.102620987654320925e+04
4.047944444444444525e+04
3.993585185185185401e+04
4.067539506172839174e+04
4.123479012345679075e+04
4.059638271604938200e+04
3.994217283950617275e+04
4.047944444444444525e+04
4.034354320987654501e+04
4.025504938271604624e+04
4.014443209876543551e+04
4.108940740740740875e+04
4.081444444444444525e+04
4.065641975308641850e+04
4.132643209876543551e+04
4.113048148148148175e+04
4.119369135802469100e+04
4.079546913580247201e+04
4.083339506172839174e+04
4.066588888888889051e+04
4.062796296296296350e+04
4.074806172839506326e+04
4.089660493827160826e+04
4.075122222222221899e+04
4.023291358024690999e+04
4.029612345679012651e+04
4.023291358024690999e+04
4.114944444444444525e+04
4.084919753086419951e+04
4.040674074074073724e+04
4.044466666666666424e+04
4.101354320987654501e+04
4.006224691358024575e+04
4.024871604938271776e+04
4.027716049382716301e+04
4.023923456790123601e+04
4.016338271604938200e+04
4.026135802469135524e+04
4.031508641975309001e+04
4.008437037037037226e+04
4.110519753086419951e+04
4.111151851851851825e+04
4.026451851851851825e+04
4.028980246913580049e+04
3.996427160493827250e+04
4.076386419753086375e+04
4.031824691358024575e+04
4.022975308641975425e+04
3.975569135802469100e+04
4.033720987654320925e+04
4.028348148148148175e+04
4.026451851851851825e+04
4.064377777777778101e+04
4.059320987654320925e+04
4.069118518518518249e+04
4.053948148148148175e+04
4.037829629629629926e+04
4.058056790123456449e+04
4.041938271604938200e+04
4.035617283950617275e+04
4.048259259259259125e+04
4.137383950617283699e+04
4.150025925925926276e+04
4.121897530864197324e+04
4.136435802469135524e+04
4.150974074074073724e+04
4.046362962962962774e+04
4.032456790123456449e+04
4.121897530864197324e+04
4.126322222222221899e+04
3.971460493827160826e+04
3.985998765432099026e+04
3.990739506172839174e+04
4.059637037037037226e+04
4.069118518518518249e+04
4.064693827160493674e+04
4.057108641975309001e+04
4.045414814814814599e+04
4.115892592592592700e+04
4.080811111111110949e+04
4.043201234567900974e+04
4.069749382716049149e+04
4.048574074074073724e+04
4.070381481481481751e+04
4.066588888888889051e+04
4.081759259259259125e+04
4.077966666666666424e+04
4.127270370370370074e+04
4.068801234567900974e+04
4.030876543209876399e+04
4.107675308641975425e+04
4.034353086419752799e+04
4.087764197530864476e+04
4.081759259259259125e+04
4.003064197530864476e+04
4.016970370370370074e+04
4.032456790123456449e+04
4.088396296296296350e+04
4.030876543209876399e+04
4.079546913580247201e+04
4.093453086419752799e+04
4.067537037037037226e+04
4.083339506172839174e+04
4.099458024691358150e+04
4.028664197530864476e+04
4.028664197530864476e+04
4.022027160493827250e+04
4.040358024691358150e+04
4.034037037037037226e+04
4.052683950617283699e+04
4.127902469135802676e+04
4.104514814814814599e+04
4.028664197530864476e+04
4.056160493827160826e+04
4.051103703703703650e+04
4.022343209876543551e+04
4.112732098765431874e+04
4.121581481481481751e+04
4.119053086419752799e+04
4.090609876543209975e+04
4.073859259259259125e+04
4.082076543209876399e+04
4.127270370370370074e+04
4.122213580246913625e+04
3.955025925925926276e+04
4.109887654320987349e+04
4.107359259259259125e+04
4.107043209876543551e+04
4.078282716049382725e+04
4.022975308641975425e+04
4.000219753086419951e+04
4.161718518518518249e+04
4.155713580246913625e+04
4.032456790123456449e+04
4.015390123456790025e+04
4.103250617283950851e+04
4.110203703703703650e+04
4.009385185185185401e+04
4.007172839506172750e+04
4.064376543209876399e+04
4.137382716049382725e+04
4.142755555555555475e+04
4.058687654320987349e+04
4.155397530864197324e+04
4.090608641975309001e+04
4.086500000000000000e+04
4.090924691358024575e+04
4.074806172839506326e+04
4.090924691358024575e+04
4.093137037037037226e+04
4.081443209876543551e+04
4.070381481481481751e+04
4.096297530864197324e+04
4.093137037037037226e+04
4.067537037037037226e+04
4.075754320987654501e+04
4.071645679012345499e+04
4.063744444444444525e+04
4.066272839506172750e+04
4.059003703703703650e+04
4.043833333333333576e+04
4.086816049382716301e+04
4.152869135802469100e+04
4.083971604938271776e+04
4.226823456790123601e+04
4.136750617283950851e+04
4.067853086419752799e+04
4.117155555555555475e+04
4.096928395061728224e+04
4.119051851851851825e+04
4.112414814814814599e+04
4.116839506172839174e+04
4.049522222222221899e+04
4.072593827160493674e+04
4.018549382716049149e+04
4.038460493827160826e+04
4.004011111111110949e+04
4.009383950617283699e+04
4.025818518518518249e+04
4.090923456790123601e+04
4.086182716049382725e+04
4.128217283950617275e+04
4.038776543209876399e+04
4.019181481481481751e+04
4.088395061728395376e+04
4.083654320987654501e+04
4.087446913580247201e+04
4.014440740740740875e+04
4.021393827160493674e+04
4.012544444444444525e+04
4.021077777777778101e+04
4.159188888888889051e+04
4.070696296296296350e+04
3.993897530864197324e+04
3.997374074074073724e+04
3.998322222222221899e+04
4.018865432098765450e+04
4.035616049382716301e+04
4.056791358024690999e+04
4.056791358024690999e+04
4.053314814814814599e+04
4.055211111111110949e+04
4.090924691358024575e+04
4.079230864197530900e+04
4.068801234567900974e+04
4.062480246913580049e+04
4.087132098765431874e+04
4.025187654320987349e+04
4.017602469135802676e+04
4.110835802469135524e+04
4.107991358024690999e+04
4.093453086419752799e+04
4.068801234567900974e+04
4.101670370370370074e+04
4.103566666666666424e+04
4.086816049382716301e+04
4.095033333333333576e+04
4.114628395061728224e+04
4.101354320987654501e+04
4.042570370370370074e+04
4.045098765432099026e+04
4.117156790123456449e+04
4.097877777777778101e+04
4.178785185185185401e+04
4.119053086419752799e+04
4.091872839506172750e+04
4.167407407407407300e+04
4.085551851851851825e+04
4.094401234567900974e+04
4.086816049382716301e+04
4.066904938271604624e+04
4.079862962962962774e+04
4.071013580246913625e+04
4.009701234567900974e+04
4.002116049382716301e+04
4.083655555555555475e+04
4.083655555555555475e+04
4.081127160493827250e+04
4.156029629629629926e+04
4.076702469135802676e+04
4.216077777777778101e+04
4.184156790123456449e+04
4.121580246913580049e+04
4.035300000000000000e+04
4.047625925925926276e+04
4.126320987654320925e+04
4.113046913580247201e+04
4.010965432098765450e+04
4.085551851851851825e+04
4.080811111111110949e+04
4.154449382716049149e+04
4.076386419753086375e+04
4.070065432098765450e+04
4.201855555555555475e+04
4.143071604938271776e+04
4.093453086419752799e+04
4.177520987654320925e+04
4.087132098765431874e+04
4.042570370370370074e+04
4.087132098765431874e+04
4.082391358024690999e+04
4.097877777777778101e+04
4.013177777777778101e+04
4.094401234567900974e+04
4.087132098765431874e+04
4.076702469135802676e+04
4.138330864197530900e+04
4.082391358024690999e+04
4.070381481481481751e+04
4.067853086419752799e+04
4.073858024691358150e+04
4.077018518518518249e+04
4.044149382716049149e+04
4.056475308641975425e+04
4.075122222222221899e+04
4.087448148148148175e+04
4.074174074074073724e+04
4.105779012345679075e+04
4.028664197530864476e+04
4.020762962962962774e+04
4.033720987654320925e+04
4.101670370370370074e+04
4.122529629629629926e+04
4.103566666666666424e+04
4.067537037037037226e+04
4.066272839506172750e+04
4.104830864197530900e+04
4.122212345679012651e+04
4.055843209876543551e+04
4.198379012345679075e+04
4.018865432098765450e+04
4.105461728395061800e+04
4.120632098765431874e+04
4.118103703703703650e+04
4.149708641975309001e+04
4.045097530864197324e+04
4.097877777777778101e+04
4.070381481481481751e+04
4.037513580246913625e+04
4.047943209876543551e+04
4.090292592592592700e+04
4.176572839506172750e+04
4.190795061728395376e+04
4.118420987654320925e+04
4.126954320987654501e+04
4.125058024691358150e+04
4.030560493827160826e+04
4.112416049382716301e+04
4.107043209876543551e+04
4.073541975308641850e+04
4.081127160493827250e+04
4.078282716049382725e+04
4.084919753086419951e+04
4.153817283950617275e+04
4.098509876543209975e+04
4.095349382716049149e+04
4.117156790123456449e+04
4.099141975308641850e+04
4.086500000000000000e+04
4.126004938271604624e+04
4.078282716049382725e+04
4.168039506172839174e+04
4.028980246913580049e+04
4.098509876543209975e+04
4.100090123456790025e+04
4.001483950617283699e+04
4.080179012345679075e+04
4.049838271604938200e+04
4.082707407407407300e+04
3.964823456790123601e+04
4.071645679012345499e+04
4.086500000000000000e+04
4.019182716049382725e+04
4.069117283950617275e+04
4.062480246913580049e+04
4.119051851851851825e+04
4.034667901234568126e+04
4.041937037037037226e+04
4.022341975308641850e+04
4.011280246913580049e+04
4.006855555555555475e+04
4.029927160493827250e+04
4.027714814814814599e+04
4.067853086419752799e+04
4.077334567901234550e+04
4.089344444444444525e+04
4.061216049382716301e+04
4.061216049382716301e+04
3.783090123456790025e+04
3.840611111111110949e+04
3.946171604938271776e+04
4.019179012345679075e+04
4.104196296296296350e+04
4.065008641975309001e+04
4.087765432098765450e+04
4.144022222222221899e+04
4.061851851851851825e+04
4.026771604938271776e+04
4.094090123456790025e+04
4.122218518518518249e+04
4.141813580246913625e+04
4.201546913580247201e+04
4.133913580246913625e+04
4.151612345679012651e+04
4.158249382716049149e+04
4.193962962962962774e+04
4.202812345679012651e+04
4.232204938271604624e+04
4.216718518518518249e+04
4.192066666666666424e+04
4.173735802469135524e+04
4.186693827160493674e+04
4.198071604938271776e+04
4.257171604938271776e+04
4.149716049382716301e+04
4.197754320987654501e+04
4.102624691358024575e+04
4.075444444444444525e+04
4.095039506172839174e+04
4.154139506172839174e+04
4.161724691358024575e+04
4.135176543209876399e+04
4.107996296296296350e+04
4.089033333333333576e+04
4.081448148148148175e+04
4.066277777777778101e+04
4.052371604938271776e+04
4.025823456790123601e+04
4.048261728395061800e+04
4.110522222222221899e+04
3.988213580246913625e+04
4.080814814814814599e+04
3.956292592592592700e+04
4.027718518518518249e+04
4.023925925925926276e+04
4.020133333333333576e+04
4.004330864197530900e+04
4.006227160493827250e+04
4.107045679012345499e+04
4.033091358024690999e+04
4.081761728395061800e+04
4.026138271604938200e+04
4.002750617283950851e+04
4.093139506172839174e+04
4.014444444444444525e+04
3.998958024691358150e+04
4.043835802469135524e+04
4.046996296296296350e+04
4.107992592592592700e+04
4.038146913580247201e+04
4.123162962962962774e+04
4.106728395061728224e+04
4.112733333333333576e+04
4.117474074074073724e+04
4.107044444444444525e+04
4.184159259259259125e+04
4.122846913580247201e+04
4.182262962962962774e+04
4.168988888888889051e+04
4.174677777777778101e+04
4.182262962962962774e+04
4.175309876543209975e+04
4.175941975308641850e+04
4.075755555555555475e+04
4.148445679012345499e+04
4.162351851851851825e+04
4.159823456790123601e+04
4.178154320987654501e+04
4.190164197530864476e+04
4.165512345679012651e+04
4.175309876543209975e+04
4.162983950617283699e+04
4.137383950617283699e+04
4.224928395061728224e+04
4.147181481481481751e+04
4.135171604938271776e+04
4.158559259259259125e+04
4.197432098765431874e+04
4.059637037037037226e+04
4.171833333333333576e+04
4.181314814814814599e+04
4.096614814814814599e+04
4.196169135802469100e+04
4.177206172839506326e+04
4.114313580246913625e+04
4.011598765432099026e+04
4.065009876543209975e+04
4.091558024691358150e+04
4.163616049382716301e+04
4.072595061728395376e+04
4.157611111111110949e+04
4.150025925925926276e+04
4.158875308641975425e+04
4.162035802469135524e+04
4.155714814814814599e+04
4.138332098765431874e+04
4.129166666666666424e+04
4.115892592592592700e+04
4.108307407407407300e+04
4.112416049382716301e+04
4.106411111111110949e+04
4.105146913580247201e+04
4.168039506172839174e+04
4.166459259259259125e+04
4.229035802469135524e+04
4.149708641975309001e+04
4.088080246913580049e+04
4.158874074074073724e+04
4.251475308641975425e+04
4.149076543209876399e+04
4.216709876543209975e+04
4.223662962962962774e+04
4.222082716049382725e+04
4.198062962962962774e+04
4.191741975308641850e+04
4.237569135802469100e+04
4.210388888888889051e+04
4.228087654320987349e+04
4.058371604938271776e+04
4.156977777777778101e+04
4.234408641975309001e+04
4.185738271604938200e+04
4.170883950617283699e+04
4.028980246913580049e+04
4.165511111111110949e+04
4.172780246913580049e+04
4.144335802469135524e+04
4.159506172839506326e+04
4.069117283950617275e+04
4.089344444444444525e+04
4.001167901234568126e+04
4.084919753086419951e+04
4.035301234567900974e+04
4.016970370370370074e+04
4.029296296296296350e+04
4.096297530864197324e+04
4.083023456790123601e+04
4.174992592592592700e+04
4.099141975308641850e+04
4.085235802469135524e+04
4.090924691358024575e+04
4.027716049382716301e+04
4.037829629629629926e+04
4.087448148148148175e+04
4.092504938271604624e+04
4.005908641975309001e+04
4.107043209876543551e+04
4.117788888888889051e+04
4.014441975308641850e+04
4.093137037037037226e+04
4.108623456790123601e+04
4.253687654320987349e+04
4.173096296296296350e+04
4.094401234567900974e+04
4.145600000000000000e+04
4.150340740740740875e+04
4.158558024691358150e+04
4.006224691358024575e+04
4.179733333333333576e+04
4.239465432098765450e+04
4.139595061728395376e+04
4.219238271604938200e+04
4.235040740740740875e+04
4.223030864197530900e+04
4.205648148148148175e+04
4.216077777777778101e+04
4.221766666666666424e+04
4.212285185185185401e+04
4.075122222222221899e+04
4.239149382716049149e+04
4.149076543209876399e+04
4.092504938271604624e+04
4.156977777777778101e+04
4.236620987654320925e+04
4.249579012345679075e+04
4.103882716049382725e+04
4.071013580246913625e+04
4.098825925925926276e+04
4.095349382716049149e+04
4.101354320987654501e+04
4.080811111111110949e+04
4.086500000000000000e+04
4.111783950617283699e+04
4.091240740740740875e+04
4.152869135802469100e+04
4.081443209876543551e+04
4.164879012345679075e+04
4.230932098765431874e+04
4.229351851851851825e+04
4.155713580246913625e+04
4.259376543209876399e+04
4.163930864197530900e+04
4.086816049382716301e+04
4.165827160493827250e+04
4.069117283950617275e+04
4.106727160493827250e+04
4.104830864197530900e+04
4.163298765432099026e+04
4.154449382716049149e+04
4.104830864197530900e+04
4.104514814814814599e+04
4.113048148148148175e+04
4.123161728395061800e+04
4.114312345679012651e+04
4.115892592592592700e+04
4.093769135802469100e+04
4.134222222222221899e+04
4.073541975308641850e+04
4.094401234567900974e+04
4.105462962962962774e+04
4.173412345679012651e+04
4.167723456790123601e+04
4.229983950617283699e+04
4.156977777777778101e+04
4.151288888888889051e+04
4.149076543209876399e+04
4.217974074074073724e+04
4.139595061728395376e+04
4.206912345679012651e+04
4.212601234567900974e+04
4.138646913580247201e+04
4.125688888888889051e+04
4.143387654320987349e+04
4.199959259259259125e+04
4.122212345679012651e+04
4.140227160493827250e+04
4.162350617283950851e+04
4.170251851851851825e+04
4.094401234567900974e+04
4.185106172839506326e+04
4.161402469135802676e+04
4.083339506172839174e+04
4.153501234567900974e+04
4.109255555555555475e+04
4.129482716049382725e+04
4.211338271604938200e+04
4.062165432098765450e+04
4.029296296296296350e+04
4.101038271604938200e+04
4.247682716049382725e+04
4.264433333333333576e+04
4.167723456790123601e+04
4.104514814814814599e+04
4.170251851851851825e+04
4.185738271604938200e+04
4.177837037037037226e+04
4.168039506172839174e+04
4.184158024691358150e+04
4.094717283950617275e+04
4.225875308641975425e+04
4.251159259259259125e+04
4.173096296296296350e+04
4.223030864197530900e+04
4.144967901234568126e+04
4.240097530864197324e+04
4.224295061728395376e+04
4.201855555555555475e+04
4.202171604938271776e+04
4.213233333333333576e+04
4.230616049382716301e+04
4.223346913580247201e+04
4.205964197530864476e+04
4.221450617283950851e+04
4.223030864197530900e+04
4.195534567901234550e+04
4.216709876543209975e+04
4.206280246913580049e+04
4.198062962962962774e+04
4.194586419753086375e+04
4.170882716049382725e+04
4.161401234567900974e+04
4.164877777777778101e+04
4.161085185185185401e+04
4.171514814814814599e+04
4.167090123456790025e+04
4.168038271604938200e+04
4.143070370370370074e+04
4.148443209876543551e+04
4.163297530864197324e+04
4.184788888888889051e+04
4.182260493827160826e+04
4.192374074074073724e+04
4.199959259259259125e+04
4.200275308641975425e+04
4.196798765432099026e+04
4.127585185185185401e+04
4.209756790123456449e+04
4.220818518518518249e+04
4.156028395061728224e+04
4.165193827160493674e+04
4.183840740740740875e+04
4.190477777777778101e+04
4.182892592592592700e+04
4.168354320987654501e+04
4.161085185185185401e+04
4.179732098765431874e+04
4.152551851851851825e+04
4.163297530864197324e+04
4.156976543209876399e+04
4.165193827160493674e+04
4.184788888888889051e+04
4.148443209876543551e+04
4.174675308641975425e+04
4.113995061728395376e+04
4.164877777777778101e+04
4.166141975308641850e+04
4.182892592592592700e+04
4.173095061728395376e+04
4.152867901234568126e+04
4.137381481481481751e+04
4.158872839506172750e+04
4.148127160493827250e+04
4.131060493827160826e+04
4.156344444444444525e+04
4.096928395061728224e+04
4.152867901234568126e+04
4.161401234567900974e+04
4.203751851851851825e+04
4.176887654320987349e+04
4.191741975308641850e+04
4.178467901234568126e+04
4.179416049382716301e+04
4.193322222222221899e+04
4.155396296296296350e+04
4.199643209876543551e+04
4.212917283950617275e+04
4.162982716049382725e+04
4.130113580246913625e+04
4.194902469135802676e+04
4.212285185185185401e+04
4.187633333333333576e+04
4.212601234567900974e+04
4.147180246913580049e+04
4.138962962962962774e+04
4.086816049382716301e+04
4.160770370370370074e+04
4.162034567901234550e+04
4.157609876543209975e+04
4.173412345679012651e+04
4.143071604938271776e+04
4.219238271604938200e+04
4.064376543209876399e+04
4.212917283950617275e+04
4.211020987654320925e+04
4.217658024691358150e+04
4.204067901234568126e+04
4.207228395061728224e+04
4.207228395061728224e+04
4.203119753086419951e+04
4.175939506172839174e+04
4.158240740740740875e+04
4.180996296296296350e+04
4.177203703703703650e+04
4.162665432098765450e+04
4.151603703703703650e+04
4.145598765432099026e+04
4.155712345679012651e+04
4.180364197530864476e+04
4.175307407407407300e+04
4.156344444444444525e+04
4.172146913580247201e+04
4.166141975308641850e+04
4.155396296296296350e+04
4.156976543209876399e+04
4.150971604938271776e+04
4.132324691358024575e+04
4.140541975308641850e+04
4.160769135802469100e+04
4.119998765432099026e+04
4.151603703703703650e+04
4.193322222222221899e+04
4.158872839506172750e+04
4.203435802469135524e+04
4.154764197530864476e+04
4.162665432098765450e+04
4.164877777777778101e+04
4.188265432098765450e+04
4.161717283950617275e+04
4.180048148148148175e+04
4.189213580246913625e+04
3.756225925925926276e+04
3.840611111111110949e+04
3.882013580246913625e+04
3.959445679012345499e+04
4.100719753086419951e+04
4.180364197530864476e+04
4.042254320987654501e+04
4.124427160493827250e+04
4.060271604938271776e+04
4.056480246913580049e+04
4.127907407407407300e+04
4.199650617283950851e+04
4.235996296296296350e+04
4.227146913580247201e+04
4.179108641975309001e+04
4.228727160493827250e+04
4.203760493827160826e+04
4.227780246913580049e+04
4.240738271604938200e+04
4.213241975308641850e+04
4.218298765432099026e+04
4.208185185185185401e+04
4.284035802469135524e+04
4.259067901234568126e+04
4.267601234567900974e+04
4.222722222222221899e+04
4.208183950617283699e+04
4.187640740740740875e+04
4.149398765432099026e+04
4.145606172839506326e+04
4.130119753086419951e+04
4.152874074074073724e+04
4.066593827160493674e+04
4.058692592592592700e+04
4.079235802469135524e+04
4.055848148148148175e+04
4.115264197530864476e+04
4.096301234567900974e+04
4.099461728395061800e+04
4.057743209876543551e+04
4.047629629629629926e+04
4.074493827160493674e+04
4.065960493827160826e+04
4.076074074074073724e+04
4.083975308641975425e+04
4.081762962962962774e+04
4.106098765432099026e+04
4.160774074074073724e+04
4.067856790123456449e+04
4.062167901234568126e+04
4.149712345679012651e+04
4.135174074074073724e+04
4.194590123456790025e+04
4.106097530864197324e+04
4.129169135802469100e+04
4.068172839506172750e+04
4.123164197530864476e+04
4.098828395061728224e+04
4.095035802469135524e+04
4.076072839506172750e+04
4.073860493827160826e+04
4.155400000000000000e+04
4.065959259259259125e+04
4.022660493827160826e+04
4.082708641975309001e+04
4.083972839506172750e+04
4.038779012345679075e+04
4.043203703703703650e+04
4.122530864197530900e+04
4.192376543209876399e+04
4.034354320987654501e+04
4.085553086419752799e+04
4.182262962962962774e+04
4.094402469135802676e+04
4.076071604938271776e+04
4.079548148148148175e+04
4.065641975308641850e+04
4.068802469135802676e+04
4.132959259259259125e+04
4.028348148148148175e+04
4.050787654320987349e+04
4.042254320987654501e+04
4.113680246913580049e+04
4.096613580246913625e+04
4.182577777777778101e+04
4.199644444444444525e+04
4.183209876543209975e+04
4.196167901234568126e+04
4.178785185185185401e+04
4.098825925925926276e+04
4.095665432098765450e+04
4.197432098765431874e+04
4.199960493827160826e+04
4.274546913580247201e+04
4.120949382716049149e+04
4.198064197530864476e+04
4.126954320987654501e+04
4.115892592592592700e+04
4.108307407407407300e+04
4.250843209876543551e+04
4.143703703703703650e+04
4.154133333333333576e+04
4.121581481481481751e+04
4.184790123456790025e+04
4.135487654320987349e+04
4.138332098765431874e+04
4.116840740740740875e+04
4.112732098765431874e+04
4.095349382716049149e+04
4.120633333333333576e+04
4.144653086419752799e+04
4.103566666666666424e+04
4.128850617283950851e+04
4.118420987654320925e+04
4.071014814814814599e+04
4.137383950617283699e+04
4.042886419753086375e+04
4.122213580246913625e+04
4.139912345679012651e+04
4.124425925925926276e+04
4.201540740740740875e+04
4.136435802469135524e+04
4.090292592592592700e+04
4.028348148148148175e+04
4.179733333333333576e+04
4.167723456790123601e+04
4.099141975308641850e+04
4.090924691358024575e+04
3.993898765432099026e+04
4.161086419753086375e+04
4.144967901234568126e+04
4.144335802469135524e+04
4.134854320987654501e+04
4.125688888888889051e+04
3.968930864197530900e+04
4.130113580246913625e+04
4.203751851851851825e+04
4.193954320987654501e+04
4.194586419753086375e+04
4.223662962962962774e+04
4.076386419753086375e+04
4.067853086419752799e+04
4.139911111111110949e+04
4.145600000000000000e+04
4.159506172839506326e+04
4.166775308641975425e+04
4.154133333333333576e+04
4.254003703703703650e+04
4.230616049382716301e+04
4.062480246913580049e+04
4.110519753086419951e+04
4.249262962962962774e+04
4.171200000000000000e+04
4.168355555555555475e+04
4.106727160493827250e+04
4.157925925925926276e+04
4.079862962962962774e+04
4.099141975308641850e+04
4.066272839506172750e+04
4.155081481481481751e+04
4.075122222222221899e+04
4.141175308641975425e+04
4.136434567901234550e+04
4.146232098765431874e+04
4.210072839506172750e+04
4.208492592592592700e+04
4.150656790123456449e+04
4.168671604938271776e+04
4.171200000000000000e+04
4.164879012345679075e+04
4.027716049382716301e+04
4.099774074074073724e+04
4.088080246913580049e+04
4.089344444444444525e+04
4.087132098765431874e+04
4.156345679012345499e+04
4.205016049382716301e+04
4.127269135802469100e+04
4.120948148148148175e+04
4.120948148148148175e+04
3.932897530864197324e+04
3.930685185185185401e+04
3.951228395061728224e+04
3.906665432098765450e+04
3.918043209876543551e+04
3.921835802469135524e+04
3.916779012345679075e+04
3.918359259259259125e+04
3.901608641975309001e+04
3.933845679012345499e+04
3.932581481481481751e+04
3.951544444444444525e+04
3.959445679012345499e+04
3.910774074074073724e+04
3.974932098765431874e+04
3.967030864197530900e+04
3.969875308641975425e+04
3.958181481481481751e+04
3.952808641975309001e+04
3.945539506172839174e+04
3.936058024691358150e+04
3.947119753086419951e+04
3.956285185185185401e+04
3.936374074074073724e+04
3.959761728395061800e+04
3.935741975308641850e+04
3.926892592592592700e+04
3.928788888888889051e+04
3.921203703703703650e+04
3.915198765432099026e+04
3.932897530864197324e+04
3.922783950617283699e+04
3.906981481481481751e+04
3.905401234567900974e+04
3.928472839506172750e+04
3.903820987654320925e+04
3.906349382716049149e+04
3.924364197530864476e+04
3.895287654320987349e+04
3.927840740740740875e+04
3.911406172839506326e+04
3.894971604938271776e+04
3.889914814814814599e+04
3.877588888888889051e+04
3.871900000000000000e+04
3.864946913580247201e+04
3.868739506172839174e+04
3.865262962962962774e+04
3.849144444444444525e+04
3.850724691358024575e+04
3.834290123456790025e+04
3.842191358024690999e+04
3.828917283950617275e+04
3.843455555555555475e+04
3.855465432098765450e+04
3.834922222222221899e+04
3.836502469135802676e+04
3.845983950617283699e+04
3.872532098765431874e+04
3.911406172839506326e+04
3.952808641975309001e+04
3.976828395061728224e+04
3.969243209876543551e+04
3.971139506172839174e+04
3.991366666666666424e+04
3.981569135802469100e+04
3.997687654320987349e+04
3.987258024691358150e+04
3.999900000000000000e+04
3.984729629629629926e+04
4.006853086419752799e+04
4.005904938271604624e+04
4.002112345679012651e+04
3.986309876543209975e+04
3.991050617283950851e+04
3.993262962962962774e+04
3.993579012345679075e+04
3.998003703703703650e+04
3.995475308641975425e+04
4.003376543209876399e+04
4.016018518518518249e+04
4.025183950617283699e+04
4.009697530864197324e+04
4.006853086419752799e+04
3.987258024691358150e+04
4.005904938271604624e+04
3.985993827160493674e+04
4.011909876543209975e+04
3.992314814814814599e+04
4.021391358024690999e+04
4.009065432098765450e+04
3.985361728395061800e+04
3.993262962962962774e+04
3.976828395061728224e+04
3.980620987654320925e+04
4.003376543209876399e+04
4.016334567901234550e+04
4.002112345679012651e+04
4.008749382716049149e+04
3.987890123456790025e+04
4.013806172839506326e+04
3.996423456790123601e+04
3.971139506172839174e+04
3.995791358024690999e+04
4.003060493827160826e+04
4.002112345679012651e+04
3.982517283950617275e+04
4.013174074074073724e+04
3.990734567901234550e+04
3.982201234567900974e+04
4.020759259259259125e+04
3.999900000000000000e+04
3.991998765432099026e+04
3.990418518518518249e+04
3.994211111111110949e+04
3.976196296296296350e+04
3.991050617283950851e+04
3.967979012345679075e+04
3.942695061728395376e+04
3.955653086419752799e+04
3.967346913580247201e+04
3.962290123456790025e+04
3.957549382716049149e+04
3.968295061728395376e+04
3.928472839506172750e+04
3.963238271604938200e+04
3.956917283950617275e+04
3.939534567901234550e+04
3.942062962962962774e+04
3.957233333333333576e+04
3.935425925925926276e+04
3.939218518518518249e+04
3.950912345679012651e+04
3.975880246913580049e+04
3.976828395061728224e+04
3.963870370370370074e+04
3.974300000000000000e+04
3.982833333333333576e+04
3.967030864197530900e+04
3.973035802469135524e+04
3.986625925925926276e+04
4.005904938271604624e+04
3.971139506172839174e+04
3.972403703703703650e+04
3.965766666666666424e+04
3.960393827160493674e+04
3.977460493827160826e+04
3.975564197530864476e+04
3.974300000000000000e+04
3.971455555555555475e+04
3.975248148148148175e+04
3.964186419753086375e+04
3.995475308641975425e+04
3.969559259259259125e+04
3.962290123456790025e+04
3.959129629629629926e+04
3.978724691358024575e+04
4.005904938271604624e+04
4.019495061728395376e+04
4.019179012345679075e+04
4.016650617283950851e+04
4.021707407407407300e+04
4.019495061728395376e+04
4.068166666666666424e+04
4.046675308641975425e+04
4.044462962962962774e+04
4.029924691358024575e+04
4.046675308641975425e+04
4.044462962962962774e+04
4.030240740740740875e+04
4.014754320987654501e+04
4.043514814814814599e+04
4.040670370370370074e+04
4.061845679012345499e+04
4.076067901234568126e+04
4.032769135802469100e+04
4.038774074074073724e+04
4.041618518518518249e+04
4.013490123456790025e+04
3.990734567901234550e+04
4.017598765432099026e+04
4.021075308641975425e+04
4.028028395061728224e+04
4.016334567901234550e+04
4.007169135802469100e+04
3.995159259259259125e+04
3.995159259259259125e+04
3.993895061728395376e+04
4.013490123456790025e+04
4.002744444444444525e+04
3.977144444444444525e+04
3.980304938271604624e+04
3.943011111111110949e+04
3.949332098765431874e+04
3.962922222222221899e+04
3.962290123456790025e+04
3.955337037037037226e+04
3.963238271604938200e+04
3.972403703703703650e+04
3.981569135802469100e+04
4.011277777777778101e+04
4.017914814814814599e+04
3.999583950617283699e+04
3.967662962962962774e+04
3.984413580246913625e+04
3.975880246913580049e+04
3.983781481481481751e+04
3.985045679012345499e+04
4.001480246913580049e+04
3.991050617283950851e+04
4.009381481481481751e+04
4.000216049382716301e+04
4.000216049382716301e+04
3.811534567901234550e+04
3.919623456790123601e+04
3.984729629629629926e+04
4.059317283950617275e+04
4.178783950617283699e+04
4.230301234567900974e+04
4.045733333333333576e+04
4.002435802469135524e+04
4.123481481481481751e+04
4.129487654320987349e+04
4.178475308641975425e+04
4.198702469135802676e+04
4.169627160493827250e+04
4.195227160493827250e+04
4.231888888888889051e+04
4.241054320987654501e+04
4.247691358024690999e+04
4.273291358024690999e+04
4.251167901234568126e+04
4.217666666666666424e+04
4.222407407407407300e+04
4.220195061728395376e+04
4.211977777777778101e+04
4.188274074074073724e+04
4.175000000000000000e+04
4.142130864197530900e+04
4.205023456790123601e+04
4.193013580246913625e+04
4.180055555555555475e+04
4.158880246913580049e+04
4.142761728395061800e+04
4.173417283950617275e+04
4.176577777777778101e+04
4.134543209876543551e+04
4.141180246913580049e+04
4.110207407407407300e+04
4.123481481481481751e+04
4.095669135802469100e+04
4.076074074074073724e+04
4.119372839506172750e+04
4.110839506172839174e+04
4.105466666666666424e+04
4.133595061728395376e+04
4.151608641975309001e+04
4.065328395061728224e+04
4.064380246913580049e+04
4.058691358024690999e+04
4.150028395061728224e+04
4.125692592592592700e+04
4.038148148148148175e+04
4.120319753086419951e+04
4.125692592592592700e+04
4.087134567901234550e+04
4.013180246913580049e+04
4.044467901234568126e+04
4.057425925925926276e+04
4.134856790123456449e+04
4.107676543209876399e+04
4.114629629629629926e+04
4.044467901234568126e+04
4.113365432098765450e+04
4.186055555555555475e+04
4.108940740740740875e+04
4.035934567901234550e+04
4.018551851851851825e+04
4.010966666666666424e+04
4.085869135802469100e+04
4.090293827160493674e+04
4.159507407407407300e+04
4.161719753086419951e+04
4.226824691358024575e+04
4.227456790123456449e+04
4.210706172839506326e+04
4.229669135802469100e+04
4.196800000000000000e+04
4.213550617283950851e+04
4.160139506172839174e+04
4.240730864197530900e+04
4.150974074074073724e+04
4.209125925925926276e+04
4.212918518518518249e+04
4.143072839506172750e+04
4.234093827160493674e+04
4.175308641975309001e+04
4.205333333333333576e+04
4.192375308641975425e+04
4.204385185185185401e+04
4.183841975308641850e+04
4.237570370370370074e+04
4.211338271604938200e+04
4.191111111111110949e+04
4.230301234567900974e+04
4.188266666666666424e+04
4.197748148148148175e+04
4.189530864197530900e+04
4.162350617283950851e+04
4.233144444444444525e+04
4.169935802469135524e+04
4.180997530864197324e+04
4.148760493827160826e+04
4.160138271604938200e+04
4.073541975308641850e+04
4.150024691358024575e+04
4.160770370370370074e+04
4.241361728395061800e+04
4.183525925925926276e+04
4.170251851851851825e+04
4.153185185185185401e+04
4.120633333333333576e+04
4.226824691358024575e+04
4.199644444444444525e+04
4.117788888888889051e+04
4.113364197530864476e+04
4.160454320987654501e+04
4.103250617283950851e+04
4.197116049382716301e+04
4.196167901234568126e+04
4.189214814814814599e+04
4.228719753086419951e+04
4.164879012345679075e+04
4.168039506172839174e+04
4.173096296296296350e+04
4.178785185185185401e+04
4.177520987654320925e+04
4.164562962962962774e+04
4.061848148148148175e+04
4.148444444444444525e+04
4.229983950617283699e+04
4.189846913580247201e+04
4.154133333333333576e+04
4.212917283950617275e+04
4.077018518518518249e+04
4.174360493827160826e+04
4.170251851851851825e+04
4.165827160493827250e+04
4.189214814814814599e+04
4.199012345679012651e+04
4.187634567901234550e+04
4.170251851851851825e+04
4.111151851851851825e+04
4.079230864197530900e+04
4.065324691358024575e+04
4.081443209876543551e+04
4.084919753086419951e+04
4.095033333333333576e+04
4.238833333333333576e+04
4.181629629629629926e+04
4.100406172839506326e+04
4.087448148148148175e+04
4.170883950617283699e+04
4.109887654320987349e+04
4.109887654320987349e+04
4.142755555555555475e+04
4.154133333333333576e+04
4.162034567901234550e+04
4.152869135802469100e+04
4.194903703703703650e+04
4.162666666666666424e+04
4.183841975308641850e+04
4.177520987654320925e+04
4.168671604938271776e+04
4.162034567901234550e+04
4.150972839506172750e+04
4.165195061728395376e+04
4.226507407407407300e+04
4.140859259259259125e+04
4.251475308641975425e+04
4.237253086419752799e+04
4.159506172839506326e+04
4.202487654320987349e+04
4.222714814814814599e+04
4.231248148148148175e+04
4.203435802469135524e+04
4.133906172839506326e+04
4.137698765432099026e+04
4.107358024691358150e+04
4.124424691358024575e+04
4.208176543209876399e+04
4.187949382716049149e+04
4.194586419753086375e+04
4.176887654320987349e+04
4.202803703703703650e+04
4.174675308641975425e+04
4.185420987654320925e+04
4.205964197530864476e+04
4.194270370370370074e+04
4.115259259259259125e+04
4.126953086419752799e+04
4.119683950617283699e+04
4.208176543209876399e+04
4.195850617283950851e+04
4.139911111111110949e+04
4.114627160493827250e+04
4.099140740740740875e+04
4.101669135802469100e+04
4.098192592592592700e+04
4.168354320987654501e+04
4.160769135802469100e+04
4.143070370370370074e+04
4.133588888888889051e+04
4.124739506172839174e+04
4.119366666666666424e+04
4.123475308641975425e+04
4.122843209876543551e+04
4.138013580246913625e+04
4.155396296296296350e+04
4.155396296296296350e+04
4.145282716049382725e+04
4.128848148148148175e+04
4.102616049382716301e+04
4.119682716049382725e+04
4.134220987654320925e+04
4.143702469135802676e+04
4.061530864197530900e+04
4.132640740740740875e+04
4.131060493827160826e+04
4.142122222222221899e+04
4.131692592592592700e+04
4.126003703703703650e+04
4.135169135802469100e+04
4.119998765432099026e+04
4.127900000000000000e+04
4.141806172839506326e+04
4.150655555555555475e+04
4.133588888888889051e+04
4.157608641975309001e+04
4.199011111111110949e+04
4.168354320987654501e+04
4.122212345679012651e+04
4.133906172839506326e+04
4.150024691358024575e+04
4.166775308641975425e+04
4.077966666666666424e+04
4.159190123456790025e+04
4.147496296296296350e+04
4.193323456790123601e+04
4.150972839506172750e+04
4.168039506172839174e+04
4.159506172839506326e+04
4.168987654320987349e+04
4.173096296296296350e+04
4.083971604938271776e+04
4.186686419753086375e+04
4.160454320987654501e+04
4.195219753086419951e+04
4.107043209876543551e+04
4.113680246913580049e+04
4.068486419753086375e+04
4.028664197530864476e+04
4.157609876543209975e+04
4.161402469135802676e+04
4.154449382716049149e+04
4.155081481481481751e+04
4.241361728395061800e+04
4.136118518518518249e+04
4.128849382716049149e+04
4.157293827160493674e+04
4.213549382716049149e+04
4.151920987654320925e+04
4.219870370370370074e+04
4.146548148148148175e+04
4.175308641975309001e+04
4.145916049382716301e+04
4.125372839506172750e+04
4.222714814814814599e+04
4.151604938271604624e+04
4.120316049382716301e+04
4.112414814814814599e+04
4.150340740740740875e+04
4.132009876543209975e+04
4.151604938271604624e+04
4.243258024691358150e+04
4.159190123456790025e+04
4.156029629629629926e+04
4.175308641975309001e+04
4.255267901234568126e+04
4.138330864197530900e+04
4.153185185185185401e+04
4.099141975308641850e+04
4.170883950617283699e+04
4.096929629629629926e+04
4.190479012345679075e+04
4.131379012345679075e+04
4.155398765432099026e+04
4.214182716049382725e+04
4.208493827160493674e+04
4.113996296296296350e+04
4.203120987654320925e+04
4.259060493827160826e+04
4.278971604938271776e+04
4.279603703703703650e+04
4.195535802469135524e+04
4.130430864197530900e+04
4.168671604938271776e+04
4.096297530864197324e+04
4.242309876543209975e+04
4.238517283950617275e+04
4.224611111111110949e+04
4.210704938271604624e+04
4.240097530864197324e+04
4.225559259259259125e+04
4.257480246913580049e+04
4.265381481481481751e+04
4.256848148148148175e+04
4.164246913580247201e+04
4.169935802469135524e+04
4.093453086419752799e+04
4.168355555555555475e+04
4.139279012345679075e+04
4.222082716049382725e+04
4.211969135802469100e+04
4.081759259259259125e+04
4.234724691358024575e+04
4.141807407407407300e+04
4.217341975308641850e+04
4.209756790123456449e+04
4.220186419753086375e+04
4.210704938271604624e+04
4.099456790123456449e+04
4.226507407407407300e+04
4.157925925925926276e+04
4.211020987654320925e+04
4.213233333333333576e+04
4.192058024691358150e+04
4.173095061728395376e+04
4.176887654320987349e+04
4.141491358024690999e+04
4.205964197530864476e+04
4.141175308641975425e+04
4.177837037037037226e+04
4.218922222222221899e+04
4.197430864197530900e+04
4.154449382716049149e+04
4.154133333333333576e+04
4.185422222222221899e+04
4.110203703703703650e+04
4.047311111111110949e+04
4.113996296296296350e+04
4.127270370370370074e+04
4.120317283950617275e+04
4.082075308641975425e+04
4.106095061728395376e+04
4.177837037037037226e+04
4.177204938271604624e+04
4.155713580246913625e+04
4.174676543209876399e+04
4.116208641975309001e+04
4.110835802469135524e+04
4.180049382716049149e+04
4.174360493827160826e+04
4.248946913580247201e+04
4.205017283950617275e+04
4.205017283950617275e+04
4.205965432098765450e+04
4.219239506172839174e+04
4.143072839506172750e+04
4.192375308641975425e+04
4.132327160493827250e+04
4.186370370370370074e+04
4.171516049382716301e+04
4.185106172839506326e+04
4.156345679012345499e+04
4.148444444444444525e+04
4.190479012345679075e+04
4.264433333333333576e+04
4.233460493827160826e+04
4.155397530864197324e+04
4.223979012345679075e+04
4.234092592592592700e+04
4.226507407407407300e+04
4.202171604938271776e+04
4.207860493827160826e+04
4.186685185185185401e+04
4.221450617283950851e+04
4.192690123456790025e+04
4.211337037037037226e+04
4.221134567901234550e+04
4.217974074074073724e+04
4.132325925925926276e+04
4.219870370370370074e+04
4.214813580246913625e+04
4.221450617283950851e+04
4.220818518518518249e+04
4.220818518518518249e+04
3.833974074074073724e+04
3.909193827160493674e+04
3.957865432098765450e+04
4.072275308641975425e+04
4.188265432098765450e+04
4.182577777777778101e+04
4.224929629629629926e+04
4.204071604938271776e+04
4.112735802469135524e+04
4.182582716049382725e+04
4.156035802469135524e+04
4.184796296296296350e+04
4.209448148148148175e+04
4.218929629629629926e+04
4.247058024691358150e+04
4.182585185185185401e+04
4.230308641975309001e+04
4.208185185185185401e+04
4.229992592592592700e+04
4.233785185185185401e+04
4.243582716049382725e+04
4.235997530864197324e+04
4.215138271604938200e+04
4.204392592592592700e+04
4.175948148148148175e+04
4.166782716049382725e+04
4.215137037037037226e+04
4.208183950617283699e+04
4.192381481481481751e+04
4.157932098765431874e+04
4.143709876543209975e+04
4.114633333333333576e+04
4.109576543209876399e+04
4.164567901234568126e+04
4.047630864197530900e+04
4.044470370370370074e+04
4.119688888888889051e+04
4.094720987654320925e+04
4.142127160493827250e+04
4.137702469135802676e+04
4.145919753086419951e+04
4.074493827160493674e+04
4.159193827160493674e+04
4.152556790123456449e+04
4.149712345679012651e+04
4.210392592592592700e+04
4.135490123456790025e+04
4.194590123456790025e+04
4.209128395061728224e+04
4.125692592592592700e+04
4.103253086419752799e+04
4.130749382716049149e+04
4.124428395061728224e+04
4.120319753086419951e+04
4.138650617283950851e+04
4.065012345679012651e+04
4.099460493827160826e+04
4.193009876543209975e+04
4.120003703703703650e+04
4.133909876543209975e+04
4.106097530864197324e+04
4.113366666666666424e+04
4.255902469135802676e+04
4.246737037037037226e+04
4.243260493827160826e+04
4.223981481481481751e+04
4.212287654320987349e+04
4.081445679012345499e+04
4.191744444444444525e+04
4.292246913580247201e+04
4.210075308641975425e+04
4.280869135802469100e+04
4.200277777777778101e+04
4.195537037037037226e+04
4.198381481481481751e+04
4.201858024691358150e+04
4.201858024691358150e+04
4.190796296296296350e+04
4.264118518518518249e+04
4.187319753086419951e+04
4.169620987654320925e+04
4.151606172839506326e+04
4.131062962962962774e+04
4.148761728395061800e+04
4.278023456790123601e+04
4.189530864197530900e+04
4.168987654320987349e+04
4.193323456790123601e+04
4.185106172839506326e+04
4.198064197530864476e+04
4.216079012345679075e+04
4.213234567901234550e+04
4.290033333333333576e+04
4.199960493827160826e+04
4.286240740740740875e+04
4.231249382716049149e+04
4.313737037037037226e+04
4.315949382716049149e+04
4.306467901234568126e+04
4.286872839506172750e+04
4.312156790123456449e+04
4.321006172839506326e+04
4.299830864197530900e+04
4.310892592592592700e+04
4.284028395061728224e+04
4.288453086419752799e+04
4.269806172839506326e+04
4.279603703703703650e+04
4.252423456790123601e+04
4.257796296296296350e+04
4.258744444444444525e+04
4.254635802469135524e+04
4.254951851851851825e+04
4.281500000000000000e+04
4.291613580246913625e+04
4.294774074074073724e+04
4.254953086419752799e+04
4.152554320987654501e+04
4.170569135802469100e+04
4.299830864197530900e+04
4.314685185185185401e+04
4.264749382716049149e+04
4.242941975308641850e+04
4.278023456790123601e+04
4.240097530864197324e+04
4.251475308641975425e+04
4.270122222222221899e+04
4.256532098765431874e+04
4.286556790123456449e+04
4.308048148148148175e+04
4.294774074074073724e+04
4.313420987654320925e+04
4.288453086419752799e+04
4.290665432098765450e+04
4.275495061728395376e+04
4.292561728395061800e+04
4.253055555555555475e+04
4.293825925925926276e+04
4.313737037037037226e+04
4.347238271604938200e+04
4.350714814814814599e+04
4.270123456790123601e+04
4.354823456790123601e+04
4.234411111111110949e+04
4.339653086419752799e+04
4.337756790123456449e+04
4.346290123456790025e+04
4.150025925925926276e+04
4.242311111111110949e+04
4.329855555555555475e+04
4.242311111111110949e+04
4.242943209876543551e+04
4.137383950617283699e+04
4.153186419753086375e+04
4.137067901234568126e+04
4.144653086419752799e+04
4.243575308641975425e+04
4.219239506172839174e+04
4.160139506172839174e+04
4.295090123456790025e+04
4.228088888888889051e+04
4.298566666666666424e+04
4.150658024691358150e+04
4.230617283950617275e+04
4.174361728395061800e+04
4.217659259259259125e+04
4.272334567901234550e+04
4.309944444444444525e+04
4.304571604938271776e+04
4.283080246913580049e+04
4.272650617283950851e+04
4.264749382716049149e+04
4.283080246913580049e+04
4.292877777777778101e+04
4.271070370370370074e+04
4.279603703703703650e+04
4.272018518518518249e+04
4.251159259259259125e+04
4.247366666666666424e+04
4.259376543209876399e+04
4.286872839506172750e+04
4.272334567901234550e+04
4.252107407407407300e+04
4.270122222222221899e+04
4.260956790123456449e+04
4.268541975308641850e+04
4.270754320987654501e+04
4.274230864197530900e+04
4.286556790123456449e+04
4.289085185185185401e+04
4.280235802469135524e+04
4.284344444444444525e+04
4.266961728395061800e+04
4.274230864197530900e+04
4.280551851851851825e+04
4.301411111111110949e+04
4.297302469135802676e+04
4.288769135802469100e+04
4.268858024691358150e+04
4.310576543209876399e+04
4.263485185185185401e+04
4.253371604938271776e+04
4.283396296296296350e+04
4.262853086419752799e+04
4.278655555555555475e+04
4.268541975308641850e+04
4.246734567901234550e+04
4.266329629629629926e+04
4.271070370370370074e+04
4.259376543209876399e+04
4.252107407407407300e+04
4.229667901234568126e+04
4.257480246913580049e+04
4.267593827160493674e+04
4.256216049382716301e+04
4.233144444444444525e+04
4.216393827160493674e+04
4.261588888888889051e+04
4.219238271604938200e+04
4.210072839506172750e+04
4.193322222222221899e+04
4.208176543209876399e+04
4.221450617283950851e+04
4.217025925925926276e+04
4.237253086419752799e+04
4.242941975308641850e+04
4.248630864197530900e+04
4.238833333333333576e+04
4.228719753086419951e+04
4.239781481481481751e+04
4.207228395061728224e+04
4.219870370370370074e+04
4.210704938271604624e+04
4.205964197530864476e+04
4.203435802469135524e+04
4.251159259259259125e+04
4.280235802469135524e+04
4.223032098765431874e+04
4.265381481481481751e+04
4.164880246913580049e+04
4.339653086419752799e+04
4.198381481481481751e+04
4.217028395061728224e+04
4.223981481481481751e+04
4.231566666666666424e+04
4.214500000000000000e+04
4.220820987654320925e+04
4.221137037037037226e+04
4.175311111111110949e+04
4.258746913580247201e+04
4.180051851851851825e+04
4.237887654320987349e+04
4.301728395061728224e+04
4.244208641975309001e+04
4.256534567901234550e+04
4.205967901234568126e+04
4.166145679012345499e+04
4.253690123456790025e+04
4.231566666666666424e+04
4.178787654320987349e+04
4.273601234567900974e+04
4.191113580246913625e+04
4.274233333333333576e+04
4.181316049382716301e+04
4.263803703703703650e+04
4.284979012345679075e+04
4.257482716049382725e+04
4.179419753086419951e+04
4.267912345679012651e+04
4.276761728395061800e+04
4.243892592592592700e+04
4.256218518518518249e+04
4.238203703703703650e+04
4.229354320987654501e+04
4.155083950617283699e+04
4.254322222222221899e+04
4.229038271604938200e+04
4.299516049382716301e+04
4.244840740740740875e+04
4.143390123456790025e+04
4.195853086419752799e+04
4.199645679012345499e+04
4.230618518518518249e+04
4.210391358024690999e+04
4.283713580246913625e+04
4.246420987654320925e+04
4.247369135802469100e+04
4.229986419753086375e+04
4.216080246913580049e+04
4.224929629629629926e+04
4.174679012345679075e+04
4.198066666666666424e+04
4.170570370370370074e+04
4.325748148148148175e+04
4.248633333333333576e+04
4.262855555555555475e+04
4.227458024691358150e+04
4.192061728395061800e+04
4.252741975308641850e+04
4.277393827160493674e+04
4.187320987654320925e+04
4.168358024691358150e+04
4.122848148148148175e+04
4.161720987654320925e+04
4.193958024691358150e+04
4.225245679012345499e+04
4.224929629629629926e+04
4.284661728395061800e+04
4.231882716049382725e+04
4.239783950617283699e+04
4.234727160493827250e+04
4.158244444444444525e+04
4.227141975308641850e+04
4.212919753086419951e+04
4.300780246913580049e+04
4.162669135802469100e+04
4.219872839506172750e+04
4.143390123456790025e+04
4.170254320987654501e+04
4.111153086419752799e+04
4.196485185185185401e+04
4.134540740740740875e+04
4.261590123456790025e+04
4.185423456790123601e+04
4.218292592592592700e+04
4.161719753086419951e+04
4.182262962962962774e+04
4.187003703703703650e+04
4.222085185185185401e+04
4.361460493827160826e+04
4.198065432098765450e+04
4.167092592592592700e+04
4.177522222222221899e+04
4.184159259259259125e+04
4.343445679012345499e+04
4.233146913580247201e+04
4.198381481481481751e+04
4.211655555555555475e+04
4.198381481481481751e+04
4.222717283950617275e+04
4.219240740740740875e+04
4.222401234567900974e+04
4.198065432098765450e+04
4.203754320987654501e+04
4.202490123456790025e+04
4.126955555555555475e+04
4.211023456790123601e+04
4.206598765432099026e+04
4.145602469135802676e+04
4.200277777777778101e+04
4.141177777777778101e+04
4.120002469135802676e+04
4.205334567901234550e+04
4.193956790123456449e+04
4.196485185185185401e+04
4.190480246913580049e+04
4.229670370370370074e+04
4.232198765432099026e+04
4.233779012345679075e+04
4.158876543209876399e+04
4.229670370370370074e+04
4.239467901234568126e+04
4.227458024691358150e+04
4.243576543209876399e+04
4.214816049382716301e+04
4.212919753086419951e+04
4.237255555555555475e+04
4.218292592592592700e+04
4.229354320987654501e+04
4.212287654320987349e+04
4.219240740740740875e+04
4.221137037037037226e+04
4.201225925925926276e+04
4.209443209876543551e+04
4.134224691358024575e+04
4.126639506172839174e+04
4.187003703703703650e+04
4.193324691358024575e+04
4.185107407407407300e+04
4.188583950617283699e+04
4.184791358024690999e+04
4.182579012345679075e+04
4.211023456790123601e+04
4.166776543209876399e+04
4.161088888888889051e+04
4.185739506172839174e+04
4.262222222222221899e+04
4.182262962962962774e+04
4.169620987654320925e+04
4.274548148148148175e+04
4.274548148148148175e+04
3.750537037037037226e+04
3.791623456790123601e+04
3.943011111111110949e+04
4.001480246913580049e+04
4.093450617283950851e+04
4.228719753086419951e+04
4.172149382716049149e+04
4.175943209876543551e+04
4.100409876543209975e+04
4.086188888888889051e+04
4.170258024691358150e+04
4.119059259259259125e+04
4.212925925925926276e+04
4.186061728395061800e+04
4.115900000000000000e+04
4.220195061728395376e+04
4.159514814814814599e+04
4.167732098765431874e+04
4.258753086419752799e+04
4.236945679012345499e+04
4.148453086419752799e+04
4.251483950617283699e+04
4.219879012345679075e+04
4.206920987654320925e+04
4.192698765432099026e+04
4.168679012345679075e+04
4.217349382716049149e+04
4.136125925925926276e+04
4.192381481481481751e+04
4.147502469135802676e+04
4.201861728395061800e+04
4.171206172839506326e+04
4.124746913580247201e+04
4.105151851851851825e+04
4.101991358024690999e+04
4.080816049382716301e+04
4.113683950617283699e+04
4.189534567901234550e+04
4.153504938271604624e+04
4.056162962962962774e+04
4.166146913580247201e+04
4.087451851851851825e+04
4.148764197530864476e+04
4.146235802469135524e+04
4.138966666666666424e+04
4.184160493827160826e+04
4.138018518518518249e+04
4.120951851851851825e+04
4.113050617283950851e+04
4.099144444444444525e+04
4.168990123456790025e+04
4.246737037037037226e+04
4.165829629629629926e+04
4.317530864197530900e+04
4.097880246913580049e+04
4.235991358024690999e+04
4.302676543209876399e+04
4.220504938271604624e+04
4.294143209876543551e+04
4.293195061728395376e+04
4.269807407407407300e+04
4.327643209876543551e+04
4.293825925925926276e+04
4.302359259259259125e+04
4.297302469135802676e+04
4.288137037037037226e+04
4.293509876543209975e+04
4.272018518518518249e+04
4.278339506172839174e+04
4.242941975308641850e+04
4.265065432098765450e+04
4.238517283950617275e+04
4.237569135802469100e+04
4.268225925925926276e+04
4.253371604938271776e+04
4.242309876543209975e+04
4.263169135802469100e+04
4.267277777777778101e+04
4.216711111111110949e+04
4.265065432098765450e+04
4.264433333333333576e+04
4.209441975308641850e+04
4.279287654320987349e+04
4.272018518518518249e+04
4.270122222222221899e+04
4.275811111111110949e+04
4.273598765432099026e+04
4.278339506172839174e+04
4.276443209876543551e+04
4.281816049382716301e+04
4.308364197530864476e+04
4.315317283950617275e+04
4.319741975308641850e+04
4.298566666666666424e+04
4.281183950617283699e+04
4.283712345679012651e+04
4.276127160493827250e+04
4.276127160493827250e+04
4.272650617283950851e+04
4.257480246913580049e+04
4.230300000000000000e+04
4.226191358024690999e+04
4.241361728395061800e+04
4.217658024691358150e+04
4.208492592592592700e+04
4.213549382716049149e+04
4.177203703703703650e+04
4.189529629629629926e+04
4.191741975308641850e+04
4.190161728395061800e+04
4.198062962962962774e+04
4.203751851851851825e+04
4.200275308641975425e+04
4.227455555555555475e+04
4.188581481481481751e+04
4.197114814814814599e+04
4.200907407407407300e+04
4.203435802469135524e+04
4.190793827160493674e+04
4.230300000000000000e+04
4.232828395061728224e+04
4.235988888888889051e+04
4.228403703703703650e+04
4.234724691358024575e+04
4.221450617283950851e+04
4.222714814814814599e+04
4.202803703703703650e+04
4.205016049382716301e+04
4.200275308641975425e+04
4.208176543209876399e+04
4.213865432098765450e+04
4.218922222222221899e+04
4.209756790123456449e+04
4.208176543209876399e+04
4.175307407407407300e+04
4.181944444444444525e+04
4.165193827160493674e+04
4.173727160493827250e+04
4.180364197530864476e+04
4.211337037037037226e+04
4.198062962962962774e+04
4.176571604938271776e+04
4.198379012345679075e+04
4.186053086419752799e+04
4.172779012345679075e+04
4.196798765432099026e+04
4.199011111111110949e+04
4.217658024691358150e+04
4.220186419753086375e+04
4.240097530864197324e+04
4.247366666666666424e+04
4.225559259259259125e+04
4.199643209876543551e+04
4.181312345679012651e+04
4.171830864197530900e+04
4.169302469135802676e+04
4.165825925925926276e+04
4.160453086419752799e+04
4.160769135802469100e+04
4.174359259259259125e+04
4.151603703703703650e+04
4.169934567901234550e+04
4.154764197530864476e+04
4.173727160493827250e+04
4.158872839506172750e+04
4.153183950617283699e+04
4.144018518518518249e+04
4.117470370370370074e+04
4.152551851851851825e+04
4.147179012345679075e+04
4.154764197530864476e+04
4.178467901234568126e+04
4.167722222222221899e+04
4.147179012345679075e+04
4.178467901234568126e+04
4.137065432098765450e+04
4.150023456790123601e+04
4.154448148148148175e+04
4.138645679012345499e+04
4.132008641975309001e+04
4.137381481481481751e+04
4.145914814814814599e+04
4.141490123456790025e+04
4.151287654320987349e+04
4.129796296296296350e+04
4.092502469135802676e+04
4.128848148148148175e+04
4.131692592592592700e+04
4.117154320987654501e+04
4.139277777777778101e+04
4.168354320987654501e+04
4.181628395061728224e+04
4.160769135802469100e+04
4.161401234567900974e+04
4.174675308641975425e+04
4.165193827160493674e+04
4.154132098765431874e+04
4.148759259259259125e+04
4.128848148148148175e+04
4.139593827160493674e+04
4.112729629629629926e+04
4.086813580246913625e+04
4.103248148148148175e+04
4.094082716049382725e+04
4.086813580246913625e+04
4.094398765432099026e+04
4.069746913580247201e+04
4.064374074074073724e+04
4.043830864197530900e+04
4.041934567901234550e+04
4.066270370370370074e+04
4.088077777777778101e+04
4.055840740740740875e+04
4.050467901234568126e+04
4.081440740740740875e+04
4.041934567901234550e+04
4.024235802469135524e+04
4.042250617283950851e+04
4.067850617283950851e+04
4.065006172839506326e+04
4.072907407407407300e+04
4.058685185185185401e+04
4.048887654320987349e+04
4.045727160493827250e+04
4.054260493827160826e+04
4.083653086419752799e+04
4.092186419753086375e+04
4.064374074074073724e+04
4.021075308641975425e+04
4.020127160493827250e+04
4.051732098765431874e+04
4.046359259259259125e+04
4.078912345679012651e+04
4.051100000000000000e+04
4.045411111111110949e+04
4.072275308641975425e+04
4.120630864197530900e+04
4.118102469135802676e+04
4.096927160493827250e+04
4.103880246913580049e+04
4.109569135802469100e+04
4.091238271604938200e+04
4.087445679012345499e+04
4.101351851851851825e+04
4.087129629629629926e+04
4.112413580246913625e+04
4.100087654320987349e+04
4.089658024691358150e+04
4.101983950617283699e+04
4.107040740740740875e+04
4.148443209876543551e+04
4.106724691358024575e+04
4.096927160493827250e+04
4.128848148148148175e+04
4.124739506172839174e+04
4.114941975308641850e+04
4.087445679012345499e+04
4.096295061728395376e+04
4.106724691358024575e+04
4.103248148148148175e+04
4.121895061728395376e+04
4.114625925925926276e+04
4.145282716049382725e+04
4.126319753086419951e+04
4.133272839506172750e+04
4.144650617283950851e+04
4.149075308641975425e+04
4.160453086419752799e+04
4.170882716049382725e+04
4.169618518518518249e+04
4.162981481481481751e+04
4.174043209876543551e+04
4.148759259259259125e+04
4.147495061728395376e+04
4.168670370370370074e+04
4.142122222222221899e+04
4.134537037037037226e+04
4.115890123456790025e+04
4.146546913580247201e+04
4.142122222222221899e+04
4.099455555555555475e+04
4.124739506172839174e+04
4.140541975308641850e+04
4.119050617283950851e+04
4.114941975308641850e+04
4.138329629629629926e+04
4.137065432098765450e+04
4.144018518518518249e+04
4.152551851851851825e+04
4.115258024691358150e+04
4.153183950617283699e+04
4.105776543209876399e+04
4.139909876543209975e+04
4.103880246913580049e+04
4.129164197530864476e+04
4.144018518518518249e+04
4.126635802469135524e+04
4.129480246913580049e+04
4.118102469135802676e+04
4.146862962962962774e+04
4.128848148148148175e+04
4.131060493827160826e+04
4.092502469135802676e+04
4.099455555555555475e+04
4.108620987654320925e+04
4.102616049382716301e+04
4.087129629629629926e+04
4.072591358024690999e+04
4.046675308641975425e+04
4.075751851851851825e+04
4.087761728395061800e+04
4.082704938271604624e+04
4.060581481481481751e+04
4.102932098765431874e+04
4.077648148148148175e+04
4.098507407407407300e+04
4.131692592592592700e+04
4.138013580246913625e+04
4.096927160493827250e+04
4.094082716049382725e+04
4.084601234567900974e+04
4.092818518518518249e+04
4.098191358024690999e+04
4.095346913580247201e+04
4.101035802469135524e+04
4.112413580246913625e+04
4.124739506172839174e+04
4.086497530864197324e+04
4.077648148148148175e+04
4.089341975308641850e+04
4.070379012345679075e+04
4.056788888888889051e+04
4.059949382716049149e+04
4.034665432098765450e+04
4.060581481481481751e+04
4.093450617283950851e+04
4.111781481481481751e+04
4.071327160493827250e+04
4.094082716049382725e+04
4.092818518518518249e+04
4.077332098765431874e+04
4.054260493827160826e+04
4.052996296296296350e+04
4.080492592592592700e+04
4.081124691358024575e+04
4.090290123456790025e+04
4.091554320987654501e+04
4.127583950617283699e+04
4.095662962962962774e+04
4.084917283950617275e+04
4.105776543209876399e+04
4.103564197530864476e+04
4.115574074074073724e+04
4.118734567901234550e+04
4.130428395061728224e+04
4.101351851851851825e+04
4.065006172839506326e+04
4.071643209876543551e+04
4.077332098765431874e+04
4.098191358024690999e+04
4.086181481481481751e+04
4.088393827160493674e+04
4.099771604938271776e+04
4.124739506172839174e+04
4.106092592592592700e+04
4.086813580246913625e+04
4.104196296296296350e+04
4.123475308641975425e+04
4.134537037037037226e+04
4.100403703703703650e+04
4.096295061728395376e+04
4.071327160493827250e+04
4.103248148148148175e+04
4.090606172839506326e+04
4.093450617283950851e+04
4.052680246913580049e+04
