4.135879111111111008e+06
4.123094913580246735e+06
4.117225876543209888e+06
4.102823506172839552e+06
4.102042864197530784e+06
4.092681481481481344e+06
4.087580444444444496e+06
4.106293728395061567e+06
4.113439604938271455e+06
4.117418666666666511e+06
4.143439012345679104e+06
4.163877925925925840e+06
4.175489580246913712e+06
4.195931654320987873e+06
4.222290172839506529e+06
4.244663308641975746e+06
4.259735703703703359e+06
4.286110024691358209e+06
4.303062913580247201e+06
4.321482271604938433e+06
4.337774617283950560e+06
4.374644938271604478e+06
4.371990123456790112e+06
4.407296000000000000e+06
4.415364740740740672e+06
4.433091950617283583e+06
4.490050370370370336e+06
4.498008493827160448e+06
4.524060444444444031e+06
4.534196148148148321e+06
4.535381333333333023e+06
4.553168592592592351e+06
4.573882469135802239e+06
4.592026864197530784e+06
4.615847506172839552e+06
4.627828938271604478e+06
4.634687209876542911e+06
4.675909530864197761e+06
4.684638814814814366e+06
4.691809975308641791e+06
4.695984987654320896e+06
4.712694518518518656e+06
4.733436839506172575e+06
4.754406716049382463e+06
4.759653135802469216e+06
4.782092641975308768e+06
4.783047111111111008e+06
4.805609876543209888e+06
4.805211654320987873e+06
4.828172641975308768e+06
4.839145876543209888e+06
4.852969876543209888e+06
4.850100148148148321e+06
4.863747160493827425e+06
4.855858567901234142e+06
4.844073086419752799e+06
4.850757530864197761e+06
4.850280296296296641e+06
4.850280296296296641e+06
4.644355555555555620e+05
4.033368888888888760e+05
3.136357530864197761e+05
2.299205925925925840e+05
2.375422345679012360e+05
2.098249716049382929e+06
4.078495049382715952e+06
5.067902777777777985e+06
5.014120296296296641e+06
4.944978172839506529e+06
4.888209382716049440e+06
4.839269135802469216e+06
4.801387456790123135e+06
4.754672197530863807e+06
4.731957728395061567e+06
4.711063703703703359e+06
4.682148345679012127e+06
4.663928098765431903e+06
4.665309234567901120e+06
4.633530469135802239e+06
4.628315654320987873e+06
4.631514074074073695e+06
4.618774123456790112e+06
4.629665185185185634e+06
4.622228543209876865e+06
4.645265382716049440e+06
4.647616790123457089e+06
4.649174913580247201e+06
4.680485925925926305e+06
4.682018765432098880e+06
4.684958024691358209e+06
4.693680987654320896e+06
4.708687012345679104e+06
4.731331950617283583e+06
4.741919604938271455e+06
4.753989530864197761e+06
4.772677530864197761e+06
4.802348246913580224e+06
4.818185481481481344e+06
4.833908938271604478e+06
4.851794172839506529e+06
4.849733530864197761e+06
4.868295111111111008e+06
4.884732839506172575e+06
4.876521876543209888e+06
4.892245333333333023e+06
4.906097777777777985e+06
4.921277629629629664e+06
4.936087703703703359e+06
4.951830123456790112e+06
4.958214320987653919e+06
4.956931160493827425e+06
4.991946271604938433e+06
5.006092641975308768e+06
5.001380345679012127e+06
5.023819851851851679e+06
5.015235950617283583e+06
5.036158419753086753e+06
5.056347654320987873e+06
5.071565432098765858e+06
5.080196740740740672e+06
5.089469654320987873e+06
5.101820925925926305e+06
5.079543037037037313e+06
5.072113209876542911e+06
5.077454358024691232e+06
4.946978975308641791e+06
4.968334098765431903e+06
4.958561901234568097e+06
4.865954827160493471e+06
4.432278765432098880e+06
4.512013592592592351e+06
3.833605382716049440e+06
2.944114061728395056e+06
3.435367209876543377e+06
2.730306839506173041e+06
2.591771925925925840e+06
2.159382049382715952e+06
2.022405222222222248e+06
1.244967481481481576e+06
1.006913432098765392e+06
8.353329506172839319e+05
5.471795185185185401e+05
3.599423333333333139e+05
3.219443456790123601e+05
2.158672222222222190e+05
1.928752839506172750e+05
1.414865432098765450e+05
1.514800493827160390e+05
1.535030123456790170e+05
1.535281851851851970e+05
1.673488024691358150e+05
1.604179629629629490e+05
1.793360987654321070e+05
1.681228271604938200e+05
1.616630617283950560e+05
1.614385925925925840e+05
1.484523209876543260e+05
1.760271851851851970e+05
1.691977777777777810e+05
2.262561728395061800e+05
1.948131481481481460e+05
1.964502469135802530e+05
1.831511728395061800e+05
1.898954814814814890e+05
1.776235925925925840e+05
1.655286790123456740e+05
1.988335185185185110e+05
1.881576049382716010e+05
1.890048271604938200e+05
1.889384691358024720e+05
1.818558024691358150e+05
1.936728888888888760e+05
2.120416790123456740e+05
1.981860740740740730e+05
2.122438395061728370e+05
2.050095802469135670e+05
2.072471975308641850e+05
1.990804938271605060e+05
1.984736790123456740e+05
2.141560493827160390e+05
1.829303703703703650e+05
2.058597530864197470e+05
2.057807407407407300e+05
1.983567407407407300e+05
2.034546172839506180e+05
2.052655802469135670e+05
2.103697777777777810e+05
1.943176296296296350e+05
2.066214320987654210e+05
2.004331851851851970e+05
2.035462716049382580e+05
2.085777777777777810e+05
2.116023703703703650e+05
2.209353086419753090e+05
2.228252839506172750e+05
2.371518024691358150e+05
2.268801975308641850e+05
2.379482469135802530e+05
2.314123456790123601e+05
2.354735802469135670e+05
2.351196049382716010e+05
2.200314074074074160e+05
2.345760000000000000e+05
2.334319012345678930e+05
2.207520000000000000e+05
2.144373333333333430e+05
2.180813827160493820e+05
2.327681975308641850e+05
2.440606419753086520e+05
2.502836543209876399e+05
2.392535308641975280e+05
2.324205432098765450e+05
2.389153580246913480e+05
2.273037037037037080e+05
2.453311604938271630e+05
2.588075061728394940e+05
2.252146172839506180e+05
1.133834469135802472e+06
1.093942716049382696e+06
1.019073777777777752e+06
9.424444444444444962e+05
8.420829629629629198e+05
7.273570370370370802e+05
6.133295802469135961e+05
5.038121481481481460e+05
4.304349629629629781e+05
3.602970617283950560e+05
3.030321851851851679e+05
3.869660123456789879e+05
5.617474938271604478e+05
6.650839012345678639e+05
8.725982098765432602e+05
1.325002654320987640e+06
1.468177012345679104e+06
2.089807913580246968e+06
2.982086679012345616e+06
3.539001222222222015e+06
3.969087098765431903e+06
3.983612493827160448e+06
4.305576370370370336e+06
4.388832024691358209e+06
4.252939320987653919e+06
4.079588864197530784e+06
4.106105012345679104e+06
3.869172827160493936e+06
3.272575777777777985e+06
3.168195839506173041e+06
3.432939975308641791e+06
3.907553382716049440e+06
2.742939148148148321e+06
2.604931975308641791e+06
1.697005802469135728e+06
1.395689086419753032e+06
1.174966851851851912e+06
8.535528148148148321e+05
4.488359753086419660e+05
3.107058518518518540e+05
1.472605061728394940e+05
1.779518395061728370e+05
1.994905432098765450e+05
1.564580740740740730e+05
1.766536296296296350e+05
1.945578271604938200e+05
2.101422222222222190e+05
2.229359012345678930e+05
2.471863703703703650e+05
2.645880493827160681e+05
2.804126419753086520e+05
2.877797530864197761e+05
3.130131358024691581e+05
3.205224691358024720e+05
3.232942222222222481e+05
3.399310617283950560e+05
3.549181234567901120e+05
3.649210864197530900e+05
3.648705185185185401e+05
3.699873580246913480e+05
3.875944691358024720e+05
4.141615802469135961e+05
4.196576790123456740e+05
4.188011851851851679e+05
0.000000000000000000e+00
0.000000000000000000e+00
0.000000000000000000e+00
0.000000000000000000e+00
0.000000000000000000e+00
0.000000000000000000e+00
0.000000000000000000e+00
0.000000000000000000e+00
0.000000000000000000e+00
0.000000000000000000e+00
0.000000000000000000e+00
0.000000000000000000e+00
0.000000000000000000e+00
0.000000000000000000e+00
0.000000000000000000e+00
0.000000000000000000e+00
0.000000000000000000e+00
0.000000000000000000e+00
0.000000000000000000e+00
