0.000000000000000000e+00
5.510399305555567118e+00
5.631093750000008669e+00
5.634722222222230847e+00
5.582482638888889959e+00
5.066510416666667460e+00
4.941927083333333748e+00
5.804843749999997193e+00
6.037065972222225518e+00
5.640815972222225305e+00
6.514565972222221113e+00
5.381093749999997122e+00
5.866388888888895536e+00
5.443732638888889142e+00
5.572899305555556460e+00
6.356666666666664689e+00
6.440815972222227792e+00
6.881232638888886477e+00
6.131232638888893582e+00
6.225677083333329698e+00
6.689930555555553937e+00
5.583263888888882143e+00
5.058263888888895998e+00
5.759999999999998899e+00
4.737222222222225554e+00
5.891649305555572091e+00
6.127708333333334423e+00
6.459565972222225838e+00
7.457708333333330941e+00
5.703315972222216423e+00
5.798177083333333037e+00
5.261649305555552658e+00
5.782708333333332007e+00
5.698333333333340356e+00
5.033333333333333215e+00
5.807482638888898485e+00
6.690815972222228680e+00
5.453888888888888786e+00
4.333263888888890136e+00
4.905399305555543599e+00
4.544722222222223884e+00
5.303888888888892872e+00
6.191597222222230634e+00
6.101041666666666252e+00
6.184010416666660959e+00
5.836649305555556388e+00
6.016510416666672079e+00
6.777499999999997193e+00
6.208333333333333037e+00
6.845815972222215606e+00
6.439166666666668704e+00
5.382482638888885340e+00
5.449565972222221610e+00
5.877065972222224488e+00
6.185677083333333215e+00
6.804843749999998970e+00
6.311649305555553369e+00
5.715000000000001634e+00
5.010399305555560900e+00
6.271597222222221824e+00
5.682899305555557667e+00
4.856666666666669130e+00
5.519427083333325434e+00
7.356597222222221788e+00
6.185260416666671368e+00
5.979930555555555749e+00
7.664166666666670125e+00
6.795677083333340640e+00
6.619982638888891380e+00
7.624930555555559764e+00
7.156597222222216281e+00
8.085000000000006182e+00
7.306093750000004050e+00
6.702065972222218448e+00
7.132222222222225128e+00
5.830555555555552161e+00
6.135399305555553795e+00
6.010260416666670658e+00
5.906093750000004583e+00
6.890815972222228858e+00
7.418055555555549851e+00
7.333055555555550775e+00
2.540598023094071891e+02
6.866597222222229568e+00
6.888732638888887649e+00
2.590747079083654398e+02
7.522191962875258469e+02
6.296093749999999822e+00
2.565286926902664959e+02
1.022852843132018165e+03
5.176328104559580652e+02
2.635750883608394588e+02
1.265314534409575117e+03
1.026947166591220366e+03
7.641989814437761197e+02
1.786742772513231557e+03
3.681113383598062683e+03
1.784538262557717189e+03
1.534827207945714463e+03
4.371108996555544763e+03
3.212011488818854559e+03
4.604312318685061655e+03
8.054052464510591562e+03
1.161633150100602688e+04
1.063706147146622425e+04
1.236153953423394341e+04
1.253864954484276132e+04
1.340840591943502477e+04
1.506896337167715137e+04
1.587195448704930823e+04
1.509510100012222938e+04
1.530963816285424764e+04
1.545343371301860498e+04
1.543520330163079598e+04
1.483938971140519607e+04
1.547907909550559634e+04
1.591879770726099559e+04
1.553530966112747410e+04
1.555676328498813746e+04
1.582145202108781450e+04
1.433590261901192571e+04
1.290717333751679325e+04
1.205493489506377227e+04
1.091978915667824549e+04
1.056979923798640630e+04
9.827401870853647779e+03
8.242003506628405376e+03
9.467582970492045206e+03
6.919835381714502546e+03
6.544632138616761040e+03
5.040259558645620018e+03
3.908221127251518283e+03
2.993983542933992339e+03
1.277408462496598531e+03
1.277621580714914444e+03
2.632255229311518292e+02
1.282151778061919913e+03
5.212738038370359845e+02
7.732676101872660865e+02
2.623959371564127991e+02
5.193983310180240096e+02
2.648301070782878242e+02
7.721597222222223778e+00
8.166597222222195640e+00
7.213732638888862070e+00
2.608523604962566651e+02
5.624565972222222321e+00
5.353888888888877595e+00
6.465815972222253905e+00
7.835399305555569072e+00
7.991510416666672612e+00
8.420555555555559124e+00
8.949930555555587475e+00
7.268593750000008846e+00
7.599565972222222854e+00
6.919375000000005826e+00
7.652499999999989200e+00
8.622222222222221788e+00
9.388263888888868536e+00
9.949149305555581080e+00
7.574149305555570422e+00
7.728315972222208785e+00
8.791388888888890918e+00
8.188888888888902429e+00
6.464565972222230172e+00
8.322899305555569782e+00
7.511041666666660177e+00
6.957222222222217312e+00
6.171510416666664334e+00
7.602760416666675347e+00
8.234010416666675880e+00
8.404930555555555571e+00
9.338888888888906337e+00
8.794375000000011156e+00
7.998333333333329520e+00
1.027749999999999098e+01
8.610260416666678296e+00
7.986649305555548750e+00
7.498333333333328632e+00
8.917708333333333570e+00
8.955815972222236354e+00
8.762499999999999289e+00
8.603055555555512157e+00
8.107899305555548608e+00
7.740815972222253372e+00
6.301232638888903281e+00
7.053315972222213404e+00
6.823593750000004121e+00
6.671597222222217738e+00
6.874149305555562250e+00
6.779930555555536031e+00
6.899930555555538803e+00
7.524930555555536138e+00
7.924722222222230883e+00
8.674149305555561185e+00
8.514149305555541503e+00
8.821510416666660248e+00
7.335399305555570848e+00
7.893593750000019504e+00
7.594375000000007425e+00
7.594375000000007425e+00
1.608222222222224218e+01
1.242942708333333357e+01
7.987222222222218448e+00
8.811649305555530276e+00
6.278315972222202390e+00
8.532222222222211272e+00
1.973509405873614469e+03
1.052796794702503576e+04
1.249653027306000331e+04
5.224275041951065077e+02
1.107638888888890349e+01
9.976649305555550740e+00
1.444789930555555024e+01
1.342289930555553923e+01
1.278826388888888310e+01
1.312942708333333286e+01
1.537623263888888836e+01
1.681833333333332448e+01
1.359956597222222285e+01
1.484749999999998415e+01
1.552623263888889582e+01
1.538305555555555237e+01
1.516234374999998202e+01
1.658081597222223280e+01
1.653609375000000270e+01
1.881026041666665094e+01
1.597493055555555408e+01
1.593123263888889163e+01
1.919914930555554022e+01
1.814331597222223991e+01
1.672888888888889625e+01
1.600623263888888559e+01
1.516373263888890044e+01
1.650623263888888559e+01
1.599138888888889021e+01
1.763826388888889340e+01
1.703498263888890918e+01
1.420493055555556872e+01
1.457888888888888879e+01
1.360623263888889234e+01
1.683498263888890634e+01
1.452914930555555273e+01
1.710831597222222555e+01
1.560388888888888737e+01
1.717359375000001265e+01
1.683248263888889440e+01
2.691986071054146805e+02
5.208287251694998758e+02
2.698294422019853869e+02
1.448123263888888346e+01
2.004570730743411787e+03
3.878478364664717446e+03
5.826258793605957180e+03
1.018493435211578981e+04
1.251076612419023331e+04
1.393118697604710542e+04
1.549133704232933269e+04
1.563490403402089578e+04
1.561216194879213981e+04
1.511736617176372420e+04
1.486439432586005933e+04
1.366809973883920247e+04
1.244991248812251979e+04
8.022371735343924229e+03
6.465556490287775887e+03
7.618053912988243610e+03
6.064530430347656875e+03
2.506663880003820850e+03
1.024732680914137973e+03
2.657975206796331804e+02
5.170852315171564442e+02
8.887065972222210064e+00
8.460399305555565519e+00
9.126041666666667496e+00
8.395677083333326962e+00
7.245833333333333570e+00
8.067708333333333925e+00
6.643333333333331758e+00
8.031597222222204735e+00
7.354930555555549532e+00
8.274722222222216317e+00
8.259982638888880402e+00
9.391649305555541005e+00
7.830555555555552161e+00
8.934565972222229036e+00
8.258263888888844662e+00
9.138177083333337336e+00
9.180833333333358937e+00
6.556510416666666785e+00
6.740815972222232944e+00
7.572899305555561789e+00
7.410677083333333748e+00
7.365815972222227614e+00
7.449375000000016733e+00
7.822065972222214114e+00
8.249930555555534895e+00
8.811041666666685757e+00
7.708315972222204771e+00
6.356597222222230670e+00
7.277343750000000000e+00
6.686388888888893156e+00
6.497500000000019149e+00
7.434722222222228893e+00
8.066597222222245733e+00
7.456597222222216992e+00
7.862065972222239019e+00
8.161041666666674743e+00
7.429166666666666252e+00
6.869374999999990017e+00
7.322065972222221220e+00
7.814930555555554825e+00
7.633333333333333748e+00
7.997065972222210384e+00
7.594375000000014531e+00
7.909565972222208252e+00
7.544722222222218555e+00
8.144427083333315665e+00
6.591597222222238095e+00
6.915815972222225660e+00
5.322760416666682204e+00
5.451388888888896389e+00
5.169375000000008491e+00
4.311093750000000391e+00
6.445399305555543634e+00
4.988263888888880615e+00
7.365815972222248043e+00
6.378888888888871733e+00
6.502065972222216494e+00
6.615815972222225838e+00
7.964427083333337265e+00
6.201388888888880402e+00
6.376666666666666927e+00
7.185833333333333961e+00
7.272065972222213404e+00
7.804427083333333570e+00
7.186649305555546263e+00
6.668732638888906550e+00
6.866388888888901754e+00
7.021093750000000355e+00
8.384565972222224772e+00
8.266927083333333925e+00
8.194982638888870241e+00
6.959982638888880579e+00
9.172482638888871165e+00
7.896510416666662202e+00
8.642708333333333215e+00
8.164930555555555358e+00
8.143732638888906195e+00
9.454010416666653427e+00
9.862065972222222143e+00
9.371597222222227686e+00
9.917899305555559764e+00
9.524930555555577882e+00
8.202708333333326607e+00
9.616666666666667140e+00
9.860399305555544558e+00
9.758263888888896176e+00
1.004555555555556090e+01
1.078604166666668895e+01
9.924722222222223778e+00
7.590815972222255681e+00
8.818315972222217525e+00
9.906597222222218946e+00
1.005067708333334586e+01
8.628315972222200259e+00
7.531232638888895714e+00
6.622065972222213937e+00
8.059374999999999289e+00
7.490555555555517664e+00
1.153604166666666586e+01
9.251041666666667496e+00
1.084659722222220246e+01
1.034914930555555834e+01
8.697500000000013998e+00
9.478888888888896247e+00
8.845815972222217383e+00
7.418732638888907438e+00
9.015260416666652787e+00
1.035442708333333250e+01
9.529427083333333215e+00
1.006526041666666949e+01
9.186649305555537381e+00
9.122482638888872231e+00
9.664843749999999289e+00
9.426649305555558911e+00
8.552065972222230528e+00
8.033055555555559835e+00
9.132899305555554292e+00
7.127065972222244028e+00
8.260399305555544913e+00
8.144427083333338757e+00
8.837500000000000355e+00
9.506597222222227472e+00
7.694982638888872906e+00
7.136649305555541112e+00
8.958177083333337620e+00
8.071597222222219870e+00
8.895815972222221646e+00
7.782708333333355100e+00
7.652760416666670729e+00
7.523888888888881965e+00
6.603888888888880260e+00
6.683177083333329271e+00
6.701232638888879656e+00
8.378732638888903850e+00
8.212482638888888076e+00
7.279149305555550953e+00
7.265260416666666110e+00
8.345677083333329804e+00
7.400677083333343731e+00
7.062065972222236532e+00
8.308315972222203527e+00
5.701232638888878768e+00
7.445815972222218804e+00
9.626649305555559977e+00
7.285260416666681671e+00
7.142899305555591383e+00
7.852343750000000178e+00
7.268315972222212373e+00
7.844166666666652965e+00
7.154149305555555394e+00
7.853888888888882924e+00
8.418333333333331225e+00
1.002359375000000163e+01
7.916597222222221397e+00
8.891597222222211272e+00
9.779930555555528926e+00
9.482899305555552161e+00
8.055555555555573122e+00
9.087343749999986287e+00
9.991927083333333570e+00
8.157482638888895465e+00
7.414930555555539371e+00
8.049930555555578238e+00
6.989565972222227863e+00
6.964565972222218626e+00
5.484375000000000000e+00
7.847065972222191377e+00
6.989930555555565306e+00
6.315815972222234898e+00
8.885399305555571559e+00
8.279166666666666785e+00
7.666041666666667531e+00
8.952065972222245094e+00
8.539565972222227686e+00
8.536093749999984936e+00
9.459374999999999645e+00
8.901041666666666075e+00
9.073263888888890349e+00
8.662222222222197843e+00
8.770555555555549887e+00
8.944982638888872017e+00
9.203888888888872799e+00
9.804930555555561256e+00
9.288263888888884878e+00
9.522500000000007958e+00
9.050677083333342310e+00
9.589930555555563174e+00
9.788263888888884878e+00
1.042993055555554527e+01
9.632222222222212693e+00
9.729930555555561966e+00
1.026026041666668753e+01
9.568315972222212196e+00
1.178734374999998380e+01
9.487500000000000711e+00
9.819427083333339468e+00
9.709374999999999645e+00
9.503055555555553369e+00
8.328055555555559764e+00
7.177065972222223422e+00
7.110000000000004761e+00
7.447899305555550242e+00
9.495555555555538874e+00
1.039833333333334764e+01
7.361041666666664263e+00
8.715815972222248575e+00
7.869010416666666785e+00
9.491597222222255326e+00
9.460833333333336981e+00
8.951666666666678651e+00
8.019982638888865978e+00
8.178888888888870667e+00
7.771510416666671972e+00
6.522899305555557525e+00
6.693333333333336910e+00
8.999982638888887720e+00
9.118732638888888076e+00
7.289166666666683447e+00
8.528315972222214825e+00
9.681927083333329520e+00
7.698263888888862816e+00
9.516649305555542782e+00
9.581232638888900865e+00
8.787482638888892694e+00
9.650677083333341955e+00
8.697500000000019327e+00
9.486041666666658045e+00
7.663263888888893760e+00
7.663263888888878661e+00
8.632899305555552516e+00
9.139930555555539016e+00
6.876232638888924775e+00
7.541927083333333393e+00
8.497065972222211272e+00
8.218593750000021458e+00
7.563732638888879478e+00
7.885677083333333393e+00
7.227708333333344726e+00
7.530815972222232091e+00
7.436649305555548928e+00
7.714149305555536351e+00
7.112482638888892872e+00
7.301927083333319857e+00
7.832222222222233299e+00
9.409999999999994813e+00
9.336041666666648808e+00
8.741649305555547755e+00
7.311041666666649341e+00
7.926232638888905058e+00
8.038263888888897313e+00
8.349930555555561185e+00
7.097500000000025899e+00
8.224930555555554079e+00
7.091388888888900510e+00
8.228732638888901718e+00
7.410399305555547933e+00
8.565260416666664156e+00
9.890555555555568645e+00
1.002222222222223813e+01
1.163331597222220815e+01
8.324843749999997655e+00
9.093315972222221433e+00
8.511093749999982805e+00
9.020555555555544558e+00
8.322482638888878625e+00
9.548263888888874007e+00
9.402065972222235501e+00
1.000493055555557298e+01
7.991041666666657939e+00
9.037065972222242394e+00
9.005815972222229959e+00
9.306597222222197985e+00
8.139166666666673322e+00
8.741510416666677941e+00
9.773593749999992752e+00
9.236041666666682914e+00
8.697760416666637795e+00
8.891597222222237917e+00
8.588888888888906337e+00
9.165555555555567224e+00
7.811041666666676875e+00
9.382222222222218022e+00
8.144427083333338757e+00
9.029149305555559835e+00
8.774930555555560119e+00
7.916041666666670196e+00
8.655555555555558556e+00
9.139166666666676875e+00
8.441597222222211983e+00
8.878055555555555145e+00
8.451232638888905413e+00
1.097993055555554598e+01
1.090956597222221625e+01
9.124930555555581080e+00
1.004659722222224438e+01
8.195399305555545411e+00
8.536041666666646321e+00
7.974722222222229817e+00
7.906927083333320283e+00
9.458315972222202106e+00
8.608263888888910031e+00
9.218055555555547897e+00
8.177708333333345792e+00
9.479149305555560900e+00
9.938263888888908326e+00
8.873888888888854964e+00
8.055399305555534184e+00
1.004123263888888928e+01
8.844722222222205943e+00
9.036041666666665861e+00
8.378315972222212693e+00
8.574999999999999289e+00
9.795555555555543137e+00
9.628315972222214469e+00
1.184138888888888985e+01
1.118873263888887060e+01
9.509999999999992681e+00
6.891388888888897668e+00
6.886649305555539335e+00
6.245555555555550420e+00
6.879010416666657690e+00
2.788873263888893916e+01
1.873081597222220651e+01
1.461326388888888594e+01
1.203583333333333627e+01
7.623263888888868856e+00
7.129427083333333748e+00
6.594722222222211272e+00
6.615815972222232055e+00
5.597760416666684335e+00
5.852708333333329627e+00
8.445555555555564808e+00
6.562760416666666430e+00
6.416597222222204522e+00
5.448177083333333393e+00
5.501927083333311153e+00
6.176388888888896922e+00
7.167899305555561540e+00
9.066597222222259944e+00
2.577903144621848810e+02
1.048401041666668299e+01
2.639736621726881367e+02
5.111546550740135331e+02
7.589320916597049518e+02
1.270833333333333393e+01
2.655269987612298337e+02
1.220901041666668974e+01
1.195826388888889547e+01
1.349159722222223401e+01
1.432039930555557028e+01
1.331916666666664284e+01
2.565025354637040209e+02
1.478248263888889724e+01
1.345331597222221731e+01
1.486659722222221269e+01
1.503604166666666053e+01
1.487993055555554989e+01
1.337770833333330778e+01
1.081998263888889333e+01
1.058248263888891039e+01
1.173826388888886640e+01
1.318159722222220509e+01
1.132984374999999666e+01
1.183664930555554129e+01
1.211416666666667474e+01
1.420166666666666089e+01
1.322081597222223159e+01
1.213166666666666060e+01
1.197770833333335894e+01
1.254998263888887422e+01
1.204159722222224183e+01
1.403222222222222015e+01
1.342151041666665634e+01
1.240123263888891714e+01
1.303039930555558357e+01
1.323331597222219536e+01
1.086248263888890442e+01
1.103039930555555159e+01
8.482482638888891202e+00
9.810000000000011156e+00
9.796093750000000711e+00
9.829149305555564098e+00
1.002222222222223635e+01
1.070826388888885461e+01
1.019555555555553461e+01
9.153732638888905981e+00
1.115659722222221184e+01
9.642343750000009095e+00
1.016789930555555443e+01
1.078437500000000071e+01
1.225206597222221383e+01
1.061326388888889660e+01
1.084984375000000689e+01
9.866510416666672612e+00
1.049081597222225426e+01
1.054956597222221681e+01
1.298248263888890186e+01
1.326789930555556118e+01
1.201442708333333975e+01
1.169956597222221895e+01
1.049722222222221824e+01
1.869026041666667481e+01
1.492333333333333378e+01
1.492484375000001862e+01
1.587081597222222484e+01
1.369789930555558044e+01
1.603083333333333371e+01
1.262109375000000000e+01
1.178539930555557369e+01
1.345270833333333016e+01
1.181789930555554413e+01
1.352206597222223294e+01
1.425770833333333343e+01
1.205305555555553809e+01
1.340817708333335112e+01
1.373472222222219763e+01
1.299159722222223223e+01
1.208993055555556140e+01
1.191581597222222832e+01
1.104333333333332057e+01
1.287916666666666643e+01
1.286326388888891259e+01
1.386138888888886456e+01
1.288609375000000767e+01
1.347388888888890079e+01
1.350414930555556658e+01
1.285138888888887188e+01
1.249826388888888928e+01
1.303817708333332703e+01
1.358500000000000796e+01
1.298817708333331566e+01
1.133638888888888197e+01
1.218166666666666487e+01
1.169888888888889866e+01
1.093539930555556694e+01
1.163604166666666195e+01
1.108109374999999908e+01
1.204333333333332057e+01
1.185206597222225611e+01
8.483263888888904702e+00
8.850260416666666075e+00
1.020484374999999666e+01
1.028826388888890619e+01
1.027993055555551827e+01
1.168942708333332803e+01
1.309826388888886761e+01
1.198192708333332135e+01
1.134373263888888417e+01
1.345192708333336817e+01
1.092493055555556225e+01
9.390815972222231522e+00
1.159498263888888125e+01
1.074567708333331773e+01
9.110260416666678296e+00
8.937343749999994813e+00
9.694982638888877347e+00
1.018331597222220708e+01
1.203123263888887884e+01
1.121972222222220772e+01
1.279748263888886939e+01
1.154498263888888054e+01
1.001805555555555038e+01
1.097831597222221767e+01
1.031326388888887635e+01
1.149567708333331773e+01
1.141026041666669855e+01
1.104081597222223543e+01
1.194289930555555124e+01
1.019651041666667268e+01
9.785000000000005471e+00
1.022706597222225611e+01
1.187888888888889305e+01
1.307493055555556793e+01
1.127831597222220950e+01
1.208123263888890619e+01
1.548500000000001542e+01
1.247984374999998813e+01
1.344789930555555202e+01
1.248826388888885042e+01
1.540901041666669613e+01
1.200937500000000036e+01
1.514081597222221731e+01
1.447067708333332270e+01
1.673750000000000071e+01
1.507055555555554172e+01
1.428888888888890030e+01
1.404581597222222022e+01
1.229159722222224005e+01
1.218305555555558684e+01
1.208326388888888658e+01
1.396138888888888019e+01
1.234609374999999964e+01
1.160067708333334124e+01
1.162914930555556481e+01
1.304026041666665492e+01
1.421581597222223792e+01
1.176164930555555621e+01
1.468222222222223650e+01
1.143166666666668085e+01
1.264998263888886676e+01
1.243826388888891010e+01
1.238083333333336533e+01
1.136972222222218853e+01
1.207326388888888680e+01
1.161326388888888594e+01
1.051416666666669286e+01
9.825677083333349771e+00
1.016039930555554882e+01
8.270399305555576674e+00
1.087623263888889369e+01
1.070206597222221667e+01
1.003539930555555770e+01
9.028888888888882747e+00
9.824722222222215251e+00
8.988732638888883741e+00
8.762065972222210064e+00
7.709374999999999645e+00
8.183263888888888005e+00
8.040815972222226549e+00
8.484375000000000000e+00
7.854930555555569960e+00
7.593732638888900155e+00
8.127065972222258239e+00
1.089826388888887543e+01
8.209565972222218733e+00
1.079555555555553248e+01
9.516041666666682275e+00
9.718732638888878839e+00
9.568333333333347568e+00
8.395815972222216317e+00
9.674375000000003055e+00
7.656093749999999254e+00
1.035206597222224367e+01
9.731597222222195143e+00
1.054972222222221845e+01
1.064722222222223991e+01
1.127437499999999027e+01
1.241664930555552360e+01
1.106789930555558854e+01
1.043083333333334117e+01
1.378326388888886989e+01
1.026604166666665741e+01
1.139659722222223515e+01
1.047993055555557262e+01
1.096604166666667446e+01
1.306526041666665527e+01
1.338956597222223444e+01
1.369166666666666643e+01
1.290666666666667339e+01
1.225748263888890399e+01
1.169123263888888431e+01
9.474722222222217383e+00
1.017993055555557369e+01
8.966232638888884665e+00
8.053055555555502565e+00
8.389930555555553227e+00
7.990815972222246266e+00
1.007388888888886669e+01
1.016456597222224190e+01
1.133498263888887614e+01
1.105442708333333357e+01
1.132326388888889568e+01
1.205831597222219642e+01
1.113826388888885432e+01
1.108159722222222321e+01
1.306493055555554328e+01
1.478722222222223515e+01
1.168748263888888417e+01
1.144081597222222157e+01
1.404159722222221696e+01
1.581222222222219642e+01
1.460166666666665414e+01
1.439442708333331034e+01
1.455442708333333357e+01
1.438498263888887330e+01
1.397805555555552992e+01
1.358664930555553063e+01
1.419937500000002473e+01
1.312914930555556481e+01
1.252692708333331773e+01
1.438826388888889696e+01
1.339581597222223408e+01
1.102692708333333904e+01
1.139104166666667162e+01
1.122664930555555962e+01
1.295164930555554328e+01
1.397456597222221930e+01
1.321138888888889440e+01
1.281831597222221042e+01
1.321526041666666451e+01
1.492248263888886051e+01
1.474993055555558286e+01
1.550623263888892289e+01
1.432993055555555095e+01
1.479104166666666487e+01
1.366484374999999929e+01
1.514055555555553312e+01
1.716317708333332348e+01
1.371416666666667616e+01
1.291484374999999929e+01
1.219914930555556154e+01
1.163039930555553170e+01
1.227472222222221276e+01
1.025956597222222300e+01
8.621597222222222356e+00
9.346597222222239765e+00
9.493055555555566016e+00
1.052151041666666131e+01
1.002206597222222939e+01
9.616388888888886655e+00
1.139993055555557788e+01
1.176638888888890122e+01
1.011833333333331630e+01
1.338472222222221042e+01
1.442749999999998600e+01
1.345581597222220438e+01
1.128039930555555337e+01
1.329722222222222783e+01
1.253567708333333286e+01
1.021317708333332419e+01
1.251555555555556154e+01
1.148222222222221767e+01
9.768055555555559266e+00
1.211373263888886420e+01
1.171789930555558890e+01
1.386664930555554953e+01
1.321873263888891614e+01
1.125623263888890691e+01
1.131493055555555216e+01
1.190192708333332661e+01
1.116664930555553603e+01
1.052770833333335787e+01
1.048567708333333393e+01
1.030388888888888488e+01
9.615815972222234720e+00
1.092805555555556474e+01
1.154472222222222300e+01
1.021456597222223550e+01
9.099375000000009095e+00
9.654010416666656269e+00
1.153638888888885461e+01
1.211581597222221873e+01
1.293722222222222840e+01
9.816597222222188890e+00
1.123706597222221504e+01
9.860000000000008313e+00
9.106666666666662024e+00
8.416510416666673322e+00
8.645815972222218093e+00
9.047065972222217312e+00
9.238732638888885518e+00
8.074149305555577527e+00
9.140260416666658116e+00
9.649930555555563672e+00
1.083166666666666700e+01
9.102500000000004476e+00
8.780555555555560332e+00
8.749375000000004121e+00
9.274565972222216459e+00
9.561093750000010161e+00
9.241041666666681920e+00
1.004833333333334799e+01
8.840815972222253905e+00
9.674982638888865338e+00
1.092914930555555131e+01
1.049123263888888680e+01
9.525260416666666785e+00
9.694722222222196706e+00
9.991649305555544203e+00
9.427708333333329804e+00
8.493055555555560687e+00
8.934722222222228893e+00
7.339565972222225732e+00
8.557222222222240049e+00
9.616597222222226904e+00
8.256927083333335915e+00
8.489149305555569569e+00
9.070399305555547187e+00
9.757482638888905768e+00
9.407482638888909676e+00
9.777708333333302804e+00
1.080138888888887649e+01
9.654930555555548466e+00
9.386093750000005898e+00
1.027831597222221838e+01
1.066833333333334721e+01
9.701232638888892978e+00
9.441388888888891273e+00
8.499565972222219656e+00
8.445815972222213475e+00
9.273263888888900297e+00
9.091597222222222996e+00
9.736041666666649164e+00
9.584565972222215180e+00
9.172482638888896034e+00
1.075770833333331566e+01
9.002760416666648169e+00
1.065206597222224261e+01
1.044164930555554172e+01
1.032770833333335325e+01
9.043593750000017195e+00
8.895815972222228751e+00
8.398177083333333570e+00
9.099999999999999645e+00
1.042993055555556481e+01
8.260399305555576888e+00
9.134565972222235430e+00
9.047899305555564098e+00
9.695815972222222356e+00
9.867343750000006963e+00
9.679930555555548821e+00
7.875000000000000000e+00
7.692708333333333037e+00
7.692708333333333037e+00
1.987567708333334693e+01
2.057289930555559110e+01
1.176206597222220118e+01
8.916649305555546690e+00
7.716388888888900510e+00
7.337482638888894293e+00
7.738732638888872195e+00
6.013263888888900510e+00
6.347500000000016129e+00
7.094166666666652077e+00
7.549930555555572020e+00
7.771510416666672860e+00
7.318055555555563529e+00
8.433055555555558414e+00
7.633263888888925486e+00
8.434374999999999289e+00
8.882899305555559621e+00
8.988263888888882391e+00
7.440260416666671262e+00
7.539427083333311685e+00
7.984375000000000000e+00
1.101581597222224218e+01
1.328539930555557902e+01
1.573638888888886278e+01
1.974748263888890421e+01
1.984789930555555060e+01
2.835659722222220225e+01
2.763956597222222200e+01
3.316222222222221916e+01
3.520270833333331950e+01
3.563826388888887919e+01
4.297734375000000284e+01
4.038604166666670636e+01
4.192901041666665662e+01
3.221666666666666856e+01
3.123326388888891003e+01
3.394937499999998209e+01
3.497206597222228197e+01
3.514659722222224048e+01
3.375901041666667624e+01
2.682143909324543074e+02
2.630837472150062126e+02
9.804381968646575842e+02
1.928648936038545116e+03
9.204074237350623662e+03
8.894734198885749720e+03
1.322802781091901124e+04
1.521444190437289399e+04
7.742257014433277618e+03
2.928573118129306295e+03
2.928573118129306295e+03
7.536388888888892801e+00
7.717708333333333393e+00
6.472482638888895856e+00
1.075206597222222094e+01
1.352326388888887188e+01
1.542159722222221596e+01
1.718166666666666487e+01
1.696138888888887664e+01
2.034289930555549475e+01
1.980493055555557547e+01
1.614659722222222982e+01
1.536500000000000021e+01
1.394373263888887671e+01
1.189659722222221738e+01
1.143248263888889937e+01
1.168914930555556886e+01
1.039750000000000441e+01
9.033263888888859228e+00
7.227708333333330515e+00
6.563263888888886122e+00
6.049722222222216672e+00
7.504843749999991154e+00
4.904930555555558236e+00
5.336388888888866866e+00
5.835399305555561078e+00
6.502065972222212054e+00
4.165260416666661136e+00
4.349930555555569178e+00
3.738263888888883280e+00
3.955399305555568290e+00
3.977708333333315416e+00
3.991232638888889905e+00
3.594722222222226371e+00
4.405833333333364799e+00
4.116232638888883244e+00
3.966649305555562943e+00
4.603055555555560119e+00
4.391388888888896780e+00
4.886388888888888893e+00
4.886388888888888893e+00
7.065815972222252661e+00
8.447065972222208785e+00
1.068222222222222051e+01
1.625623263888888559e+01
1.537666666666664561e+01
1.933270833333335048e+01
2.220166666666665023e+01
2.320493055555552786e+01
2.284000000000000696e+01
2.447993055555558684e+01
2.601104166666663886e+01
2.334305555555555145e+01
2.372706597222223479e+01
2.571138888888887308e+01
2.492039930555553795e+01
2.116164930555554236e+01
2.294498263888892708e+01
2.403873263888886314e+01
2.214706597222228979e+01
1.767776041666665776e+01
1.695956597222222584e+01
1.767984374999999631e+01
1.752493055555555657e+01
1.418604166666665378e+01
1.445414930555556943e+01
1.373326388888887273e+01
1.256638888888890015e+01
1.012206597222219528e+01
1.079581597222223266e+01
7.929930555555573690e+00
9.436649305555546263e+00
1.078722222222221916e+01
1.067493055555553916e+01
8.491041666666655274e+00
1.003604166666666409e+01
9.776232638888924242e+00
7.614930555555562641e+00
9.499930555555540224e+00
8.349843750000001563e+00
6.849149305555561007e+00
8.284722222222230315e+00
7.528888888888880082e+00
5.445677083333335666e+00
5.363732638888879301e+00
5.474843749999991793e+00
6.105555555555569391e+00
5.069722222222210917e+00
4.972065972222221575e+00
4.839565972222215962e+00
5.102760416666654919e+00
5.328732638888904027e+00
4.911388888888892801e+00
4.712500000000000355e+00
5.720833333333333215e+00
6.629930555555556992e+00
4.631232638888907793e+00
4.581666666666674104e+00
4.654149305555553617e+00
4.549722222222218448e+00
4.962482638888889852e+00
4.020815972222210100e+00
5.832222222222188890e+00
5.228055555555543243e+00
4.824722222222217027e+00
4.332222222222198660e+00
5.152065972222231061e+00
5.279843750000001279e+00
4.476388888888881645e+00
5.189149305555545766e+00
5.902708333333341884e+00
4.424843749999988418e+00
5.546597222222236390e+00
7.403315972222215713e+00
4.833315972222210988e+00
5.089149305555542568e+00
4.810677083333333215e+00
5.494982638888880722e+00
5.440260416666665044e+00
5.165815972222231878e+00
5.159565972222237562e+00
6.338177083333324191e+00
5.472065972222214469e+00
5.294375000000003162e+00
5.084010416666674637e+00
5.725677083333338580e+00
5.972065972222218910e+00
5.164427083333339219e+00
5.832482638888903281e+00
7.099722222222228929e+00
6.017708333333333215e+00
6.582222222222188890e+00
6.361388888888859228e+00
6.730399305555547329e+00
4.954149305555549887e+00
5.749722222222233725e+00
7.157222222222231700e+00
5.913263888888872444e+00
5.382482638888913762e+00
6.235260416666653427e+00
5.584999999999994635e+00
4.936649305555539158e+00
6.858177083333330870e+00
5.598333333333342487e+00
4.749149305555548928e+00
5.989565972222236745e+00
5.331232638888887543e+00
4.634565972222222108e+00
4.979930555555543314e+00
4.884722222222221077e+00
5.048263888888878448e+00
5.813888888888905093e+00
4.572500000000021103e+00
4.406597222222226939e+00
4.434565972222212160e+00
5.353732638888896389e+00
5.979149305555546690e+00
5.190815972222227792e+00
5.203315972222225305e+00
5.406093750000016129e+00
5.597065972222218910e+00
6.563732638888881255e+00
6.233315972222213119e+00
6.851232638888919091e+00
6.140815972222251062e+00
5.842899305555578238e+00
5.330399305555553191e+00
4.916597222222220509e+00
5.316232638888890527e+00
4.881093749999996234e+00
5.198888888888895998e+00
5.564930555555554825e+00
6.492899305555549283e+00
6.224930555555537204e+00
5.407708333333331119e+00
5.734982638888899587e+00
5.313732638888877702e+00
5.522500000000021281e+00
5.693593750000000675e+00
5.954149305555555216e+00
5.053055555555539868e+00
6.130833333333351121e+00
6.568333333333333357e+00
6.262343749999998543e+00
5.825677083333347994e+00
5.049982638888880437e+00
5.481232638888891451e+00
5.136041666666671723e+00
5.274930555555539691e+00
5.245399305555562997e+00
5.266510416666660532e+00
5.459565972222224062e+00
6.127708333333336199e+00
6.201041666666666785e+00
4.456597222222211663e+00
8.328055555555559764e+00
5.073593749999996128e+00
4.824374999999997193e+00
4.574375000000014069e+00
5.347065972222207364e+00
5.391388888888895892e+00
5.329149305555540117e+00
5.612222222222218448e+00
6.147222222222234578e+00
6.064565972222236034e+00
5.714930555555548963e+00
7.124982638888885056e+00
6.763263888888886299e+00
5.346597222222231771e+00
5.628315972222215358e+00
5.394722222222204877e+00
5.026232638888899373e+00
6.424375000000007496e+00
6.441041666666673216e+00
6.766597222222247687e+00
5.911041666666671190e+00
6.734722222222226939e+00
7.216597222222249641e+00
6.002065972222228041e+00
6.244374999999989129e+00
5.246597222222220580e+00
4.939930555555543279e+00
4.755833333333336910e+00
6.574930555555543954e+00
6.070815972222224133e+00
5.144374999999986819e+00
6.484565972222236852e+00
4.758263888888893511e+00
5.852708333333324298e+00
6.225677083333347461e+00
4.341597222222225660e+00
6.344722222222189956e+00
5.415815972222234542e+00
5.891666666666666607e+00
6.049375000000001279e+00
6.212222222222215429e+00
5.858315972222208678e+00
6.108055555555562677e+00
5.791232638888882178e+00
6.382222222222191377e+00
5.599722222222218271e+00
5.971093749999999645e+00
5.877065972222213830e+00
6.013177083333328454e+00
5.959565972222223174e+00
5.287065972222236176e+00
5.639149305555561043e+00
6.758263888888870419e+00
8.497065972222221930e+00
6.524982638888880082e+00
6.250677083333342487e+00
5.490815972222228503e+00
6.542899305555558875e+00
5.682708333333349238e+00
6.689427083333314705e+00
6.179149305555560190e+00
6.813888888888903317e+00
9.006232638888890918e+00
6.864930555555539549e+00
7.010399305555568894e+00
6.412222222222216494e+00
5.861388888888859228e+00
5.519427083333340533e+00
6.505399305555529033e+00
7.896597222222239587e+00
7.639999999999999680e+00
6.563263888888872799e+00
6.922065972222221752e+00
6.199982638888879016e+00
6.211388888888895288e+00
5.761649305555537559e+00
5.856232638888897668e+00
5.631666666666677479e+00
5.837482638888895181e+00
7.624375000000004121e+00
5.962065972222231558e+00
7.618593750000018261e+00
7.257222222222188712e+00
7.283263888888913407e+00
5.253055555555541822e+00
6.853315972222205232e+00
5.708055555555548999e+00
8.293315972222224275e+00
5.553315972222221397e+00
6.044375000000002274e+00
6.929149305555553973e+00
5.463732638888880722e+00
5.768315972222215926e+00
8.554149305555553084e+00
5.592899305555577349e+00
6.051649305555551805e+00
5.663732638888870241e+00
5.112222222222210455e+00
5.819010416666666963e+00
6.525000000000000355e+00
5.806927083333321526e+00
6.024375000000015135e+00
7.739930555555562641e+00
4.726927083333312574e+00
5.095815972222220935e+00
7.458593750000000355e+00
6.401232638888891380e+00
6.547760416666673855e+00
4.883263888888882853e+00
5.245399305555567437e+00
4.987222222222206902e+00
5.160399305555562144e+00
5.183263888888902216e+00
5.458055555555563210e+00
5.901232638888902038e+00
5.187222222222218626e+00
5.513732638888877879e+00
5.494010416666666785e+00
5.483055555555562677e+00
4.821597222222226087e+00
5.613263888888871733e+00
5.880399305555543243e+00
5.006597222222231913e+00
5.074149305555552658e+00
5.133263888888884630e+00
7.580555555555572589e+00
6.301927083333342061e+00
6.793333333333332114e+00
6.471093749999999645e+00
7.033177083333329804e+00
6.881927083333332362e+00
5.739166666666678296e+00
6.315555555555548928e+00
5.326927083333315771e+00
5.743055555555563352e+00
6.227065972222238344e+00
5.409565972222242891e+00
5.949149305555584633e+00
6.981597222222216459e+00
6.274930555555572553e+00
5.973263888888882711e+00
6.189565972222236034e+00
5.670555555555536920e+00
7.309375000000000178e+00
4.887065972222211840e+00
6.231597222222224453e+00
5.212760416666666785e+00
5.576666666666658223e+00
5.988263888888874398e+00
4.834374999999999645e+00
6.291388888888892694e+00
6.188263888888888786e+00
5.936041666666649341e+00
5.507222222222216246e+00
6.408055555555562499e+00
6.595555555555554506e+00
7.161388888888892801e+00
6.815260416666664156e+00
7.465555555555567935e+00
7.362222222222212231e+00
6.755555555555560865e+00
9.421597222222196422e+00
6.636388888888892446e+00
6.699149305555562428e+00
5.573888888888897775e+00
6.200677083333338224e+00
6.447760416666653782e+00
6.098888888888895465e+00
6.041597222222208963e+00
6.266041666666670729e+00
6.782899305555551983e+00
5.463263888888892694e+00
5.830399305555554079e+00
6.871597222222222356e+00
6.321597222222219870e+00
6.639565972222227330e+00
7.174375000000016378e+00
6.756232638888895359e+00
5.809565972222245023e+00
5.412343750000004228e+00
6.091388888888894293e+00
6.583315972222210100e+00
6.872065972222217489e+00
5.901232638888875393e+00
6.661649305555555678e+00
5.986041666666668704e+00
4.931927083333328632e+00
5.287760416666666963e+00
6.220815972222226264e+00
6.743055555555543812e+00
5.885260416666654670e+00
6.772222222222241683e+00
6.547899305555564098e+00
7.444010416666666963e+00
7.290260416666658472e+00
7.102065972222218804e+00
6.876666666666670480e+00
6.781510416666666430e+00
7.577708333333328383e+00
6.674375000000012825e+00
6.487343750000003517e+00
6.167708333333333570e+00
6.776927083333321278e+00
6.533333333333333215e+00
7.889930555555551450e+00
8.716666666666666785e+00
9.187343749999991260e+00
1.018270833333333414e+01
8.099374999999991331e+00
6.372500000000008491e+00
7.294374999999997833e+00
8.007482638888916426e+00
7.480815972222223387e+00
7.416597222222193864e+00
8.808055555555570848e+00
9.119166666666650656e+00
9.030833333333344370e+00
7.688732638888859938e+00
9.051388888888897810e+00
7.441597222222197772e+00
8.037222222222215606e+00
8.697500000000006892e+00
7.312065972222210775e+00
6.341597222222235430e+00
6.178315972222203634e+00
8.283263888888891202e+00
7.203732638888899587e+00
6.206232638888897313e+00
5.291597222222233832e+00
7.681927083333331296e+00
5.672899305555570315e+00
6.635260416666681316e+00
5.768333333333339752e+00
5.541388888888897135e+00
6.036041666666671190e+00
6.969166666666652077e+00
6.391388888888889674e+00
6.986093749999980673e+00
6.241232638888885909e+00
1.016164930555555124e+01
1.477493055555556722e+01
1.885937500000000000e+01
2.185442708333333428e+01
2.348914930555555713e+01
1.203861550604236754e+03
5.905997712026955014e+03
1.150412163649560534e+04
1.440392329599353070e+04
1.352172893674610896e+04
1.223632466205915807e+04
8.330521710247207011e+03
7.446040938541619653e+03
2.689982279584407024e+03
1.027600833040871066e+03
1.028463449143303251e+03
1.022503003179761777e+03
2.798523930483391950e+02
1.992338802575004138e+03
2.474788755492102155e+03
8.033402253373203166e+03
8.016979248680266210e+03
1.218725515193913270e+04
1.438220172353082671e+04
1.527325895832379683e+04
1.537592403972943612e+04
1.522823846092198255e+04
1.199819091400543221e+04
6.556346276441940063e+03
5.949582793086361562e+03
1.503483660582437324e+03
1.735026232528421133e+03
5.101295235093432439e+02
2.590645488100581133e+02
5.088950359333884990e+02
9.816388888888889497e+00
9.623333333333325967e+00
9.806232638888896957e+00
8.308055555555547755e+00
8.569722222222219798e+00
9.515555555555570422e+00
7.163732638888881787e+00
7.489999999999998437e+00
7.149722222222231416e+00
8.718732638888875286e+00
8.578888888888872799e+00
7.194722222222220687e+00
7.359375000000000000e+00
6.586388888888872195e+00
6.165555555555561895e+00
6.738732638888880189e+00
6.658263888888869886e+00
6.989565972222220758e+00
5.629930555555572091e+00
5.873593749999996838e+00
6.012065972222209176e+00
5.076927083333337087e+00
4.674930555555544487e+00
4.163732638888883564e+00
4.924982638888879549e+00
3.450677083333337336e+00
4.831232638888883990e+00
4.716041666666660248e+00
4.276232638888880722e+00
5.110833333333322237e+00
6.441041666666682985e+00
6.240260416666662202e+00
4.861649305555565626e+00
5.427065972222231416e+00
6.054166666666666252e+00
5.598593749999991154e+00
6.237482638888890207e+00
6.237482638888886655e+00
6.114930555555554648e+00
5.849930555555540757e+00
5.010833333333322592e+00
5.749930555555573086e+00
4.658177083333321811e+00
4.938263888888882569e+00
4.687482638888880615e+00
4.952760416666667886e+00
5.484565972222236852e+00
4.705399305555546086e+00
5.178315972222219621e+00
5.041597222222223174e+00
4.835399305555555749e+00
5.549982638888874220e+00
6.323593750000000568e+00
4.638263888888883635e+00
5.156666666666679610e+00
5.862222222222218448e+00
5.144982638888896176e+00
5.343055555555546121e+00
4.893732638888886655e+00
7.026388888888894790e+00
6.514427083333346857e+00
7.798263888888894435e+00
6.349930555555563849e+00
6.945399305555541858e+00
6.470399305555569747e+00
6.065000000000001279e+00
5.789930555555566016e+00
5.324930555555548395e+00
5.102708333333342061e+00
5.286388888888893689e+00
6.295677083333329982e+00
5.440815972222233121e+00
4.591388888888897846e+00
5.502343749999999645e+00
6.796597222222215073e+00
6.526232638888896709e+00
6.498177083333333215e+00
5.588732638888874504e+00
5.324843749999997655e+00
4.307482638888886939e+00
4.760677083333333393e+00
4.382899305555556069e+00
4.894722222222226193e+00
4.884999999999990905e+00
4.502499999999989733e+00
4.531093750000024123e+00
4.591510416666648275e+00
5.007222222222234009e+00
4.596597222222214896e+00
4.195399305555564951e+00
3.944166666666659271e+00
4.141597222222221930e+00
3.711093750000002967e+00
4.439565972222206724e+00
4.138263888888866759e+00
3.439166666666663819e+00
3.899930555555537914e+00
3.318315972222220189e+00
3.942343750000003588e+00
4.106510416666666607e+00
4.841597222222214114e+00
3.516597222222207719e+00
3.881232638888907793e+00
3.962343750000009379e+00
3.819375000000008402e+00
3.641597222222230812e+00
3.933055555555545535e+00
3.857899305555548164e+00
4.340815972222207719e+00
4.963888888888890349e+00
5.082482638888899729e+00
4.889930555555561220e+00
4.962343750000011156e+00
4.352760416666669130e+00
4.966597222222237207e+00
4.401649305555553227e+00
3.449930555555555944e+00
4.599565972222221966e+00
4.083263888888873261e+00
4.554843750000002522e+00
4.957708333333338935e+00
5.226927083333330337e+00
4.653888888888873865e+00
3.968333333333321722e+00
4.451649305555549496e+00
4.584374999999999645e+00
4.529930555555553795e+00
5.005833333333336022e+00
5.105555555555556957e+00
4.356093750000026077e+00
5.067343750000014246e+00
4.604149305555539584e+00
3.797899305555554328e+00
3.938732638888901683e+00
3.938263888888889230e+00
4.121093750000000000e+00
4.299982638888878661e+00
5.384999999999994458e+00
6.456666666666663446e+00
4.884010416666678012e+00
4.829930555555568716e+00
4.569982638888882676e+00
5.213263888888869602e+00
4.937065972222211663e+00
4.431666666666671972e+00
5.969427083333315842e+00
4.689427083333331581e+00
4.822065972222225660e+00
4.391666666666666607e+00
4.769982638888898840e+00
4.817343750000001812e+00
4.421093749999999822e+00
5.112343750000009734e+00
4.663263888888897313e+00
5.721597222222223778e+00
4.853888888888883812e+00
4.910260416666664796e+00
4.476041666666666252e+00
5.605833333333342772e+00
5.224930555555549638e+00
4.997482638888894435e+00
5.516041666666669840e+00
5.234375000000000000e+00
5.765555555555552658e+00
5.402760416666652965e+00
6.347065972222220687e+00
5.768593749999981313e+00
6.944375000000004405e+00
6.101927083333323232e+00
5.824930555555562606e+00
4.890000000000008562e+00
4.601232638888876458e+00
5.081666666666674104e+00
4.283263888888892090e+00
5.795555555555551130e+00
5.632708333333331652e+00
5.344375000000009202e+00
4.534010416666673038e+00
5.577760416666647458e+00
5.442899305555569889e+00
6.102760416666666465e+00
5.252760416666649945e+00
5.631093749999990017e+00
5.581597222222224985e+00
5.681927083333324191e+00
6.316597222222239516e+00
5.846597222222219337e+00
5.834722222222226584e+00
6.941597222222231522e+00
8.019982638888887294e+00
8.007708333333329875e+00
8.457899305555555358e+00
7.972065972222210917e+00
7.537482638888881148e+00
8.614166666666674743e+00
6.770555555555537453e+00
6.851666666666667460e+00
6.059375000000000178e+00
7.518333333333324653e+00
6.172760416666677408e+00
5.874722222222219514e+00
5.709565972222248043e+00
5.192708333333333037e+00
5.324930555555571488e+00
4.549722222222241541e+00
5.522500000000013287e+00
3.947065972222214558e+00
4.668315972222218946e+00
4.804930555555537275e+00
5.565815972222235786e+00
4.963888888888900119e+00
4.608263888888891380e+00
4.743333333333342061e+00
4.447500000000028209e+00
6.178888888888888431e+00
5.707482638888901505e+00
4.991666666666666252e+00
6.140815972222233299e+00
6.820677083333333890e+00
7.080815972222213261e+00
7.579930555555546512e+00
6.036388888888889248e+00
6.391597222222226371e+00
6.024374999999996483e+00
5.605833333333346324e+00
5.036388888888875925e+00
5.118315972222221788e+00
5.166597222222212515e+00
5.636388888888892446e+00
6.079930555555555394e+00
5.166927083333333393e+00
5.849722222222220047e+00
5.219010416666666430e+00
4.608177083333317547e+00
5.633055555555557703e+00
5.702760416666669663e+00
6.355833333333347213e+00
5.115555555555568290e+00
5.423333333333328454e+00
5.949375000000006075e+00
5.747482638888874007e+00
5.436093750000005720e+00
5.323593749999997904e+00
5.736041666666658934e+00
6.041388888888890918e+00
4.724565972222222854e+00
4.230555555555565839e+00
4.374722222222213297e+00
5.061649305555534717e+00
6.972065972222213581e+00
5.512222222222219692e+00
5.839565972222232837e+00
6.982222222222231878e+00
6.533263888888905413e+00
7.114930555555555536e+00
7.048263888888884665e+00
6.931232638888896957e+00
7.473333333333329165e+00
6.597500000000024123e+00
7.251927083333323587e+00
7.869374999999984688e+00
8.392899305555571843e+00
7.258055555555573690e+00
7.813177083333330941e+00
5.864565972222226975e+00
6.388732638888880544e+00
6.774565972222220900e+00
7.188177083333330053e+00
7.164149305555542746e+00
5.888732638888878768e+00
6.879843749999994706e+00
6.933177083333329271e+00
7.251388888888879336e+00
6.349930555555573619e+00
7.066927083333333748e+00
6.265815972222250174e+00
5.802065972222233192e+00
6.666041666666671972e+00
6.740555555555564737e+00
5.854930555555554861e+00
7.012065972222234933e+00
7.403055555555559053e+00
8.304930555555559479e+00
7.784565972222238450e+00
7.808263888888893334e+00
8.626232638888875925e+00
7.922482638888894257e+00
6.409565972222249108e+00
7.429010416666647743e+00
6.455833333333348634e+00
6.162065972222210419e+00
5.568732638888899800e+00
7.593732638888886832e+00
6.589149305555538128e+00
5.616649305555544203e+00
5.271093750000000355e+00
5.201649305555556602e+00
5.077760416666651011e+00
6.374565972222224097e+00
5.914565972222221468e+00
6.259999999999999787e+00
5.804427083333333570e+00
6.124930555555556211e+00
6.820833333333333748e+00
5.831093750000008846e+00
5.937222222222215962e+00
6.441388888888898379e+00
7.574722222222231238e+00
6.245815972222219514e+00
6.297482638888871165e+00
7.694375000000014175e+00
7.749149305555570244e+00
7.277065972222222179e+00
8.721093749999999645e+00
7.137482638888894115e+00
7.447065972222210561e+00
5.586388888888888182e+00
6.057482638888918025e+00
7.203055555555556211e+00
6.583263888888876814e+00
6.502065972222231593e+00
5.563888888888882889e+00
6.006927083333319040e+00
5.827343749999999822e+00
6.354149305555554683e+00
6.406093750000001030e+00
5.383055555555549709e+00
4.652343750000000000e+00
5.222222222222237420e+00
7.494374999999982911e+00
6.802760416666670196e+00
7.266666666666666607e+00
6.036093750000007141e+00
7.549930555555532052e+00
7.555399305555533296e+00
7.172065972222213759e+00
7.032708333333323125e+00
7.699930555555588363e+00
6.170555555555549354e+00
5.748888888888885162e+00
5.297482638888880047e+00
5.823888888888856030e+00
6.214565972222219514e+00
6.314565972222224488e+00
7.260833333333320816e+00
7.756927083333323480e+00
7.494982638888870952e+00
7.161388888888841286e+00
7.574722222222242785e+00
5.761649305555550882e+00
5.949374999999993641e+00
7.381666666666661492e+00
7.398263888888872764e+00
5.897899305555558414e+00
6.923263888888905093e+00
5.533055555555566052e+00
5.533055555555566052e+00
7.213177083333333073e+00
9.706597222222200116e+00
1.322151041666664995e+01
2.102159722222222626e+01
2.678039930555555515e+01
2.637887659324545666e+02
4.075114751763871482e+03
8.893408507505797388e+03
1.262732061192828951e+04
1.488754706309609719e+04
1.458268868855796245e+04
1.395320163650091126e+04
1.210637965090831494e+04
4.696331464381749356e+03
1.088001542994155716e+04
1.056214423751592585e+04
1.174305835931460024e+04
1.280633826896640312e+04
1.449065710075988318e+04
1.527785803195927838e+04
1.522444439479801986e+04
1.488308505184784190e+04
1.317645771134033203e+04
1.271603575103654657e+04
5.544044355756973346e+03
2.913338824509514325e+03
2.673047343569331247e+02
5.139693661742742279e+02
1.403472222222223564e+01
1.045388888888887280e+01
1.138826388888887564e+01
9.974982638888867825e+00
9.766597222222239694e+00
9.297065972222206653e+00
8.674149305555564737e+00
7.912222222222220935e+00
7.044166666666654919e+00
7.033263888888904525e+00
6.863263888888874398e+00
8.394375000000010800e+00
6.666927083333333393e+00
7.806597222222237065e+00
8.391597222222236141e+00
9.304930555555570137e+00
7.670555555555549354e+00
6.313263888888882569e+00
8.729843749999993463e+00
7.826666666666669769e+00
5.302708333333338686e+00
4.492899305555550171e+00
6.299149305555558520e+00
5.676666666666676520e+00
5.697065972222213226e+00
5.454149305555555216e+00
5.431927083333323303e+00
5.666041666666674637e+00
5.829010416666667638e+00
5.519982638888891735e+00
6.724930555555541645e+00
5.933055555555567295e+00
5.629930555555548111e+00
5.323888888888896886e+00
5.213263888888890918e+00
5.033315972222226264e+00
4.716041666666671794e+00
5.360260416666650762e+00
4.423888888888871662e+00
6.024930555555548572e+00
5.178732638888877027e+00
4.659010416666672150e+00
5.049565972222219479e+00
5.689565972222221824e+00
4.774982638888892517e+00
4.637500000000000178e+00
4.316510416666651473e+00
3.819982638888889337e+00
4.532222222222204167e+00
5.197065972222224772e+00
4.746597222222231238e+00
4.552065972222219870e+00
6.884010416666669130e+00
4.912482638888881148e+00
4.929930555555561256e+00
4.878732638888899409e+00
5.035833333333319395e+00
4.848888888888870596e+00
5.215555555555562606e+00
4.331666666666667886e+00
5.211041666666676342e+00
5.745555555555555749e+00
5.609010416666679433e+00
5.281093750000020570e+00
6.181510416666666785e+00
6.222065972222209140e+00
7.324843749999998543e+00
6.468593750000008136e+00
6.015815972222227970e+00
6.546093749999999822e+00
8.557222222222184982e+00
7.158263888888908077e+00
6.701388888888880402e+00
7.147760416666652183e+00
6.727760416666652254e+00
5.646510416666667531e+00
4.754930555555557881e+00
4.811388888888886939e+00
5.884982638888891948e+00
5.797065972222217312e+00
5.141597222222218377e+00
5.897899305555563743e+00
5.568055555555564418e+00
4.452760416666655452e+00
6.014930555555542568e+00
6.210260416666648631e+00
5.332899305555554470e+00
5.513177083333335560e+00
6.419982638888879656e+00
6.785677083333333748e+00
7.298263888888883777e+00
7.281232638888892161e+00
5.789999999999996483e+00
6.069166666666673038e+00
4.845677083333343127e+00
6.258263888888872195e+00
5.513263888888867648e+00
5.099843749999986464e+00
6.389427083333313107e+00
6.955555555555570812e+00
6.086093749999985647e+00
6.682899305555553227e+00
7.648263888888871875e+00
7.086649305555551948e+00
6.863263888888872621e+00
8.660399305555575467e+00
5.894722222222224417e+00
5.169982638888894755e+00
6.047482638888875606e+00
5.433315972222209744e+00
5.740555555555563849e+00
6.703315972222211983e+00
5.958315972222210100e+00
6.590260416666656518e+00
5.959374999999999645e+00
7.320555555555552374e+00
6.991649305555542426e+00
6.658055555555561611e+00
6.337482638888891628e+00
6.761093749999998792e+00
7.058177083333336377e+00
5.391510416666656091e+00
5.976666666666665684e+00
6.352760416666653143e+00
7.358177083333334423e+00
8.182708333333353679e+00
5.927708333333328916e+00
6.423888888888854787e+00
6.964843750000000000e+00
6.890815972222251951e+00
7.398263888888887863e+00
6.496597222222225021e+00
7.414930555555551805e+00
7.323263888888898343e+00
9.613263888888877062e+00
7.299930555555573797e+00
8.345555555555554506e+00
8.122482638888893547e+00
8.800260416666667140e+00
8.914427083333343660e+00
9.064999999999995950e+00
9.858055555555555571e+00
7.876388888888881112e+00
7.644722222222226193e+00
5.579843749999994884e+00
6.891041666666671617e+00
9.340000000000014069e+00
7.792899305555564204e+00
7.783055555555558946e+00
7.512222222222203705e+00
9.009982638888880402e+00
1.065166666666666551e+01
9.153315972222198837e+00
8.794166666666662024e+00
6.928055555555559408e+00
6.792708333333333570e+00
7.869722222222179653e+00
7.334722222222226584e+00
7.941510416666669236e+00
9.381232638888899800e+00
9.632899305555556069e+00
9.945833333333332860e+00
1.004555555555553603e+01
9.562343749999993037e+00
8.377760416666673038e+00
7.033263888888910742e+00
1.003817708333333236e+01
9.584010416666684407e+00
9.314427083333328028e+00
1.079234375000001656e+01
1.079104166666667908e+01
9.900000000000000355e+00
8.816388888888898379e+00
1.148151041666666750e+01
8.354843749999993463e+00
9.747222222222232446e+00
8.507222222222187824e+00
8.797760416666664085e+00
9.037343749999994458e+00
8.393593750000020393e+00
8.239166666666688954e+00
9.015815972222251062e+00
9.430399305555560829e+00
9.661093749999984936e+00
9.911388888888884807e+00
9.984010416666679433e+00
1.094993055555553063e+01
8.365260416666652432e+00
8.649930555555540579e+00
9.248888888888908255e+00
1.120826388888886527e+01
9.148888888888906834e+00
8.716510416666675809e+00
1.121555555555554839e+01
1.007664930555555571e+01
1.180331597222221340e+01
9.704930555555563387e+00
8.733263888888904702e+00
1.028055555555556921e+01
1.042151041666666167e+01
9.547482638888876494e+00
9.445815972222222356e+00
1.124138888888888310e+01
9.741597222222186048e+00
1.174609375000000000e+01
1.088916666666670174e+01
1.194993055555556261e+01
1.296456597222222662e+01
1.173305555555556978e+01
1.026664930555554278e+01
8.984722222222224275e+00
8.429149305555556637e+00
1.054833333333331957e+01
1.118039930555557326e+01
1.117359374999999311e+01
1.396104166666665769e+01
1.260692708333332313e+01
1.223993055555556531e+01
1.309555555555552431e+01
1.371104166666667190e+01
1.191039930555556836e+01
1.026659722222220950e+01
8.637760416666667496e+00
8.167899305555572198e+00
7.116597222222201147e+00
7.574930555555526190e+00
6.581927083333326323e+00
9.877708333333329094e+00
9.666649305555543137e+00
8.534010416666680143e+00
8.854149305555546690e+00
1.075826388888889795e+01
8.974930555555571843e+00
7.565555555555568468e+00
7.029930555555552019e+00
7.241597222222210917e+00
7.211388888888871307e+00
8.695399305555564951e+00
7.569982638888863136e+00
8.296510416666658116e+00
9.535833333333334494e+00
9.252499999999997726e+00
6.843732638888890385e+00
7.563888888888907758e+00
6.796510416666657228e+00
8.141666666666667496e+00
7.255399305555541467e+00
6.708263888888910564e+00
6.962343749999996056e+00
5.347899305555551486e+00
6.405833333333352364e+00
5.441388888888881503e+00
5.248263888888876849e+00
6.573263888888884132e+00
5.958263888888892801e+00
5.986649305555547862e+00
7.351041666666666252e+00
8.198593750000002345e+00
7.862482638888885766e+00
7.366666666666666252e+00
6.294982638888882320e+00
6.058263888888888893e+00
6.689930555555547720e+00
5.879930555555548999e+00
6.869982638888886051e+00
6.207482638888913051e+00
7.708263888888908788e+00
5.588888888888886797e+00
6.726388888888881645e+00
6.039427083333320567e+00
6.305815972222211130e+00
7.624982638888872621e+00
6.752499999999999503e+00
7.282899305555555536e+00
5.780399305555532941e+00
5.936649305555551592e+00
5.681232638888901398e+00
6.419982638888883208e+00
6.073333333333346573e+00
6.472899305555559479e+00
5.540815972222230101e+00
5.858055555555560900e+00
8.036388888888891913e+00
8.486649305555552303e+00
7.363263888888868181e+00
6.669722222222224772e+00
6.430555555555568681e+00
7.379930555555563210e+00
6.554010416666660177e+00
7.636649305555528677e+00
8.428055555555539868e+00
7.331927083333325434e+00
5.483263888888872728e+00
6.615555555555522105e+00
7.587343749999994280e+00
6.473263888888890705e+00
5.772065972222222285e+00
6.551041666666666430e+00
6.072760416666674210e+00
6.791232638888883955e+00
5.648177083333333570e+00
5.799722222222229107e+00
5.981232638888906550e+00
7.217899305555588008e+00
4.885399305555552907e+00
6.068732638888895359e+00
7.788263888888888431e+00
6.081597222222222321e+00
6.022500000000011511e+00
5.148263888888892303e+00
6.116041666666659715e+00
5.062482638888883280e+00
5.840555555555567047e+00
5.692708333333333037e+00
6.335260416666654848e+00
5.095399305555543989e+00
4.930555555555568681e+00
5.439149305555544878e+00
5.331597222222204557e+00
5.238263888888885056e+00
5.081232638888889319e+00
5.041388888888901576e+00
5.768315972222219479e+00
6.534374999999999822e+00
6.348888888888855497e+00
5.769982638888900617e+00
5.158263888888893867e+00
5.121597222222231238e+00
5.612065972222214150e+00
4.715555555555551059e+00
4.152065972222231061e+00
5.122760416666662486e+00
4.865555555555562961e+00
6.372065972222214825e+00
5.478888888888876707e+00
4.230399305555545553e+00
5.608055555555552019e+00
6.361649305555529210e+00
5.778315972222215713e+00
5.466388888888901398e+00
5.607222222222233654e+00
6.043732638888902997e+00
4.459982638888884132e+00
5.463177083333323303e+00
4.683055555555571736e+00
5.406232638888893938e+00
6.066649305555544380e+00
5.692899305555548572e+00
5.281597222222209176e+00
7.193732638888886477e+00
5.556597222222217525e+00
6.188177083333330053e+00
5.214565972222223067e+00
5.386649305555554434e+00
6.059982638888876672e+00
5.832482638888889959e+00
4.420555555555566229e+00
4.728315972222221220e+00
5.112222222222202461e+00
5.113263888888863740e+00
5.753888888888872621e+00
5.213888888888904560e+00
4.907482638888894577e+00
5.586388888888873083e+00
5.586388888888873083e+00
1.028748263888888737e+01
1.033664930555554484e+01
1.528472222222223564e+01
2.152222222222221859e+01
2.265206597222227103e+01
2.727567708333337038e+01
3.717734517008467265e+03
9.111517475604747233e+03
1.311558697378795296e+04
1.503220951479566065e+04
1.450198011077218143e+04
1.443334036492003543e+04
1.181780721999168964e+04
8.064469695593244069e+03
5.134411656815215792e+03
6.549565728753127587e+03
2.703273586686189901e+03
6.556024511305221495e+03
6.183229316709036539e+03
8.962277476161312734e+03
9.318212787115304309e+03
1.518802492236667422e+04
1.542874694904647367e+04
1.469319677825264444e+04
1.044070949152203139e+04
7.999282354555933125e+03
4.252460321696599749e+03
2.889171913702221900e+03
5.103723986721036567e+02
2.650364506655276955e+02
1.427414930555555905e+01
2.582646045555009096e+02
1.242805555555552033e+01
1.061638888888890087e+01
1.466937500000002359e+01
1.249164930555556019e+01
1.425972222222220331e+01
1.033638888888889262e+01
1.097289930555557724e+01
1.123583333333331424e+01
1.364437500000000014e+01
1.280826388888887557e+01
1.256164930555554093e+01
1.201039930555558399e+01
1.060138888888888253e+01
1.003888888888889852e+01
9.266597222222243246e+00
1.277493055555556545e+01
1.066831597222222605e+01
9.324375000000010516e+00
8.606666666666685117e+00
8.031927083333322059e+00
7.506666666666663268e+00
8.286388888888851056e+00
8.469427083333316730e+00
8.145399305555544700e+00
1.045270833333332483e+01
1.020331597222221376e+01
9.796510416666665222e+00
1.162706597222225291e+01
9.680833333333358937e+00
9.419982638888866333e+00
1.091442708333329925e+01
1.032206597222221589e+01
8.498263888888883955e+00
8.661041666666644545e+00
8.615815972222229391e+00
1.007109374999999929e+01
1.189659722222222094e+01
9.332482638888899729e+00
9.152065972222214185e+00
1.075789930555554719e+01
1.090748263888890079e+01
1.053817708333333414e+01
9.916232638888878625e+00
8.493055555555569569e+00
9.838888888888895679e+00
1.289789930555555131e+01
9.591927083333333215e+00
1.048826388888887173e+01
9.701666666666664440e+00
9.676041666666666430e+00
1.192159722222220353e+01
8.501232638888890136e+00
9.257222222222242891e+00
1.068604166666664668e+01
1.183942708333329996e+01
1.118326388888888445e+01
1.298826388888890548e+01
1.087081597222221596e+01
8.549375000000003055e+00
9.832708333333329165e+00
8.054843749999998082e+00
7.307482638888911808e+00
1.004750000000001187e+01
8.328315972222197772e+00
1.110493055555554598e+01
6.840555555555568823e+00
7.149843749999992504e+00
8.424843749999997300e+00
8.020555555555551663e+00
8.741388888888879549e+00
7.424930555555575573e+00
8.247222222222225341e+00
8.907899305555554648e+00
7.263732638888862780e+00
6.874565972222222321e+00
7.876666666666670480e+00
8.784565972222221575e+00
8.781232638888885944e+00
7.893732638888904418e+00
7.708177083333331403e+00
7.666649305555546690e+00
6.715555555555524414e+00
6.768732638888880437e+00
8.852708333333314528e+00
7.629930555555548999e+00
5.835833333333332540e+00
6.260833333333332362e+00
7.230555555555551628e+00
5.896510416666663978e+00
6.837222222222207435e+00
6.686649305555535605e+00
5.974930555555546974e+00
5.644166666666665222e+00
6.012482638888883457e+00
5.664930555555563352e+00
7.469375000000002096e+00
7.347500000000009912e+00
7.039166666666685224e+00
1.266000000000001791e+01
1.268123263888890584e+01
1.061416666666667652e+01
9.399843749999996945e+00
8.016041666666666288e+00
9.136041666666669059e+00
7.362222222222204238e+00
8.836388888888844662e+00
8.134010416666674459e+00
7.677708333333328028e+00
7.345815972222214718e+00
7.429149305555555749e+00
6.936093749999979963e+00
7.049375000000010161e+00
6.459565972222212515e+00
5.530555555555560332e+00
6.220555555555551841e+00
6.521093750000000355e+00
6.049999999999999822e+00
6.027760416666666288e+00
7.472899305555569249e+00
8.181510416666666785e+00
7.984010416666678545e+00
6.378055555555554257e+00
8.018593750000011511e+00
6.526232638888877169e+00
7.516597222222208607e+00
7.669374999999988063e+00
7.746597222222209034e+00
7.640555555555561540e+00
7.908263888888909854e+00
7.633315972222217027e+00
9.177708333333338686e+00
1.044555555555553994e+01
1.204789930555557298e+01
1.161104166666666693e+01
1.108083333333334330e+01
1.086138888888887344e+01
1.427993055555555202e+01
1.230623263888889518e+01
1.111638888888890442e+01
1.085748263888890897e+01
1.141937500000001293e+01
1.071326388888887848e+01
8.976388888888894968e+00
8.673888888888894755e+00
1.119192708333333286e+01
9.042899305555545553e+00
8.551927083333319857e+00
1.109159722222222655e+01
1.064659722222221561e+01
8.783315972222204948e+00
8.369427083333340178e+00
8.078055555555542000e+00
1.191998263888889831e+01
1.235138888888887188e+01
9.183263888888875570e+00
7.631232638888892694e+00
9.512482638888887010e+00
7.356232638888895004e+00
1.021972222222222904e+01
9.745833333333333570e+00
7.295815972222209567e+00
8.619982638888881610e+00
7.663263888888896425e+00
7.621597222222212586e+00
7.927708333333320034e+00
7.192899305555548572e+00
8.422065972222190666e+00
7.589565972222235501e+00
1.245805555555556410e+01
1.067914930555555841e+01
1.383826388888887671e+01
1.154472222222220346e+01
9.662343749999987352e+00
1.126138888888888978e+01
1.290192708333332128e+01
1.061831597222221468e+01
1.056248263888890193e+01
9.138888888888887507e+00
1.325555555555556175e+01
1.236666666666666714e+01
1.086164930555555763e+01
1.310748263888888943e+01
1.547993055555556907e+01
1.118401041666667162e+01
1.029583333333333250e+01
1.103326388888889120e+01
1.122248263888890030e+01
1.344159722222221376e+01
1.508248263888888729e+01
1.373499999999998700e+01
1.225651041666666607e+01
1.252914930555555806e+01
1.235388888888886250e+01
1.084826388888890136e+01
2.532730518211257049e+02
1.276659722222222904e+01
1.103734374999998913e+01
1.087493055555558819e+01
1.087993055555554456e+01
1.061317708333332099e+01
1.113604166666666018e+01
1.109993055555555230e+01
1.205539930555553418e+01
1.140104166666666607e+01
1.135414930555556090e+01
1.034333333333332838e+01
9.421597222222221291e+00
9.764166666666676875e+00
1.038081597222223174e+01
9.835833333333338757e+00
8.471597222222223778e+00
9.043055555555564951e+00
1.053916666666666657e+01
9.062500000000000000e+00
9.249565972222223209e+00
9.321597222222221646e+00
8.756232638888896247e+00
8.906093750000005471e+00
9.824565972222222499e+00
9.424722222222232659e+00
1.281916666666665883e+01
1.181604166666666522e+01
1.018166666666667908e+01
9.973888888888899018e+00
9.687222222222207080e+00
1.063270833333333876e+01
9.547482638888876494e+00
1.039581597222222520e+01
1.060666666666666202e+01
9.441388888888893050e+00
1.038039930555554058e+01
1.059833333333333272e+01
9.568732638888878483e+00
9.304930555555561256e+00
7.540815972222232766e+00
7.194722222222226016e+00
8.019722222222206653e+00
1.242750000000000732e+01
1.017359375000001087e+01
1.142623263888887486e+01
1.141659722222222406e+01
1.124998263888887173e+01
1.055831597222220708e+01
1.121250000000000036e+01
7.689565972222228041e+00
8.114427083333342949e+00
9.391597222222221930e+00
9.198888888888905768e+00
8.104930555555558414e+00
1.124123263888889390e+01
9.091388888888895181e+00
9.646597222222215606e+00
1.177055555555556587e+01
1.022414930555558854e+01
1.049706597222222726e+01
9.777500000000001634e+00
9.062065972222210775e+00
9.119374999999996234e+00
9.781232638888900155e+00
9.412222222222219159e+00
7.723333333333325612e+00
8.503055555555558698e+00
9.541597222222199193e+00
7.521597222222220935e+00
7.699930555555574152e+00
6.722500000000013465e+00
6.997760416666674033e+00
6.424149305555572731e+00
6.361093750000003766e+00
6.481597222222233334e+00
6.223263888888890705e+00
6.353888888888885589e+00
5.209565972222224062e+00
6.492899305555558165e+00
6.201666666666666217e+00
7.244427083333339290e+00
6.363263888888876174e+00
7.884722222222231736e+00
7.643333333333327317e+00
8.155815972222210775e+00
8.359982638888892481e+00
6.847760416666677230e+00
8.146597222222236923e+00
8.349930555555577172e+00
7.988732638888875748e+00
8.980399305555520684e+00
7.753888888888890385e+00
7.673888888888881432e+00
8.349722222222219159e+00
7.658177083333339574e+00
1.003289930555555820e+01
9.189565972222228041e+00
8.293315972222226051e+00
7.699722222222233903e+00
7.883333333333333748e+00
9.394982638888873083e+00
8.738732638888860649e+00
7.444722222222184271e+00
9.519722222222222641e+00
7.663263888888878661e+00
7.588177083333328632e+00
6.776041666666666963e+00
9.559982638888893547e+00
9.588888888888892126e+00
2.540074304832355665e+02
7.953315972222198660e+00
8.534722222222216104e+00
1.072993055555553532e+01
1.132888888888887280e+01
1.171026041666669748e+01
1.031388888888889177e+01
1.035826388888892247e+01
1.029151041666666977e+01
1.077159722222220140e+01
1.100123263888889369e+01
1.148270833333334551e+01
1.105276041666667020e+01
9.073888888888880899e+00
1.008270833333335048e+01
1.111164930555555408e+01
9.988263888888900155e+00
8.479930555555563743e+00
9.616597222222226904e+00
9.192343750000009805e+00
9.365260416666654208e+00
9.216041666666654919e+00
8.876232638888881255e+00
8.049565972222223920e+00
7.977760416666670018e+00
7.899843750000003162e+00
8.656597222222218946e+00
7.176232638888890847e+00
8.096093749999999645e+00
9.336093750000003411e+00
8.038263888888881326e+00
8.174722222222237988e+00
8.479930555555556637e+00
7.464565972222227508e+00
9.644375000000016129e+00
9.003055555555532052e+00
8.564149305555540437e+00
9.641041666666664511e+00
7.353888888888888253e+00
6.631597222222230137e+00
7.352065972222221468e+00
8.125677083333348705e+00
8.075260416666667496e+00
8.344722222222205943e+00
8.866388888888883102e+00
7.204930555555552729e+00
6.791388888888899800e+00
8.140555555555565093e+00
7.297065972222194219e+00
7.139565972222220225e+00
6.054930555555556815e+00
7.789999999999992930e+00
6.887065972222213617e+00
7.581666666666685650e+00
8.835399305555563743e+00
8.444374999999988418e+00
7.063263888888899444e+00
8.672482638888876494e+00
1.024104166666667659e+01
1.627414930555557504e+01
1.726604166666668405e+01
2.548539930555555699e+01
1.183616965643298954e+03
3.436057803628439615e+03
5.707033404794271519e+03
1.123714569676293104e+04
1.344181934423208259e+04
1.455485976849767394e+04
1.489088586111042605e+04
1.500390677786508968e+04
1.499662353241577330e+04
1.494221771141027602e+04
1.513180766168806986e+04
1.428798700444435417e+04
1.472289586836259150e+04
1.503587884613647475e+04
1.519968314075047419e+04
1.482604271964789223e+04
1.415602883926392315e+04
1.236780416759490254e+04
1.044039393356085020e+04
8.040841045327716529e+03
3.075018806934092481e+03
2.602443649755849037e+03
1.219019639796946194e+03
7.470073725570574652e+02
1.759659722222222911e+01
1.904151041666667865e+01
1.999164930555554065e+01
1.410998263888889781e+01
1.279104166666667375e+01
1.473437500000000000e+01
1.640388888888887919e+01
1.368055555555556957e+01
1.374998263888886640e+01
1.091326388888890264e+01
1.249055555555554342e+01
1.107039930555554363e+01
1.132388888888888268e+01
8.416388888888912234e+00
9.636649305555547329e+00
9.103055555555558342e+00
1.079289930555555443e+01
9.923888888888882320e+00
8.080815972222223920e+00
7.996510416666667176e+00
9.367343750000010516e+00
8.381597222222204380e+00
9.219982638888868820e+00
7.473263888888890705e+00
7.921510416666662557e+00
7.041041666666681742e+00
6.604149305555554683e+00
8.109565972222222641e+00
6.983055555555563565e+00
7.613263888888889497e+00
9.266649305555549887e+00
7.638732638888881432e+00
7.903315972222218377e+00
8.228732638888887507e+00
8.814930555555566372e+00
7.448263888888871698e+00
7.988263888888898379e+00
7.569166666666672150e+00
7.507899305555549851e+00
6.842708333333333393e+00
7.924149305555571843e+00
7.368055555555542924e+00
6.612482638888889319e+00
6.887500000000000178e+00
7.726666666666667460e+00
7.395555555555542782e+00
9.535399305555582572e+00
9.196510416666663801e+00
9.708263888888904347e+00
8.846597222222225554e+00
8.332708333333341599e+00
6.149930555555543243e+00
5.936388888888893156e+00
5.891597222222205055e+00
6.087482638888890740e+00
5.721597222222215784e+00
5.899149305555559053e+00
5.674930555555562250e+00
5.809010416666680499e+00
6.773263888888879869e+00
7.792708333333333570e+00
6.322065972222202568e+00
4.961388888888873083e+00
4.780399305555556033e+00
5.499930555555570422e+00
5.017899305555570066e+00
5.555555555555558023e+00
4.973593749999986713e+00
5.464166666666686822e+00
4.405399305555548040e+00
5.103732638888880402e+00
5.756597222222215926e+00
5.776649305555561220e+00
6.060399305555566940e+00
5.766597222222221930e+00
5.815815972222239338e+00
5.369722222222220509e+00
5.369982638888866511e+00
5.202499999999988134e+00
6.717899305555551592e+00
7.837482638888887188e+00
5.766041666666655630e+00
7.443732638888914899e+00
8.190555555555580014e+00
8.262482638888899444e+00
8.676232638888881965e+00
8.878888888888887720e+00
7.621510416666669840e+00
8.057482638888922466e+00
7.456232638888894648e+00
7.336388888888829563e+00
8.256597222222213261e+00
8.260000000000012221e+00
7.513732638888850346e+00
7.897760416666672612e+00
7.699722222222218804e+00
6.297899305555559657e+00
7.920555555555549354e+00
7.237343749999981313e+00
5.787222222222216494e+00
4.937760416666666430e+00
6.624930555555580192e+00
5.876649305555560865e+00
6.383263888888878412e+00
5.470677083333330692e+00
4.299565972222217702e+00
5.021093750000000355e+00
4.259982638888889284e+00
4.928315972222219621e+00
5.268593749999977760e+00
5.527499999999987423e+00
5.447065972222222108e+00
5.199930555555537737e+00
4.899930555555547684e+00
4.491597222222230457e+00
5.874722222222215073e+00
4.775000000000000355e+00
4.144982638888872195e+00
4.589930555555551628e+00
4.453315972222201324e+00
3.953055555555549994e+00
4.409010416666679255e+00
5.198593749999995239e+00
4.582482638888900617e+00
5.592899305555543599e+00
4.047482638888880935e+00
4.720555555555536742e+00
4.237760416666666252e+00
4.180399305555547507e+00
5.183263888888893334e+00
4.295833333333333393e+00
5.474930555555536316e+00
4.086649305555577705e+00
5.294166666666667354e+00
5.988263888888874398e+00
5.273888888888886406e+00
4.973177083333333748e+00
5.588888888888904560e+00
4.306232638888886299e+00
5.498263888888873296e+00
6.022222222222235466e+00
5.474930555555546974e+00
5.574375000000001634e+00
6.017899305555586054e+00
7.932708333333329698e+00
6.999930555555538447e+00
7.103315972222217667e+00
8.384722222222226407e+00
6.901649305555546121e+00
6.715815972222253905e+00
7.358315972222212231e+00
7.349930555555544309e+00
6.048888888888897419e+00
5.513888888888909712e+00
5.902760416666674281e+00
6.855815972222207400e+00
5.699149305555571310e+00
6.839565972222229284e+00
6.609375000000000000e+00
6.031093749999985043e+00
8.129930555555556992e+00
7.694375000000016840e+00
7.962482638888894293e+00
6.580555555555552161e+00
6.812222222222215073e+00
7.599930555555562961e+00
6.349982638888890030e+00
6.011388888888888893e+00
4.926388888888879158e+00
6.308177083333325719e+00
6.533177083333327140e+00
6.403315972222213048e+00
7.145833333333333037e+00
6.458263888888867044e+00
5.346093749999999645e+00
6.966597222222227437e+00
5.973593749999983160e+00
5.740555555555551415e+00
6.710260416666652183e+00
6.941041666666654564e+00
6.897899305555560190e+00
9.138263888888877418e+00
5.790815972222234542e+00
6.067343750000008917e+00
6.556927083333334849e+00
6.133315972222205481e+00
6.532899305555553759e+00
7.784722222222219656e+00
8.323263888888885020e+00
7.686649305555552480e+00
7.682222222222239161e+00
6.743315972222212018e+00
8.365555555555578948e+00
7.340555555555520861e+00
7.839427083333336377e+00
7.252065972222235146e+00
6.884999999999999787e+00
5.208055555555552552e+00
6.870399305555541680e+00
6.116597222222207364e+00
7.255833333333346680e+00
6.508315972222217027e+00
6.778732638888905981e+00
5.491666666666666252e+00
5.816597222222211983e+00
5.112065972222237242e+00
4.882222222222227792e+00
6.581666666666681209e+00
7.750677083333356698e+00
5.285677083333333748e+00
4.833177083333322521e+00
5.517899305555546086e+00
5.687222222222221291e+00
6.101927083333317903e+00
6.305555555555567793e+00
6.521597222222236923e+00
5.419982638888866333e+00
6.630555555555555536e+00
6.857482638888901860e+00
6.702065972222239765e+00
5.247760416666682026e+00
4.849843749999982911e+00
6.324843749999996767e+00
5.868593749999981846e+00
5.633055555555549709e+00
5.691510416666663907e+00
6.469010416666666430e+00
6.161649305555553902e+00
5.819374999999999076e+00
6.426232638888881965e+00
4.979930555555545979e+00
5.174843749999987530e+00
4.754930555555561433e+00
4.979149305555552019e+00
5.535399305555563920e+00
5.049999999999999822e+00
5.758263888888879301e+00
5.795815972222220225e+00
5.246597222222225021e+00
6.613732638888881077e+00
8.180815972222205801e+00
8.009010416666676235e+00
8.727499999999984936e+00
8.153315972222218377e+00
8.463732638888872728e+00
1.036664930555554598e+01
1.039359374999999552e+01
9.528055555555551948e+00
8.249722222222219514e+00
7.706232638888893760e+00
8.809565972222237917e+00
9.204930555555543847e+00
7.442343750000004476e+00
6.833177083333334956e+00
7.786041666666648098e+00
5.933055555555551308e+00
6.312343749999997478e+00
5.903055555555524414e+00
6.305833333333347390e+00
7.031093750000004583e+00
7.065815972222224239e+00
6.466597222222238095e+00
6.055399305555534184e+00
7.546510416666668775e+00
7.334374999999999645e+00
6.704427083333333037e+00
7.563263888888892339e+00
9.164999999999993818e+00
6.641510416666671190e+00
7.508263888888859761e+00
7.569427083333338580e+00
7.932482638888913584e+00
7.580399305555543421e+00
8.881597222222220367e+00
6.861041666666651828e+00
5.973593749999988489e+00
7.354930555555558414e+00
8.202708333333349700e+00
4.936041666666680428e+00
5.141388888888883457e+00
7.029166666666666785e+00
6.367899305555570599e+00
5.508055555555548821e+00
7.240260416666665755e+00
7.421597222222214185e+00
9.002500000000003055e+00
7.904930555555541360e+00
7.482222222222237207e+00
7.415815972222251418e+00
6.808055555555549532e+00
6.188263888888889674e+00
9.411041666666685401e+00
6.910399305555576355e+00
8.641041666666689380e+00
8.324149305555589962e+00
8.563732638888874149e+00
8.941510416666671901e+00
1.170401041666665343e+01
1.039437499999999481e+01
8.413263888888909747e+00
8.441649305555545268e+00
7.759982638888893725e+00
8.323177083333332504e+00
1.409914930555554946e+01
1.082770833333333016e+01
1.296789930555555692e+01
9.657899305555549319e+00
1.010206597222222058e+01
1.040493055555554491e+01
1.009659722222220957e+01
9.055399305555551948e+00
8.663263888888895536e+00
8.247482638888897100e+00
9.332708333333348705e+00
7.583263888888867044e+00
9.608263888888886939e+00
9.647899305555551308e+00
9.281232638888910813e+00
1.064437499999999126e+01
1.019164930555553283e+01
8.094375000000017195e+00
8.679930555555539939e+00
7.267343750000017977e+00
