0.000000000000000000e+00
2.659859999999999854e+04
2.716500000000000000e+04
2.744979999999999927e+04
2.824020000000000073e+04
2.874100000000000000e+04
2.923220000000000073e+04
2.972979999999999927e+04
3.007059999999999854e+04
3.071220000000000073e+04
3.131059999999999854e+04
3.178420000000000073e+04
3.205620000000000073e+04
3.245620000000000073e+04
3.280980000000000291e+04
3.341140000000000146e+04
3.390419999999999709e+04
3.420819999999999709e+04
3.468180000000000291e+04
3.508180000000000291e+04
3.568659999999999854e+04
3.604659999999999854e+04
3.677459999999999854e+04
3.708180000000000291e+04
3.772659999999999854e+04
3.797459999999999854e+04
3.828819999999999709e+04
3.886100000000000000e+04
3.936500000000000000e+04
3.980019999999999709e+04
4.019540000000000146e+04
4.076980000000000291e+04
4.115859999999999854e+04
4.180340000000000146e+04
4.206900000000000000e+04
4.262740000000000146e+04
4.295859999999999854e+04
4.334259999999999854e+04
4.369619999999999709e+04
4.428659999999999854e+04
4.472980000000000291e+04
4.529619999999999709e+04
4.588659999999999854e+04
4.660819999999999709e+04
4.677459999999999854e+04
4.714259999999999854e+04
4.795059999999999854e+04
4.834259999999999854e+04
4.868180000000000291e+04
4.917300000000000000e+04
4.949780000000000291e+04
4.996659999999999854e+04
5.064180000000000291e+04
5.108180000000000291e+04
5.154740000000000146e+04
5.210900000000000000e+04
5.253300000000000000e+04
5.280980625000000146e+04
5.271861875000000146e+04
5.268342500000000291e+04
5.320182499999999709e+04
5.361623124999999709e+04
5.376023124999999709e+04
5.328344999999999709e+04
5.300506250000000000e+04
5.300506250000000000e+04
4.189780000000000291e+04
4.321459999999999854e+04
4.483219999999999709e+04
4.676340000000000146e+04
4.870740000000000146e+04
5.069300000000000000e+04
5.206740625000000000e+04
5.315221250000000146e+04
5.461461875000000146e+04
5.471063749999999709e+04
5.432026249999999709e+04
5.216351875000000291e+04
4.858918750000000000e+04
4.690283125000000291e+04
4.092374375000000146e+04
4.133334375000000000e+04
3.614143750000000000e+04
3.375268750000000000e+04
3.103753749999999854e+04
3.021515625000000000e+04
2.449685625000000073e+04
2.291608750000000146e+04
1.886015625000000000e+04
1.592261249999999927e+04
1.384264999999999964e+04
9.954718750000000000e+03
7.191568750000000364e+03
7.164368749999999636e+03
6.069993749999999636e+03
6.130800000000000182e+03
6.420399999999999636e+03
