5.670310344827586232e+04
5.694144827586207248e+04
5.688848275862068840e+04
5.702089655172413768e+04
5.665013793103448552e+04
5.662365517241378984e+04
5.664131034482758696e+04
5.659717241379310144e+04
5.675606896551723912e+04
5.668544827586207248e+04
5.648241379310344928e+04
5.691496551724137680e+04
5.687082758620689856e+04
5.672958620689655072e+04
5.683551724137931160e+04
5.671193103448276088e+04
5.676489655172413768e+04
5.666779310344827536e+04
5.650889655172413768e+04
5.666779310344827536e+04
5.681786206896551448e+04
5.677372413793103624e+04
5.686200000000000000e+04
5.677372413793103624e+04
5.673841379310344928e+04
5.652655172413792752e+04
5.716213793103448552e+04
5.702089655172413768e+04
5.650889655172413768e+04
5.637648275862068840e+04
5.670310344827586232e+04
5.672958620689655072e+04
5.717096551724137680e+04
5.732986206896551448e+04
5.740048275862068840e+04
5.738282758620689856e+04
5.752406896551723912e+04
5.749758620689655072e+04
5.755055172413792752e+04
5.778006896551723912e+04
5.824793103448276088e+04
5.824793103448276088e+04
5.852158620689655072e+04
5.835386206896551448e+04
5.849510344827586232e+04
5.840682758620689856e+04
5.817731034482758696e+04
5.806255172413792752e+04
5.818613793103448552e+04
5.838034482758621016e+04
5.842448275862068840e+04
5.871579310344827536e+04
5.848627586206896376e+04
5.845096551724137680e+04
5.821262068965517392e+04
5.841565517241378984e+04
5.827441379310344928e+04
5.823027586206896376e+04
5.804489655172413768e+04
5.804489655172413768e+04
5.858337931034482608e+04
5.845096551724137680e+04
5.845096551724137680e+04
5.863634482758621016e+04
5.851275862068965216e+04
5.871579310344827536e+04
5.877758620689655072e+04
5.855689655172413768e+04
5.861868965517241304e+04
5.822144827586207248e+04
5.851275862068965216e+04
5.862751724137931160e+04
5.844213793103448552e+04
5.861868965517241304e+04
5.841565517241378984e+04
5.857455172413792752e+04
5.843331034482758696e+04
5.836268965517241304e+04
5.838917241379310144e+04
5.817731034482758696e+04
5.810668965517241304e+04
5.850393103448276088e+04
5.850393103448276088e+04
5.860986206896551448e+04
5.866282758620689856e+04
5.845979310344827536e+04
5.872462068965517392e+04
5.858337931034482608e+04
5.885703448275862320e+04
5.893648275862068840e+04
5.892765517241378984e+04
5.889234482758621016e+04
5.870696551724137680e+04
5.884820689655172464e+04
5.875993103448276088e+04
5.879524137931034784e+04
5.864517241379310144e+04
5.868931034482758696e+04
5.860103448275862320e+04
5.843331034482758696e+04
5.849510344827586232e+04
5.848627586206896376e+04
5.821262068965517392e+04
5.830972413793103624e+04
5.829206896551723912e+04
5.822144827586207248e+04
5.810668965517241304e+04
5.803606896551723912e+04
5.823910344827586232e+04
5.838034482758621016e+04
5.807137931034482608e+04
5.811551724137931160e+04
5.805372413793103624e+04
5.823910344827586232e+04
5.808903448275862320e+04
5.821262068965517392e+04
5.815965517241378984e+04
5.797427586206896376e+04
5.787717241379310144e+04
5.816848275862068840e+04
5.815965517241378984e+04
5.806255172413792752e+04
5.844213793103448552e+04
5.833620689655172464e+04
5.829206896551723912e+04
5.782420689655172464e+04
5.825675862068965216e+04
5.800075862068965216e+04
5.824793103448276088e+04
5.819496551724137680e+04
5.823027586206896376e+04
5.797427586206896376e+04
5.850393103448276088e+04
5.861868965517241304e+04
5.839800000000000000e+04
5.877758620689655072e+04
5.855689655172413768e+04
5.871579310344827536e+04
5.856572413793103624e+04
5.868931034482758696e+04
5.869813793103448552e+04
5.892765517241378984e+04
5.851275862068965216e+04
5.857455172413792752e+04
5.885703448275862320e+04
5.856572413793103624e+04
5.875110344827586232e+04
5.873344827586207248e+04
5.834503448275862320e+04
5.853041379310344928e+04
5.847744827586207248e+04
5.840682758620689856e+04
5.836268965517241304e+04
5.836268965517241304e+04
5.805372413793103624e+04
5.816848275862068840e+04
5.840682758620689856e+04
5.830972413793103624e+04
5.830972413793103624e+04
5.845979310344827536e+04
5.851275862068965216e+04
5.853924137931034784e+04
5.880406896551723912e+04
5.834503448275862320e+04
5.851275862068965216e+04
5.834503448275862320e+04
5.841565517241378984e+04
5.853924137931034784e+04
5.853924137931034784e+04
4.897896551724137680e+04
5.000296551724137680e+04
5.062089655172413768e+04
5.205979310344827536e+04
5.280131034482758696e+04
5.380765517241378984e+04
5.500820689655172464e+04
5.624406896551723912e+04
5.709151724137931160e+04
5.758586206896551448e+04
5.891882758620689856e+04
5.966917241379310144e+04
6.026944827586207248e+04
6.073731034482758696e+04
6.100213793103448552e+04
6.150531034482758696e+04
6.179662068965517392e+04
6.219386206896551448e+04
6.244986206896551448e+04
6.251165517241378984e+04
6.268820689655172464e+04
6.277648275862068840e+04
6.274117241379310144e+04
6.298834482758621016e+04
6.292655172413792752e+04
6.290889655172413768e+04
6.325317241379310144e+04
6.304131034482758696e+04
6.290889655172413768e+04
6.312075862068965216e+04
6.254696551724137680e+04
6.244103448275862320e+04
6.242337931034482608e+04
6.244986206896551448e+04
6.205262068965517392e+04
6.199082758620689856e+04
6.219386206896551448e+04
6.184958620689655072e+04
6.180544827586207248e+04
6.193786206896551448e+04
6.158475862068965216e+04
6.173482758620689856e+04
6.141703448275862320e+04
6.136406896551723912e+04
6.128462068965517392e+04
6.102862068965517392e+04
6.096682758620689856e+04
6.076379310344827536e+04
6.069317241379310144e+04
6.068434482758621016e+04
6.041951724137931160e+04
6.034006896551723912e+04
6.032241379310344928e+04
6.029593103448276088e+04
6.024296551724137680e+04
6.030475862068965216e+04
5.995165517241378984e+04
5.970448275862068840e+04
5.942200000000000000e+04
5.959855172413792752e+04
6.004875862068965216e+04
5.989868965517241304e+04
5.985455172413792752e+04
5.973979310344827536e+04
5.962503448275862320e+04
5.956324137931034784e+04
5.971331034482758696e+04
5.937786206896551448e+04
5.928075862068965216e+04
5.932489655172413768e+04
5.935137931034482608e+04
5.917482758620689856e+04
5.916600000000000000e+04
5.868931034482758696e+04
5.898944827586207248e+04
5.893648275862068840e+04
5.873344827586207248e+04
5.861868965517241304e+04
5.891000000000000000e+04
5.857455172413792752e+04
5.881289655172413768e+04
5.856572413793103624e+04
5.853041379310344928e+04
5.830972413793103624e+04
5.844213793103448552e+04
5.831855172413792752e+04
5.858337931034482608e+04
5.854806896551723912e+04
5.838917241379310144e+04
5.830972413793103624e+04
5.816848275862068840e+04
5.843331034482758696e+04
5.800075862068965216e+04
5.797427586206896376e+04
5.772710344827586232e+04
5.776241379310344928e+04
5.769179310344827536e+04
5.790365517241378984e+04
5.789482758620689856e+04
5.768296551724137680e+04
5.762117241379310144e+04
5.773593103448276088e+04
5.793013793103448552e+04
5.784186206896551448e+04
5.753289655172413768e+04
5.764765517241378984e+04
5.751524137931034784e+04
5.697675862068965216e+04
5.741813793103448552e+04
5.720627586206896376e+04
5.723275862068965216e+04
5.739165517241378984e+04
5.740048275862068840e+04
5.705620689655172464e+04
5.692379310344827536e+04
5.695910344827586232e+04
5.703855172413792752e+04
5.707386206896551448e+04
5.710917241379310144e+04
5.673841379310344928e+04
5.685317241379310144e+04
5.687082758620689856e+04
5.682668965517241304e+04
5.687082758620689856e+04
5.688848275862068840e+04
5.657951724137931160e+04
5.656186206896551448e+04
5.663248275862068840e+04
5.656186206896551448e+04
5.665896551724137680e+04
5.632351724137931160e+04
5.585565517241378984e+04
5.617344827586207248e+04
5.607634482758621016e+04
5.631468965517241304e+04
5.627055172413792752e+04
5.627055172413792752e+04
5.643827586206896376e+04
5.641179310344827536e+04
5.612931034482758696e+04
5.612048275862068840e+04
5.650889655172413768e+04
5.639413793103448552e+04
5.621758620689655072e+04
5.634117241379310144e+04
5.635882758620689856e+04
5.657951724137931160e+04
5.640296551724137680e+04
5.613813793103448552e+04
5.618227586206896376e+04
5.600572413793103624e+04
5.600572413793103624e+04
5.603220689655172464e+04
5.629703448275862320e+04
5.627055172413792752e+04
5.640296551724137680e+04
5.612931034482758696e+04
5.655303448275862320e+04
5.645593103448276088e+04
5.651772413793103624e+04
5.665896551724137680e+04
5.687082758620689856e+04
5.668544827586207248e+04
5.696793103448276088e+04
5.715331034482758696e+04
5.666779310344827536e+04
5.665013793103448552e+04
5.663248275862068840e+04
5.662365517241378984e+04
5.686200000000000000e+04
5.716213793103448552e+04
5.692379310344827536e+04
5.669427586206896376e+04
5.681786206896551448e+04
5.687965517241378984e+04
5.665013793103448552e+04
5.684434482758621016e+04
5.701206896551723912e+04
5.695910344827586232e+04
5.677372413793103624e+04
5.680903448275862320e+04
5.706503448275862320e+04
5.701206896551723912e+04
5.703855172413792752e+04
5.680903448275862320e+04
5.699441379310344928e+04
5.676489655172413768e+04
5.693262068965517392e+04
5.705620689655172464e+04
5.702972413793103624e+04
5.691496551724137680e+04
5.706503448275862320e+04
5.685317241379310144e+04
5.699441379310344928e+04
5.678255172413792752e+04
5.668544827586207248e+04
5.665013793103448552e+04
5.634117241379310144e+04
5.635000000000000000e+04
5.626172413793103624e+04
5.621758620689655072e+04
5.610282758620689856e+04
5.610282758620689856e+04
5.622641379310344928e+04
5.619110344827586232e+04
5.616462068965517392e+04
5.627937931034482608e+04
5.650006896551723912e+04
5.640296551724137680e+04
5.637648275862068840e+04
5.647358620689655072e+04
5.645593103448276088e+04
5.639413793103448552e+04
5.650006896551723912e+04
5.650006896551723912e+04
5.638531034482758696e+04
5.649124137931034784e+04
5.613813793103448552e+04
5.629703448275862320e+04
5.654420689655172464e+04
5.640296551724137680e+04
5.654420689655172464e+04
5.642062068965517392e+04
5.624406896551723912e+04
5.626172413793103624e+04
5.617344827586207248e+04
5.629703448275862320e+04
5.621758620689655072e+04
5.597924137931034784e+04
5.615579310344827536e+04
5.633234482758621016e+04
5.629703448275862320e+04
5.627937931034482608e+04
5.604103448275862320e+04
5.610282758620689856e+04
5.633234482758621016e+04
5.630586206896551448e+04
5.641179310344827536e+04
5.604986206896551448e+04
5.607634482758621016e+04
5.657951724137931160e+04
5.588213793103448552e+04
5.600572413793103624e+04
5.634117241379310144e+04
5.604986206896551448e+04
5.598806896551723912e+04
5.621758620689655072e+04
5.589979310344827536e+04
5.580268965517241304e+04
5.567027586206896376e+04
5.616462068965517392e+04
5.584682758620689856e+04
5.575855172413792752e+04
5.553786206896551448e+04
5.557317241379310144e+04
5.589979310344827536e+04
5.613813793103448552e+04
5.630586206896551448e+04
5.661482758620689856e+04
5.648241379310344928e+04
5.667662068965517392e+04
5.647358620689655072e+04
5.650006896551723912e+04
5.634117241379310144e+04
5.649124137931034784e+04
5.671193103448276088e+04
5.657951724137931160e+04
5.657951724137931160e+04
5.684434482758621016e+04
5.694144827586207248e+04
5.701206896551723912e+04
5.676489655172413768e+04
5.668544827586207248e+04
5.643827586206896376e+04
5.675606896551723912e+04
5.658834482758621016e+04
5.641179310344827536e+04
5.671193103448276088e+04
5.652655172413792752e+04
5.665896551724137680e+04
5.659717241379310144e+04
5.624406896551723912e+04
5.632351724137931160e+04
5.639413793103448552e+04
5.638531034482758696e+04
5.655303448275862320e+04
5.655303448275862320e+04
5.646475862068965216e+04
5.679137931034482608e+04
5.669427586206896376e+04
5.650006896551723912e+04
5.625289655172413768e+04
5.667662068965517392e+04
5.665896551724137680e+04
5.667662068965517392e+04
5.665013793103448552e+04
5.651772413793103624e+04
5.667662068965517392e+04
5.672958620689655072e+04
5.643827586206896376e+04
5.672075862068965216e+04
5.666779310344827536e+04
5.651772413793103624e+04
5.660600000000000000e+04
5.682668965517241304e+04
5.675606896551723912e+04
5.670310344827586232e+04
5.679137931034482608e+04
5.666779310344827536e+04
5.701206896551723912e+04
5.702972413793103624e+04
5.683551724137931160e+04
5.698558620689655072e+04
5.722393103448276088e+04
5.694144827586207248e+04
5.715331034482758696e+04
5.683551724137931160e+04
5.685317241379310144e+04
5.710917241379310144e+04
5.690613793103448552e+04
5.701206896551723912e+04
5.697675862068965216e+04
5.702972413793103624e+04
5.675606896551723912e+04
5.663248275862068840e+04
5.698558620689655072e+04
5.679137931034482608e+04
5.644710344827586232e+04
5.668544827586207248e+04
5.662365517241378984e+04
5.684434482758621016e+04
5.683551724137931160e+04
5.654420689655172464e+04
5.680903448275862320e+04
5.687965517241378984e+04
5.650006896551723912e+04
5.693262068965517392e+04
5.686200000000000000e+04
5.659717241379310144e+04
5.650006896551723912e+04
5.650006896551723912e+04
5.670310344827586232e+04
5.691496551724137680e+04
5.679137931034482608e+04
5.687082758620689856e+04
5.653537931034482608e+04
5.617344827586207248e+04
5.628820689655172464e+04
5.636765517241378984e+04
5.629703448275862320e+04
5.619993103448276088e+04
5.602337931034482608e+04
5.606751724137931160e+04
5.604103448275862320e+04
5.674724137931034784e+04
5.677372413793103624e+04
5.655303448275862320e+04
5.682668965517241304e+04
5.667662068965517392e+04
5.675606896551723912e+04
5.725041379310344928e+04
5.682668965517241304e+04
5.693262068965517392e+04
5.703855172413792752e+04
5.714448275862068840e+04
5.712682758620689856e+04
5.700324137931034784e+04
5.702972413793103624e+04
5.699441379310344928e+04
5.713565517241378984e+04
5.697675862068965216e+04
5.717979310344827536e+04
5.691496551724137680e+04
5.705620689655172464e+04
5.712682758620689856e+04
5.690613793103448552e+04
5.662365517241378984e+04
5.671193103448276088e+04
5.663248275862068840e+04
5.657951724137931160e+04
5.684434482758621016e+04
5.683551724137931160e+04
5.685317241379310144e+04
5.695027586206896376e+04
5.690613793103448552e+04
5.737400000000000000e+04
5.700324137931034784e+04
5.701206896551723912e+04
5.682668965517241304e+04
5.688848275862068840e+04
5.683551724137931160e+04
4.944682758620689856e+04
5.017068965517241304e+04
5.169786206896551448e+04
5.264241379310344928e+04
5.303082758620689856e+04
5.439910344827586232e+04
5.563496551724137680e+04
5.662365517241378984e+04
5.744462068965517392e+04
5.814200000000000000e+04
5.920131034482758696e+04
6.008406896551723912e+04
6.085206896551723912e+04
6.145234482758621016e+04
6.166420689655172464e+04
6.213206896551723912e+04
6.291772413793103624e+04
6.349151724137931160e+04
6.335027586206896376e+04
6.339441379310344928e+04
6.349151724137931160e+04
6.388875862068965216e+04
6.426834482758621016e+04
6.418889655172413768e+04
6.410062068965517392e+04
6.420655172413792752e+04
6.418006896551723912e+04
6.403000000000000000e+04
6.401234482758621016e+04
6.405648275862068840e+04
6.385344827586207248e+04
6.389758620689655072e+04
6.402117241379310144e+04
6.364158620689655072e+04
6.370337931034482608e+04
6.391524137931034784e+04
6.361510344827586232e+04
6.346503448275862320e+04
6.318255172413792752e+04
6.305896551724137680e+04
6.273234482758621016e+04
6.251165517241378984e+04
6.273234482758621016e+04
6.261758620689655072e+04
6.249400000000000000e+04
6.214089655172413768e+04
6.196434482758621016e+04
6.200848275862068840e+04
6.187606896551723912e+04
6.153179310344827536e+04
6.160241379310344928e+04
6.103744827586207248e+04
6.115220689655172464e+04
6.078144827586207248e+04
6.071082758620689856e+04
6.063137931034482608e+04
6.074613793103448552e+04
6.034006896551723912e+04
6.001344827586207248e+04
5.996931034482758696e+04
5.977510344827586232e+04
6.031358620689655072e+04
6.030475862068965216e+04
6.026062068965517392e+04
6.011937931034482608e+04
6.008406896551723912e+04
6.000462068965517392e+04
6.028710344827586232e+04
6.009289655172413768e+04
6.004875862068965216e+04
5.968682758620689856e+04
5.958089655172413768e+04
5.926310344827586232e+04
5.926310344827586232e+04
5.982806896551723912e+04
5.958972413793103624e+04
5.923662068965517392e+04
5.930724137931034784e+04
5.936020689655172464e+04
5.913951724137931160e+04
5.932489655172413768e+04
5.880406896551723912e+04
5.872462068965517392e+04
5.886586206896551448e+04
5.912186206896551448e+04
5.898944827586207248e+04
5.906889655172413768e+04
5.936903448275862320e+04
5.911303448275862320e+04
5.910420689655172464e+04
5.892765517241378984e+04
5.896296551724137680e+04
5.869813793103448552e+04
5.860986206896551448e+04
5.863634482758621016e+04
5.860103448275862320e+04
5.826558620689655072e+04
5.838034482758621016e+04
5.846862068965517392e+04
5.854806896551723912e+04
5.841565517241378984e+04
5.833620689655172464e+04
5.816848275862068840e+04
5.836268965517241304e+04
5.859220689655172464e+04
5.834503448275862320e+04
5.815965517241378984e+04
5.791248275862068840e+04
5.802724137931034784e+04
5.861868965517241304e+04
5.875993103448276088e+04
5.824793103448276088e+04
5.827441379310344928e+04
5.815965517241378984e+04
5.835386206896551448e+04
5.833620689655172464e+04
5.842448275862068840e+04
5.854806896551723912e+04
5.835386206896551448e+04
5.811551724137931160e+04
5.803606896551723912e+04
5.824793103448276088e+04
5.789482758620689856e+04
5.785068965517241304e+04
5.779772413793103624e+04
5.763882758620689856e+04
5.762117241379310144e+04
5.790365517241378984e+04
5.766531034482758696e+04
5.768296551724137680e+04
5.753289655172413768e+04
5.734751724137931160e+04
5.787717241379310144e+04
5.787717241379310144e+04
5.775358620689655072e+04
5.738282758620689856e+04
5.732986206896551448e+04
5.725041379310344928e+04
5.713565517241378984e+04
5.737400000000000000e+04
5.732103448275862320e+04
5.727689655172413768e+04
5.710917241379310144e+04
5.717096551724137680e+04
5.694144827586207248e+04
5.691496551724137680e+04
5.682668965517241304e+04
5.697675862068965216e+04
5.699441379310344928e+04
5.690613793103448552e+04
5.694144827586207248e+04
5.701206896551723912e+04
5.692379310344827536e+04
5.673841379310344928e+04
5.670310344827586232e+04
5.676489655172413768e+04
5.650889655172413768e+04
5.690613793103448552e+04
5.692379310344827536e+04
5.693262068965517392e+04
5.705620689655172464e+04
5.688848275862068840e+04
5.707386206896551448e+04
5.710917241379310144e+04
5.689731034482758696e+04
5.703855172413792752e+04
5.666779310344827536e+04
5.686200000000000000e+04
5.695910344827586232e+04
5.715331034482758696e+04
5.687965517241378984e+04
5.688848275862068840e+04
5.716213793103448552e+04
5.688848275862068840e+04
5.698558620689655072e+04
5.730337931034482608e+04
5.734751724137931160e+04
5.700324137931034784e+04
5.725041379310344928e+04
5.687965517241378984e+04
5.697675862068965216e+04
5.724158620689655072e+04
5.709151724137931160e+04
5.740931034482758696e+04
5.713565517241378984e+04
5.717979310344827536e+04
5.720627586206896376e+04
5.745344827586207248e+04
5.736517241379310144e+04
5.713565517241378984e+04
5.683551724137931160e+04
5.711800000000000000e+04
5.728572413793103624e+04
5.704737931034482608e+04
5.705620689655172464e+04
5.702089655172413768e+04
5.706503448275862320e+04
5.711800000000000000e+04
5.732103448275862320e+04
5.704737931034482608e+04
5.719744827586207248e+04
5.727689655172413768e+04
5.727689655172413768e+04
5.704737931034482608e+04
5.738282758620689856e+04
5.736517241379310144e+04
5.757703448275862320e+04
5.744462068965517392e+04
5.731220689655172464e+04
5.755055172413792752e+04
5.739165517241378984e+04
5.717096551724137680e+04
5.734751724137931160e+04
5.711800000000000000e+04
5.739165517241378984e+04
5.711800000000000000e+04
5.744462068965517392e+04
5.732986206896551448e+04
5.712682758620689856e+04
5.743579310344827536e+04
5.706503448275862320e+04
5.741813793103448552e+04
5.740048275862068840e+04
5.745344827586207248e+04
5.704737931034482608e+04
5.720627586206896376e+04
5.720627586206896376e+04
5.717096551724137680e+04
5.721510344827586232e+04
5.712682758620689856e+04
5.734751724137931160e+04
5.719744827586207248e+04
5.722393103448276088e+04
5.701206896551723912e+04
5.710034482758621016e+04
5.709151724137931160e+04
5.736517241379310144e+04
5.739165517241378984e+04
5.702972413793103624e+04
5.738282758620689856e+04
5.721510344827586232e+04
5.710034482758621016e+04
5.689731034482758696e+04
5.714448275862068840e+04
5.715331034482758696e+04
5.716213793103448552e+04
5.687965517241378984e+04
5.701206896551723912e+04
5.691496551724137680e+04
5.693262068965517392e+04
5.718862068965517392e+04
5.709151724137931160e+04
5.715331034482758696e+04
5.700324137931034784e+04
5.711800000000000000e+04
5.729455172413792752e+04
5.751524137931034784e+04
5.750641379310344928e+04
5.767413793103448552e+04
5.820379310344827536e+04
5.803606896551723912e+04
5.830089655172413768e+04
5.829206896551723912e+04
5.822144827586207248e+04
5.832737931034482608e+04
5.826558620689655072e+04
5.821262068965517392e+04
5.835386206896551448e+04
5.823027586206896376e+04
5.833620689655172464e+04
5.875110344827586232e+04
5.843331034482758696e+04
5.822144827586207248e+04
5.868048275862068840e+04
5.838034482758621016e+04
5.843331034482758696e+04
5.856572413793103624e+04
5.834503448275862320e+04
5.837151724137931160e+04
5.875110344827586232e+04
5.849510344827586232e+04
5.864517241379310144e+04
5.866282758620689856e+04
5.856572413793103624e+04
5.860103448275862320e+04
5.860103448275862320e+04
5.846862068965517392e+04
5.848627586206896376e+04
5.837151724137931160e+04
5.860986206896551448e+04
5.849510344827586232e+04
5.812434482758621016e+04
5.818613793103448552e+04
5.823027586206896376e+04
5.828324137931034784e+04
5.818613793103448552e+04
5.861868965517241304e+04
5.853041379310344928e+04
5.845096551724137680e+04
5.865400000000000000e+04
5.845096551724137680e+04
5.822144827586207248e+04
5.829206896551723912e+04
5.827441379310344928e+04
5.809786206896551448e+04
5.835386206896551448e+04
5.825675862068965216e+04
5.844213793103448552e+04
5.846862068965517392e+04
5.853924137931034784e+04
5.879524137931034784e+04
5.870696551724137680e+04
5.855689655172413768e+04
5.846862068965517392e+04
5.841565517241378984e+04
5.847744827586207248e+04
5.865400000000000000e+04
5.856572413793103624e+04
5.862751724137931160e+04
5.837151724137931160e+04
5.840682758620689856e+04
5.801841379310344928e+04
5.805372413793103624e+04
5.833620689655172464e+04
5.804489655172413768e+04
5.797427586206896376e+04
5.796544827586207248e+04
5.798310344827586232e+04
5.788600000000000000e+04
5.808903448275862320e+04
5.807137931034482608e+04
5.825675862068965216e+04
5.811551724137931160e+04
5.792131034482758696e+04
5.785068965517241304e+04
5.800958620689655072e+04
5.796544827586207248e+04
5.799193103448276088e+04
5.820379310344827536e+04
5.826558620689655072e+04
5.830089655172413768e+04
5.837151724137931160e+04
5.806255172413792752e+04
5.812434482758621016e+04
5.813317241379310144e+04
5.827441379310344928e+04
5.821262068965517392e+04
5.811551724137931160e+04
5.815082758620689856e+04
5.826558620689655072e+04
5.820379310344827536e+04
5.823027586206896376e+04
5.805372413793103624e+04
5.824793103448276088e+04
5.841565517241378984e+04
5.823910344827586232e+04
5.850393103448276088e+04
5.823910344827586232e+04
5.814200000000000000e+04
5.818613793103448552e+04
5.828324137931034784e+04
5.835386206896551448e+04
5.853041379310344928e+04
5.868048275862068840e+04
5.852158620689655072e+04
5.846862068965517392e+04
5.832737931034482608e+04
5.823027586206896376e+04
5.853041379310344928e+04
5.838917241379310144e+04
5.830972413793103624e+04
5.841565517241378984e+04
5.847744827586207248e+04
5.830972413793103624e+04
5.846862068965517392e+04
5.848627586206896376e+04
5.815965517241378984e+04
5.828324137931034784e+04
5.797427586206896376e+04
5.828324137931034784e+04
5.840682758620689856e+04
5.837151724137931160e+04
5.855689655172413768e+04
5.846862068965517392e+04
5.852158620689655072e+04
5.893648275862068840e+04
5.854806896551723912e+04
5.853924137931034784e+04
5.848627586206896376e+04
5.854806896551723912e+04
5.821262068965517392e+04
5.834503448275862320e+04
5.009124137931034784e+04
5.057675862068965216e+04
5.131827586206896376e+04
5.287193103448276088e+04
5.348103448275862320e+04
5.471689655172413768e+04
5.565262068965517392e+04
5.698558620689655072e+04
5.756820689655172464e+04
5.883937931034482608e+04
5.947496551724137680e+04
6.014586206896551448e+04
6.109041379310344928e+04
6.179662068965517392e+04
6.231744827586207248e+04
6.244103448275862320e+04
6.277648275862068840e+04
6.317372413793103624e+04
6.340324137931034784e+04
6.381813793103448552e+04
6.416241379310344928e+04
6.416241379310344928e+04
6.416241379310344928e+04
6.427717241379310144e+04
6.440075862068965216e+04
6.425951724137931160e+04
6.412710344827586232e+04
6.432131034482758696e+04
6.418006896551723912e+04
6.443606896551723912e+04
6.444489655172413768e+04
6.411827586206896376e+04
6.408296551724137680e+04
6.391524137931034784e+04
6.385344827586207248e+04
6.342972413793103624e+04
6.372103448275862320e+04
6.342089655172413768e+04
6.357096551724137680e+04
6.312958620689655072e+04
6.322668965517241304e+04
6.295303448275862320e+04
6.312958620689655072e+04
6.286475862068965216e+04
6.277648275862068840e+04
6.252048275862068840e+04
6.229096551724137680e+04
6.219386206896551448e+04
6.188489655172413768e+04
6.176131034482758696e+04
6.221151724137931160e+04
6.145234482758621016e+04
6.140820689655172464e+04
6.111689655172413768e+04
6.091386206896551448e+04
6.106393103448276088e+04
6.083441379310344928e+04
6.038420689655172464e+04
6.033124137931034784e+04
6.072848275862068840e+04
6.055193103448276088e+04
6.060489655172413768e+04
6.059606896551723912e+04
6.067551724137931160e+04
6.052544827586207248e+04
6.073731034482758696e+04
6.058724137931034784e+04
6.045482758620689856e+04
6.050779310344827536e+04
6.017234482758621016e+04
6.037537931034482608e+04
6.022531034482758696e+04
6.004875862068965216e+04
5.996048275862068840e+04
6.034006896551723912e+04
6.015468965517241304e+04
5.992517241379310144e+04
5.983689655172413768e+04
6.002227586206896376e+04
5.961620689655172464e+04
5.957206896551723912e+04
5.945731034482758696e+04
5.937786206896551448e+04
5.969565517241378984e+04
5.975744827586207248e+04
5.958972413793103624e+04
5.958972413793103624e+04
5.958972413793103624e+04
5.952793103448276088e+04
5.936903448275862320e+04
5.918365517241378984e+04
5.910420689655172464e+04
5.880406896551723912e+04
5.898944827586207248e+04
5.869813793103448552e+04
5.879524137931034784e+04
5.890117241379310144e+04
5.880406896551723912e+04
5.884820689655172464e+04
5.882172413793103624e+04
5.866282758620689856e+04
5.888351724137931160e+04
5.896296551724137680e+04
5.853924137931034784e+04
5.859220689655172464e+04
5.884820689655172464e+04
5.897179310344827536e+04
5.907772413793103624e+04
5.893648275862068840e+04
5.886586206896551448e+04
5.875993103448276088e+04
5.874227586206896376e+04
5.886586206896551448e+04
5.886586206896551448e+04
5.866282758620689856e+04
5.845979310344827536e+04
5.870696551724137680e+04
5.833620689655172464e+04
5.815965517241378984e+04
5.851275862068965216e+04
5.825675862068965216e+04
5.835386206896551448e+04
5.849510344827586232e+04
5.852158620689655072e+04
5.807137931034482608e+04
5.808020689655172464e+04
5.825675862068965216e+04
5.813317241379310144e+04
5.795662068965517392e+04
5.794779310344827536e+04
5.802724137931034784e+04
5.797427586206896376e+04
5.812434482758621016e+04
5.788600000000000000e+04
5.793896551724137680e+04
5.831855172413792752e+04
5.811551724137931160e+04
5.780655172413792752e+04
5.804489655172413768e+04
5.788600000000000000e+04
5.782420689655172464e+04
5.786834482758621016e+04
5.800075862068965216e+04
5.799193103448276088e+04
5.811551724137931160e+04
5.815082758620689856e+04
5.785068965517241304e+04
5.799193103448276088e+04
5.800075862068965216e+04
5.804489655172413768e+04
5.800075862068965216e+04
5.825675862068965216e+04
5.784186206896551448e+04
5.789482758620689856e+04
5.795662068965517392e+04
5.803606896551723912e+04
5.795662068965517392e+04
5.787717241379310144e+04
5.810668965517241304e+04
5.821262068965517392e+04
5.800958620689655072e+04
5.803606896551723912e+04
5.805372413793103624e+04
5.823027586206896376e+04
5.829206896551723912e+04
5.789482758620689856e+04
5.784186206896551448e+04
5.808020689655172464e+04
5.804489655172413768e+04
5.823910344827586232e+04
5.830972413793103624e+04
5.838917241379310144e+04
5.819496551724137680e+04
5.801841379310344928e+04
5.795662068965517392e+04
5.838034482758621016e+04
5.807137931034482608e+04
5.802724137931034784e+04
5.805372413793103624e+04
5.811551724137931160e+04
5.827441379310344928e+04
5.827441379310344928e+04
5.793896551724137680e+04
5.781537931034482608e+04
5.797427586206896376e+04
5.784186206896551448e+04
5.794779310344827536e+04
5.797427586206896376e+04
5.760351724137931160e+04
5.764765517241378984e+04
5.782420689655172464e+04
5.774475862068965216e+04
5.773593103448276088e+04
5.793013793103448552e+04
5.788600000000000000e+04
5.770944827586207248e+04
5.773593103448276088e+04
5.738282758620689856e+04
5.734751724137931160e+04
5.763000000000000000e+04
5.773593103448276088e+04
5.757703448275862320e+04
5.775358620689655072e+04
5.751524137931034784e+04
5.745344827586207248e+04
5.754172413793103624e+04
5.767413793103448552e+04
5.740931034482758696e+04
5.764765517241378984e+04
5.770944827586207248e+04
5.755055172413792752e+04
5.741813793103448552e+04
5.757703448275862320e+04
5.733868965517241304e+04
5.755055172413792752e+04
5.729455172413792752e+04
5.724158620689655072e+04
5.756820689655172464e+04
5.751524137931034784e+04
5.757703448275862320e+04
5.768296551724137680e+04
5.746227586206896376e+04
5.770062068965517392e+04
5.730337931034482608e+04
5.737400000000000000e+04
5.717979310344827536e+04
5.759468965517241304e+04
5.750641379310344928e+04
5.743579310344827536e+04
5.755055172413792752e+04
5.758586206896551448e+04
5.752406896551723912e+04
5.725041379310344928e+04
5.731220689655172464e+04
5.732103448275862320e+04
5.729455172413792752e+04
5.760351724137931160e+04
5.757703448275862320e+04
5.728572413793103624e+04
5.760351724137931160e+04
5.735634482758621016e+04
5.731220689655172464e+04
5.725924137931034784e+04
5.746227586206896376e+04
5.769179310344827536e+04
5.745344827586207248e+04
5.759468965517241304e+04
5.743579310344827536e+04
5.751524137931034784e+04
5.765648275862068840e+04
5.759468965517241304e+04
5.749758620689655072e+04
5.718862068965517392e+04
5.741813793103448552e+04
5.745344827586207248e+04
5.745344827586207248e+04
5.742696551724137680e+04
5.770944827586207248e+04
5.815965517241378984e+04
5.802724137931034784e+04
5.827441379310344928e+04
5.827441379310344928e+04
5.804489655172413768e+04
5.796544827586207248e+04
5.842448275862068840e+04
5.858337931034482608e+04
5.832737931034482608e+04
5.820379310344827536e+04
5.838034482758621016e+04
5.853041379310344928e+04
5.825675862068965216e+04
5.836268965517241304e+04
5.814200000000000000e+04
5.797427586206896376e+04
5.819496551724137680e+04
5.838034482758621016e+04
5.844213793103448552e+04
5.845979310344827536e+04
5.838034482758621016e+04
5.851275862068965216e+04
5.865400000000000000e+04
5.857455172413792752e+04
5.866282758620689856e+04
5.850393103448276088e+04
5.836268965517241304e+04
5.823910344827586232e+04
5.845979310344827536e+04
5.828324137931034784e+04
5.830972413793103624e+04
5.841565517241378984e+04
5.813317241379310144e+04
5.846862068965517392e+04
5.811551724137931160e+04
5.826558620689655072e+04
5.824793103448276088e+04
5.855689655172413768e+04
5.815082758620689856e+04
5.824793103448276088e+04
5.818613793103448552e+04
5.813317241379310144e+04
5.839800000000000000e+04
5.824793103448276088e+04
5.800075862068965216e+04
5.807137931034482608e+04
5.824793103448276088e+04
5.813317241379310144e+04
5.823910344827586232e+04
5.807137931034482608e+04
5.828324137931034784e+04
5.798310344827586232e+04
5.800958620689655072e+04
5.789482758620689856e+04
5.822144827586207248e+04
5.821262068965517392e+04
5.790365517241378984e+04
5.780655172413792752e+04
5.799193103448276088e+04
5.759468965517241304e+04
5.803606896551723912e+04
5.777124137931034784e+04
5.788600000000000000e+04
5.766531034482758696e+04
5.749758620689655072e+04
5.746227586206896376e+04
5.754172413793103624e+04
5.785068965517241304e+04
5.763882758620689856e+04
5.764765517241378984e+04
5.747993103448276088e+04
5.766531034482758696e+04
5.755055172413792752e+04
5.747110344827586232e+04
5.740931034482758696e+04
5.740931034482758696e+04
5.729455172413792752e+04
5.752406896551723912e+04
5.752406896551723912e+04
5.745344827586207248e+04
5.748875862068965216e+04
5.717096551724137680e+04
5.720627586206896376e+04
5.747110344827586232e+04
5.758586206896551448e+04
5.756820689655172464e+04
5.746227586206896376e+04
5.772710344827586232e+04
5.755937931034482608e+04
5.760351724137931160e+04
5.727689655172413768e+04
5.731220689655172464e+04
5.712682758620689856e+04
5.714448275862068840e+04
5.742696551724137680e+04
5.755937931034482608e+04
5.768296551724137680e+04
5.754172413793103624e+04
5.761234482758621016e+04
5.755937931034482608e+04
5.766531034482758696e+04
5.774475862068965216e+04
5.758586206896551448e+04
5.793896551724137680e+04
5.791248275862068840e+04
5.767413793103448552e+04
5.780655172413792752e+04
5.796544827586207248e+04
5.815082758620689856e+04
5.817731034482758696e+04
5.821262068965517392e+04
5.812434482758621016e+04
5.827441379310344928e+04
5.802724137931034784e+04
5.799193103448276088e+04
5.800075862068965216e+04
5.813317241379310144e+04
5.801841379310344928e+04
5.791248275862068840e+04
5.777124137931034784e+04
5.763000000000000000e+04
5.794779310344827536e+04
5.792131034482758696e+04
5.757703448275862320e+04
5.776241379310344928e+04
5.755055172413792752e+04
5.767413793103448552e+04
5.758586206896551448e+04
5.790365517241378984e+04
5.775358620689655072e+04
5.762117241379310144e+04
5.761234482758621016e+04
5.755055172413792752e+04
5.762117241379310144e+04
4.993234482758621016e+04
5.195386206896551448e+04
5.155662068965517392e+04
5.270420689655172464e+04
5.355165517241378984e+04
5.466393103448276088e+04
5.621758620689655072e+04
5.707386206896551448e+04
5.786834482758621016e+04
5.905124137931034784e+04
5.943082758620689856e+04
6.020765517241378984e+04
6.126696551724137680e+04
6.205262068965517392e+04
6.240572413793103624e+04
6.281179310344827536e+04
6.329731034482758696e+04
6.364158620689655072e+04
6.341206896551723912e+04
6.353565517241378984e+04
6.407413793103448552e+04
6.411827586206896376e+04
6.440958620689655072e+04
6.423303448275862320e+04
6.417124137931034784e+04
6.463910344827586232e+04
6.419772413793103624e+04
6.394172413793103624e+04
6.390641379310344928e+04
6.378282758620689856e+04
6.384462068965517392e+04
6.338558620689655072e+04
6.362393103448276088e+04
6.339441379310344928e+04
6.327965517241378984e+04
6.294420689655172464e+04
6.318255172413792752e+04
6.301482758620689856e+04
6.274117241379310144e+04
6.297068965517241304e+04
6.290889655172413768e+04
6.281179310344827536e+04
6.249400000000000000e+04
6.247634482758621016e+04
6.184075862068965216e+04
6.179662068965517392e+04
6.177896551724137680e+04
6.156710344827586232e+04
6.157593103448276088e+04
6.139055172413792752e+04
6.109924137931034784e+04
6.089620689655172464e+04
6.079027586206896376e+04
6.060489655172413768e+04
6.026062068965517392e+04
6.051662068965517392e+04
6.063137931034482608e+04
5.999579310344827536e+04
6.005758620689655072e+04
5.995165517241378984e+04
6.010172413793103624e+04
5.990751724137931160e+04
6.011055172413792752e+04
5.997813793103448552e+04
5.963386206896551448e+04
5.974862068965517392e+04
5.939551724137931160e+04
5.943965517241378984e+04
5.930724137931034784e+04
5.927193103448276088e+04
5.928075862068965216e+04
5.907772413793103624e+04
5.917482758620689856e+04
5.910420689655172464e+04
5.893648275862068840e+04
5.895413793103448552e+04
5.863634482758621016e+04
5.886586206896551448e+04
5.874227586206896376e+04
5.846862068965517392e+04
5.859220689655172464e+04
5.830972413793103624e+04
5.853924137931034784e+04
5.852158620689655072e+04
5.836268965517241304e+04
5.865400000000000000e+04
5.853041379310344928e+04
5.834503448275862320e+04
5.833620689655172464e+04
5.829206896551723912e+04
5.786834482758621016e+04
5.799193103448276088e+04
5.812434482758621016e+04
5.781537931034482608e+04
5.803606896551723912e+04
5.801841379310344928e+04
5.800958620689655072e+04
5.795662068965517392e+04
5.799193103448276088e+04
5.787717241379310144e+04
5.802724137931034784e+04
5.778006896551723912e+04
5.762117241379310144e+04
5.744462068965517392e+04
5.744462068965517392e+04
5.741813793103448552e+04
5.724158620689655072e+04
5.715331034482758696e+04
5.716213793103448552e+04
5.714448275862068840e+04
5.734751724137931160e+04
5.736517241379310144e+04
5.724158620689655072e+04
5.712682758620689856e+04
5.703855172413792752e+04
5.689731034482758696e+04
5.703855172413792752e+04
5.714448275862068840e+04
5.702089655172413768e+04
5.669427586206896376e+04
5.678255172413792752e+04
5.725041379310344928e+04
5.699441379310344928e+04
5.687082758620689856e+04
5.715331034482758696e+04
5.692379310344827536e+04
5.675606896551723912e+04
5.648241379310344928e+04
5.678255172413792752e+04
5.654420689655172464e+04
5.632351724137931160e+04
5.635882758620689856e+04
5.642944827586207248e+04
5.659717241379310144e+04
5.647358620689655072e+04
5.711800000000000000e+04
5.672075862068965216e+04
5.644710344827586232e+04
5.663248275862068840e+04
5.637648275862068840e+04
5.638531034482758696e+04
5.643827586206896376e+04
5.621758620689655072e+04
5.634117241379310144e+04
5.643827586206896376e+04
5.633234482758621016e+04
5.618227586206896376e+04
5.653537931034482608e+04
5.619993103448276088e+04
5.635882758620689856e+04
5.612048275862068840e+04
5.624406896551723912e+04
5.625289655172413768e+04
5.616462068965517392e+04
5.607634482758621016e+04
5.575855172413792752e+04
5.644710344827586232e+04
5.637648275862068840e+04
5.677372413793103624e+04
5.642062068965517392e+04
5.657068965517241304e+04
5.679137931034482608e+04
5.636765517241378984e+04
5.673841379310344928e+04
5.655303448275862320e+04
5.629703448275862320e+04
5.639413793103448552e+04
5.643827586206896376e+04
5.640296551724137680e+04
5.633234482758621016e+04
5.626172413793103624e+04
5.636765517241378984e+04
5.664131034482758696e+04
5.642062068965517392e+04
5.641179310344827536e+04
5.642944827586207248e+04
5.629703448275862320e+04
5.649124137931034784e+04
5.672958620689655072e+04
5.627055172413792752e+04
5.651772413793103624e+04
5.654420689655172464e+04
5.657951724137931160e+04
5.665013793103448552e+04
5.642062068965517392e+04
5.680020689655172464e+04
5.684434482758621016e+04
5.673841379310344928e+04
5.673841379310344928e+04
5.682668965517241304e+04
5.657951724137931160e+04
5.659717241379310144e+04
5.664131034482758696e+04
5.661482758620689856e+04
5.699441379310344928e+04
5.672075862068965216e+04
5.676489655172413768e+04
5.672958620689655072e+04
5.689731034482758696e+04
5.706503448275862320e+04
5.690613793103448552e+04
5.689731034482758696e+04
5.673841379310344928e+04
5.668544827586207248e+04
5.644710344827586232e+04
5.673841379310344928e+04
5.687965517241378984e+04
5.666779310344827536e+04
5.714448275862068840e+04
5.685317241379310144e+04
5.684434482758621016e+04
5.671193103448276088e+04
5.687082758620689856e+04
5.687082758620689856e+04
5.686200000000000000e+04
5.674724137931034784e+04
5.650889655172413768e+04
5.672958620689655072e+04
5.707386206896551448e+04
5.675606896551723912e+04
5.664131034482758696e+04
5.685317241379310144e+04
5.686200000000000000e+04
5.676489655172413768e+04
5.662365517241378984e+04
5.647358620689655072e+04
5.655303448275862320e+04
5.666779310344827536e+04
5.633234482758621016e+04
5.637648275862068840e+04
5.648241379310344928e+04
5.683551724137931160e+04
5.666779310344827536e+04
5.672958620689655072e+04
5.651772413793103624e+04
5.693262068965517392e+04
5.695027586206896376e+04
5.680020689655172464e+04
5.656186206896551448e+04
5.670310344827586232e+04
5.647358620689655072e+04
5.675606896551723912e+04
5.660600000000000000e+04
5.633234482758621016e+04
5.655303448275862320e+04
5.625289655172413768e+04
5.637648275862068840e+04
5.632351724137931160e+04
5.662365517241378984e+04
5.656186206896551448e+04
5.662365517241378984e+04
5.626172413793103624e+04
5.608517241379310144e+04
5.634117241379310144e+04
5.680903448275862320e+04
5.723275862068965216e+04
5.716213793103448552e+04
5.749758620689655072e+04
5.762117241379310144e+04
5.751524137931034784e+04
5.786834482758621016e+04
5.835386206896551448e+04
5.817731034482758696e+04
5.841565517241378984e+04
5.822144827586207248e+04
5.829206896551723912e+04
5.822144827586207248e+04
5.826558620689655072e+04
5.852158620689655072e+04
5.851275862068965216e+04
5.861868965517241304e+04
5.858337931034482608e+04
5.858337931034482608e+04
5.853924137931034784e+04
5.833620689655172464e+04
5.841565517241378984e+04
5.836268965517241304e+04
5.863634482758621016e+04
5.814200000000000000e+04
5.835386206896551448e+04
5.827441379310344928e+04
5.824793103448276088e+04
5.845096551724137680e+04
5.857455172413792752e+04
5.829206896551723912e+04
5.819496551724137680e+04
5.860103448275862320e+04
5.935137931034482608e+04
5.862751724137931160e+04
5.830089655172413768e+04
5.833620689655172464e+04
5.847744827586207248e+04
5.850393103448276088e+04
5.813317241379310144e+04
5.822144827586207248e+04
5.817731034482758696e+04
5.818613793103448552e+04
5.829206896551723912e+04
5.822144827586207248e+04
5.816848275862068840e+04
5.809786206896551448e+04
5.801841379310344928e+04
5.801841379310344928e+04
5.782420689655172464e+04
5.803606896551723912e+04
5.838034482758621016e+04
5.831855172413792752e+04
5.827441379310344928e+04
5.838917241379310144e+04
5.838034482758621016e+04
5.860103448275862320e+04
5.839800000000000000e+04
5.841565517241378984e+04
5.847744827586207248e+04
5.853041379310344928e+04
5.831855172413792752e+04
5.852158620689655072e+04
5.860986206896551448e+04
5.836268965517241304e+04
5.818613793103448552e+04
5.837151724137931160e+04
5.806255172413792752e+04
5.848627586206896376e+04
5.837151724137931160e+04
5.836268965517241304e+04
5.816848275862068840e+04
5.806255172413792752e+04
5.783303448275862320e+04
5.787717241379310144e+04
5.798310344827586232e+04
5.809786206896551448e+04
5.827441379310344928e+04
5.848627586206896376e+04
5.934255172413792752e+04
5.843331034482758696e+04
5.831855172413792752e+04
5.826558620689655072e+04
5.815965517241378984e+04
5.836268965517241304e+04
5.829206896551723912e+04
5.801841379310344928e+04
5.786834482758621016e+04
5.814200000000000000e+04
5.822144827586207248e+04
5.826558620689655072e+04
5.845979310344827536e+04
5.821262068965517392e+04
5.820379310344827536e+04
5.794779310344827536e+04
5.828324137931034784e+04
5.804489655172413768e+04
5.797427586206896376e+04
5.830089655172413768e+04
5.824793103448276088e+04
5.849510344827586232e+04
5.837151724137931160e+04
5.838917241379310144e+04
5.840682758620689856e+04
5.872462068965517392e+04
5.854806896551723912e+04
5.838034482758621016e+04
5.860986206896551448e+04
5.872462068965517392e+04
5.866282758620689856e+04
5.877758620689655072e+04
5.926310344827586232e+04
5.921013793103448552e+04
5.885703448275862320e+04
5.888351724137931160e+04
5.872462068965517392e+04
5.875993103448276088e+04
5.908655172413792752e+04
5.893648275862068840e+04
5.899827586206896376e+04
5.869813793103448552e+04
5.879524137931034784e+04
5.882172413793103624e+04
5.863634482758621016e+04
5.888351724137931160e+04
5.885703448275862320e+04
5.907772413793103624e+04
5.917482758620689856e+04
5.900710344827586232e+04
5.907772413793103624e+04
5.892765517241378984e+04
5.884820689655172464e+04
5.922779310344827536e+04
5.901593103448276088e+04
5.875110344827586232e+04
5.897179310344827536e+04
5.885703448275862320e+04
5.887468965517241304e+04
5.887468965517241304e+04
5.124765517241378984e+04
5.199800000000000000e+04
5.263358620689655072e+04
5.402834482758621016e+04
5.519358620689655072e+04
5.648241379310344928e+04
5.729455172413792752e+04
5.840682758620689856e+04
5.921896551724137680e+04
6.012820689655172464e+04
6.101979310344827536e+04
6.142586206896551448e+04
6.250282758620689856e+04
6.290889655172413768e+04
6.343855172413792752e+04
6.382696551724137680e+04
6.425068965517241304e+04
6.431248275862068840e+04
6.023420689655172464e+04
6.243224137931034784e+04
5.610296551724137680e+04
5.597937931034482608e+04
6.041958620689655072e+04
4.935879310344827536e+04
5.157448275862068840e+04
4.710779310344827536e+04
3.376951724137931160e+04
4.486562068965517392e+04
4.040775862068965216e+04
4.709013793103448552e+04
5.366658620689655072e+04
5.808913793103448552e+04
6.457731034482758696e+04
6.440075862068965216e+04
6.440958620689655072e+04
6.429482758620689856e+04
6.426834482758621016e+04
6.403882758620689856e+04
6.191141379310344928e+04
6.387110344827586232e+04
6.362393103448276088e+04
6.377400000000000000e+04
6.342089655172413768e+04
6.327965517241378984e+04
6.324434482758621016e+04
6.275882758620689856e+04
6.290006896551723912e+04
6.264406896551723912e+04
6.253813793103448552e+04
6.244986206896551448e+04
6.223800000000000000e+04
6.200848275862068840e+04
6.205262068965517392e+04
6.190255172413792752e+04
6.124931034482758696e+04
6.154944827586207248e+04
6.141703448275862320e+04
6.133758620689655072e+04
6.160241379310344928e+04
6.154062068965517392e+04
6.142586206896551448e+04
6.144351724137931160e+04
6.151413793103448552e+04
6.154062068965517392e+04
6.135524137931034784e+04
6.116103448275862320e+04
6.109041379310344928e+04
6.140820689655172464e+04
6.112572413793103624e+04
6.094034482758621016e+04
6.117868965517241304e+04
6.074613793103448552e+04
6.060489655172413768e+04
6.070200000000000000e+04
6.072848275862068840e+04
6.089620689655172464e+04
6.073731034482758696e+04
6.052544827586207248e+04
6.058724137931034784e+04
6.033124137931034784e+04
6.049896551724137680e+04
6.038420689655172464e+04
6.042834482758621016e+04
5.997813793103448552e+04
5.992517241379310144e+04
6.019882758620689856e+04
5.994282758620689856e+04
5.970448275862068840e+04
5.966917241379310144e+04
5.990751724137931160e+04
5.951027586206896376e+04
5.945731034482758696e+04
5.936903448275862320e+04
5.979275862068965216e+04
6.001344827586207248e+04
5.976627586206896376e+04
5.964268965517241304e+04
5.951027586206896376e+04
5.938668965517241304e+04
5.943965517241378984e+04
5.933372413793103624e+04
5.932489655172413768e+04
5.913068965517241304e+04
5.900710344827586232e+04
5.891882758620689856e+04
5.876875862068965216e+04
5.879524137931034784e+04
5.902475862068965216e+04
5.892765517241378984e+04
5.905124137931034784e+04
5.919248275862068840e+04
5.887468965517241304e+04
5.869813793103448552e+04
5.875110344827586232e+04
5.875110344827586232e+04
5.868931034482758696e+04
5.873344827586207248e+04
5.859220689655172464e+04
5.861868965517241304e+04
5.860986206896551448e+04
5.823027586206896376e+04
5.845979310344827536e+04
5.830089655172413768e+04
5.833620689655172464e+04
5.809786206896551448e+04
5.766531034482758696e+04
5.778006896551723912e+04
5.760351724137931160e+04
5.800958620689655072e+04
5.759468965517241304e+04
5.736517241379310144e+04
5.765648275862068840e+04
5.754172413793103624e+04
5.790365517241378984e+04
5.781537931034482608e+04
5.768296551724137680e+04
5.760351724137931160e+04
5.751524137931034784e+04
5.778889655172413768e+04
5.778006896551723912e+04
5.750641379310344928e+04
5.768296551724137680e+04
5.739165517241378984e+04
5.764765517241378984e+04
5.768296551724137680e+04
5.753289655172413768e+04
5.764765517241378984e+04
5.761234482758621016e+04
5.755055172413792752e+04
5.760351724137931160e+04
5.752406896551723912e+04
5.765648275862068840e+04
5.753289655172413768e+04
5.740048275862068840e+04
5.725041379310344928e+04
5.738282758620689856e+04
5.751524137931034784e+04
5.763882758620689856e+04
5.778889655172413768e+04
5.756820689655172464e+04
5.767413793103448552e+04
5.769179310344827536e+04
5.762117241379310144e+04
5.749758620689655072e+04
5.757703448275862320e+04
5.767413793103448552e+04
5.768296551724137680e+04
5.785068965517241304e+04
5.779772413793103624e+04
5.797427586206896376e+04
5.803606896551723912e+04
5.774475862068965216e+04
5.784186206896551448e+04
5.763000000000000000e+04
5.755055172413792752e+04
5.766531034482758696e+04
5.773593103448276088e+04
5.740931034482758696e+04
5.747993103448276088e+04
5.777124137931034784e+04
5.767413793103448552e+04
5.774475862068965216e+04
5.786834482758621016e+04
5.797427586206896376e+04
5.778006896551723912e+04
5.786834482758621016e+04
5.790365517241378984e+04
5.789482758620689856e+04
5.797427586206896376e+04
5.757703448275862320e+04
5.788600000000000000e+04
5.778006896551723912e+04
5.768296551724137680e+04
5.778006896551723912e+04
5.778889655172413768e+04
5.766531034482758696e+04
5.763882758620689856e+04
5.747993103448276088e+04
5.732986206896551448e+04
5.725041379310344928e+04
5.746227586206896376e+04
5.780655172413792752e+04
5.739165517241378984e+04
5.744462068965517392e+04
5.768296551724137680e+04
5.765648275862068840e+04
5.774475862068965216e+04
5.772710344827586232e+04
5.771827586206896376e+04
5.770944827586207248e+04
5.745344827586207248e+04
5.733868965517241304e+04
5.756820689655172464e+04
5.756820689655172464e+04
5.759468965517241304e+04
5.741813793103448552e+04
5.736517241379310144e+04
5.752406896551723912e+04
5.727689655172413768e+04
5.755055172413792752e+04
5.753289655172413768e+04
5.728572413793103624e+04
5.735634482758621016e+04
5.740048275862068840e+04
5.717979310344827536e+04
5.726806896551723912e+04
5.749758620689655072e+04
5.730337931034482608e+04
5.703855172413792752e+04
5.719744827586207248e+04
5.694144827586207248e+04
5.717096551724137680e+04
5.689731034482758696e+04
5.725041379310344928e+04
5.707386206896551448e+04
5.718862068965517392e+04
5.708268965517241304e+04
5.710917241379310144e+04
5.702972413793103624e+04
5.685317241379310144e+04
5.698558620689655072e+04
5.681786206896551448e+04
5.699441379310344928e+04
5.672958620689655072e+04
5.675606896551723912e+04
5.691496551724137680e+04
5.710917241379310144e+04
5.699441379310344928e+04
5.476986206896551448e+04
5.270420689655172464e+04
4.756655172413792752e+04
4.706337931034482608e+04
4.647193103448276088e+04
4.705455172413792752e+04
4.776958620689655072e+04
4.837868965517241304e+04
4.859055172413792752e+04
4.842282758620689856e+04
4.891717241379310144e+04
4.872296551724137680e+04
4.815800000000000000e+04
4.849344827586207248e+04
4.864351724137931160e+04
4.874062068965517392e+04
4.900544827586207248e+04
5.963386206896551448e+04
5.997813793103448552e+04
5.702089655172413768e+04
5.556434482758621016e+04
5.552903448275862320e+04
5.529068965517241304e+04
5.519358620689655072e+04
5.460213793103448552e+04
5.404600000000000000e+04
5.398420689655172464e+04
5.371055172413792752e+04
5.384296551724137680e+04
5.363993103448276088e+04
5.356048275862068840e+04
5.311910344827586232e+04
5.357813793103448552e+04
5.318089655172413768e+04
5.310144827586207248e+04
5.323386206896551448e+04
5.312793103448276088e+04
5.283662068965517392e+04
5.245703448275862320e+04
5.283662068965517392e+04
5.301317241379310144e+04
5.268655172413792752e+04
5.265124137931034784e+04
5.296903448275862320e+04
5.282779310344827536e+04
5.276600000000000000e+04
5.220986206896551448e+04
5.269537931034482608e+04
5.279248275862068840e+04
5.269537931034482608e+04
5.258944827586207248e+04
5.207744827586207248e+04
5.220986206896551448e+04
5.233344827586207248e+04
5.254531034482758696e+04
5.242172413793103624e+04
5.243937931034482608e+04
5.228931034482758696e+04
5.252765517241378984e+04
5.250117241379310144e+04
5.270420689655172464e+04
5.251000000000000000e+04
5.227165517241378984e+04
5.229813793103448552e+04
5.237758620689655072e+04
5.224517241379310144e+04
5.193620689655172464e+04
5.205979310344827536e+04
5.212158620689655072e+04
5.237758620689655072e+04
5.213924137931034784e+04
5.220103448275862320e+04
5.211275862068965216e+04
5.205096551724137680e+04
5.214806896551723912e+04
5.209510344827586232e+04
5.213924137931034784e+04
5.213041379310344928e+04
5.207744827586207248e+04
5.203331034482758696e+04
5.183027586206896376e+04
5.191855172413792752e+04
5.205979310344827536e+04
5.209510344827586232e+04
5.208627586206896376e+04
5.230696551724137680e+04
5.258062068965517392e+04
5.221868965517241304e+04
5.191855172413792752e+04
5.206862068965517392e+04
5.205096551724137680e+04
5.221868965517241304e+04
5.220103448275862320e+04
5.202448275862068840e+04
5.212158620689655072e+04
5.236875862068965216e+04
5.220103448275862320e+04
5.256296551724137680e+04
5.227165517241378984e+04
5.218337931034482608e+04
5.192737931034482608e+04
5.200682758620689856e+04
5.183910344827586232e+04
5.218337931034482608e+04
5.229813793103448552e+04
5.245703448275862320e+04
5.234227586206896376e+04
5.254531034482758696e+04
5.237758620689655072e+04
5.225400000000000000e+04
5.246586206896551448e+04
5.227165517241378984e+04
5.217455172413792752e+04
5.248351724137931160e+04
5.269537931034482608e+04
5.253648275862068840e+04
5.287193103448276088e+04
5.282779310344827536e+04
5.290724137931034784e+04
5.268655172413792752e+04
5.243937931034482608e+04
5.237758620689655072e+04
5.263358620689655072e+04
5.263358620689655072e+04
5.258062068965517392e+04
5.251882758620689856e+04
5.259827586206896376e+04
5.258944827586207248e+04
5.254531034482758696e+04
5.240406896551723912e+04
5.251000000000000000e+04
5.284544827586207248e+04
5.266889655172413768e+04
5.242172413793103624e+04
5.269537931034482608e+04
5.269537931034482608e+04
5.251000000000000000e+04
5.231579310344827536e+04
5.244820689655172464e+04
5.214806896551723912e+04
5.266889655172413768e+04
5.252765517241378984e+04
5.246586206896551448e+04
5.243055172413792752e+04
5.243055172413792752e+04
4.611000000000000000e+04
4.713400000000000000e+04
4.816682758620689856e+04
4.929675862068965216e+04
5.044434482758621016e+04
5.178613793103448552e+04
5.260710344827586232e+04
5.386944827586207248e+04
5.531717241379310144e+04
5.559965517241378984e+04
5.660600000000000000e+04
5.759468965517241304e+04
5.836268965517241304e+04
6.024296551724137680e+04
5.935137931034482608e+04
5.970448275862068840e+04
6.034006896551723912e+04
6.056958620689655072e+04
6.066668965517241304e+04
6.102862068965517392e+04
6.113455172413792752e+04
6.148765517241378984e+04
6.130227586206896376e+04
6.139937931034482608e+04
6.154944827586207248e+04
6.156710344827586232e+04
6.191137931034482608e+04
6.165537931034482608e+04
6.152296551724137680e+04
6.171717241379310144e+04
6.142586206896551448e+04
6.146117241379310144e+04
6.124048275862068840e+04
6.132875862068965216e+04
6.114337931034482608e+04
6.096682758620689856e+04
6.095800000000000000e+04
6.081675862068965216e+04
6.061372413793103624e+04
6.055193103448276088e+04
6.047248275862068840e+04
5.994282758620689856e+04
6.007524137931034784e+04
5.992517241379310144e+04
6.000462068965517392e+04
5.965151724137931160e+04
5.958089655172413768e+04
5.935137931034482608e+04
5.909537931034482608e+04
5.878641379310344928e+04
5.887468965517241304e+04
5.869813793103448552e+04
5.841565517241378984e+04
5.842448275862068840e+04
5.836268965517241304e+04
5.830089655172413768e+04
5.827441379310344928e+04
5.845096551724137680e+04
5.840682758620689856e+04
5.838917241379310144e+04
5.819496551724137680e+04
5.836268965517241304e+04
5.823910344827586232e+04
5.821262068965517392e+04
5.788600000000000000e+04
5.794779310344827536e+04
5.788600000000000000e+04
5.770062068965517392e+04
5.798310344827586232e+04
5.801841379310344928e+04
5.775358620689655072e+04
5.764765517241378984e+04
5.733868965517241304e+04
5.732103448275862320e+04
5.720627586206896376e+04
5.730337931034482608e+04
5.691496551724137680e+04
5.695910344827586232e+04
5.689731034482758696e+04
5.641179310344827536e+04
5.666779310344827536e+04
5.667662068965517392e+04
5.622641379310344928e+04
5.627055172413792752e+04
5.655303448275862320e+04
5.632351724137931160e+04
5.629703448275862320e+04
5.634117241379310144e+04
5.593510344827586232e+04
5.603220689655172464e+04
5.587331034482758696e+04
5.592627586206896376e+04
5.584682758620689856e+04
5.594393103448276088e+04
5.547606896551723912e+04
5.543193103448276088e+04
5.554668965517241304e+04
5.570558620689655072e+04
5.554668965517241304e+04
5.557317241379310144e+04
5.527303448275862320e+04
5.521124137931034784e+04
5.511413793103448552e+04
5.522889655172413768e+04
5.520241379310344928e+04
5.517593103448276088e+04
5.484048275862068840e+04
5.484931034482758696e+04
5.454917241379310144e+04
5.511413793103448552e+04
5.499055172413792752e+04
5.502586206896551448e+04
5.532600000000000000e+04
5.524655172413792752e+04
5.513179310344827536e+04
5.514062068965517392e+04
5.504351724137931160e+04
5.479634482758621016e+04
5.497289655172413768e+04
5.481400000000000000e+04
5.514944827586207248e+04
5.495524137931034784e+04
5.468158620689655072e+04
5.469041379310344928e+04
5.473455172413792752e+04
5.467275862068965216e+04
5.514062068965517392e+04
5.538779310344827536e+04
5.473455172413792752e+04
5.458448275862068840e+04
5.474337931034482608e+04
5.468158620689655072e+04
5.468158620689655072e+04
5.467275862068965216e+04
5.479634482758621016e+04
5.488462068965517392e+04
5.487579310344827536e+04
5.453151724137931160e+04
5.457565517241378984e+04
5.445206896551723912e+04
5.445206896551723912e+04
5.419606896551723912e+04
5.398420689655172464e+04
5.402834482758621016e+04
5.431082758620689856e+04
5.409013793103448552e+04
5.424903448275862320e+04
5.416958620689655072e+04
5.452268965517241304e+04
5.405482758620689856e+04
5.391358620689655072e+04
5.392241379310344928e+04
5.403717241379310144e+04
5.423137931034482608e+04
5.432848275862068840e+04
5.411662068965517392e+04
5.398420689655172464e+04
5.431965517241378984e+04
5.452268965517241304e+04
5.466393103448276088e+04
5.443441379310344928e+04
5.474337931034482608e+04
5.465510344827586232e+04
5.455800000000000000e+04
5.479634482758621016e+04
5.460213793103448552e+04
5.437262068965517392e+04
5.459331034482758696e+04
5.459331034482758696e+04
5.454034482758621016e+04
5.487579310344827536e+04
5.459331034482758696e+04
5.442558620689655072e+04
5.462862068965517392e+04
5.431082758620689856e+04
5.428434482758621016e+04
5.400186206896551448e+04
5.416958620689655072e+04
5.421372413793103624e+04
5.451386206896551448e+04
5.444324137931034784e+04
5.426668965517241304e+04
5.457565517241378984e+04
5.469041379310344928e+04
5.443441379310344928e+04
5.499055172413792752e+04
5.469041379310344928e+04
5.467275862068965216e+04
5.434613793103448552e+04
5.453151724137931160e+04
5.419606896551723912e+04
5.436379310344827536e+04
5.418724137931034784e+04
5.446972413793103624e+04
5.439027586206896376e+04
5.431965517241378984e+04
5.431082758620689856e+04
5.446972413793103624e+04
5.439910344827586232e+04
5.425786206896551448e+04
5.436379310344827536e+04
5.436379310344827536e+04
5.432848275862068840e+04
5.430200000000000000e+04
5.419606896551723912e+04
5.416075862068965216e+04
5.431082758620689856e+04
5.419606896551723912e+04
5.417841379310344928e+04
5.454034482758621016e+04
5.452268965517241304e+04
5.450503448275862320e+04
5.407248275862068840e+04
5.409013793103448552e+04
5.368406896551723912e+04
5.386944827586207248e+04
5.386944827586207248e+04
5.406365517241378984e+04
5.382531034482758696e+04
5.390475862068965216e+04
5.370172413793103624e+04
5.408131034482758696e+04
5.394006896551723912e+04
5.400186206896551448e+04
5.407248275862068840e+04
5.394006896551723912e+04
5.411662068965517392e+04
5.400186206896551448e+04
5.391358620689655072e+04
5.401951724137931160e+04
5.407248275862068840e+04
5.404600000000000000e+04
5.393124137931034784e+04
5.364875862068965216e+04
5.393124137931034784e+04
5.387827586206896376e+04
5.405482758620689856e+04
5.398420689655172464e+04
5.415193103448276088e+04
5.375468965517241304e+04
5.388710344827586232e+04
5.394006896551723912e+04
5.371055172413792752e+04
5.373703448275862320e+04
5.377234482758621016e+04
5.349868965517241304e+04
5.366641379310344928e+04
5.373703448275862320e+04
5.370172413793103624e+04
5.332213793103448552e+04
5.363110344827586232e+04
5.341041379310344928e+04
5.409896551724137680e+04
5.426668965517241304e+04
5.425786206896551448e+04
5.434613793103448552e+04
5.460213793103448552e+04
5.479634482758621016e+04
5.515827586206896376e+04
5.509648275862068840e+04
5.507882758620689856e+04
5.521124137931034784e+04
5.522889655172413768e+04
5.489344827586207248e+04
5.498172413793103624e+04
5.491993103448276088e+04
5.498172413793103624e+04
5.485813793103448552e+04
5.555551724137931160e+04
5.507000000000000000e+04
5.524655172413792752e+04
5.490227586206896376e+04
5.514944827586207248e+04
5.525537931034482608e+04
5.530834482758621016e+04
5.518475862068965216e+04
5.522006896551723912e+04
5.524655172413792752e+04
5.528186206896551448e+04
5.522889655172413768e+04
5.552020689655172464e+04
5.546724137931034784e+04
5.554668965517241304e+04
5.537896551724137680e+04
5.545841379310344928e+04
5.582034482758621016e+04
5.532600000000000000e+04
5.535248275862068840e+04
5.507882758620689856e+04
5.499055172413792752e+04
5.508765517241378984e+04
5.517593103448276088e+04
5.525537931034482608e+04
5.505234482758621016e+04
5.512296551724137680e+04
5.526420689655172464e+04
5.507882758620689856e+04
5.543193103448276088e+04
5.547606896551723912e+04
5.529068965517241304e+04
5.527303448275862320e+04
5.497289655172413768e+04
5.506117241379310144e+04
5.486696551724137680e+04
5.507000000000000000e+04
5.511413793103448552e+04
5.500820689655172464e+04
5.522006896551723912e+04
5.537013793103448552e+04
5.512296551724137680e+04
5.521124137931034784e+04
5.503468965517241304e+04
5.473455172413792752e+04
5.502586206896551448e+04
5.511413793103448552e+04
5.537013793103448552e+04
5.523772413793103624e+04
5.526420689655172464e+04
5.541427586206896376e+04
5.536131034482758696e+04
5.530834482758621016e+04
5.537013793103448552e+04
5.507882758620689856e+04
5.528186206896551448e+04
5.478751724137931160e+04
5.497289655172413768e+04
5.509648275862068840e+04
5.538779310344827536e+04
5.531717241379310144e+04
5.544958620689655072e+04
5.540544827586207248e+04
5.522889655172413768e+04
5.476986206896551448e+04
5.499055172413792752e+04
5.504351724137931160e+04
5.520241379310344928e+04
5.496406896551723912e+04
5.470806896551723912e+04
5.481400000000000000e+04
5.480517241379310144e+04
5.467275862068965216e+04
5.467275862068965216e+04
5.482282758620689856e+04
5.474337931034482608e+04
5.490227586206896376e+04
5.465510344827586232e+04
5.472572413793103624e+04
5.465510344827586232e+04
5.463744827586207248e+04
5.438144827586207248e+04
5.475220689655172464e+04
5.512296551724137680e+04
5.489344827586207248e+04
5.488462068965517392e+04
5.471689655172413768e+04
5.473455172413792752e+04
5.517593103448276088e+04
5.508765517241378984e+04
5.493758620689655072e+04
5.489344827586207248e+04
5.476103448275862320e+04
5.467275862068965216e+04
5.504351724137931160e+04
5.484048275862068840e+04
5.476103448275862320e+04
5.505234482758621016e+04
5.499937931034482608e+04
5.490227586206896376e+04
5.496406896551723912e+04
5.491110344827586232e+04
5.469041379310344928e+04
5.467275862068965216e+04
5.468158620689655072e+04
5.508765517241378984e+04
5.517593103448276088e+04
5.500820689655172464e+04
5.491993103448276088e+04
5.517593103448276088e+04
5.498172413793103624e+04
5.480517241379310144e+04
5.490227586206896376e+04
5.486696551724137680e+04
5.499055172413792752e+04
5.491993103448276088e+04
5.484048275862068840e+04
5.442558620689655072e+04
5.474337931034482608e+04
5.470806896551723912e+04
5.516710344827586232e+04
5.502586206896551448e+04
5.474337931034482608e+04
5.478751724137931160e+04
4.490062068965517392e+04
4.644544827586207248e+04
4.721344827586207248e+04
4.831689655172413768e+04
4.954393103448276088e+04
5.065620689655172464e+04
5.206862068965517392e+04
5.314558620689655072e+04
5.453151724137931160e+04
5.542310344827586232e+04
5.648241379310344928e+04
5.747110344827586232e+04
5.804489655172413768e+04
5.848627586206896376e+04
5.891000000000000000e+04
5.956324137931034784e+04
5.983689655172413768e+04
6.029593103448276088e+04
6.027827586206896376e+04
6.069317241379310144e+04
6.074613793103448552e+04
6.088737931034482608e+04
6.141703448275862320e+04
6.147000000000000000e+04
6.150531034482758696e+04
6.159358620689655072e+04
6.178779310344827536e+04
6.147882758620689856e+04
6.162006896551723912e+04
6.170834482758621016e+04
6.136406896551723912e+04
6.126696551724137680e+04
6.146117241379310144e+04
6.125813793103448552e+04
6.088737931034482608e+04
6.076379310344827536e+04
6.065786206896551448e+04
6.073731034482758696e+04
6.081675862068965216e+04
6.038420689655172464e+04
6.041068965517241304e+04
6.025179310344827536e+04
6.023413793103448552e+04
5.983689655172413768e+04
5.983689655172413768e+04
5.955441379310344928e+04
5.940434482758621016e+04
5.914834482758621016e+04
5.912186206896551448e+04
5.865400000000000000e+04
5.858337931034482608e+04
5.875993103448276088e+04
5.847744827586207248e+04
5.812434482758621016e+04
5.790365517241378984e+04
5.777124137931034784e+04
5.755055172413792752e+04
5.771827586206896376e+04
5.795662068965517392e+04
5.782420689655172464e+04
5.767413793103448552e+04
5.756820689655172464e+04
5.782420689655172464e+04
5.775358620689655072e+04
5.729455172413792752e+04
5.719744827586207248e+04
5.703855172413792752e+04
5.702089655172413768e+04
5.665013793103448552e+04
5.647358620689655072e+04
5.642944827586207248e+04
5.628820689655172464e+04
5.600572413793103624e+04
5.582917241379310144e+04
5.582034482758621016e+04
5.597924137931034784e+04
5.583800000000000000e+04
5.550255172413792752e+04
5.568793103448276088e+04
5.544958620689655072e+04
5.522889655172413768e+04
5.539662068965517392e+04
5.558200000000000000e+04
5.549372413793103624e+04
5.545841379310344928e+04
5.544958620689655072e+04
5.547606896551723912e+04
5.535248275862068840e+04
5.545841379310344928e+04
5.585565517241378984e+04
5.556434482758621016e+04
5.549372413793103624e+04
5.545841379310344928e+04
5.549372413793103624e+04
5.532600000000000000e+04
5.505234482758621016e+04
5.521124137931034784e+04
5.500820689655172464e+04
5.491993103448276088e+04
5.514062068965517392e+04
5.494641379310344928e+04
5.473455172413792752e+04
5.468158620689655072e+04
5.459331034482758696e+04
5.494641379310344928e+04
5.485813793103448552e+04
5.476986206896551448e+04
5.458448275862068840e+04
5.447855172413792752e+04
5.459331034482758696e+04
5.462862068965517392e+04
5.464627586206896376e+04
5.464627586206896376e+04
5.525537931034482608e+04
5.504351724137931160e+04
5.472572413793103624e+04
5.432848275862068840e+04
5.436379310344827536e+04
5.496406896551723912e+04
5.458448275862068840e+04
5.453151724137931160e+04
5.429317241379310144e+04
5.462862068965517392e+04
5.454034482758621016e+04
5.457565517241378984e+04
5.454917241379310144e+04
5.439910344827586232e+04
5.426668965517241304e+04
5.395772413793103624e+04
5.378117241379310144e+04
5.408131034482758696e+04
5.418724137931034784e+04
5.388710344827586232e+04
5.385179310344827536e+04
5.407248275862068840e+04
5.406365517241378984e+04
5.389593103448276088e+04
5.401068965517241304e+04
5.404600000000000000e+04
5.432848275862068840e+04
5.404600000000000000e+04
5.389593103448276088e+04
5.404600000000000000e+04
5.386062068965517392e+04
5.380765517241378984e+04
5.416075862068965216e+04
5.406365517241378984e+04
5.386944827586207248e+04
5.416958620689655072e+04
5.390475862068965216e+04
5.398420689655172464e+04
5.374586206896551448e+04
5.404600000000000000e+04
5.366641379310344928e+04
5.349868965517241304e+04
5.379882758620689856e+04
5.406365517241378984e+04
5.405482758620689856e+04
5.392241379310344928e+04
5.387827586206896376e+04
5.386944827586207248e+04
5.388710344827586232e+04
5.392241379310344928e+04
5.412544827586207248e+04
5.392241379310344928e+04
5.382531034482758696e+04
5.387827586206896376e+04
5.369289655172413768e+04
5.389593103448276088e+04
5.367524137931034784e+04
5.379000000000000000e+04
5.372820689655172464e+04
5.387827586206896376e+04
5.376351724137931160e+04
5.371055172413792752e+04
5.351634482758621016e+04
5.379000000000000000e+04
5.366641379310344928e+04
5.345455172413792752e+04
5.382531034482758696e+04
5.348986206896551448e+04
5.367524137931034784e+04
5.367524137931034784e+04
5.364875862068965216e+04
5.379882758620689856e+04
5.350751724137931160e+04
5.345455172413792752e+04
5.338393103448276088e+04
5.350751724137931160e+04
5.374586206896551448e+04
5.360462068965517392e+04
5.386062068965517392e+04
5.348986206896551448e+04
5.362227586206896376e+04
5.354282758620689856e+04
5.356048275862068840e+04
5.322503448275862320e+04
5.362227586206896376e+04
5.378117241379310144e+04
5.427551724137931160e+04
5.372820689655172464e+04
5.379000000000000000e+04
5.360462068965517392e+04
5.400186206896551448e+04
5.375468965517241304e+04
5.362227586206896376e+04
5.347220689655172464e+04
5.331331034482758696e+04
5.351634482758621016e+04
5.324268965517241304e+04
5.348103448275862320e+04
5.364875862068965216e+04
5.335744827586207248e+04
5.334862068965517392e+04
5.300434482758621016e+04
5.311910344827586232e+04
5.287193103448276088e+04
5.279248275862068840e+04
5.275717241379310144e+04
5.271303448275862320e+04
5.267772413793103624e+04
5.272186206896551448e+04
5.260710344827586232e+04
5.286310344827586232e+04
5.252765517241378984e+04
5.267772413793103624e+04
5.277482758620689856e+04
5.282779310344827536e+04
5.282779310344827536e+04
5.292489655172413768e+04
5.338393103448276088e+04
5.314558620689655072e+04
5.324268965517241304e+04
5.300434482758621016e+04
5.296903448275862320e+04
5.301317241379310144e+04
5.309262068965517392e+04
5.314558620689655072e+04
5.328682758620689856e+04
5.315441379310344928e+04
5.312793103448276088e+04
5.305731034482758696e+04
5.311910344827586232e+04
5.322503448275862320e+04
5.308379310344827536e+04
5.298668965517241304e+04
5.304848275862068840e+04
5.290724137931034784e+04
5.342806896551723912e+04
5.344572413793103624e+04
5.333979310344827536e+04
5.339275862068965216e+04
5.326034482758621016e+04
5.398420689655172464e+04
5.395772413793103624e+04
5.386062068965517392e+04
5.364875862068965216e+04
5.355165517241378984e+04
5.389593103448276088e+04
5.416958620689655072e+04
5.429317241379310144e+04
5.439910344827586232e+04
5.425786206896551448e+04
5.422255172413792752e+04
5.424020689655172464e+04
5.439027586206896376e+04
5.409896551724137680e+04
5.440793103448276088e+04
5.436379310344827536e+04
5.413427586206896376e+04
5.395772413793103624e+04
5.394889655172413768e+04
5.386944827586207248e+04
5.382531034482758696e+04
5.370172413793103624e+04
5.354282758620689856e+04
5.365758620689655072e+04
5.382531034482758696e+04
5.345455172413792752e+04
5.383413793103448552e+04
5.392241379310344928e+04
5.389593103448276088e+04
5.387827586206896376e+04
5.399303448275862320e+04
5.394006896551723912e+04
5.386944827586207248e+04
5.395772413793103624e+04
5.397537931034482608e+04
5.394006896551723912e+04
5.390475862068965216e+04
5.398420689655172464e+04
5.399303448275862320e+04
5.429317241379310144e+04
5.385179310344827536e+04
5.393124137931034784e+04
5.409013793103448552e+04
5.399303448275862320e+04
5.379000000000000000e+04
5.365758620689655072e+04
5.392241379310344928e+04
5.381648275862068840e+04
5.387827586206896376e+04
5.387827586206896376e+04
5.371937931034482608e+04
5.390475862068965216e+04
5.386944827586207248e+04
5.377234482758621016e+04
5.417841379310344928e+04
5.468158620689655072e+04
5.445206896551723912e+04
5.441675862068965216e+04
5.433731034482758696e+04
5.422255172413792752e+04
5.421372413793103624e+04
5.411662068965517392e+04
5.400186206896551448e+04
5.409896551724137680e+04
5.373703448275862320e+04
5.416075862068965216e+04
5.393124137931034784e+04
5.377234482758621016e+04
5.356048275862068840e+04
5.341924137931034784e+04
5.318972413793103624e+04
5.340158620689655072e+04
5.322503448275862320e+04
5.365758620689655072e+04
5.356048275862068840e+04
5.331331034482758696e+04
5.304848275862068840e+04
5.321620689655172464e+04
5.326917241379310144e+04
5.318089655172413768e+04
5.333096551724137680e+04
5.273951724137931160e+04
5.287193103448276088e+04
5.282779310344827536e+04
5.293372413793103624e+04
5.303965517241378984e+04
5.367524137931034784e+04
5.327800000000000000e+04
5.316324137931034784e+04
5.342806896551723912e+04
5.301317241379310144e+04
5.319855172413792752e+04
5.302200000000000000e+04
5.300434482758621016e+04
5.297786206896551448e+04
5.290724137931034784e+04
5.313675862068965216e+04
5.303965517241378984e+04
5.319855172413792752e+04
5.376351724137931160e+04
5.353400000000000000e+04
5.343689655172413768e+04
5.351634482758621016e+04
5.357813793103448552e+04
5.365758620689655072e+04
5.343689655172413768e+04
5.349868965517241304e+04
5.370172413793103624e+04
5.383413793103448552e+04
5.325151724137931160e+04
5.317206896551723912e+04
5.327800000000000000e+04
5.356931034482758696e+04
5.326034482758621016e+04
5.329565517241378984e+04
5.319855172413792752e+04
5.338393103448276088e+04
5.326917241379310144e+04
5.326917241379310144e+04
5.335744827586207248e+04
5.334862068965517392e+04
5.368406896551723912e+04
5.336627586206896376e+04
5.383413793103448552e+04
5.329565517241378984e+04
5.307496551724137680e+04
5.293372413793103624e+04
5.279248275862068840e+04
5.280131034482758696e+04
5.311910344827586232e+04
5.315441379310344928e+04
5.286310344827586232e+04
5.324268965517241304e+04
5.302200000000000000e+04
5.312793103448276088e+04
5.262475862068965216e+04
5.282779310344827536e+04
5.269537931034482608e+04
5.266889655172413768e+04
5.266889655172413768e+04
4.543910344827586232e+04
4.692213793103448552e+04
4.776075862068965216e+04
4.884655172413792752e+04
5.010889655172413768e+04
5.111524137931034784e+04
5.266889655172413768e+04
5.378117241379310144e+04
5.461979310344827536e+04
5.535248275862068840e+04
5.657951724137931160e+04
5.709151724137931160e+04
5.792131034482758696e+04
5.860103448275862320e+04
5.916600000000000000e+04
5.976627586206896376e+04
5.996048275862068840e+04
6.025179310344827536e+04
6.056075862068965216e+04
6.122282758620689856e+04
6.095800000000000000e+04
6.095800000000000000e+04
6.121400000000000000e+04
6.110806896551723912e+04
6.131993103448276088e+04
6.129344827586207248e+04
6.132875862068965216e+04
6.126696551724137680e+04
6.144351724137931160e+04
6.123165517241378984e+04
6.116103448275862320e+04
6.118751724137931160e+04
6.156710344827586232e+04
6.089620689655172464e+04
6.049896551724137680e+04
6.082558620689655072e+04
6.049896551724137680e+04
6.031358620689655072e+04
6.011055172413792752e+04
5.985455172413792752e+04
5.973979310344827536e+04
5.958089655172413768e+04
5.953675862068965216e+04
5.950144827586207248e+04
5.940434482758621016e+04
5.913068965517241304e+04
5.906006896551723912e+04
5.885703448275862320e+04
5.879524137931034784e+04
5.871579310344827536e+04
5.835386206896551448e+04
5.817731034482758696e+04
5.762117241379310144e+04
5.772710344827586232e+04
5.739165517241378984e+04
5.781537931034482608e+04
5.788600000000000000e+04
5.778006896551723912e+04
5.785068965517241304e+04
5.762117241379310144e+04
5.726806896551723912e+04
5.724158620689655072e+04
5.724158620689655072e+04
5.688848275862068840e+04
5.710917241379310144e+04
5.693262068965517392e+04
5.687082758620689856e+04
5.690613793103448552e+04
5.681786206896551448e+04
5.664131034482758696e+04
5.665896551724137680e+04
5.684434482758621016e+04
5.675606896551723912e+04
5.662365517241378984e+04
5.654420689655172464e+04
5.644710344827586232e+04
5.614696551724137680e+04
5.615579310344827536e+04
5.600572413793103624e+04
5.612931034482758696e+04
5.584682758620689856e+04
5.577620689655172464e+04
5.564379310344827536e+04
5.544958620689655072e+04
5.554668965517241304e+04
