0.000000000000000000e+00
6.245677083333320390e+00
7.278055555555553724e+00
6.570555555555554150e+00
6.811388888888895821e+00
7.085833333333323658e+00
6.747899305555559835e+00
5.788732638888888005e+00
4.983263888888894932e+00
5.319427083333333250e+00
5.211041666666656802e+00
6.040555555555556566e+00
5.917708333333333570e+00
5.087222222222225199e+00
5.703888888888894115e+00
6.123263888888880402e+00
6.440815972222234898e+00
5.146597222222222712e+00
4.849930555555554967e+00
4.429149305555551308e+00
5.148888888888886406e+00
5.450260416666666607e+00
5.510677083333333393e+00
5.853888888888886477e+00
5.153055555555543954e+00
5.318333333333338686e+00
5.663263888888890207e+00
5.760833333333327921e+00
6.137760416666666607e+00
5.639930555555562997e+00
7.529427083333333215e+00
7.038732638888878235e+00
7.076666666666676875e+00
7.563263888888875464e+00
7.023333333333331652e+00
8.751388888888891771e+00
6.827760416666664334e+00
5.928315972222213404e+00
5.415815972222227437e+00
5.628888888888888609e+00
7.181232638888887188e+00
8.151927083333331936e+00
7.031666666666670729e+00
5.624149305555561362e+00
6.529427083333333215e+00
6.512482638888886122e+00
7.188732638888880366e+00
6.555555555555546476e+00
6.384722222222212196e+00
6.933263888888898663e+00
7.812222222222234613e+00
7.081927083333328099e+00
7.337222222222223422e+00
5.716041666666668242e+00
7.469722222222208607e+00
8.517708333333333215e+00
7.043055555555562286e+00
8.385677083333332504e+00
8.123263888888880402e+00
8.569375000000004405e+00
8.446597222222214540e+00
8.039166666666664796e+00
6.954843750000000213e+00
6.341232638888883777e+00
5.974930555555564737e+00
6.064930555555551273e+00
5.688263888888884345e+00
5.616597222222210917e+00
6.433593750000000000e+00
7.833263888888878590e+00
6.397065972222211627e+00
6.909982638888883422e+00
6.722065972222223351e+00
6.913732638888887116e+00
8.060833333333329520e+00
7.879930555555561433e+00
7.370815972222218626e+00
6.711041666666664796e+00
6.172899305555551663e+00
5.698333333333328810e+00
6.905399305555554257e+00
6.726388888888874540e+00
8.796597222222215962e+00
6.685000000000005826e+00
6.963263888888886477e+00
7.912343750000000675e+00
8.035260416666670125e+00
9.227500000000000924e+00
1.069993055555555728e+01
8.278315972222220154e+00
8.457899305555544700e+00
9.132899305555547187e+00
8.753888888888896602e+00
8.554149305555558414e+00
8.831927083333335204e+00
7.464930555555540970e+00
7.442343749999996483e+00
7.344374999999997655e+00
7.082222222222229746e+00
7.070399305555550740e+00
6.200000000000000178e+00
5.773263888888882533e+00
6.792899305555562428e+00
5.580833333333337087e+00
6.448888888888875570e+00
6.568732638888888253e+00
6.507222222222226904e+00
5.782222222222240582e+00
5.574722222222212586e+00
5.556927083333336626e+00
5.195677083333333890e+00
5.380833333333336022e+00
5.134982638888893725e+00
5.426041666666666430e+00
5.386388888888890669e+00
5.991597222222226016e+00
5.447065972222218555e+00
6.465815972222237029e+00
4.834374999999999645e+00
6.843732638888893050e+00
7.884565972222219443e+00
6.194982638888888893e+00
5.991041666666663268e+00
6.291597222222218733e+00
5.309982638888882889e+00
5.154149305555555394e+00
6.486388888888888538e+00
5.894166666666655452e+00
5.799843750000001741e+00
4.838263888888874931e+00
5.201649305555561931e+00
5.266597222222224595e+00
5.639565972222214896e+00
4.860833333333325790e+00
4.946597222222214540e+00
6.403055555555551059e+00
6.227708333333340285e+00
5.197482638888883955e+00
5.719427083333329165e+00
5.669722222222223884e+00
4.754149305555555927e+00
5.510000000000006004e+00
5.321597222222226087e+00
6.142899305555553191e+00
7.304843750000005187e+00
5.682222222222221397e+00
5.849722222222212054e+00
5.598593750000003588e+00
5.583315972222225199e+00
5.361041666666668704e+00
5.386649305555551770e+00
4.688177083333338047e+00
5.151649305555555891e+00
5.760833333333334139e+00
5.489930555555558200e+00
5.481510416666666607e+00
5.492343749999992752e+00
5.792899305555559764e+00
5.947065972222220331e+00
5.516597222222219266e+00
6.693055555555551983e+00
6.674374999999996838e+00
7.048888888888898308e+00
6.726232638888886228e+00
7.262343750000002984e+00
6.386388888888879123e+00
7.191510416666673677e+00
6.932222222222209851e+00
6.501388888888881112e+00
6.739930555555551983e+00
8.199565972222217169e+00
6.201388888888886619e+00
6.568732638888879372e+00
6.391232638888884487e+00
6.512222222222232126e+00
5.758315972222224133e+00
4.744982638888888715e+00
5.702760416666661669e+00
4.908263888888884985e+00
4.575677083333330231e+00
4.308263888888881787e+00
4.683055555555562854e+00
4.683055555555562854e+00
1.118638888888884253e+01
1.444539930555555429e+01
1.511234374999997065e+01
2.663836168710393508e+02
6.322219101507393134e+03
1.522129064303476298e+04
1.284960599170261594e+04
2.674272771256497435e+03
1.878083333333331240e+01
2.414416666666669542e+01
2.166326388888888488e+01
2.380956597222220594e+01
2.468499999999997740e+01
2.067437500000003325e+01
1.944442708333332703e+01
1.954472222222223010e+01
1.620276041666669187e+01
1.649833333333334906e+01
1.589998263888887564e+01
1.381789930555557433e+01
1.361859374999998451e+01
1.415581597222224097e+01
1.474000000000000377e+01
1.258776041666666679e+01
1.233289930555556602e+01
1.178748263888889980e+01
1.131916666666667126e+01
1.019888888888888978e+01
1.128305555555555806e+01
1.055270833333332270e+01
1.307159722222222697e+01
1.121326388888888559e+01
1.211942708333334195e+01
1.112159722222221525e+01
1.210493055555556552e+01
1.006206597222222676e+01
1.080305555555555586e+01
1.012250000000000050e+01
9.616649305555560190e+00
1.074305555555555891e+01
1.110937500000000000e+01
1.053916666666666835e+01
1.020789930555556246e+01
9.639843750000000711e+00
8.738177083333333428e+00
1.102638888888890101e+01
1.081526041666667126e+01
9.882482638888889781e+00
1.074289930555555017e+01
1.023664930555554164e+01
1.077206597222224183e+01
2.594309408185216057e+02
1.051789930555556118e+01
5.128412805080413364e+02
9.851041666666667140e+00
7.613727831202079415e+02
7.649041999496351991e+02
1.501130658737818294e+03
2.189024311667285019e+03
5.713439153035201343e+03
7.484083018619740869e+03
8.018531497351064900e+03
8.905661355284584715e+03
8.740426859664652511e+03
9.950173331434454667e+03
1.194314923984844972e+04
1.226341544938378502e+04
1.263845136540305066e+04
1.275294519233466235e+04
1.338050925186766108e+04
1.294375577303542013e+04
1.434909877183674325e+04
1.447120025217666443e+04
1.442451179824828978e+04
1.518518083055179341e+04
1.492816599241866425e+04
1.459874723149511919e+04
1.567225020455255071e+04
1.540616938851252235e+04
1.547221956295331438e+04
1.550515351368349184e+04
1.433882357334984044e+04
1.347224769314130208e+04
1.067433395441267385e+04
1.069208887303246229e+04
7.656979614756901356e+03
1.215792663598351282e+04
4.798686656439042963e+03
3.195474914518725654e+03
2.009518083173967625e+03
5.236419760375551959e+02
1.272669739080799445e+03
3.193933594531750714e+03
2.485370937295490421e+03
2.676861377586266144e+02
2.672602682110996852e+02
5.205481080362526427e+02
9.316041666666665222e+00
9.636388888888825832e+00
1.157326388888890634e+01
2.652153223289388393e+02
1.277206597222226137e+01
1.183942708333332305e+01
1.217776041666667552e+01
1.331937499999996355e+01
1.335192708333333478e+01
1.252159722222220140e+01
1.230999999999998984e+01
1.221248263888890584e+01
1.173151041666666750e+01
1.391659722222221340e+01
1.256659722222224218e+01
1.192770833333334402e+01
1.254437499999998273e+01
1.176555555555556865e+01
1.172326388888888360e+01
1.336526041666667730e+01
1.247776041666665492e+01
1.369437499999997243e+01
1.222623263888889333e+01
1.379659722222222307e+01
2.615934652325843786e+02
1.347248263888887898e+01
1.260748263888890186e+01
1.386039930555554633e+01
1.140493055555557511e+01
1.047993055555552999e+01
1.038748263888889412e+01
9.497760416666636729e+00
1.108081597222223458e+01
9.987222222222198909e+00
1.125493055555556765e+01
9.288888888888909179e+00
9.160000000000014353e+00
1.040831597222219784e+01
1.158664930555556083e+01
9.669375000000018261e+00
8.157899305555559977e+00
1.044993055555554307e+01
8.664930555555567793e+00
8.221597222222243317e+00
9.268315972222223920e+00
1.010581597222221362e+01
1.098222222222222122e+01
1.158638888888888197e+01
1.239567708333330209e+01
9.916597222222218733e+00
1.210270833333333229e+01
1.051317708333333378e+01
1.125805555555553461e+01
1.084401041666666643e+01
9.818315972222229959e+00
1.107326388888888502e+01
1.147499999999999964e+01
1.174581597222223017e+01
1.301604166666668760e+01
1.167770833333334046e+01
1.450305555555554982e+01
1.332805555555552601e+01
1.214826388888890385e+01
1.173166666666668334e+01
1.275583333333337244e+01
1.349706597222220239e+01
1.417914930555556730e+01
1.371623263888887934e+01
1.370583333333336640e+01
1.417493055555558534e+01
1.284055555555555550e+01
1.415770833333331957e+01
1.216937499999999872e+01
1.048539930555555344e+01
1.001083333333333947e+01
1.130234375000000036e+01
1.207831597222221021e+01
1.226104166666662998e+01
9.217899305555567580e+00
8.624722222222221291e+00
8.819722222222203811e+00
9.209982638888895679e+00
1.060826388888891536e+01
9.468315972222208998e+00
9.766597222222223706e+00
1.086326388888890015e+01
9.697065972222212338e+00
1.042993055555556836e+01
1.083326388888886882e+01
9.274375000000009805e+00
9.281597222222226051e+00
8.546597222222215962e+00
9.932708333333344797e+00
8.466041666666660248e+00
8.337500000000000355e+00
1.020789930555556069e+01
9.536093749999983160e+00
8.640555555555570422e+00
7.816041666666653676e+00
9.323263888888870810e+00
7.495677083333321278e+00
8.123593749999987068e+00
1.009055555555556971e+01
8.938263888888887010e+00
8.269982638888857096e+00
8.339149305555560332e+00
7.499722222222235501e+00
7.979930555555554861e+00
1.008055555555555571e+01
1.042638888888888005e+01
9.062760416666666430e+00
9.254149305555566585e+00
8.449149305555563316e+00
8.141597222222223706e+00
9.110399305555548111e+00
1.154555555555552893e+01
1.039993055555555657e+01
1.035493055555556197e+01
1.015206597222220886e+01
1.016789930555559884e+01
9.060260416666665151e+00
9.699999999999999289e+00
9.790815972222230101e+00
9.403055555555509315e+00
8.944427083333335915e+00
7.286649305555545020e+00
7.717899305555561362e+00
8.971597222222234436e+00
8.031232638888898379e+00
7.418732638888908326e+00
8.035399305555575467e+00
8.408263888888878768e+00
9.566597222222197772e+00
9.167899305555600620e+00
9.774374999999992042e+00
8.824722222222222356e+00
9.274930555555572553e+00
7.776927083333323054e+00
9.472500000000001918e+00
8.279149305555563387e+00
8.353732638888883955e+00
8.129010416666652361e+00
7.301666666666676520e+00
7.465555555555544842e+00
7.049149305555585165e+00
7.791041666666658649e+00
8.829149305555562322e+00
9.683263888888856030e+00
8.063888888888907758e+00
7.894166666666666998e+00
8.490260416666671972e+00
8.104149305555560900e+00
8.124982638888877062e+00
7.297899305555559657e+00
7.768593750000017728e+00
6.899565972222221788e+00
7.351232638888902216e+00
7.312222222222207080e+00
8.087222222222228751e+00
8.203888888888885234e+00
8.498888888888906479e+00
9.114565972222235857e+00
9.298263888888889994e+00
8.316388888888885944e+00
7.183593750000000000e+00
8.091388888888884523e+00
6.815815972222226904e+00
7.746597222222212586e+00
7.080399305555518552e+00
7.545399305555548608e+00
8.309982638888893547e+00
6.508263888888878412e+00
6.926232638888903281e+00
7.059565972222236141e+00
7.204930555555565164e+00
7.113263888888868181e+00
8.178315972222197416e+00
6.930833333333341173e+00
7.149565972222217347e+00
5.446597222222209211e+00
6.012065972222239374e+00
5.920399305555567260e+00
7.019375000000001030e+00
6.733315972222210455e+00
6.736041666666652716e+00
7.991597222222204699e+00
8.249930555555515355e+00
7.769722222222207542e+00
8.251232638888875925e+00
8.150677083333352613e+00
6.909722222222230315e+00
8.149930555555560119e+00
9.201041666666666785e+00
8.380833333333340462e+00
8.946597222222237633e+00
8.932708333333330586e+00
8.893333333333321988e+00
8.429930555555554150e+00
8.201649305555561043e+00
7.411388888888837734e+00
6.103315972222213226e+00
6.983333333333333393e+00
7.813263888888893227e+00
7.973333333333344264e+00
8.002499999999988844e+00
8.449375000000006963e+00
7.323263888888883244e+00
8.516597222222262786e+00
7.060260416666654493e+00
7.387482638888887898e+00
7.429930555555540828e+00
7.002760416666668597e+00
8.424375000000008384e+00
8.179427083333333570e+00
7.757222222222227792e+00
6.791649305555539584e+00
7.263263888888896069e+00
7.372500000000022702e+00
8.681232638888895181e+00
7.757222222222186048e+00
7.934565972222237029e+00
8.334010416666675525e+00
7.561041666666664440e+00
7.671093749999999822e+00
6.762222222222205481e+00
7.783263888888890314e+00
8.328888888888888786e+00
8.611093750000003766e+00
7.708263888888879478e+00
9.282222222222209496e+00
7.731093750000005649e+00
7.396597222222218271e+00
7.356666666666675347e+00
8.096093749999999645e+00
7.349149305555569889e+00
8.380399305555519263e+00
8.063263888888874575e+00
6.966649305555547400e+00
6.882708333333346751e+00
7.217899305555549816e+00
7.531597222222232269e+00
7.563263888888908326e+00
7.091388888888882747e+00
7.649982638888887188e+00
7.001041666666666607e+00
6.238732638888876636e+00
6.737222222222214008e+00
6.704149305555538341e+00
8.164565972222233015e+00
7.215555555555551948e+00
9.509722222222215748e+00
8.367899305555543066e+00
8.914427083333329449e+00
9.459565972222272023e+00
1.065414930555555273e+01
8.569982638888889781e+00
7.906232638888899267e+00
8.079166666666667496e+00
8.842899305555562250e+00
8.412343749999976694e+00
9.318315972222224630e+00
8.354930555555560190e+00
7.573263888888878803e+00
7.526927083333323942e+00
7.102708333333328738e+00
7.732708333333343731e+00
7.659722222222209886e+00
7.444722222222208252e+00
6.412482638888890030e+00
6.728315972222222996e+00
7.521510416666666643e+00
7.256597222222235466e+00
7.213888888888904560e+00
9.590000000000008740e+00
7.262343750000004761e+00
8.029843749999988844e+00
7.166597222222206298e+00
6.393593749999983977e+00
7.098263888888873829e+00
6.873593749999998614e+00
5.880815972222210419e+00
5.281232638888885944e+00
5.691597222222235963e+00
5.762222222222222356e+00
7.851041666666666252e+00
8.978732638888878625e+00
7.038263888888878661e+00
8.258177083333343660e+00
6.773263888888885198e+00
8.840555555555567935e+00
7.975677083333347461e+00
8.337222222222205659e+00
9.514149305555561043e+00
9.352065972222247225e+00
8.845555555555552729e+00
1.712159722222221703e+01
1.679833333333332490e+01
1.895555555555556992e+01
2.470331597222219955e+01
2.516623263888890705e+01
3.736373263888889085e+01
3.552984374999999062e+01
3.553609375000002757e+01
7.618476666108780364e+02
3.531479451306398005e+03
1.227811465169879739e+04
1.393076797024171901e+04
1.456160323512156720e+04
1.507345705074629041e+04
1.402839752817551380e+04
1.154819105917612796e+04
6.151150206194723978e+03
1.021239910189310763e+03
2.654584142343201734e+02
1.499166666666666714e+01
1.073609375000001975e+01
9.665555555555549461e+00
8.261388888888877347e+00
1.087493055555555976e+01
9.832899305555564240e+00
8.369722222222224062e+00
8.417343749999995239e+00
8.764166666666678651e+00
7.140815972222228858e+00
7.001388888888878448e+00
5.174128690497072967e+02
2.643113127260739361e+02
1.999667348581948318e+03
1.521631689553789329e+03
2.498567637328035289e+03
2.262862559687031080e+03
5.212746906381175904e+03
9.743924834992089018e+03
1.263216443747813355e+04
1.452627900744968974e+04
1.527523780279130369e+04
1.526067396638234095e+04
1.551894684621784836e+04
1.534875057988061235e+04
1.544921191780936533e+04
1.223782310937220427e+04
9.424007668300222576e+03
1.038591212572627228e+04
9.522424763609307774e+03
3.673114666557054534e+03
3.674459878009959084e+03
2.004942722930907621e+03
2.670718596010738679e+02
2.640981897605793165e+02
2.626367052499455781e+02
2.635348897931310148e+02
8.977708333333310975e+00
6.824930555555587475e+00
6.157708333333342665e+00
7.786041666666664085e+00
7.286649305555529921e+00
7.275677083333348172e+00
5.759565972222208785e+00
5.637222222222209034e+00
6.555555555555554470e+00
6.015555555555560652e+00
5.369982638888884274e+00
6.515815972222251062e+00
6.681093750000004050e+00
6.289565972222217027e+00
6.127708333333324653e+00
5.633055555555560368e+00
5.691597222222213759e+00
5.864930555555553759e+00
6.111388888888854787e+00
7.255815972222208643e+00
7.111649305555553191e+00
7.378315972222200259e+00
6.896093750000000355e+00
6.738263888888870845e+00
8.691388888888884168e+00
7.975677083333341244e+00
7.036649305555529921e+00
7.639149305555565483e+00
7.986041666666664263e+00
7.396510416666662202e+00
6.877760416666674814e+00
7.452708333333311508e+00
8.914565972222243673e+00
8.774982638888872089e+00
7.674930555555563139e+00
6.518732638888901754e+00
7.155555555555569214e+00
6.768315972222210597e+00
8.195555555555541716e+00
8.138263888888898734e+00
6.629930555555541893e+00
8.191388888888900155e+00
7.746093750000000000e+00
9.078055555555552658e+00
7.341927083333333215e+00
8.784722222222210775e+00
7.110399305555554328e+00
6.595555555555559835e+00
7.074375000000009628e+00
5.406232638888888609e+00
7.014166666666672434e+00
7.165555555555548572e+00
6.719722222222174857e+00
8.211649305555530631e+00
7.958263888888910564e+00
7.290555555555546796e+00
8.473593749999986713e+00
9.924374999999994174e+00
8.713177083333318862e+00
8.667343750000002345e+00
1.010831597222220246e+01
1.175555555555557063e+01
1.178826388888888665e+01
1.185666666666667091e+01
1.328749999999999964e+01
1.310305555555552637e+01
1.577081597222222875e+01
1.318609374999997996e+01
1.440442708333333321e+01
1.462493055555557042e+01
1.667831597222224360e+01
1.665581597222222499e+01
1.775414930555556836e+01
1.962206597222228055e+01
1.768722222222219642e+01
1.725666666666668192e+01
1.794159722222221021e+01
1.671326388888890335e+01
1.870659722222221077e+01
1.948270833333333130e+01
1.938039930555560630e+01
2.170692708333333343e+01
2.259993055555555230e+01
2.213456597222216615e+01
1.933539930555559039e+01
1.873826388888888062e+01
1.818159722222223351e+01
1.874956597222222143e+01
1.829270833333333357e+01
1.666937500000001648e+01
1.692249999999999588e+01
1.542437500000000483e+01
1.468888888888889532e+01
1.620659722222222143e+01
1.534123263888889177e+01
1.678248263888885816e+01
1.466484374999999929e+01
1.558916666666670459e+01
1.480659722222219976e+01
1.277206597222224893e+01
1.243055555555558023e+01
1.265206597222220886e+01
1.530826388888888090e+01
1.107604166666666679e+01
1.350805555555558968e+01
1.175805555555554882e+01
1.174159722222223046e+01
1.309270833333333250e+01
1.487993055555555344e+01
1.578270833333331957e+01
1.505067708333334231e+01
1.265539930555553205e+01
1.409706597222226421e+01
1.439555555555553745e+01
1.354123263888888218e+01
1.284234375000001016e+01
1.219000000000001371e+01
1.029159722222223472e+01
9.981666666666658472e+00
1.038326388888887308e+01
1.136326388888888239e+01
1.192250000000000121e+01
1.255817708333334259e+01
1.022831597222219990e+01
1.087493055555556865e+01
1.171493055555556317e+01
9.822500000000010445e+00
9.299374999999995950e+00
1.172770833333333762e+01
1.249993055555556687e+01
1.181942708333332703e+01
1.072770833333333407e+01
1.326326388888888452e+01
1.159789930555556126e+01
1.320937499999999964e+01
1.386659722222223401e+01
1.423248263888888943e+01
1.562456597222221610e+01
1.576998263888889618e+01
1.339789930555557085e+01
1.469138888888886996e+01
1.446414930555554079e+01
1.565138888888887436e+01
1.787776041666665705e+01
1.594609374999999929e+01
1.466604166666665421e+01
1.615805555555555983e+01
1.370206597222220424e+01
1.573498263888889070e+01
1.700270833333335929e+01
1.794123263888888431e+01
1.730249999999998778e+01
1.963539930555556623e+01
1.688270833333333343e+01
1.692888888888887777e+01
1.743638888888887806e+01
1.679270833333333357e+01
1.831623263888888786e+01
1.623748263888890975e+01
1.623081597222222427e+01
1.697081597222222626e+01
1.707437499999999275e+01
1.793956597222222626e+01
1.794270833333333215e+01
1.867159722222223905e+01
1.585539930555555621e+01
1.619993055555556083e+01
1.595609374999999908e+01
1.515999999999998948e+01
1.580373263888890811e+01
1.953748263888888204e+01
1.719581597222223479e+01
1.715164930555554434e+01
1.619026041666666416e+01
1.875789930555555074e+01
1.911039930555553568e+01
2.178993055555551805e+01
1.973583333333332845e+01
1.865414930555558115e+01
1.794993055555556793e+01
2.058826388888887138e+01
1.999026041666666487e+01
2.116206597222220509e+01
2.100442708333333286e+01
2.143326388888893774e+01
2.098706597222220438e+01
1.911248263888891330e+01
2.158166666666667055e+01
2.251916666666665634e+01
2.287276041666667226e+01
2.297706597222221703e+01
2.312159722222227032e+01
2.389914930555556438e+01
2.495484375000000199e+01
2.078498263888887010e+01
2.076555555555553312e+01
1.935123263888890222e+01
2.141831597222221362e+01
1.785164930555554363e+01
1.737159722222221347e+01
1.827526041666666501e+01
1.987914930555556481e+01
1.935999999999998167e+01
1.782206597222227273e+01
1.850414930555556126e+01
1.688305555555556126e+01
1.590493055555555735e+01
1.474706597222220061e+01
1.581659722222225817e+01
1.491942708333332490e+01
1.448826388888891437e+01
1.458583333333332277e+01
1.342493055555555692e+01
1.233326388888890079e+01
1.293159722222222108e+01
1.158083333333336462e+01
1.309026041666665385e+01
1.315414930555555273e+01
1.344659722222222875e+01
1.325388888888887706e+01
1.219914930555556687e+01
1.235859375000000071e+01
1.318456597222223436e+01
1.292604166666666643e+01
1.274539930555556211e+01
1.079833333333334799e+01
1.242159722222222307e+01
1.082984375000000021e+01
1.010067708333335368e+01
9.123888888888911808e+00
1.135123263888890577e+01
1.032993055555556872e+01
9.069374999999975984e+00
9.167708333333333570e+00
1.037151041666666984e+01
1.188539930555555202e+01
9.895815972222212764e+00
1.102706597222223728e+01
1.085104166666666714e+01
1.288159722222221504e+01
1.088638888888886314e+01
1.143722222222222662e+01
1.021000000000001862e+01
1.092567708333334764e+01
9.866510416666674388e+00
9.463263888888883812e+00
1.131833333333334046e+01
1.055123263888888374e+01
1.192914930555555664e+01
8.481597222222235999e+00
1.077250000000003816e+01
1.014826388888889142e+01
1.070164930555554506e+01
8.447065972222175034e+00
8.216597222222203456e+00
7.801927083333345614e+00
7.672065972222203989e+00
8.107708333333345507e+00
7.752760416666650833e+00
8.384565972222235430e+00
8.879010416666657690e+00
7.207708333333333606e+00
6.416388888888898911e+00
7.501232638888938986e+00
7.397760416666647743e+00
7.020399305555546476e+00
7.687343749999979714e+00
7.256597222222210597e+00
7.177499999999991331e+00
8.299930555555576461e+00
6.009722222222213084e+00
6.403055555555544842e+00
7.382482638888895998e+00
6.316597222222225305e+00
6.773888888888888182e+00
7.147899305555563743e+00
7.143593750000018616e+00
8.023333333333328099e+00
7.278732638888906870e+00
7.983177083333334423e+00
8.533177083333347568e+00
8.015260416666666998e+00
9.055833333333364266e+00
8.394166666666674104e+00
7.412482638888877595e+00
7.778055555555508427e+00
7.195815972222219692e+00
7.441041666666676768e+00
7.797899305555551663e+00
6.670833333333333393e+00
6.382708333333328099e+00
7.379930555555534788e+00
7.099982638888875819e+00
6.945815972222226797e+00
7.046597222222230172e+00
6.657222222222230812e+00
8.155833333333339041e+00
6.225677083333351014e+00
7.486041666666683803e+00
7.545399305555571701e+00
7.790000000000015135e+00
7.558177083333337265e+00
7.102760416666651366e+00
7.943732638888902464e+00
7.932222222222250707e+00
7.639166666666666217e+00
8.856597222222212906e+00
1.020067708333335155e+01
8.722065972222205588e+00
9.558177083333344370e+00
8.423888888888919624e+00
7.555399305555504874e+00
8.187065972222233867e+00
8.029843749999994174e+00
6.884565972222223884e+00
7.474930555555538980e+00
7.891597222222179298e+00
6.439427083333305823e+00
7.935833333333333073e+00
6.468732638888912589e+00
6.569010416666666963e+00
6.944722222222221575e+00
5.673263888888883777e+00
7.458055555555550775e+00
6.888263888888858766e+00
7.078888888888888786e+00
6.433315972222201751e+00
8.169982638888862780e+00
6.525677083333343731e+00
6.348333333333328277e+00
5.399930555555539691e+00
7.048263888888890882e+00
6.169010416666666607e+00
6.999930555555551770e+00
7.254427083333333748e+00
7.704149305555562322e+00
7.704149305555562322e+00
1.310401041666664845e+01
1.145972222222221681e+01
1.256604166666664923e+01
1.537664930555554221e+01
1.840555555555556211e+01
2.297706597222221703e+01
2.278873263888887735e+01
1.932666666666665023e+01
1.991250000000000142e+01
2.345331597222219955e+01
5.220998962306981639e+02
4.669190134086612488e+03
1.044679364842310133e+04
1.213013744713227970e+04
1.435443626439412401e+04
1.542541726249032035e+04
1.288980490088462830e+04
4.562597334961096749e+03
3.188812020502888117e+03
1.764097688420346913e+03
5.236568867905934894e+02
5.243106316365139037e+02
2.705619283673497648e+02
1.191493055555556424e+01
2.666752184335396691e+02
7.752826857352246179e+02
5.209722033596032134e+02
2.611353373842763403e+02
2.246107472067674280e+03
2.647102397280261812e+02
1.771280610783634074e+03
3.203405832351833851e+03
6.688633431254234893e+03
8.917361853154223354e+03
4.380196591227845602e+03
9.341091299308927773e+03
1.133978733454385292e+04
1.528571596911511187e+04
1.573608449948392081e+04
1.581431981798701599e+04
1.554808368117411919e+04
1.541927441520453431e+04
1.144734294018187029e+04
7.715468452133068240e+02
9.192899305555608080e+00
8.099930555555573619e+00
6.617343750000018510e+00
6.419374999999987175e+00
7.901232638888894044e+00
9.333263888888875925e+00
9.659999999999989484e+00
1.230000000000000071e+01
1.164833333333335652e+01
1.337993055555556232e+01
1.288539930555556801e+01
1.355722222222223472e+01
1.304706597222225817e+01
1.369159722222223330e+01
1.595901041666668796e+01
1.098888888888891380e+01
1.326317708333333378e+01
1.132289930555556801e+01
1.039706597222221873e+01
1.150826388888890861e+01
1.078083333333336036e+01
8.811649305555553369e+00
9.216597222222244312e+00
8.980833333333352542e+00
9.099930555555561185e+00
8.619722222222204522e+00
7.408218507668964776e+03
1.552358407179911956e+04
5.457277251349301878e+03
5.457277251349301878e+03
4.877708333333350410e+00
5.091041666666679788e+00
1.078706597222221220e+01
1.446456597222225682e+01
2.284138888888894314e+01
2.297901041666665023e+01
2.490206597222231366e+01
2.872770833333336071e+01
3.081659722222228837e+01
2.620748263888885532e+01
2.246526041666665563e+01
1.953081597222218235e+01
2.116526041666667624e+01
1.792493055555553738e+01
1.604026041666666913e+01
1.554289930555551713e+01
1.754817708333333215e+01
1.333270833333335048e+01
1.121248263888888985e+01
9.693593750000026432e+00
1.003526041666669499e+01
1.183993055555552942e+01
1.154000000000002402e+01
1.113722222222220282e+01
1.338305555555558968e+01
1.021998263888887060e+01
1.141734375000001478e+01
1.128472222222223209e+01
9.102708333333334068e+00
1.039567708333331453e+01
9.960399305555538874e+00
1.122083333333333321e+01
1.068039930555555905e+01
1.266604166666669329e+01
1.199972222222224971e+01
1.261555555555554875e+01
3.681093750000016041e+00
3.683055555555545091e+00
4.350677083333343909e+00
5.345815972222216494e+00
8.776649305555553227e+00
9.473263888888906692e+00
1.288873263888893561e+01
1.453083333333333549e+01
1.533123263888892218e+01
1.472498263888885894e+01
1.454833333333336576e+01
1.418993055555553617e+01
1.361555555555557362e+01
1.304914930555558428e+01
1.276276041666666750e+01
8.886041666666661953e+00
8.839149305555535463e+00
7.496597222222240120e+00
7.866510416666669059e+00
9.830833333333362845e+00
7.439565972222234258e+00
7.016041666666674281e+00
6.424722222222233547e+00
5.987482638888883990e+00
5.537222222222212054e+00
4.612065972222211485e+00
4.824149305555583744e+00
5.093315972222220545e+00
6.019427083333331652e+00
4.922482638888896034e+00
5.017899305555570066e+00
4.734565972222235963e+00
5.838732638888877169e+00
5.048263888888899764e+00
6.067899305555560119e+00
4.158315972222215606e+00
4.322500000000029097e+00
4.965815972222249464e+00
5.095555555555537630e+00
4.369982638888884274e+00
3.943732638888882924e+00
5.577760416666668775e+00
5.161041666666659644e+00
4.867343750000012292e+00
4.547899305555556104e+00
5.158263888888883208e+00
4.858263888888905591e+00
5.149930555555556566e+00
5.160677083333333748e+00
4.883263888888892623e+00
4.206927083333330764e+00
4.976041666666666252e+00
4.535399305555553262e+00
4.483263888888902038e+00
4.533263888888906301e+00
5.299149305555559408e+00
5.826388888888897277e+00
5.469722222222206831e+00
5.974722222222225376e+00
5.145815972222219870e+00
5.742899305555579481e+00
5.341232638888884665e+00
5.171597222222211521e+00
4.824930555555561718e+00
4.843055555555555891e+00
4.294982638888911630e+00
4.579149305555556104e+00
5.071510416666667354e+00
6.988263888888865516e+00
6.714999999999995417e+00
7.082708333333338935e+00
7.549375000000016378e+00
7.534999999999997478e+00
6.642343750000014424e+00
6.956510416666666252e+00
7.597899305555565697e+00
5.984375000000000000e+00
9.307482638888899373e+00
8.076232638888942716e+00
6.805815972222212018e+00
7.683055555555550420e+00
6.964149305555566549e+00
7.374843749999998366e+00
7.374930555555574863e+00
8.514149305555562819e+00
7.520677083333322521e+00
7.490815972222231167e+00
7.220815972222226264e+00
7.742899305555556388e+00
7.329010416666666750e+00
8.846597222222225554e+00
8.180399305555521750e+00
8.141388888888892339e+00
8.241510416666669059e+00
7.215815972222254793e+00
8.551927083333348278e+00
9.014565972222232659e+00
1.035826388888887628e+01
9.803055555555566514e+00
9.999930555555575751e+00
7.848263888888897810e+00
8.208055555555576532e+00
8.128055555555555145e+00
7.154930555555552907e+00
8.148888888888851767e+00
9.019982638888880189e+00
7.084722222222227472e+00
8.953055555555506473e+00
9.616388888888893760e+00
8.788263888888879549e+00
9.031927083333322059e+00
9.198177083333332504e+00
9.572760416666636019e+00
7.588263888888875819e+00
7.208263888888871485e+00
6.996597222222229462e+00
8.088732638888888715e+00
8.492899305555548395e+00
9.385399305555541360e+00
9.186041666666660888e+00
8.333315972222203882e+00
8.867899305555559053e+00
8.354930555555574401e+00
9.482222222222237207e+00
8.273177083333333570e+00
8.851232638888891557e+00
7.863263888888875286e+00
6.759010416666672683e+00
6.818333333333328916e+00
7.134565972222261188e+00
7.091041666666664689e+00
1.132055555555555237e+01
6.304930555555552374e+00
6.593732638888880615e+00
7.524565972222218235e+00
8.815815972222242891e+00
8.572760416666637795e+00
9.094427083333316730e+00
9.251666666666677585e+00
9.673593749999986002e+00
8.851041666666667140e+00
9.647065972222225838e+00
8.589930555555556069e+00
9.583315972222210988e+00
8.624930555555561540e+00
8.621597222222236567e+00
7.477499999999984048e+00
7.896597222222212942e+00
7.732708333333344619e+00
7.679930555555557703e+00
7.026666666666674388e+00
7.039565972222225909e+00
7.832899305555556246e+00
7.811041666666647565e+00
6.499843749999997478e+00
6.044010416666666607e+00
5.988263888888886832e+00
5.091649305555559835e+00
5.672482638888896922e+00
5.888263888888885411e+00
6.208263888888888360e+00
5.291597222222213404e+00
6.156232638888893050e+00
5.541649305555546690e+00
5.004427083333333748e+00
4.431510416666666785e+00
5.418333333333334778e+00
4.412222222222213830e+00
6.029149305555552729e+00
5.287482638888895359e+00
5.091232638888887330e+00
5.574722222222224133e+00
5.674930555555556033e+00
6.094374999999984333e+00
6.332482638888920157e+00
6.173888888888891202e+00
6.729930555555558414e+00
5.621597222222221468e+00
5.393333333333326429e+00
5.515815972222230634e+00
4.529149305555551841e+00
4.945555555555540828e+00
5.213263888888895359e+00
6.296093749999999822e+00
5.775677083333349060e+00
5.908055555555563387e+00
6.579930555555561611e+00
5.044427083333316020e+00
5.944722222222226016e+00
5.061649305555532941e+00
5.287222222222208501e+00
5.709722222222211485e+00
6.208593750000000355e+00
5.368055555555558023e+00
5.194166666666665044e+00
5.096597222222229107e+00
5.819722222222225128e+00
4.710399305555564631e+00
4.299930555555539158e+00
5.335677083333333570e+00
4.933263888888903992e+00
5.494166666666673748e+00
5.481666666666674459e+00
5.201041666666666785e+00
4.869722222222225838e+00
5.816649305555547045e+00
5.668315972222222499e+00
5.987065972222210597e+00
5.107222222222230101e+00
6.018055555555563707e+00
5.339427083333344370e+00
4.844722222222207719e+00
5.366041666666677479e+00
6.195555555555547933e+00
6.649149305555565270e+00
7.565815972222251773e+00
6.493593749999985398e+00
6.519375000000006359e+00
5.887065972222210952e+00
6.368593749999987175e+00
7.183055555555566407e+00
5.720815972222222712e+00
6.610399305555572980e+00
6.664930555555562464e+00
7.430399305555541289e+00
6.914565972222228574e+00
6.362482638888892872e+00
7.680815972222235111e+00
6.624843750000001918e+00
6.096597222222217560e+00
6.982482638888904525e+00
5.147065972222208075e+00
7.208315972222205659e+00
6.520677083333328738e+00
8.820555555555559479e+00
6.413732638888880011e+00
5.758055555555548821e+00
5.755555555555571523e+00
7.002708333333342416e+00
6.177499999999982450e+00
6.171597222222221291e+00
6.500000000000000000e+00
6.874930555555552658e+00
6.657708333333348882e+00
7.871597222222214363e+00
6.623593750000001279e+00
7.153315972222215713e+00
6.412482638888877595e+00
8.369982638888883386e+00
7.922222222222240262e+00
8.141649305555541005e+00
8.860000000000002984e+00
7.983055555555547578e+00
6.529930555555533367e+00
8.013888888888901718e+00
8.638888888888889284e+00
7.961649305555526190e+00
8.079427083333333925e+00
7.701388888888875961e+00
8.028315972222218377e+00
7.851041666666666252e+00
8.320833333333332860e+00
7.966597222222219443e+00
9.268315972222227472e+00
1.098873263888887664e+01
8.835833333333313888e+00
8.062760416666666430e+00
8.189427083333344015e+00
7.045815972222220225e+00
9.363732638888849991e+00
8.627708333333350410e+00
7.426927083333319857e+00
7.539166666666688776e+00
9.064930555555550384e+00
7.555399305555556388e+00
7.529166666666666785e+00
6.864427083333314528e+00
7.288732638888872906e+00
7.563263888888888786e+00
9.949565972222220722e+00
6.978315972222213226e+00
7.421093749999999822e+00
7.230833333333344548e+00
7.827065972222212231e+00
8.395815972222225199e+00
8.770555555555544558e+00
7.804930555555544380e+00
8.282222222222237917e+00
7.809982638888891771e+00
1.012039930555556921e+01
6.961388888888842885e+00
7.989930555555549319e+00
8.643333333333323765e+00
7.857708333333337514e+00
8.587065972222235999e+00
8.922222222222240262e+00
1.065826388888890186e+01
1.196651041666668291e+01
9.102343749999999289e+00
8.220399305555547542e+00
8.687500000000000000e+00
7.440815972222238450e+00
8.383315972222213475e+00
8.388263888888859654e+00
7.776232638888934012e+00
7.666388888888885589e+00
8.652065972222212409e+00
9.267708333333333215e+00
8.939149305555556424e+00
7.178888888888892872e+00
8.952065972222246870e+00
9.238732638888889070e+00
8.079149305555555216e+00
7.442899305555557454e+00
6.606093749999982556e+00
5.937760416666666430e+00
6.859375000000000000e+00
7.561093749999987956e+00
7.189565972222217383e+00
5.776649305555547897e+00
6.819166666666673926e+00
8.298888888888852122e+00
7.049375000000011937e+00
6.906232638888897490e+00
8.408263888888912518e+00
7.003055555555510736e+00
6.737222222222216672e+00
5.727708333333340285e+00
7.308593750000000000e+00
6.596597222222228218e+00
7.118055555555546476e+00
7.391232638888884487e+00
7.441649305555538163e+00
7.448263888888872586e+00
5.552760416666651544e+00
5.559999999999997833e+00
5.937222222222206192e+00
6.689930555555564595e+00
6.538263888888874220e+00
7.141597222222189068e+00
7.074375000000004299e+00
6.999375000000014779e+00
7.823593749999984581e+00
6.408315972222216494e+00
6.486649305555550526e+00
7.076666666666661776e+00
6.549930555555549816e+00
7.170677083333325541e+00
6.310399305555569605e+00
5.762065972222219834e+00
5.982482638888901860e+00
5.341232638888884665e+00
5.698177083333333393e+00
8.133177083333334778e+00
6.302499999999986002e+00
6.613732638888881077e+00
6.120815972222222179e+00
6.889166666666687533e+00
7.996597222222222356e+00
7.119427083333317086e+00
8.424565972222223920e+00
7.803888888888869779e+00
8.322222222222221077e+00
1.049159722222223223e+01
8.074930555555544842e+00
7.279930555555552019e+00
6.997065972222225483e+00
7.231597222222205801e+00
7.358333333333333393e+00
6.988263888888877062e+00
8.804149305555558414e+00
7.529930555555536920e+00
7.098888888888904347e+00
6.949149305555563316e+00
7.641510416666667638e+00
5.827708333333321278e+00
7.434565972222213048e+00
6.911093749999997371e+00
6.097482638888894080e+00
6.038263888888879549e+00
5.595399305555567970e+00
4.645555555555556104e+00
5.653888888888889852e+00
5.277760416666674281e+00
5.383055555555563920e+00
6.346510416666659715e+00
6.146093750000000355e+00
5.752343749999999645e+00
5.561649305555554257e+00
6.456510416666666252e+00
6.362222222222214896e+00
6.048333333333347994e+00
6.048333333333347994e+00
4.127065972222228929e+00
5.504427083333333748e+00
6.230399305555549994e+00
9.085399305555547755e+00
1.077692708333335858e+01
1.507081597222222946e+01
1.918081597222224133e+01
2.151692708333333215e+01
2.392484375000004704e+01
2.285164930555553653e+01
2.569151559064127923e+02
2.583646939380966501e+02
1.807770833333332661e+01
1.848472222222221362e+01
1.449555555555552999e+01
1.086664930555555131e+01
1.052916666666666679e+01
1.163039930555555124e+01
1.125748263888889689e+01
1.254437499999999694e+01
9.568732638888912234e+00
9.916597222222215180e+00
8.006597222222207932e+00
7.818333333333346680e+00
8.766232638888883599e+00
7.419982638888873439e+00
6.166232638888889284e+00
7.076232638888887649e+00
4.814565972222245804e+00
4.528315972222241470e+00
5.673888888888892978e+00
5.735399305555565874e+00
4.967343750000006608e+00
5.287482638888872266e+00
4.500677083333339823e+00
4.510260416666641348e+00
4.752065972222220047e+00
4.106232638888875464e+00
4.891388888888903885e+00
4.512343750000009202e+00
4.816388888888885944e+00
5.904010416666665151e+00
5.862343749999992859e+00
5.845815972222218271e+00
6.667899305555552658e+00
6.918732638888905662e+00
6.001041666666666607e+00
5.272899305555574401e+00
5.288732638888875570e+00
4.630399305555545908e+00
4.807708333333339468e+00
4.655815972222210775e+00
4.834722222222226584e+00
4.847899305555576355e+00
4.743732638888884523e+00
6.056232638888900510e+00
5.795555555555549354e+00
5.875677083333345152e+00
7.432899305555555003e+00
7.276927083333351476e+00
6.169722222222203456e+00
6.832708333333340711e+00
6.893315972222225696e+00
6.513732638888881432e+00
6.414149305555557845e+00
5.911041666666670302e+00
4.546597222222233725e+00
5.119982638888894044e+00
4.982482638888880544e+00
3.342899305555567580e+00
3.653055555555559941e+00
4.406666666666675169e+00
4.441666666666666430e+00
4.036041666666652539e+00
3.949149305555539335e+00
4.031927083333330941e+00
4.591597222222227437e+00
4.181232638888914721e+00
5.537222222222218271e+00
4.776666666666655736e+00
4.024982638888904063e+00
3.674982638888903974e+00
4.219166666666663623e+00
3.687222222222211965e+00
3.462222222222202994e+00
3.846597222222223333e+00
4.279930555555558236e+00
3.588732638888884274e+00
3.652499999999991420e+00
4.316232638888890527e+00
3.518333333333349078e+00
4.653732638888900652e+00
4.811649305555553369e+00
5.081232638888902642e+00
3.841041666666670462e+00
3.691597222222205765e+00
3.924982638888903086e+00
4.590260416666667176e+00
3.624843749999983267e+00
4.649930555555539691e+00
3.885000000000016662e+00
4.063732638888885695e+00
5.029930555555531591e+00
4.114930555555554648e+00
3.505555555555564862e+00
4.425677083333342310e+00
3.880833333333330248e+00
4.249982638888895714e+00
4.245677083333345259e+00
4.531597222222208288e+00
4.187222222222211521e+00
5.232708333333341066e+00
4.660833333333338047e+00
4.823263888888900119e+00
4.809565972222227259e+00
5.852499999999982272e+00
7.711388888888892623e+00
6.266666666666666607e+00
5.230815972222225163e+00
4.918315972222214505e+00
4.541597222222205410e+00
5.060833333333322415e+00
5.806597222222218413e+00
4.570815972222203705e+00
4.394374999999979714e+00
5.912222222222207613e+00
5.088263888888887365e+00
4.066649305555545268e+00
3.496597222222222801e+00
4.366597222222215358e+00
5.190815972222226016e+00
7.921093749999999822e+00
7.727065972222241008e+00
5.039149305555558733e+00
5.062500000000000000e+00
4.503888888888895714e+00
4.169722222222226549e+00
6.401927083333346147e+00
5.273177083333333570e+00
5.006597222222216814e+00
5.206093750000011511e+00
5.511388888888892446e+00
4.802499999999986890e+00
5.168732638888880793e+00
5.016510416666654315e+00
4.216388888888883635e+00
6.287482638888890030e+00
5.013732638888881432e+00
4.923888888888873439e+00
4.536388888888892801e+00
4.558263888888897775e+00
5.497899305555553617e+00
4.613263888888900155e+00
4.299722222222238877e+00
3.936649305555559142e+00
3.817708333333333481e+00
3.954930555555563387e+00
4.448263888888873474e+00
4.849982638888882924e+00
5.299565972222216814e+00
4.163263888888900865e+00
4.959565972222209851e+00
4.113263888888896602e+00
4.931232638888884523e+00
4.920815972222201573e+00
4.217899305555556921e+00
4.992708333333333748e+00
4.778888888888885411e+00
4.263888888888891948e+00
4.995833333333333570e+00
4.486041666666642946e+00
5.464930555555551628e+00
4.443732638888879372e+00
4.084565972222234720e+00
3.840000000000006519e+00
4.942708333333333037e+00
5.823263888888893902e+00
5.061649305555553369e+00
4.785260416666661243e+00
4.158263888888871662e+00
4.028315972222246799e+00
3.920677083333344637e+00
4.111041666666682914e+00
4.801649305555558023e+00
4.862760416666666252e+00
5.029930555555551130e+00
4.822065972222218555e+00
4.705815972222229249e+00
3.672899305555558769e+00
4.226666666666685224e+00
5.105399305555555323e+00
5.047065972222214647e+00
4.394166666666658116e+00
5.219722222222205943e+00
4.568055555555557312e+00
4.182899305555553227e+00
5.072222222222224630e+00
5.721510416666660603e+00
4.891649305555566762e+00
4.654010416666678474e+00
4.558263888888875570e+00
4.104149305555550242e+00
4.183263888888884452e+00
3.999930555555563760e+00
4.580399305555547862e+00
3.693593749999991793e+00
4.424565972222219479e+00
3.861388888888892534e+00
4.534982638888878981e+00
5.296597222222209744e+00
4.810260416666662486e+00
3.363263888888869513e+00
4.657708333333346218e+00
4.765815972222218200e+00
4.153055555555543066e+00
4.504930555555556992e+00
4.477065972222220580e+00
3.737065972222216814e+00
4.566649305555557703e+00
4.540815972222203456e+00
4.080555555555557490e+00
4.215815972222204167e+00
4.965555555555552836e+00
4.672899305555544558e+00
5.405399305555541822e+00
4.669722222222217667e+00
4.419427083333319572e+00
5.264930555555553227e+00
4.699149305555545553e+00
4.429930555555571026e+00
4.854930555555550420e+00
4.502499999999999503e+00
5.272065972222211627e+00
5.714149305555541680e+00
4.916510416666647565e+00
5.877760416666674814e+00
5.733177083333325541e+00
5.331597222222204557e+00
5.025677083333345507e+00
7.700677083333347994e+00
5.999149305555564027e+00
5.247065972222219266e+00
6.577708333333322166e+00
7.724982638888880260e+00
7.653888888888883635e+00
6.691666666666666430e+00
5.116597222222220687e+00
5.374843749999987708e+00
4.796597222222195533e+00
5.191597222222230634e+00
4.605399305555554434e+00
4.669374999999996945e+00
5.013177083333332007e+00
5.894166666666652787e+00
5.068333333333342239e+00
5.419374999999996945e+00
6.413263888888873332e+00
7.161093749999982272e+00
6.124930555555548217e+00
4.937343750000008136e+00
4.958263888888906123e+00
5.928888888888877773e+00
5.487760416666666252e+00
5.775677083333347284e+00
6.149375000000014246e+00
5.916388888888894471e+00
5.526232638888909143e+00
6.331597222222210775e+00
6.041388888888894471e+00
4.453315972222239516e+00
5.931232638888888964e+00
5.723263888888891593e+00
5.176232638888892623e+00
4.337482638888882747e+00
4.604930555555559302e+00
5.363888888888903139e+00
6.334010416666676413e+00
4.986649305555531875e+00
5.193315972222217525e+00
4.580399305555556744e+00
4.299930555555548928e+00
5.508263888888906834e+00
4.051232638888887294e+00
3.860399305555550775e+00
4.886649305555567757e+00
4.492899305555552836e+00
4.524149305555556388e+00
4.581597222222217880e+00
5.170399305555565483e+00
4.669982638888883208e+00
4.020399305555543812e+00
4.408263888888902748e+00
3.637482638888887454e+00
4.797899305555572980e+00
4.556927083333331296e+00
4.324930555555567047e+00
4.386388888888892446e+00
4.384722222222213972e+00
4.628055555555542711e+00
4.719722222222213048e+00
4.212065972222213794e+00
4.739427083333328738e+00
4.498263888888895501e+00
4.744374999999987352e+00
4.436041666666682204e+00
5.627708333333315771e+00
5.781597222222234933e+00
5.379149305555556815e+00
6.006597222222233690e+00
5.323263888888887685e+00
4.797482638888880047e+00
4.708333333333333037e+00
4.986093750000003766e+00
5.573888888888886228e+00
4.674149305555567402e+00
4.726232638888891557e+00
5.070555555555539051e+00
4.771597222222213830e+00
4.251649305555554648e+00
4.551232638888901505e+00
4.557482638888871840e+00
3.615555555555538980e+00
4.038263888888890207e+00
4.966510416666650052e+00
4.769722222222217312e+00
4.321597222222239409e+00
5.462482638888881858e+00
5.955399305555546974e+00
5.306093750000017373e+00
4.627065972222216494e+00
5.288263888888877773e+00
4.552708333333352009e+00
4.828888888888871023e+00
4.918055555555545411e+00
4.194982638888884452e+00
4.541388888888898911e+00
4.720815972222220935e+00
5.684010416666682275e+00
6.254930555555547222e+00
5.419374999999996945e+00
4.940815972222211805e+00
5.645833333333333037e+00
4.547222222222230492e+00
5.044722222222215890e+00
4.378888888888896602e+00
4.724930555555547862e+00
5.091649305555552729e+00
5.665000000000000924e+00
5.193732638888883812e+00
5.566597222222225305e+00
4.377760416666665932e+00
4.528888888888875641e+00
4.758333333333333748e+00
4.691388888888878839e+00
5.761093749999985469e+00
5.311041666666662664e+00
6.013263888888881858e+00
6.809565972222211272e+00
8.139166666666687533e+00
6.573593749999997016e+00
6.107899305555553049e+00
5.716597222222241648e+00
5.889427083333318436e+00
6.716510416666663374e+00
4.840555555555566158e+00
4.524149305555581257e+00
5.046597222222215073e+00
5.290555555555556566e+00
4.690815972222228680e+00
4.144982638888868642e+00
4.699722222222219692e+00
3.543333333333326784e+00
4.529010416666676697e+00
4.283263888888897419e+00
4.064843749999999645e+00
4.140555555555560652e+00
5.445555555555555038e+00
5.041597222222222285e+00
4.732482638888915183e+00
5.327065972222232659e+00
4.584010416666672860e+00
4.798177083333333037e+00
4.199149305555559764e+00
4.294166666666668242e+00
4.166510416666651118e+00
4.641597222222205943e+00
5.698888888888856030e+00
5.071510416666658472e+00
4.474930555555572731e+00
5.978055555555540579e+00
5.431666666666662202e+00
5.186093750000000391e+00
5.186093750000000391e+00
3.983315972222217116e+00
4.874930555555559764e+00
1.029138888888888914e+01
1.151138888888888268e+01
1.179151041666669997e+01
1.623331597222220779e+01
1.876937500000005699e+01
1.816942708333333911e+01
2.009567708333331737e+01
1.983749999999999858e+01
1.774472222222221518e+01
1.737081597222221774e+01
1.570414930555555699e+01
1.582081597222222769e+01
1.527749999999998565e+01
1.468526041666665982e+01
1.292831597222223117e+01
1.183326388888890435e+01
1.018826388888887635e+01
1.001326388888886676e+01
9.839930555555536529e+00
8.610399305555546334e+00
8.455833333333350410e+00
9.821597222222225199e+00
1.011456597222223586e+01
1.021493055555553831e+01
9.359982638888881823e+00
1.141373263888886314e+01
9.751649305555558200e+00
1.064159722222222015e+01
9.524149305555580369e+00
8.527343750000000000e+00
8.702065972222214896e+00
8.577708333333342594e+00
7.764166666666681316e+00
7.191041666666660781e+00
7.212343749999999609e+00
8.272899305555563743e+00
6.846597222222220225e+00
6.854930555555564631e+00
5.936041666666667105e+00
5.929930555555557703e+00
5.311041666666666217e+00
5.394010416666666252e+00
4.794722222222220331e+00
4.490260416666663090e+00
4.672065972222213759e+00
5.123593749999998614e+00
4.947899305555561789e+00
4.364149305555545588e+00
4.384982638888885731e+00
4.260399305555548466e+00
4.695555555555539051e+00
4.736093749999986890e+00
3.574375000000003855e+00
4.886093749999988134e+00
5.028055555555543954e+00
4.301388888888884487e+00
5.706927083333327211e+00
3.966041666666670462e+00
5.124375000000003233e+00
4.166510416666649341e+00
4.552065972222218981e+00
5.015555555555565981e+00
4.699930555555551059e+00
5.279930555555560012e+00
5.258315972222217916e+00
4.027065972222235501e+00
4.133315972222215251e+00
5.008055555555548821e+00
4.369982638888872728e+00
3.916597222222232499e+00
5.439166666666688243e+00
5.037065972222210419e+00
4.702065972222237100e+00
5.273593749999989200e+00
4.674930555555552480e+00
4.307708333333338580e+00
3.858177083333324653e+00
4.332222222222222641e+00
3.969010416666666874e+00
3.966649305555562499e+00
4.193333333333350232e+00
3.727760416666658028e+00
3.810677083333333215e+00
2.906927083333330941e+00
3.549843749999991083e+00
3.872065972222233032e+00
3.206597222222216992e+00
3.882708333333336093e+00
3.864930555555551095e+00
4.208315972222213652e+00
3.729930555555553973e+00
3.766041666666675614e+00
3.304930555555560812e+00
4.226232638888881787e+00
4.187222222222212409e+00
4.228055555555541467e+00
3.791597222222207186e+00
3.970399305555560421e+00
4.027760416666665400e+00
4.132899305555554292e+00
3.740815972222242713e+00
3.733263888888899817e+00
3.769982638888885074e+00
4.174375000000007496e+00
4.091388888888905839e+00
4.524149305555556388e+00
4.247222222222228005e+00
4.292708333333333570e+00
3.915260416666661580e+00
3.865260416666662202e+00
4.402708333333325008e+00
4.713263888888880260e+00
4.338177083333333961e+00
4.181232638888890740e+00
5.093593749999980602e+00
4.470399305555546654e+00
4.002065972222217383e+00
3.838263888888889586e+00
4.761041666666687711e+00
4.314149305555559089e+00
3.568732638888883368e+00
3.770815972222213652e+00
3.937482638888882391e+00
3.779149305555549176e+00
4.037222222222220047e+00
3.655555555555566549e+00
3.595399305555559533e+00
3.415555555555537914e+00
3.880399305555567668e+00
4.473263888888888040e+00
3.728055555555559675e+00
3.386093749999998348e+00
3.562343750000004139e+00
3.849374999999995328e+00
4.397899305555555749e+00
4.851927083333310797e+00
4.278055555555558165e+00
4.361388888888887649e+00
4.164930555555558023e+00
3.787343750000005560e+00
5.385000000000008669e+00
4.306232638888912057e+00
5.854930555555545979e+00
4.749982638888877950e+00
6.816041666666660781e+00
5.149565972222220012e+00
5.017708333333333215e+00
5.511649305555558875e+00
4.254149305555548821e+00
5.058177083333322166e+00
5.604930555555546867e+00
5.905833333333350588e+00
4.794427083333340001e+00
5.742899305555553724e+00
7.716649305555546512e+00
6.173888888888855675e+00
6.294166666666654919e+00
5.713263888888885589e+00
5.410000000000007248e+00
6.082482638888899729e+00
6.331232638888892872e+00
4.649843749999982734e+00
6.646597222222203172e+00
5.549843749999999076e+00
5.979149305555544025e+00
4.974375000000001101e+00
6.187065972222236532e+00
5.313263888888893227e+00
4.897500000000004405e+00
5.253315972222200259e+00
5.289565972222240120e+00
5.427065972222235857e+00
6.144374999999992149e+00
4.705555555555556602e+00
5.142899305555557632e+00
4.886388888888892446e+00
5.291388888888895359e+00
4.457899305555552694e+00
3.863732638888881965e+00
4.298333333333341777e+00
4.508315972222214363e+00
4.837500000000000355e+00
4.587222222222228751e+00
5.494374999999998899e+00
4.503732638888874540e+00
4.119166666666662202e+00
5.169427083333337336e+00
4.639565972222244206e+00
4.765555555555563316e+00
3.929149305555549532e+00
4.382708333333340533e+00
3.978888888888873154e+00
3.886041666666678385e+00
4.721597222222221113e+00
5.430399305555552836e+00
5.276649305555552338e+00
5.681927083333325967e+00
4.915555555555562783e+00
5.565555555555556033e+00
4.484375000000000000e+00
5.043732638888896780e+00
5.237222222222214896e+00
5.338263888888890030e+00
5.779166666666666785e+00
5.852500000000005365e+00
6.048593749999991331e+00
4.541597222222211627e+00
4.953055555555541112e+00
4.643732638888881326e+00
4.049375000000011049e+00
5.324149305555561540e+00
6.641649305555554328e+00
6.701388888888894613e+00
5.528888888888873865e+00
6.374375000000006786e+00
5.648263888888888751e+00
6.465815972222227259e+00
6.505399305555546796e+00
5.863263888888891273e+00
7.616597222222223351e+00
6.866232638888888573e+00
5.757899305555553404e+00
7.918333333333340107e+00
6.988732638888865090e+00
6.272899305555565519e+00
6.513263888888904063e+00
6.779930555555542249e+00
6.211388888888856208e+00
8.063888888888888218e+00
7.114843750000000355e+00
6.179930555555571914e+00
5.486041666666666927e+00
4.984010416666677656e+00
5.079149305555547222e+00
5.459982638888891238e+00
5.459982638888891238e+00
4.785399305555549709e+00
5.341597222222225660e+00
3.980399305555544665e+00
6.977708333333338508e+00
7.914930555555550917e+00
1.481326388888884793e+01
2.080901041666671603e+01
1.846109374999998209e+01
2.062770833333332021e+01
2.284659722222220068e+01
2.237055555555556552e+01
2.369789930555556268e+01
2.656659722222222086e+01
2.488539930555554847e+01
2.350770833333332988e+01
2.587888888888885930e+01
2.040067708333337038e+01
1.902326388888887365e+01
1.752984375000000128e+01
1.649442708333331353e+01
1.670206597222225398e+01
1.907333333333333769e+01
1.807206597222223010e+01
2.014289930555555230e+01
2.007289930555556268e+01
1.650276041666667126e+01
1.668270833333331282e+01
1.530104166666666643e+01
1.431789930555558676e+01
1.617081597222222555e+01
1.739373263888887777e+01
1.496414930555554434e+01
1.350692708333332703e+01
1.461638888888891152e+01
1.381555555555554271e+01
1.505373263888887969e+01
1.249706597222225390e+01
1.324659722222221347e+01
1.176604166666668583e+01
9.630399305555547684e+00
7.393593750000009734e+00
7.456093750000003517e+00
7.162343749999996234e+00
8.501232638888891913e+00
6.290000000000000036e+00
7.018315972222214150e+00
7.072222222222228183e+00
8.050677083333345863e+00
7.986041666666674921e+00
8.252708333333329094e+00
9.546597222222201751e+00
1.060831597222219891e+01
9.659375000000000711e+00
8.395815972222225199e+00
8.349843749999999787e+00
7.917899305555563316e+00
5.893732638888890207e+00
6.343732638888893050e+00
6.181597222222232624e+00
6.724930555555546974e+00
7.119166666666669308e+00
5.816510416666670125e+00
5.318315972222210419e+00
5.244722222222219621e+00
6.005555555555550207e+00
4.758263888888880189e+00
5.891649305555547222e+00
6.608263888888885162e+00
6.591927083333333215e+00
5.691041666666659005e+00
7.161388888888881255e+00
6.416232638888883066e+00
6.740260416666657761e+00
5.899982638888874753e+00
6.608177083333333535e+00
5.723263888888889817e+00
5.799722222222214008e+00
5.138732638888892978e+00
5.695833333333333748e+00
5.766597222222237029e+00
5.364565972222222534e+00
5.027708333333335666e+00
6.943315972222204202e+00
6.554427083333333570e+00
5.784374999999999822e+00
5.656666666666676946e+00
5.531597222222226939e+00
4.465555555555562606e+00
5.469374999999991438e+00
4.462760416666666785e+00
5.711041666666671013e+00
4.636649305555562428e+00
4.328055555555549994e+00
4.691597222222233299e+00
6.261041666666679717e+00
6.276041666666666963e+00
5.331232638888883990e+00
4.988263888888868181e+00
5.349982638888894471e+00
6.098263888888892481e+00
5.614565972222219870e+00
5.639149305555567260e+00
5.474930555555562961e+00
6.185833333333334849e+00
6.177708333333328916e+00
5.889565972222238877e+00
5.449149305555557099e+00
5.200677083333337336e+00
5.815815972222224239e+00
5.230399305555554434e+00
5.928055555555559408e+00
5.741597222222221575e+00
6.549843750000001741e+00
6.349149305555570777e+00
7.675677083333353856e+00
6.534010416666677479e+00
6.596597222222208678e+00
8.289149305555559621e+00
8.638732638888898308e+00
7.954930555555544736e+00
7.941388888888901043e+00
7.814427083333336022e+00
5.824722222222224133e+00
7.459374999999999645e+00
6.464427083333331936e+00
6.848888888888885695e+00
6.114149305555567793e+00
6.204930555555543847e+00
7.687482638888890385e+00
7.964565972222215073e+00
5.962222222222232304e+00
8.499149305555558698e+00
7.541232638888883955e+00
7.997899305555551841e+00
9.408263888888891202e+00
7.949374999999989200e+00
7.466649305555566052e+00
6.934565972222222818e+00
6.707482638888898840e+00
8.602760416666662024e+00
6.605399305555551770e+00
6.977065972222215251e+00
5.991041666666679255e+00
7.036041666666661420e+00
5.928315972222208963e+00
6.704843750000009983e+00
6.816232638888888751e+00
6.316597222222214647e+00
6.388263888888886299e+00
6.829930555555557170e+00
7.106510416666666607e+00
6.367899305555543066e+00
6.374722222222234613e+00
6.320555555555546157e+00
6.840000000000009628e+00
6.541649305555562677e+00
6.637482638888884345e+00
5.733055555555543137e+00
6.990555555555562073e+00
6.133315972222224133e+00
5.197526550197605957e+02
3.902708333333339219e+00
4.024930555555551237e+00
5.586649305555550171e+00
7.088263888888877595e+00
7.891041666666668064e+00
1.073826388888890548e+01
1.045999999999998842e+01
1.190999999999999126e+01
1.136388888888889070e+01
1.251581597222220132e+01
1.252901041666665627e+01
1.131039930555555451e+01
1.294984374999999233e+01
1.370722222222220488e+01
1.342623263888891039e+01
1.190493055555555202e+01
1.286104166666663673e+01
1.087055555555554598e+01
1.107776041666666522e+01
9.427499999999998437e+00
9.514565972222222001e+00
9.331666666666659893e+00
7.920399305555551273e+00
7.469427083333329165e+00
6.947500000000008669e+00
5.722899305555558591e+00
7.048333333333329342e+00
5.876666666666677585e+00
5.178055555555553191e+00
5.354930555555543314e+00
5.056597222222219301e+00
5.237065972222219479e+00
5.803732638888884132e+00
5.208333333333333037e+00
6.074149305555562428e+00
5.474149305555573441e+00
5.052708333333323587e+00
5.378732638888892303e+00
5.222482638888890527e+00
4.908263888888890314e+00
5.035399305555547933e+00
4.395555555555560545e+00
4.162222222222231593e+00
4.299722222222214896e+00
4.769374999999996589e+00
4.716510416666670480e+00
4.845677083333328916e+00
4.797482638888898698e+00
4.259999999999992681e+00
5.439427083333337798e+00
5.259722222222226407e+00
5.517708333333333215e+00
5.391649305555555216e+00
4.701232638888887649e+00
5.567343749999997371e+00
5.357222222222230101e+00
5.419166666666663801e+00
4.613263888888877062e+00
5.118333333333339397e+00
5.356232638888889674e+00
5.954930555555549176e+00
5.981666666666662913e+00
6.214930555555552516e+00
6.651927083333339041e+00
7.197760416666668881e+00
7.578055555555552658e+00
7.366597222222207364e+00
1.030249999999999666e+01
9.269722222222220864e+00
8.664843749999999289e+00
9.774565972222211130e+00
8.146093750000000355e+00
8.082708333333332718e+00
7.003315972222220687e+00
7.366388888888893760e+00
7.983315972222225554e+00
9.401649305555560332e+00
9.043732638888906550e+00
1.038826388888890229e+01
1.024972222222220886e+01
9.741388888888884878e+00
8.601649305555552516e+00
8.543593750000006537e+00
9.768732638888895536e+00
8.456666666666654564e+00
8.010399305555548466e+00
7.915815972222221220e+00
8.139930555555549674e+00
9.474843749999996234e+00
9.533263888888884097e+00
8.369375000000010445e+00
8.094982638888868820e+00
8.456232638888883102e+00
7.603732638888885731e+00
7.509722222222216637e+00
7.228055555555564560e+00
7.606597222222215571e+00
6.777499999999992752e+00
7.141232638888879158e+00
7.352708333333341173e+00
7.882482638888903992e+00
7.243732638888886299e+00
7.613263888888886832e+00
5.654166666666666785e+00
6.176232638888894400e+00
5.699374999999992752e+00
5.861388888888884985e+00
5.999930555555547329e+00
6.772500000000001741e+00
6.289149305555554292e+00
8.043732638888888786e+00
7.972500000000007248e+00
8.170399305555548608e+00
6.841388888888888076e+00
7.320677083333334778e+00
6.691597222222227970e+00
6.640815972222225305e+00
7.095555555555561611e+00
7.214166666666666394e+00
6.665555555555542355e+00
5.819982638888889781e+00
6.407222222222224595e+00
5.914565972222221468e+00
2.577386092755538129e+02
8.002708333333336199e+00
2.595033936180010414e+02
7.905555555555546121e+00
7.520815972222212764e+00
6.937222222222223067e+00
2.636002319969073255e+02
7.713626557601820650e+02
7.633924974756788515e+02
2.637668492929136050e+02
1.022491368522641437e+03
1.749569486922961460e+03
1.516362310484777936e+03
1.012707844759625232e+03
1.267661063543691171e+03
1.263917354233793276e+03
1.257253880519593849e+03
1.257179918117260740e+03
7.669221579845750512e+02
5.121822144815645288e+02
7.389999999999996128e+00
1.763594278589619307e+03
1.010666236686706497e+03
5.120482195271388264e+02
1.262721503403714223e+03
5.147284221638583404e+02
1.501302711146674255e+03
5.207637444294832676e+02
2.627302336245116976e+02
1.261942419337963429e+03
2.632251209129237282e+02
1.260529915268950390e+03
1.499134486591549830e+03
7.652722108817104072e+02
1.015378255458405192e+03
2.924231380933125820e+03
1.021029557541739791e+03
1.993380566897925064e+03
3.849416680636937144e+03
2.951045098923581008e+03
1.990647521107992361e+03
2.689797602663836642e+03
3.162935925667819902e+03
4.064071902452841186e+03
2.933564016024271496e+03
2.937107773077218098e+03
2.944804303025141053e+03
2.003643831871883094e+03
1.522862513392767596e+03
4.744233601426016321e+03
6.611079453118371930e+03
8.651159671173085371e+03
5.825352316690813495e+03
6.446162442436225319e+03
6.660748481303050539e+03
7.638690277734336632e+03
6.871708390340794722e+03
6.450541980739162682e+03
8.554536003053188324e+03
1.184899921798044488e+04
1.190888009064754442e+04
1.276029180160098440e+04
1.256141464062905106e+04
1.108137521658976766e+04
9.216109515183510666e+03
5.778008932494840337e+03
9.239432053432199609e+03
1.275384302393168400e+04
1.215729185204796886e+04
1.232105760064017704e+04
1.246432466555674546e+04
1.404657728854708876e+04
1.279898842052459622e+04
1.393224527682835105e+04
1.306635495923332746e+04
1.332002549680045740e+04
1.409209977527593765e+04
1.529908104050293878e+04
1.454890843505831435e+04
1.550277071503295701e+04
1.513923638334037423e+04
1.529830105026853926e+04
1.564751489635469443e+04
1.566527970633797486e+04
1.543040419018826287e+04
1.533735483157871386e+04
1.571346981553370642e+04
1.570098902573875966e+04
1.571168020888330102e+04
1.543028589131568879e+04
1.577743152969253060e+04
1.491538531773460636e+04
1.442965011850755218e+04
1.540005578578287532e+04
1.362370255538516358e+04
1.491442997486725471e+04
1.268175201234791166e+04
1.151772863913535730e+04
1.230309680419921278e+04
1.037391094571324538e+04
9.438437228304541350e+03
6.853591170831253294e+03
8.552642583049926543e+03
7.063369824578768203e+03
7.258450911051437288e+03
6.269458645322326447e+03
6.666035526116424990e+03
3.897757338189019720e+03
3.462345061059520503e+03
2.741479587255848855e+03
2.506255234441757239e+03
2.723898132991523653e+03
5.845620373331437804e+03
7.065831508742177903e+03
