3.397819600670629734e+04
3.443350221002895705e+04
3.470031031854900357e+04
3.488233135192805639e+04
3.515538241121780447e+04
3.554974180765126948e+04
3.588206188081084838e+04
3.628516140832190285e+04
3.661927632982777141e+04
3.684577838744093606e+04
3.715016125590611045e+04
3.752446517299192055e+04
3.776657460752934276e+04
3.810568388965096528e+04
3.837713519280597393e+04
3.856774028349336731e+04
3.869837402834933891e+04
3.890294772138393455e+04
3.935150373418685922e+04
3.951253284560280736e+04
3.964230818472793908e+04
3.999534705075445527e+04
4.036582716049382725e+04
4.049150556317634619e+04
4.077325773510135332e+04
4.106702758725803869e+04
4.132095960981557437e+04
4.155784057308336924e+04
4.203191464715744223e+04
4.227866727632982656e+04
4.246724340801707149e+04
4.272991556165218935e+04
4.299746502057612815e+04
4.327192074378905818e+04
4.335627861606462102e+04
4.350318305136411800e+04
4.391275964029873285e+04
4.406060051821368688e+04
4.426271604938271776e+04
4.438211248285322654e+04
4.441250784941319580e+04
4.443104160951074300e+04
4.466620576131687267e+04
4.475450449626581394e+04
4.538554976375552360e+04
4.544275080018289736e+04
4.572341045572321309e+04
4.585115683584819635e+04
4.612686114921505941e+04
4.638176863283036073e+04
4.653226276482243702e+04
4.664100716354214092e+04
4.673340283493370225e+04
4.669945679012345499e+04
4.705132510288065532e+04
4.732648315805517632e+04
4.739285352842554130e+04
4.734462673372961581e+04
4.749359914647157711e+04
4.761174698978814558e+04
4.779419722603261471e+04
4.789439658588630118e+04
4.798550464868160634e+04
4.803345831428135716e+04
4.798043225118122064e+04
4.804547599451302813e+04
4.807860265203475137e+04
4.813088736473098834e+04
4.838622405121170596e+04
4.843776741350403609e+04
4.850960036579789448e+04
4.860862917238225782e+04
4.857480018289895088e+04
4.889717055326931586e+04
4.897910928212162980e+04
4.904040725499161636e+04
4.919796372504191095e+04
4.936640634049687651e+04
4.943437646700198093e+04
4.948611492150586855e+04
4.957800335314738913e+04
4.974207590306355996e+04
4.977231519585428759e+04
5.007595671391556243e+04
5.022161255906111910e+04
5.035704557232129446e+04
5.041869471117208013e+04
5.056676969974089297e+04
5.049411736015851056e+04
5.064543087943911087e+04
5.081223472031702840e+04
5.106468404206675768e+04
5.096639658588630118e+04
5.098520347508001578e+04
5.099398262459990656e+04
5.126305380277396762e+04
5.134522664228014037e+04
5.127713946044810291e+04
5.147336320682822407e+04
5.165253589391861169e+04
5.157894711172077223e+04
5.166849443682365381e+04
5.186042615454961197e+04
5.194119433013260277e+04
5.204892424935223244e+04
5.208482121627800370e+04
5.235116110349031806e+04
5.231694192958390340e+04
5.231694192958390340e+04
5.914470111263526633e+04
5.853679378143575741e+04
5.739296814509983233e+04
5.619775522024081874e+04
5.435752842554488598e+04
5.334780917543057149e+04
5.219489224203627236e+04
5.100486877000457025e+04
4.974746044810242165e+04
4.910123700655387802e+04
4.826390123456790025e+04
4.769306142356347846e+04
4.701726200274348230e+04
4.646050784941319580e+04
4.619896723060509248e+04
4.603665051059289544e+04
4.578314769090077607e+04
4.568802072854747530e+04
4.547096113397347654e+04
4.548465660722451139e+04
4.523372900472488982e+04
4.525616460905349959e+04
4.546413290656911704e+04
4.537517085810090066e+04
4.550845785703398724e+04
4.570070172229842865e+04
4.589977381496722955e+04
4.597523548239597585e+04
4.604886328303612390e+04
4.619112452370065876e+04
4.631723212924858672e+04
4.666742264898643771e+04
4.669399420819996885e+04
4.686477793019356614e+04
4.714824691358024575e+04
4.734739704313367110e+04
4.755501417466849671e+04
4.779189513793629158e+04
4.807591037951532053e+04
4.850636183508611430e+04
4.848408230452674616e+04
4.873645358939185826e+04
4.882245023624447640e+04
4.903459350708733109e+04
4.953648773052888282e+04
4.968007559823197516e+04
4.990603139765279775e+04
5.006171498247218551e+04
5.020959487882944813e+04
5.053692059137326578e+04
5.065241518061271199e+04
5.067723090992226935e+04
5.091134156378600892e+04
5.091422892851699726e+04
5.121603657978966658e+04
5.130456942539247393e+04
5.159416430422191479e+04
5.169350525834476139e+04
5.178250632525529363e+04
5.187974028349336731e+04
5.220819753086419951e+04
5.228541502819691959e+04
5.250384026825179171e+04
5.256388965096783795e+04
5.260922908093278238e+04
5.284462734339277813e+04
5.298478158817253279e+04
5.317604999237920856e+04
5.321752659655540629e+04
5.332030117360158329e+04
5.347789666209419374e+04
5.370646669714982272e+04
5.380171071483005653e+04
5.375676146928821981e+04
5.398860905349794484e+04
5.407191342783112486e+04
5.426766895290352113e+04
5.445913244932174712e+04
5.445987379972565395e+04
5.458559122085048148e+04
5.455344002438652387e+04
5.490062612406645349e+04
5.472878890413046611e+04
5.485150190519737953e+04
5.510711172077427182e+04
5.513750708733424835e+04
5.512072915714068222e+04
5.522709343087943853e+04
5.532069867398262431e+04
5.537988965096783795e+04
5.560073403444596624e+04
5.575481786313062184e+04
5.604843164151805831e+04
5.593719006249047379e+04
5.614480719402529940e+04
5.621152873037646350e+04
5.635523365340649616e+04
5.629428684651730146e+04
5.646725560128029610e+04
5.655145739978661732e+04
5.645910074683737184e+04
5.627302179545800755e+04
5.627610425240054610e+04
5.646370492303002538e+04
5.646109068739521172e+04
5.665563664075598354e+04
5.665192988873647118e+04
5.685751806127114833e+04
5.704031946349641657e+04
5.691651394604481175e+04
5.684292516384697228e+04
5.714715195854290505e+04
5.734150281969211937e+04
5.738102850175277854e+04
5.737334186861758644e+04
5.748860234720317385e+04
5.750651181222374726e+04
5.757128242645938008e+04
5.755079774424630159e+04
5.763152690138698381e+04
5.769817040085353074e+04
5.774265142508764256e+04
5.798210760554793524e+04
5.824989117512574012e+04
5.816198262459990656e+04
5.795233653406493249e+04
5.805913001066910510e+04
5.814532174973327346e+04
5.822304648681603430e+04
5.837642798353909166e+04
5.839340100594421529e+04
5.842379637250419182e+04
5.840229721079103911e+04
5.851357780826093222e+04
5.873071543971955543e+04
5.885694010059442371e+04
5.895464228014022228e+04
5.884281542447797256e+04
5.909495259868922585e+04
5.916959487882944813e+04
5.928009510745313310e+04
5.946757872275567934e+04
5.941111903673220513e+04
5.966684590763603046e+04
5.954062124676116218e+04
5.953195915256820444e+04
5.967355707971345691e+04
5.974460966316109989e+04
5.970079195244627044e+04
5.978651547020271391e+04
5.997595000762079144e+04
5.985503185490016767e+04
5.980692211553116795e+04
6.002128943758573587e+04
5.992448468221307849e+04
6.006120530406950274e+04
5.992631854900167673e+04
6.017646578265508288e+04
6.031931229995427566e+04
6.042813473555860401e+04
6.038579972565158096e+04
6.037268952903521131e+04
6.056274836153025535e+04
6.058553513183965697e+04
6.062779210486206284e+04
6.063579088553573820e+04
6.076033775339124986e+04
6.089768282274043304e+04
6.077668663313519210e+04
6.093958847736625466e+04
6.115575064776711224e+04
6.098211857948483521e+04
6.111778570339886937e+04
6.107143194634964311e+04
6.115859899405578471e+04
6.106237951531778526e+04
6.100529553421734454e+04
6.108071818320378225e+04
6.120335314738607121e+04
6.101099222679469676e+04
6.110654839201341383e+04
6.118267337296143523e+04
6.126363664075598354e+04
6.139828928516994347e+04
6.137909221155311388e+04
6.128611263526901166e+04
6.142088096326779487e+04
6.131416552354823943e+04
6.131358024691358150e+04
6.136574790428288543e+04
6.151308154244779871e+04
6.143293766194177442e+04
6.156419585429050494e+04
6.174368068891936855e+04
6.169237280902301427e+04
6.177766712391403416e+04
6.196702331961590971e+04
6.184118777625361690e+04
6.182335619570187555e+04
6.157196037189452909e+04
6.152435787227557012e+04
6.135728090230147791e+04
6.130164060356652772e+04
6.132821216278006614e+04
6.151230117360158329e+04
6.154913458314281161e+04
6.163735665294924547e+04
6.163723822588020266e+04
6.178995640908397763e+04
6.195999878067367536e+04
6.187829416247523477e+04
6.211790641670476907e+04
6.198083721993598738e+04
6.199102088096326770e+04
6.203912818167962541e+04
6.203003688462124410e+04
6.204548818777625274e+04
6.212375933546715532e+04
6.200643087943911087e+04
6.193662688614540821e+04
6.196113549763755873e+04
6.224401417466849671e+04
6.214381481481481751e+04
6.221525941167504789e+04
6.193062322816644155e+04
6.224311690291114064e+04
6.226285992988873477e+04
6.223554808718182903e+04
6.215727876848041342e+04
6.224428730376467138e+04
6.185130193568053801e+04
6.210675110501448216e+04
6.219415272062185977e+04
6.210663709800335346e+04
6.240883112330437143e+04
6.217675476299344882e+04
6.224640176802317001e+04
6.186769349184575549e+04
6.163499329370522901e+04
6.186219554945892742e+04
6.185427434842249932e+04
6.199778356957780488e+04
6.226673372961438872e+04
6.171490702636793139e+04
6.063910836762688268e+04
5.948941045572321309e+04
6.030675369608291658e+04
5.814992760249962157e+04
5.980478859929888858e+04
6.035353497942387185e+04
6.001954427678707725e+04
6.096607803688462445e+04
6.075350815424478060e+04
6.040679637250419182e+04
6.196766331351928238e+04
5.973354488645023957e+04
5.769849367474470637e+04
5.763981085200426605e+04
5.754979759183051647e+04
5.698989224203627236e+04
5.792507087334247626e+04
5.673736884621247009e+04
5.705216476146928471e+04
5.485655509830818482e+04
5.373896646852613776e+04
5.614566148452979542e+04
5.400990595945739915e+04
4.951751257430269470e+04
4.911098491083676345e+04
5.013492882182593894e+04
4.948817040085353074e+04
4.961899649443682574e+04
5.299934567901234550e+04
5.142259655540314270e+04
5.129891022709952813e+04
5.022490717878372379e+04
4.937541030330742069e+04
4.795703353147386224e+04
4.526406386221612775e+04
4.223963618350861361e+04
3.925672199359853403e+04
4.328410288065843633e+04
3.831889102270995500e+04
3.883361362597165135e+04
3.795220057918000384e+04
3.728577625361987157e+04
3.943811598841640080e+04
4.240327572016460908e+04
3.830890077732053032e+04
3.475535299497027881e+04
3.424160448102423106e+04
3.750099801859472791e+04
3.586396662094193016e+04
3.180295290352080337e+04
3.059183996342021055e+04
3.123497149824721782e+04
3.746022481329065340e+04
3.795657110196616122e+04
3.804162871513488790e+04
3.780455723212924931e+04
3.296291464715744223e+04
3.929300944977899780e+04
3.349414250876390724e+04
3.075009586953208418e+04
3.511244566377076990e+04
3.080862429507697016e+04
3.155257643651882245e+04
3.168398826398414894e+04
3.413278661789361649e+04
3.126778692272519402e+04
2.943921597317482156e+04
2.787784042066758047e+04
2.561039734796524863e+04
2.261172397500380976e+04
1.810321399176954583e+04
1.487406035665294985e+04
1.592246791647614737e+04
1.226006142356348028e+04
1.339996631611034900e+04
9.879075903063558144e+03
1.491889087029416260e+04
1.229654351470812435e+04
1.135086739826246048e+04
9.066493369913123388e+03
7.876292333485748713e+03
6.941309404054260085e+03
7.587872885230909560e+03
8.490004115226336580e+03
8.331864197530863748e+03
6.475084133516232214e+03
5.040399176954732866e+03
6.336375857338820424e+03
4.234877152873037630e+03
4.318570339887211958e+03
4.247129248590154020e+03
2.270100594421582173e+03
2.561951836610272949e+03
3.164154397195549336e+03
2.717243712848651285e+03
2.537842402072854838e+03
2.258630696540161352e+03
2.211693187014174782e+03
2.284617283950617093e+03
2.310291723822588210e+03
2.489307727480566882e+03
2.506121627800639999e+03
2.662896662094192834e+03
2.267840725499161636e+03
2.488019051973784372e+03
2.427502819692120283e+03
2.365620941929583751e+03
2.602851547020271482e+03
2.637927602499618843e+03
2.701097241274196222e+03
2.754394909312604796e+03
2.563600518213686883e+03
2.717252248132906516e+03
2.778394299649443838e+03
2.706681146166743019e+03
2.819444444444444343e+03
2.732979576284103132e+03
2.920775339125133542e+03
3.167836000609663188e+03
3.079931565310166206e+03
2.934002591068434867e+03
3.000527663465934893e+03
2.971694406340496698e+03
2.910395061728394921e+03
3.028115073921658222e+03
2.793264441396128859e+03
2.860764974851394527e+03
2.826662856271909732e+03
2.954605700350556162e+03
3.037868312757201693e+03
2.729664380429812354e+03
2.777420210333790692e+03
2.762906721536351142e+03
2.829160036579789448e+03
2.799076817558298899e+03
3.082934918457552158e+03
3.018439871970736021e+03
3.205299192196311651e+03
2.993272976680384090e+03
3.080947416552354753e+03
3.253252857796067474e+03
3.273503429355281241e+03
3.375926840420667759e+03
3.389778387440938786e+03
3.469024843773815064e+03
3.349433318091754245e+03
3.572618808108520170e+03
