0.000000000000000000e+00
2.024683593750000199e+01
2.501937500000001791e+01
2.502339843749998138e+01
1.702187500000000142e+01
1.583402343750001329e+01
1.672750000000000981e+01
2.101714843750001904e+01
1.861777343749999858e+01
1.726714843749997286e+01
1.709437500000001720e+01
2.122183593749998920e+01
1.855484375000000696e+01
1.698652343750000071e+01
2.241996093750000441e+01
1.900683593750000000e+01
2.093589843750000767e+01
1.777359374999998209e+01
2.060308593750001904e+01
1.677249999999997243e+01
1.989027343749996746e+01
2.021839843749999588e+01
1.696937500000002075e+01
1.967109375000000071e+01
1.808687500000000625e+01
2.057808593750002757e+01
2.060999999999999233e+01
2.200527343750000142e+01
1.980000000000000071e+01
1.887027343750002117e+01
1.858902343749999631e+01
2.042871093750000000e+01
2.526371093749999375e+01
2.124183593750002075e+01
1.808589843749998494e+01
2.189984374999999162e+01
2.187249999999998096e+01
2.025464843749999844e+01
2.539214843750000483e+01
2.290250000000002117e+01
2.353402343750003212e+01
1.922183593750000341e+01
2.093734374999996106e+01
2.267984374999997854e+01
2.479984374999997598e+01
2.810152343749998138e+01
2.539687500000000142e+01
2.956246093750001336e+01
2.274937500000001478e+01
2.516109375000001336e+01
2.313359374999999929e+01
2.071933593749999858e+01
2.600609375000002998e+01
1.956500000000000483e+01
2.213999999999998280e+01
1.952777343749996675e+01
1.690121093749998593e+01
1.811464843750000142e+01
1.937484374999998948e+01
1.819683593749999773e+01
2.640234375000000000e+01
2.640234375000000000e+01
5.115273437500010623e+00
1.202402343750000036e+01
1.778500000000001435e+01
1.639984374999999517e+01
2.376484375000000071e+01
2.927499999999999858e+01
3.289000000000001478e+01
4.352152343750002217e+01
4.150621093750002899e+01
6.013089843750003638e+01
5.001246093749999488e+01
4.130121093749998806e+01
4.472933593750002501e+01
4.397484375000000512e+01
3.491937500000002359e+01
4.161109375000000199e+01
3.323871093750001648e+01
3.838359375000000284e+01
4.181937500000002927e+01
4.259859374999997783e+01
3.145687499999999659e+01
3.048183593750000142e+01
3.208359374999999858e+01
2.777871093750000142e+01
2.740277343749999162e+01
2.979277343749999929e+01
2.277109374999999858e+01
2.421527343749999517e+01
2.353109375000002856e+01
2.128984374999999929e+01
2.613496093750000071e+01
2.912871093749999929e+01
2.440371093750000142e+01
2.544984375000001009e+01
2.286234374999997598e+01
2.037749999999998707e+01
2.182984374999999488e+01
1.964183593750001222e+01
1.819687499999999858e+01
1.691734375000000767e+01
1.402749999999999808e+01
1.601499999999999346e+01
1.323746093749999275e+01
1.431234374999999659e+01
1.685484375000000767e+01
1.475777343750000981e+01
1.618734374999998948e+01
1.778121093749999915e+01
1.851500000000001478e+01
1.798339843750000000e+01
1.924964843750000654e+01
1.618609375000000128e+01
1.521734375000000838e+01
1.571109374999998565e+01
1.491109375000000092e+01
1.621859374999997527e+01
1.752339843749998138e+01
1.433871093749999304e+01
1.476109375000000412e+01
1.580234375000000036e+01
1.404359375000000476e+01
1.539339843750000725e+01
1.553964843750000036e+01
1.551734374999999488e+01
1.482152343750000867e+01
1.591499999999998316e+01
1.415152343749998920e+01
1.471089843749999737e+01
1.609496093749999801e+01
1.652152343750001151e+01
1.460308593750000306e+01
1.618402343750000938e+01
1.627933593749999730e+01
1.647187500000000071e+01
1.370464843750001549e+01
1.733500000000001506e+01
1.477808593750001442e+01
1.558109374999998487e+01
1.473999999999998600e+01
1.403187500000000476e+01
1.518902343749998884e+01
1.465277343750000227e+01
1.193109375000000050e+01
1.435937500000000000e+01
1.385609375000001009e+01
1.487500000000000000e+01
1.325121093749999446e+01
1.411371093749999694e+01
1.532621093750000796e+01
1.515249999999998565e+01
1.516187500000001265e+01
1.679652343749999943e+01
1.883499999999999375e+01
1.724937499999999346e+01
1.430433593749999588e+01
1.404527343750001123e+01
1.416839843750001648e+01
1.620933593749998636e+01
1.558746093750000661e+01
1.690777343750001194e+01
1.723984374999999858e+01
1.708749999999999858e+01
1.597808593750001727e+01
1.501187499999999275e+01
1.443750000000000000e+01
1.630308593750000412e+01
1.537652343750000661e+01
1.646249999999999858e+01
1.797808593750001549e+01
1.549359374999997740e+01
2.021187500000001336e+01
1.608558593749998167e+01
2.065687499999999233e+01
1.536109374999999844e+01
1.721214843749996959e+01
1.545464843749997996e+01
1.419996093749999133e+01
1.639496093749999517e+01
1.387734374999999964e+01
1.555999999999998451e+01
1.465683593750000036e+01
1.521714843750000945e+01
1.463609374999998636e+01
1.581714843749998956e+01
1.469027343749999659e+01
1.499687499999999929e+01
1.776996093749999872e+01
1.369058593750002117e+01
1.619437499999998309e+01
1.783500000000000796e+01
1.590249999999999986e+01
1.537339843750000412e+01
1.643714843749999588e+01
1.660996093749999858e+01
1.698609374999998067e+01
1.505999999999999162e+01
1.430996093749999964e+01
1.365859374999999964e+01
1.553714843750000263e+01
1.452109375000000036e+01
1.545308593750001158e+01
1.452402343750000036e+01
1.659750000000003212e+01
1.557246093750000071e+01
1.582496093750000021e+01
1.466214843749998487e+01
1.679839843749999417e+01
1.379496093750001684e+01
1.538121093750000590e+01
1.588984375000000071e+01
1.604027343749998025e+01
1.716234374999999801e+01
1.479437499999998273e+01
1.603500000000001435e+01
1.634183593750000441e+01
1.296937499999999055e+01
1.620777343750001620e+01
1.618500000000001293e+01
1.775308593750001407e+01
2.241859375000001009e+01
2.182933593750001222e+01
2.178246093749999446e+01
1.600433593750001293e+01
1.659496093750001222e+01
1.509058593750001798e+01
1.601859374999997598e+01
1.516152343749999964e+01
1.555527343750000036e+01
1.491499999999998138e+01
1.612109375000000000e+01
1.463734374999999410e+01
1.649589843749999929e+01
1.723609374999998778e+01
1.486734375000001407e+01
1.384859375000000270e+01
1.649214843750001336e+01
1.569234375000000981e+01
1.431859374999997669e+01
1.358609374999998387e+01
1.274214843749998138e+01
1.206250000000000000e+01
1.487027343750001407e+01
1.367089843750000000e+01
1.057109374999999929e+01
1.218187500000001577e+01
1.401734375000000021e+01
1.471871093749998316e+01
1.363246093749998877e+01
1.249371093750000306e+01
1.474808593749999908e+01
1.878437500000000071e+01
1.847464843750000796e+01
1.648109374999997101e+01
1.975609375000002288e+01
1.996558593750001620e+01
1.619339843750000085e+01
1.645152343749999702e+01
1.705121093749998451e+01
1.460859375000000071e+01
1.489750000000002217e+01
1.404437500000000583e+01
1.259999999999999964e+01
1.809746093749999929e+01
1.584496093750000156e+01
1.742027343750001123e+01
1.948500000000003496e+01
1.619234375000001336e+01
1.509214843749998636e+01
1.942734374999999858e+01
1.494749999999998735e+01
1.559808593749999694e+01
1.426246093749998067e+01
1.545859375000000036e+01
1.272437500000001798e+01
1.469937500000002117e+01
1.329437499999998806e+01
1.141683593749999126e+01
1.261000000000001542e+01
1.292027343750001478e+01
1.143246093750001080e+01
1.421484375000000000e+01
1.570777343750001265e+01
1.428437500000000071e+01
1.448609374999998600e+01
1.624437500000001577e+01
1.362484374999999304e+01
1.267484374999999730e+01
1.462089843749999929e+01
1.303589843749998956e+01
1.573121093749998423e+01
1.229496093749999552e+01
1.288871093749999019e+01
1.282027343750001691e+01
1.303687500000001442e+01
1.274683593749998956e+01
1.334964843750000441e+01
1.174687499999999929e+01
1.527984374999998884e+01
1.133687500000000981e+01
1.317359374999998423e+01
1.189437499999999304e+01
1.207714843750000000e+01
1.236527343750000618e+01
1.413109375000001400e+01
1.362250000000002004e+01
1.537933593749999872e+01
1.555484374999999808e+01
1.444652343749999623e+01
1.522308593749997918e+01
1.511558593750002011e+01
1.493589843749998636e+01
1.403652343749999964e+01
1.210687499999999162e+01
1.517652343749999844e+01
1.400249999999999240e+01
1.452339843749998849e+01
1.640464843749999346e+01
1.313109375000001577e+01
1.763027343750000142e+01
1.782621093750000796e+01
2.528999999999999204e+01
1.907984375000001975e+01
2.103734374999999446e+01
2.079437499999999517e+01
1.905152343749997712e+01
1.791734375000000057e+01
1.674750000000002714e+01
1.662750000000000838e+01
1.657652343749999702e+01
1.362808593750001407e+01
1.265621093749998138e+01
1.381187499999998636e+01
1.527984374999999240e+01
1.588359374999999929e+01
1.503499999999999126e+01
1.417984374999999275e+01
1.543687499999999169e+01
1.311214843749998771e+01
1.539937500000000981e+01
1.485464843749998920e+01
1.687749999999998707e+01
1.459937500000000021e+01
1.658714843749998735e+01
1.275589843750001151e+01
1.658999999999998565e+01
1.331996093750002252e+01
1.566187500000000554e+01
1.507249999999999091e+01
1.369652343750000512e+01
1.730308593750001478e+01
1.465933593749999453e+01
1.482496093749998423e+01
1.443246093749999659e+01
1.402984374999999773e+01
1.414214843750000838e+01
1.293652343750000000e+01
1.171214843749998913e+01
1.408121093750000696e+01
1.607359375000000057e+01
1.367484374999998842e+01
1.648109375000000298e+01
1.506000000000002537e+01
1.528402343750000014e+01
1.664359375000002217e+01
1.491464843750000036e+01
1.413964843750000000e+01
1.615464843749997925e+01
2.134859374999998494e+01
1.661500000000000199e+01
1.650937499999999858e+01
1.726187499999999275e+01
1.463027343749999964e+01
1.325839843750000036e+01
1.392808593750001478e+01
1.406187500000002366e+01
1.610687500000001648e+01
1.498437500000000000e+01
1.462714843750000071e+01
1.649984375000000725e+01
1.295839843749999964e+01
1.487749999999998884e+01
1.535527343749999929e+01
1.325683593750000000e+01
1.499359374999996852e+01
1.215777343750001549e+01
1.328609374999999737e+01
1.328121093749998316e+01
1.613714843749997030e+01
1.519996093749998067e+01
1.336109374999999844e+01
1.819937500000001407e+01
1.560249999999998849e+01
1.228402343749999837e+01
1.486234374999999908e+01
1.213964843750000000e+01
1.350277343750000014e+01
1.425687500000000796e+01
1.757249999999998380e+01
1.596109375000000696e+01
1.623402343750001009e+01
1.864859374999998565e+01
1.695589843750001791e+01
1.579652343749999943e+01
1.424496093750000014e+01
1.422984374999999524e+01
1.359058593750000909e+01
1.598558593749999623e+01
1.443687499999998636e+01
1.479437499999998451e+01
1.718687500000000057e+01
1.790464843749997925e+01
1.477308593749999410e+01
1.224437499999998735e+01
1.732402343749999929e+01
1.595589843750002146e+01
1.947871093750000071e+01
1.585464843749997854e+01
1.797558593750000000e+01
1.488734374999998167e+01
1.478246093749999623e+01
1.661499999999998067e+01
1.565433593750001329e+01
1.386109375000000554e+01
1.594437499999999019e+01
1.258609374999999275e+01
1.313734374999998877e+01
1.382499999999999929e+01
1.424589843749999929e+01
1.623609374999998778e+01
1.627250000000001151e+01
1.459359375000001613e+01
1.510777343750002366e+01
1.385609374999999055e+01
1.426308593749999964e+01
1.492750000000001265e+01
1.637464843750001364e+01
2.057437500000001052e+01
2.043589843750000057e+01
1.518734375000000725e+01
1.729339843750002359e+01
1.749746093750000142e+01
1.338246093750001009e+01
1.624652343749999517e+01
1.427984375000000128e+01
1.821402343749999275e+01
1.908746093750000483e+01
1.679234374999998991e+01
1.729000000000000270e+01
1.657308593749998593e+01
1.513749999999999929e+01
1.822933593750001791e+01
1.585152343749998849e+01
5.134023437499990017e+00
7.693593750000016662e+00
1.466527343749998202e+01
1.421499999999999453e+01
2.133734374999997385e+01
2.467250000000002785e+01
3.373187499999995964e+01
3.886933593749999716e+01
3.307089843749999858e+01
4.531187500000000057e+01
3.880121093749998806e+01
5.074339843749998380e+01
5.394437499999999375e+01
3.815687500000004206e+01
3.995933593749999346e+01
3.514984374999998806e+01
4.689984374999998806e+01
5.177499999999999858e+01
4.842027343750000057e+01
5.654527343750000057e+01
4.847496093750000057e+01
3.407402343750000284e+01
3.276937500000004633e+01
3.919984375000000654e+01
3.448609374999998067e+01
3.547152343750002501e+01
3.322984374999999346e+01
3.255527343749999858e+01
3.161484374999999858e+01
3.806777343750000142e+01
3.566527343749997669e+01
3.896109374999999631e+01
3.378687500000003041e+01
2.676558593750000270e+01
2.346484375000000000e+01
2.007984375000002331e+01
2.208183593749999929e+01
2.465152343749999631e+01
2.098734375000001151e+01
1.909589843750000071e+01
1.647250000000002146e+01
1.863089843750002572e+01
1.917308593749998380e+01
2.186187499999999062e+01
2.074937500000001478e+01
1.976937500000000014e+01
1.759984374999998735e+01
1.863746093749998423e+01
1.873187500000000938e+01
2.113433593749999773e+01
1.986937499999999801e+01
2.011214843749997527e+01
1.788339843749999858e+01
1.789964843749996959e+01
1.805484375000000341e+01
1.432652343749999169e+01
1.412734374999999964e+01
1.567246093750000036e+01
1.545859375000000036e+01
1.494359375000001044e+01
1.511937499999998025e+01
1.459371093750000270e+01
1.456109374999998884e+01
1.663402343750001222e+01
1.454652343749998522e+01
1.502714843749999929e+01
1.383871093750001613e+01
1.324000000000000021e+01
1.163589843749999098e+01
1.412152343749999339e+01
1.945234375000000071e+01
1.427496093750000128e+01
1.772250000000001080e+01
1.901000000000000156e+01
1.463246093750001364e+01
1.292308593750001044e+01
1.456187499999999524e+01
1.548999999999999488e+01
1.355859375000000000e+01
1.279527343750001656e+01
1.275250000000001194e+01
1.293999999999997996e+01
1.647089843750000071e+01
1.217089843750000000e+01
1.602484375000000583e+01
1.245687500000000014e+01
1.319749999999999623e+01
1.442714843749999964e+01
1.573999999999998956e+01
1.485589843750001648e+01
1.560746093750000796e+01
1.419527343750001691e+01
1.329937500000000306e+01
1.224683593749999844e+01
1.700859374999999929e+01
1.523089843749998806e+01
1.454359374999996568e+01
1.389496093749999162e+01
1.337484375000000725e+01
1.558871093750001968e+01
1.575996093750000071e+01
1.464437500000001080e+01
1.627359374999999631e+01
1.550746093750002430e+01
1.559808593749998806e+01
1.601000000000001222e+01
1.186187500000000306e+01
1.403089843750000298e+01
1.306308593750000036e+01
1.354121093750000071e+01
1.519183593750000583e+01
1.332984375000000377e+01
1.336839843749997669e+01
1.297749999999998671e+01
1.124839843749999702e+01
1.200234374999999964e+01
1.352484375000000583e+01
1.359750000000001968e+01
1.360250000000001158e+01
1.269234375000001869e+01
1.208089843749999659e+01
1.172496093750000057e+01
1.208109374999997598e+01
1.152152343749999197e+01
1.374937499999998636e+01
1.247933593749999126e+01
1.542496093749997854e+01
1.451933593749999929e+01
1.279359374999997279e+01
1.163589843749999098e+01
1.387621093749999623e+01
1.528121093749997783e+01
1.495996093750000000e+01
1.874359375000002359e+01
1.426234374999999588e+01
1.541859374999997634e+01
1.525000000000000000e+01
1.635121093750001720e+01
1.635859375000000071e+01
1.376839843750000192e+01
1.513359374999999929e+01
1.309746093749999929e+01
1.995250000000001833e+01
1.328402343749999304e+01
1.334371093750001158e+01
1.337984374999999559e+01
1.383734375000000760e+01
1.414437500000000725e+01
1.601402343750000057e+01
2.296187500000001691e+01
1.656484375000000142e+01
2.061871093750001904e+01
1.737484374999998238e+01
1.760839843750000000e+01
1.735609375000001009e+01
1.748734374999997598e+01
1.829964843750000014e+01
1.846734375000001549e+01
2.176558593750001691e+01
1.983652343749999858e+01
2.850433593750001293e+01
2.430937499999999929e+01
1.967359375000001620e+01
2.350433593750000583e+01
1.889859374999998565e+01
1.997437499999998778e+01
1.883902343749999631e+01
2.158999999999999631e+01
2.274121093750000000e+01
2.912308593749997243e+01
2.268871093749999801e+01
2.211734375000001052e+01
2.744839843750002117e+01
2.062652343749999062e+01
1.723499999999999233e+01
1.801234374999996746e+01
1.632484375000000654e+01
1.554234375000001833e+01
1.657109374999999929e+01
1.501187500000001229e+01
1.654371093749998423e+01
1.754058593750000483e+01
1.636937500000001222e+01
1.768277343750001052e+01
1.541714843750000696e+01
1.491402343750000092e+01
1.515433593750000263e+01
1.699808593749997598e+01
1.658871093750000014e+01
1.456734375000001158e+01
1.456714843749998423e+01
1.422484374999999446e+01
1.360777343750001123e+01
1.429996093750000696e+01
1.484589843750000071e+01
1.682464843749999517e+01
1.578500000000002146e+01
1.410249999999999204e+01
1.551871093750001229e+01
1.702187500000000142e+01
1.462621093749999623e+01
1.550277343749998771e+01
1.226187499999999986e+01
1.368187500000001044e+01
1.696500000000001052e+01
2.592359374999997357e+01
1.572933593750000547e+01
1.481187499999999702e+01
1.434984375000000867e+01
1.445152343749999524e+01
1.786000000000003496e+01
1.480933593749999488e+01
1.489984374999999162e+01
1.687089843749999929e+01
1.505249999999999844e+01
1.407089843750000036e+01
1.459121093749999964e+01
1.495999999999999908e+01
1.553687500000000021e+01
1.524652343750000227e+01
1.399214843750000625e+01
1.475621093750000590e+01
1.705933593749999133e+01
1.840121093749998948e+01
1.610234374999999929e+01
1.477714843749999929e+01
1.424027343749999375e+01
1.392027343750001833e+01
1.246089843750000092e+01
1.331109374999999240e+01
1.376777343750000071e+01
1.320859375000000036e+01
1.472187500000000071e+01
1.384000000000001229e+01
1.699687499999999929e+01
1.724937500000000767e+01
1.591109375000000270e+01
1.915433593750000085e+01
1.901464843750000000e+01
1.524027343750000263e+01
1.866109374999998138e+01
1.616000000000000725e+01
1.696234374999999517e+01
2.123121093749997357e+01
1.628734374999999446e+01
1.558714843749998558e+01
1.379996093749999986e+01
1.727496093750000838e+01
1.516683593750000014e+01
1.781500000000001194e+01
1.461734374999999453e+01
1.488500000000001933e+01
1.637621093750000156e+01
1.621187500000000270e+01
1.453609374999997783e+01
2.058734375000002004e+01
2.015609374999999304e+01
1.428734374999999091e+01
1.551558593750001691e+01
1.419339843749997954e+01
1.566464843750000036e+01
1.665464843750000412e+01
1.741000000000002501e+01
1.453109375000002501e+01
1.590308593750001265e+01
1.487464843749997989e+01
1.548714843749997883e+01
1.449839843749998991e+01
1.526187500000000874e+01
1.697437499999999488e+01
1.495234375000000071e+01
1.342152343749998167e+01
1.500277343749998593e+01
1.453589843750000021e+01
1.379183593749999659e+01
1.459652343750000192e+01
1.257750000000001478e+01
1.384683593749999453e+01
1.352250000000003105e+01
1.249750000000000760e+01
1.354527343750000412e+01
1.346734375000001549e+01
1.704371093750000199e+01
1.240937500000000071e+01
1.561000000000001009e+01
1.807558593750000142e+01
1.641871093749998778e+01
1.578734374999999623e+01
1.656859375000002288e+01
1.435234374999999929e+01
1.223187499999997918e+01
1.861558593750001833e+01
1.601558593750001336e+01
1.587187499999999929e+01
1.629808593749998380e+01
1.618121093750000483e+01
2.151937499999997172e+01
1.694589843749999858e+01
1.675433593750000583e+01
1.603609374999999915e+01
1.579808593749999091e+01
1.619339843750000085e+01
1.504371093749997179e+01
1.443437499999999929e+01
1.569214843749998956e+01
1.359687500000000071e+01
1.245214843750000000e+01
1.556246093750000270e+01
1.484277343750000000e+01
1.382437500000001762e+01
1.478902343749998849e+01
1.298339843750000000e+01
1.505464843750000981e+01
1.415746093750001044e+01
1.465234375000000000e+01
1.583121093749998032e+01
1.421000000000002750e+01
1.391734374999998991e+01
1.440000000000000036e+01
1.610746093749999730e+01
1.316246093749997748e+01
1.247808593750001727e+01
1.579000000000000270e+01
1.499937500000002011e+01
1.504371093749997712e+01
1.606859374999998735e+01
1.493999999999998352e+01
1.507749999999999702e+01
1.766371093749998167e+01
1.665250000000001407e+01
1.288187500000001684e+01
1.414339843749997705e+01
1.317749999999999133e+01
1.482984375000000554e+01
1.499749999999999339e+01
1.361000000000002430e+01
1.846839843750002430e+01
1.597777343749998558e+01
1.584527343750000128e+01
2.557187499999999858e+01
2.295250000000001478e+01
1.884746093749999929e+01
1.850777343750001691e+01
2.096527343749997740e+01
1.578999999999998316e+01
1.666109374999998494e+01
1.615859375000000142e+01
1.686464843750000142e+01
1.601859375000002572e+01
1.555121093750001293e+01
1.526249999999999929e+01
1.487871093749999929e+01
1.631683593749999517e+01
1.399339843750001577e+01
1.407484374999999588e+01
1.820859374999999858e+01
1.430859375000000000e+01
1.356371093750002998e+01
1.313187499999999730e+01
1.442777343750000441e+01
1.288984375000000071e+01
1.548359375000000071e+01
1.478246093749999623e+01
1.460234374999999929e+01
1.364234375000001442e+01
1.383734374999999872e+01
1.413187499999999019e+01
1.466683593750000192e+01
1.434234375000000838e+01
1.511152343750000071e+01
1.479437499999998451e+01
1.455999999999999694e+01
1.597027343750001194e+01
1.300746093749998167e+01
1.283499999999999908e+01
1.392808593750001833e+01
1.580234375000000036e+01
1.332437500000000341e+01
1.307027343750000625e+01
1.531109374999997996e+01
1.373714843750000725e+01
1.439121093750000036e+01
1.315152343749999986e+01
1.498277343750001833e+01
1.405839843749999929e+01
1.188609374999998991e+01
2.054214843750000696e+01
1.814121093749999858e+01
1.313871093750001862e+01
1.419996093749999844e+01
1.371500000000001229e+01
1.440839843750000071e+01
1.440839843750000071e+01
2.311875000000006786e+00
8.599960937499997016e+00
1.191527343749999623e+01
1.380746093750001613e+01
1.969183593750000938e+01
2.282359374999997925e+01
2.826234375000000654e+01
2.913714843749996319e+01
3.559964843749996533e+01
4.020484375000002331e+01
3.347964843750001762e+01
4.024000000000003752e+01
3.122749999999999204e+01
3.356527343749998238e+01
3.207871093749999858e+01
3.791464843749999858e+01
3.865746093750003354e+01
3.425484375000002046e+01
3.291246093749999346e+01
3.352499999999999858e+01
3.304964843750000369e+01
2.946249999999999858e+01
3.726000000000001933e+01
3.003558593749998451e+01
3.101109375000000767e+01
2.394339843750002217e+01
2.992109375000000071e+01
2.695999999999997954e+01
3.057109374999999929e+01
2.397621093749999233e+01
2.393359375000000000e+01
2.166937500000002004e+01
2.143187500000001933e+01
2.189027343749997456e+01
1.915999999999999659e+01
1.994683593750000483e+01
1.917187500000000000e+01
2.006937499999999375e+01
1.877734375000000000e+01
1.788902343750000412e+01
1.785609375000002075e+01
1.571527343750001293e+01
1.835249999999998849e+01
1.598999999999999133e+01
1.731734375000000981e+01
1.449750000000002004e+01
1.278734374999999268e+01
1.496714843750001123e+01
1.765308593750001975e+01
2.121109374999999986e+01
1.893999999999998707e+01
1.530152343749999488e+01
1.562484375000000014e+01
1.520277343749999410e+01
1.297714843750000036e+01
1.348089843749997918e+01
1.330902343749998806e+01
1.472714843750000036e+01
1.234277343750000000e+01
1.358246093750000760e+01
1.394937500000000874e+01
1.193109374999997740e+01
1.304058593750001549e+01
1.335371093750000071e+01
1.411089843749999417e+01
1.428808593750000000e+01
1.380777343750001762e+01
1.345484375000001442e+01
1.469859374999998280e+01
1.380484375000002117e+01
1.387933593749999872e+01
1.167621093750002004e+01
1.298999999999998423e+01
1.299902343750000000e+01
1.328687500000000377e+01
1.341089843750000021e+01
1.483984375000000000e+01
1.229121093750000071e+01
1.329437500000000760e+01
1.320777343750001798e+01
1.122484374999999091e+01
1.341371093750002252e+01
1.494999999999999929e+01
1.260902343749998877e+01
1.421058593749999588e+01
1.313746093750000021e+01
1.531859374999998735e+01
1.274964843750001542e+01
1.579437500000000760e+01
1.523500000000001364e+01
1.308750000000000036e+01
1.329496093749999730e+01
1.423746093749999986e+01
1.429808593750000512e+01
1.532308593749999304e+01
1.282464843749998806e+01
1.450277343750000725e+01
1.473687500000000128e+01
1.338109375000000512e+01
1.268496093749999964e+01
1.430277343749998842e+01
1.306000000000001293e+01
1.398109374999998522e+01
1.486058593749999623e+01
1.430777343750001229e+01
1.463437500000000036e+01
1.376683593749998735e+01
1.434937500000000377e+01
1.253734374999999268e+01
1.259339843749998167e+01
1.334609374999999964e+01
1.463089843750000441e+01
1.418433593749999488e+01
1.381089843749999524e+01
1.427152343750000263e+01
1.439589843749999964e+01
1.479996093749998565e+01
1.587152343749999162e+01
1.415621093749998316e+01
1.451734375000000554e+01
1.270433593749999446e+01
1.313437500000000036e+01
1.369996093749998956e+01
1.471996093750001044e+01
1.437484374999999126e+01
1.301234374999998877e+01
1.084652343749999481e+01
1.384433593750000036e+01
1.447750000000000092e+01
1.240484375000000128e+01
1.266000000000000725e+01
1.358750000000000036e+01
1.377734375000000000e+01
1.624839843749998280e+01
1.600999999999999801e+01
1.418500000000001116e+01
1.146499999999999453e+01
1.632964843749999773e+01
1.421187500000000981e+01
1.303984374999999929e+01
1.241246093749998813e+01
1.210484375000000234e+01
1.276859375000000441e+01
1.610433593750001080e+01
1.249964843750001187e+01
1.058500000000001151e+01
1.162437500000000057e+01
1.483187499999998771e+01
1.279339843750000583e+01
1.362984374999999204e+01
1.423359375000000071e+01
1.342437500000000838e+01
1.329839843749999417e+01
1.357250000000002466e+01
1.372437500000000377e+01
1.346109375000000696e+01
1.429527343750001123e+01
1.393734375000001080e+01
1.261859375000002004e+01
1.309964843750001862e+01
1.343246093749998771e+01
1.498109374999997989e+01
1.506683593750000760e+01
1.210277343750001222e+01
1.311058593750000512e+01
1.545250000000000057e+01
1.343433593750000021e+01
1.302500000000000036e+01
1.163359374999999929e+01
1.398984375000000036e+01
1.399964843750001364e+01
1.321937499999998167e+01
1.335152343750000270e+01
1.238109374999997847e+01
1.384183593749998487e+01
1.440777343750000838e+01
1.252187499999999964e+01
1.217984374999999453e+01
1.257558593749999964e+01
1.333871093749999126e+01
1.263121093749998458e+01
1.226249999999999929e+01
1.582652343750000057e+01
1.361089843749998707e+01
1.461109374999998956e+01
1.595152343750000945e+01
1.226839843750000014e+01
1.458589843750000270e+01
1.293496093749999964e+01
1.300859374999999929e+01
1.307339843749999275e+01
1.272152343749999837e+01
1.301234374999998877e+01
1.154964843749999481e+01
1.514687499999999964e+01
1.401996093750000760e+01
1.138746093750000199e+01
1.227027343750000909e+01
1.318609375000000306e+01
1.334359375000001080e+01
1.258746093749998707e+01
1.199749999999999694e+01
1.600277343749998593e+01
1.357499999999999929e+01
1.262484375000000547e+01
1.460621093749998423e+01
1.659859375000000981e+01
1.396621093749999964e+01
1.782499999999999929e+01
1.501621093750000036e+01
1.318500000000001293e+01
1.459437500000000298e+01
1.502734375000000000e+01
1.807964843750000483e+01
1.371714843750000945e+01
1.300902343749998735e+01
1.321734375000000306e+01
1.334234375000000306e+01
1.325121093750000156e+01
1.308609374999999808e+01
1.281558593750001229e+01
1.355609374999997918e+01
1.462621093749999623e+01
1.134609374999999964e+01
1.213746093750000199e+01
1.359437499999999410e+01
1.349746093749999964e+01
1.201089843749998920e+01
1.210484375000001123e+01
1.266214843749999552e+01
1.258277343750000909e+01
1.316937500000000227e+01
1.418437499999999929e+01
1.465687499999998522e+01
1.304234375000000945e+01
1.390687499999999588e+01
1.494937500000000874e+01
1.465000000000000036e+01
1.366187500000001442e+01
1.338734374999998522e+01
1.416000000000000547e+01
1.344277343749999964e+01
1.399339843749997669e+01
1.406621093749999929e+01
1.363734374999999943e+01
1.501234374999999410e+01
1.301558593750001158e+01
1.526187500000001762e+01
1.524058593750001123e+01
1.347652343750000270e+01
1.638687499999999631e+01
1.372359374999998849e+01
1.424234374999998920e+01
1.534937499999999133e+01
1.153984374999999929e+01
1.477652343749999453e+01
1.324683593749999488e+01
1.398433593749999737e+01
1.542246093750000036e+01
1.322359374999999559e+01
1.283902343749999453e+01
1.298734374999999730e+01
1.394359374999998558e+01
1.146621093749999964e+01
1.317777343749999908e+01
1.445464843749998707e+01
1.224964843749999766e+01
1.268246093750000725e+01
1.391187500000000021e+01
1.336058593750000867e+01
1.353734375000001044e+01
1.274027343750000796e+01
1.337484375000000192e+01
1.497984375000001478e+01
1.508500000000000441e+01
1.489996093749998352e+01
1.173109374999997634e+01
1.538714843750000583e+01
1.404859375000000377e+01
1.517308593749999623e+01
1.180937499999999929e+01
1.193750000000000000e+01
1.331371093750001577e+01
1.306734374999999559e+01
1.383609374999998920e+01
1.353496093749999929e+01
1.373687500000001549e+01
1.332183593749999773e+01
1.339437500000000014e+01
1.589527343750001798e+01
1.794996093750000199e+01
1.657437499999998209e+01
1.569000000000000306e+01
1.681734374999999559e+01
1.691187500000000909e+01
1.573808593749999929e+01
1.792933593750001009e+01
1.346187499999998849e+01
1.482308593750000192e+01
1.224183593749999410e+01
1.394371093750000412e+01
1.418734374999999126e+01
1.380933593749999488e+01
2.027464843749996248e+01
1.616996093749999375e+01
1.315937500000000071e+01
1.410464843750000874e+01
1.319000000000000128e+01
1.422250000000001435e+01
1.214859374999999631e+01
1.277308593750000654e+01
1.204984375000000441e+01
1.186484375000000036e+01
1.190687500000000298e+01
1.196527343749999694e+01
1.409999999999999964e+01
1.331234375000000192e+01
1.258187500000001080e+01
1.150687499999999908e+01
1.494984374999998877e+01
1.279859374999998423e+01
1.524937500000000412e+01
1.295937499999999964e+01
1.401234375000000298e+01
1.404496093749999908e+01
1.381996093749999055e+01
1.517183593749999204e+01
1.548750000000000071e+01
1.403749999999999964e+01
1.369359374999999091e+01
1.466558593750001194e+01
1.330933593750000021e+01
1.272933593749998415e+01
1.360687500000000227e+01
1.428500000000000014e+01
1.512250000000000227e+01
1.445777343750001975e+01
1.457249999999999623e+01
1.594027343750000547e+01
1.500902343749999979e+01
1.366308593750000000e+01
1.636250000000000071e+01
1.398652343750000071e+01
1.322808593750001194e+01
1.236187500000000128e+01
1.308402343749998842e+01
1.335839843750000000e+01
1.336558593750001123e+01
1.509339843749998167e+01
1.316246093749999702e+01
1.297464843750001151e+01
1.421250000000000036e+01
1.265433593749999375e+01
1.277339843749999559e+01
1.324437499999999623e+01
1.301558593750001691e+01
1.416734375000000945e+01
1.289683593749999169e+01
1.254000000000000981e+01
1.249121093750000000e+01
1.538246093750001364e+01
1.319964843749999694e+01
1.538902343750000412e+01
1.283437499999999964e+01
1.387749999999999773e+01
1.465609375000000725e+01
1.277109375000000036e+01
1.445464843750001194e+01
1.509683593749998920e+01
1.307437500000001229e+01
1.254359374999999410e+01
1.774984375000000369e+01
1.686246093749998920e+01
1.683999999999999986e+01
1.353437500000000071e+01
1.305152343749998956e+01
1.238999999999999702e+01
1.422339843749999133e+01
1.151089843749999275e+01
1.366371093750001720e+01
1.447777343750001044e+01
1.348187500000000227e+01
1.161152343750000071e+01
1.520527343750000071e+01
1.726500000000002544e+01
1.422027343750001727e+01
1.343589843749999169e+01
1.357464843749998806e+01
1.528652343749999964e+01
1.306109374999998707e+01
1.223089843749997385e+01
1.320277343749999943e+01
6.391835937499986464e+00
8.446835937499999503e+00
1.557249999999998558e+01
2.387496093749998849e+01
2.808609374999999275e+01
4.222339843750003041e+01
3.976527343749997101e+01
5.740152343750001052e+01
4.574214843750000625e+01
5.106109375000001904e+01
5.352496093749999773e+01
6.350152343749999773e+01
6.863433593749996930e+01
7.622749999999997783e+01
6.182777343749999233e+01
5.804839843749999773e+01
5.637984375000000625e+01
5.906499999999999773e+01
5.266500000000000625e+01
5.146249999999999858e+01
5.801859374999999375e+01
6.446089843749999204e+01
5.467964843750000625e+01
5.865250000000001762e+01
3.894652343750003354e+01
3.415371093750000142e+01
3.140250000000000341e+01
3.324750000000000938e+01
3.809234375000002615e+01
3.333277343750002331e+01
2.570746093750000938e+01
5.413609374999997215e+01
4.208500000000000085e+01
4.802984375000001904e+01
4.519121093750000284e+01
4.760464843750003183e+01
3.767183593749997783e+01
3.592984375000000341e+01
3.099027343749998664e+01
2.575902343750000156e+01
2.966527343749998380e+01
2.569999999999999929e+01
3.145214843750000000e+01
3.027359375000001407e+01
3.054964843749995751e+01
2.882621093750000085e+01
3.035234374999999929e+01
3.442250000000002785e+01
3.119000000000000838e+01
2.810308593750000838e+01
3.311777343749999858e+01
3.488500000000000512e+01
2.887496093749998138e+01
2.888984375000000071e+01
2.539609374999999858e+01
2.766089843749998778e+01
2.977152343750002572e+01
2.741777343749999929e+01
2.357339843749999631e+01
2.706058593749999019e+01
2.332027343750001336e+01
2.496996093750000156e+01
2.527499999999999858e+01
2.722249999999998593e+01
2.071109374999999986e+01
1.927484374999998096e+01
1.901859375000001151e+01
2.130687500000002288e+01
2.288808593750000142e+01
2.009683593749999275e+01
1.695234375000000071e+01
1.609859375000001336e+01
1.463808593749999964e+01
1.787984375000001336e+01
1.732359375000000057e+01
1.689652343750001506e+01
1.662750000000001904e+01
1.827808593750001265e+01
2.750609375000000156e+01
1.834527343750000483e+01
2.250250000000000483e+01
1.689996093749999773e+01
1.847152343750001791e+01
1.837246093750000142e+01
2.285250000000000981e+01
2.152714843749999929e+01
2.176859374999999375e+01
2.589339843750000369e+01
2.410999999999997812e+01
2.128734374999998380e+01
2.444339843750002927e+01
1.966058593749998806e+01
2.081734375000002046e+01
2.357089843749999858e+01
2.645484374999999844e+01
2.678402343750003212e+01
3.356871093750000057e+01
3.182652343749999702e+01
2.587984375000002046e+01
2.558187499999996817e+01
2.223121093750000909e+01
2.146371093750000369e+01
1.924808593749998664e+01
1.797308593749998806e+01
1.934683593749999631e+01
1.921714843749998280e+01
1.721402343750000696e+01
1.701214843749999517e+01
1.971249999999999858e+01
1.963749999999999929e+01
2.097089843750000071e+01
2.068109374999996675e+01
1.967152343749999943e+01
1.731109374999999062e+01
1.821234375000000227e+01
1.773433593749999204e+01
1.780683593750000071e+01
1.667027343750000412e+01
1.472250000000001968e+01
1.778984374999999929e+01
1.514984374999999339e+01
1.869984374999999233e+01
1.499746093749999964e+01
1.926371093749999019e+01
1.786871093749997996e+01
1.560687500000001293e+01
1.713359374999999929e+01
1.665152343749998920e+01
1.730937499999999929e+01
2.198746093749999986e+01
1.543871093750001933e+01
1.716000000000001080e+01
1.692359375000000199e+01
1.937500000000000000e+01
1.751839843749999659e+01
1.691109374999998138e+01
1.793746093749998494e+01
1.908746093750000128e+01
2.176402343749999346e+01
1.978734375000002288e+01
2.069687499999999858e+01
1.885683593750000142e+01
2.109214843749997925e+01
1.890249999999998209e+01
1.819687499999999858e+01
2.319750000000002998e+01
2.079000000000000981e+01
2.232484375000001364e+01
3.476234375000001364e+01
2.180152343750000199e+01
1.906109375000000483e+01
2.028589843749999844e+01
2.157359374999999346e+01
1.968402343750000938e+01
1.819808593749998948e+01
2.000152343750000483e+01
1.985937500000000000e+01
1.899371093750000838e+01
1.819359375000000156e+01
1.928589843749999133e+01
1.609527343750001904e+01
1.583499999999999908e+01
1.881527343749998948e+01
1.895746093749999517e+01
1.436234374999998842e+01
1.602496093749998707e+01
1.794589843749999858e+01
1.838496093750000071e+01
1.676734374999999844e+01
1.629183593750000014e+01
1.591058593749999872e+01
1.451714843750000661e+01
1.587464843749997989e+01
2.484652343750001435e+01
2.058746093750000483e+01
2.108183593749999929e+01
1.694234374999999915e+01
1.788089843749999019e+01
1.666499999999999204e+01
1.961250000000000071e+01
1.568808593750000036e+01
2.176234375000000654e+01
1.837777343749999659e+01
2.251683593750001222e+01
1.655000000000000071e+01
2.167308593749998380e+01
1.999183593750000654e+01
1.868500000000000938e+01
2.147152343750001791e+01
2.074859374999998352e+01
2.143499999999997385e+01
2.023609374999998067e+01
2.280746093750003212e+01
2.205609375000003070e+01
3.071000000000000796e+01
1.958746093749999062e+01
1.976859375000000796e+01
2.310152343749999559e+01
2.047109375000000142e+01
2.191621093750000071e+01
2.077402343749999858e+01
1.867246093749999858e+01
2.191839843750001648e+01
2.275621093749999702e+01
2.080859375000000000e+01
1.960527343749999929e+01
2.148746093749999631e+01
2.351499999999998636e+01
2.388109374999999801e+01
2.658746093750001549e+01
2.214808593749999233e+01
2.017109375000000071e+01
2.144437500000001506e+01
2.197808593750001904e+01
2.240484374999999062e+01
2.005621093749998352e+01
2.231187499999999346e+01
2.028339843750000071e+01
2.359234375000001904e+01
1.637808593750000696e+01
1.742558593749999929e+01
1.773734375000000441e+01
1.849859375000000483e+01
2.096859374999998948e+01
1.851249999999999929e+01
2.091250000000000142e+01
1.725249999999998707e+01
2.086187500000000483e+01
2.129433593750000142e+01
1.842808593750002188e+01
1.736187500000000483e+01
1.822464843750000085e+01
1.523687499999999417e+01
1.994750000000003354e+01
1.831558593750001407e+01
2.290249999999999986e+01
1.735277343749998380e+01
2.191234374999998735e+01
2.318746093749999915e+01
1.873246093750000085e+01
1.681859374999997314e+01
1.889214843749998352e+01
1.999808593749997243e+01
1.685371093750000071e+01
1.755000000000000071e+01
1.684359374999998593e+01
1.929859374999998067e+01
2.091464843749999858e+01
1.825250000000000838e+01
2.128500000000000369e+01
2.109234374999999417e+01
1.953964843749999858e+01
1.741152343750000142e+01
2.031859375000002643e+01
1.753109374999997172e+01
1.789371093749999631e+01
1.733687500000001691e+01
1.705058593749999929e+01
1.644234375000000270e+01
1.831859374999997314e+01
1.784371093749998138e+01
1.617027343750001833e+01
1.597308593749999872e+01
1.558609375000000341e+01
1.590589843750001897e+01
1.753109375000000369e+01
1.534121093749999964e+01
1.727499999999999858e+01
1.618339843749999929e+01
1.472339843749998067e+01
1.801109375000000057e+01
1.759687500000000071e+01
1.846937499999998167e+01
1.719214843750000199e+01
1.823734375000000796e+01
1.764058593750001336e+01
1.857749999999999702e+01
1.742933593750000298e+01
1.704000000000001336e+01
1.894000000000000483e+01
1.693609374999997996e+01
1.661683593750000654e+01
1.835621093749998067e+01
1.692984375000000341e+01
1.735683593750000142e+01
1.545996093750000000e+01
1.639371093750001052e+01
1.627250000000001862e+01
1.641484374999999929e+01
1.714999999999999858e+01
1.712500000000000000e+01
1.833687500000000981e+01
1.930249999999999844e+01
1.953500000000001435e+01
1.563558593749999304e+01
1.838746093749999133e+01
1.659496093749999801e+01
2.032339843749999631e+01
1.687250000000000583e+01
2.478687500000001620e+01
1.427339843749998849e+01
1.349371093750000661e+01
1.899859374999999062e+01
1.865484375000001194e+01
1.721058593749999233e+01
1.712484375000001791e+01
2.241402343749999915e+01
2.127359374999998565e+01
1.919609374999999929e+01
1.953609375000000270e+01
2.171714843749998636e+01
1.808500000000000085e+01
1.789746093750000000e+01
1.667777343749998664e+01
2.036109375000000199e+01
1.738749999999999929e+01
1.678500000000001435e+01
1.831621093749999929e+01
1.829859374999998423e+01
2.259902343750000142e+01
2.165234375000000000e+01
2.162652343749999773e+01
2.149234375000001052e+01
1.609749999999999304e+01
1.682308593749999304e+01
1.607246093750000071e+01
1.590996093749999929e+01
1.561683593749999943e+01
1.549433593750000071e+01
1.407496093750000021e+01
1.694371093749997925e+01
1.659937499999999844e+01
1.557109374999999929e+01
1.560687499999998806e+01
1.539359375000000263e+01
1.342359374999998600e+01
1.814683593749999346e+01
1.632246093750000071e+01
1.803558593749999162e+01
1.780249999999999488e+01
2.133187500000000369e+01
1.819234375000002402e+01
1.965058593750000071e+01
1.645683593749999929e+01
1.743339843749999929e+01
1.807359375000000412e+01
2.109000000000001052e+01
1.943687499999998991e+01
1.673734374999998664e+01
1.535371093750000071e+01
1.567308593749999623e+01
1.610687499999998806e+01
1.737339843749999346e+01
1.671214843750000867e+01
1.720249999999998991e+01
1.511187500000001549e+01
1.786734374999998920e+01
1.547808593750001194e+01
1.289027343750001009e+01
1.534937500000000021e+01
1.584859374999998849e+01
2.054339843750003070e+01
2.179937500000000483e+01
1.766371093749998522e+01
1.602308593749999233e+01
1.719359374999996959e+01
1.621839843750001364e+01
1.688089843749999019e+01
2.152750000000000696e+01
1.768402343750000938e+01
1.639984374999999162e+01
1.482250000000001044e+01
1.691871093750000554e+01
1.459527343750001549e+01
1.481558593750002117e+01
1.521859375000002146e+01
1.409496093750000156e+01
1.767437500000001194e+01
1.656234374999998948e+01
1.600433593750000227e+01
1.841214843749999730e+01
1.544121093749999929e+01
1.480589843749997669e+01
1.453746093749998280e+01
1.617437499999999062e+01
1.581000000000000583e+01
1.584902343749999964e+01
1.642750000000000909e+01
1.704371093749998423e+01
1.552777343749999339e+01
1.647964843750000341e+01
1.686214843750000725e+01
1.686214843750000725e+01
4.853085937500001279e+00
9.687460937499999147e+00
1.008652343750000036e+01
1.389437500000000547e+01
2.680902343750001293e+01
3.113609375000000767e+01
3.819527343750000625e+01
4.335214843749999858e+01
4.852621093750001080e+01
4.560249999999999915e+01
4.054749999999997101e+01
4.417187500000000000e+01
4.647308593749998806e+01
4.604999999999999716e+01
4.474859375000002615e+01
4.785121093749999943e+01
4.544234375000001336e+01
4.149359374999997385e+01
4.658246093749999517e+01
3.594749999999999091e+01
3.371234375000001648e+01
4.240464843750001478e+01
3.889984375000001648e+01
4.568500000000000938e+01
3.915484375000000483e+01
3.839749999999999375e+01
3.309687499999999716e+01
2.546058593749997812e+01
3.467808593750002188e+01
3.453558593749998806e+01
3.056859374999999801e+01
3.089996093749999062e+01
2.672339843749999844e+01
2.870308593750002757e+01
2.937109375000000000e+01
3.076187500000002117e+01
2.642964843749999204e+01
3.289589843750000142e+01
2.484359375000000369e+01
3.854937499999999773e+01
3.176777343750000071e+01
3.055859375000000000e+01
2.527249999999999730e+01
2.230433593750000654e+01
2.079027343749998380e+01
2.482621093749999019e+01
2.006058593749999019e+01
2.111621093750000000e+01
2.271859374999999659e+01
2.562359374999999062e+01
2.437808593750001762e+01
2.053984374999999929e+01
1.648109374999998522e+01
1.890234375000000000e+01
2.228687500000001265e+01
2.165250000000000341e+01
2.628652343750000142e+01
1.787496093750000270e+01
1.908714843749998025e+01
2.218089843750002643e+01
1.823734374999998309e+01
1.953496093749999929e+01
2.454437499999999517e+01
2.098808593749999929e+01
2.554859375000001975e+01
1.926859375000000085e+01
2.121734375000002970e+01
1.924234375000000696e+01
2.026187500000001052e+01
1.548500000000001364e+01
1.719609374999999929e+01
2.213714843749999162e+01
1.997500000000000142e+01
1.848187500000000227e+01
1.768183593750000071e+01
1.958609375000000696e+01
1.483984375000000000e+01
1.710121093749999233e+01
1.607750000000001833e+01
1.747621093750002075e+01
1.425933593749999417e+01
1.464437500000001080e+01
1.556058593749999908e+01
1.772027343750000838e+01
1.855859375000000000e+01
2.098609375000000909e+01
1.470777343750000909e+01
1.514996093749998707e+01
1.676234374999998522e+01
2.186839843750003354e+01
2.005902343750000938e+01
1.781683593750000583e+01
1.692558593749999929e+01
1.766000000000000369e+01
1.791527343749999801e+01
1.866499999999999915e+01
1.717984374999999631e+01
1.640234375000000000e+01
1.499750000000000583e+01
1.443687500000000412e+01
1.675000000000000000e+01
1.535484375000001123e+01
1.651000000000000156e+01
1.723496093749999858e+01
1.783121093749997854e+01
1.753500000000000369e+01
1.919234374999999915e+01
1.713999999999998280e+01
1.456683593749998806e+01
1.704964843750000369e+01
1.614214843749998707e+01
2.011859374999997030e+01
1.618496093750000142e+01
1.751246093749999844e+01
1.728089843749998522e+01
1.568109375000001293e+01
1.618871093749999091e+01
1.790777343749999417e+01
1.717500000000000071e+01
1.674000000000000199e+01
1.314984374999999339e+01
1.534937499999998600e+01
1.924859374999998707e+01
1.529359374999998167e+01
1.598359375000000071e+01
1.947777343749997669e+01
1.671734375000001549e+01
1.441000000000001080e+01
1.852933593749999730e+01
1.721484375000000000e+01
1.671933593749999858e+01
1.561734375000002117e+01
1.713359374999999929e+01
1.874058593750001478e+01
1.584652343750000725e+01
1.719277343750000142e+01
1.877652343749999631e+01
1.620589843750001791e+01
1.544859375000000945e+01
1.640308593750001975e+01
1.571859374999998593e+01
1.502933593749999019e+01
1.497027343750000838e+01
1.394683593749999773e+01
1.423500000000000476e+01
1.473121093749997534e+01
1.528984374999999929e+01
1.458109374999999019e+01
1.606996093749999233e+01
1.433339843749999964e+01
1.605937499999999929e+01
1.648500000000001009e+01
1.653187500000000298e+01
1.525687499999998842e+01
1.576996093750000227e+01
1.611214843749998593e+01
1.651933593749999929e+01
1.700687499999999019e+01
1.682359375000000767e+01
1.477496093749998352e+01
1.494652343749999979e+01
1.701734375000002331e+01
1.668499999999999517e+01
1.729859374999998778e+01
1.537027343750000341e+01
1.733109374999998664e+01
1.755902343750001293e+01
1.738589843750000696e+01
1.704496093750001862e+01
1.809984375000001577e+01
1.540249999999998032e+01
1.849234375000001762e+01
1.559902343749999964e+01
1.787152343750000938e+01
1.744121093749999929e+01
1.524984375000000192e+01
1.805859375000000000e+01
1.811499999999998778e+01
1.654859374999999488e+01
2.277484375000000938e+01
1.758746093749998707e+01
1.528687500000001442e+01
1.670996093750000000e+01
1.532464843750001648e+01
1.734839843750000554e+01
1.476187499999999808e+01
1.448500000000001897e+01
1.603746093749998636e+01
1.612308593750000085e+01
1.646187500000001336e+01
1.487187499999999929e+01
1.325250000000000128e+01
1.547808593750002082e+01
1.643734375000001080e+01
1.764027343749997456e+01
1.640277343750000227e+01
1.493187499999998025e+01
1.568902343749998884e+01
1.692621093750000938e+01
1.607308593750000369e+01
1.937749999999997286e+01
1.806621093749999929e+01
1.536937500000001044e+01
1.390937500000000071e+01
1.725609375000000867e+01
1.800933593749999062e+01
1.391734374999999702e+01
1.704984374999999019e+01
1.529058593750000838e+01
1.852027343750001620e+01
1.578984374999999929e+01
1.601714843750000838e+01
1.651859375000001862e+01
1.651558593750001336e+01
1.639937500000001336e+01
1.527359375000000341e+01
1.845777343750000909e+01
1.617734374999999858e+01
1.619984374999998167e+01
1.801000000000000867e+01
1.470214843750000000e+01
1.735777343750000767e+01
2.265484375000001904e+01
1.797249999999998948e+01
1.734000000000002117e+01
1.564433593749999929e+01
1.612749999999999062e+01
1.498558593749999979e+01
1.413500000000002466e+01
1.546402343749999453e+01
1.548734375000000441e+01
1.456109374999999240e+01
1.530687500000000512e+01
1.550937500000000036e+01
1.492652343750000377e+01
1.573121093750000554e+01
1.449339843750000512e+01
1.624687499999999929e+01
1.687152343749999872e+01
1.604687500000000000e+01
1.600277343750000369e+01
1.476000000000000512e+01
2.113027343750000142e+01
1.681187499999999346e+01
1.506859374999997314e+01
1.463652343749999929e+01
1.428558593749999872e+01
1.487871093749999929e+01
1.489683593749999524e+01
1.439839843750000092e+01
1.347499999999999964e+01
1.650484375000000981e+01
1.563437500000000036e+01
1.553964843750000036e+01
1.589687499999999964e+01
1.463746093749998423e+01
1.609964843750000796e+01
1.552933593749999730e+01
1.507359374999998103e+01
1.393746093750000092e+01
1.629984374999999375e+01
1.719984375000001720e+01
1.518609374999997819e+01
1.313558593750001080e+01
1.604984374999999375e+01
1.674234375000001407e+01
1.680433593750000654e+01
1.319839843749999808e+01
1.363687499999999986e+01
1.616714843750001052e+01
1.559808593749999339e+01
1.528871093749999055e+01
1.520839843749999964e+01
1.512777343749999659e+01
1.492437499999998707e+01
1.685746093749999375e+01
1.699839843749999346e+01
1.701859374999997954e+01
1.417308593749999623e+01
1.445152343749999702e+01
1.449359374999998273e+01
1.500609374999997669e+01
1.713402343750000867e+01
1.707250000000000512e+01
2.029937499999998707e+01
2.024339843749999091e+01
1.659808593750000227e+01
1.634058593750001975e+01
1.662359375000000483e+01
1.601109374999999346e+01
1.673984374999999858e+01
1.683109374999997954e+01
1.680000000000000071e+01
1.833109375000001506e+01
1.389027343750001009e+01
1.744496093750002075e+01
1.643183593750000071e+01
1.624433593750000071e+01
1.637496093749999915e+01
1.744964843749997740e+01
1.731402343749999773e+01
1.635777343750001833e+01
1.678121093749998494e+01
1.412027343750002295e+01
1.557984375000000909e+01
1.560609374999998522e+01
1.363871093750001151e+01
1.451187499999998387e+01
1.294683593749998884e+01
1.275933593750000128e+01
1.451371093750000263e+01
1.357496093750000377e+01
1.364839843749999737e+01
1.547734374999999929e+01
1.682496093749998067e+01
1.526683593749999979e+01
1.785152343749999915e+01
1.449527343750001407e+01
1.418109374999999162e+01
1.530777343750001407e+01
1.324496093749999126e+01
1.447250000000002856e+01
1.487308593749999730e+01
1.487984374999999559e+01
1.519433593750000000e+01
1.600484375000000270e+01
1.418402343750000227e+01
1.625621093749997925e+01
1.531308593750000036e+01
1.369609374999999929e+01
1.476187500000000874e+01
1.350609375000001400e+01
1.493902343749999240e+01
1.656734375000000981e+01
1.611484374999999858e+01
1.340683593750000036e+01
1.276214843749998451e+01
1.347437499999998423e+01
1.346308593750000071e+01
1.549750000000000583e+01
1.458871093749999659e+01
1.390234375000000000e+01
1.332464843750001648e+01
1.564058593750001691e+01
1.499496093750000725e+01
1.245902343749997954e+01
1.433089843749998238e+01
1.599652343749999162e+01
1.663339843749999858e+01
1.482464843750000227e+01
1.328277343750000838e+01
1.575433593749999694e+01
1.586250000000000071e+01
1.466234374999999623e+01
1.486250000000000071e+01
1.197499999999999964e+01
1.476109374999998991e+01
1.406859374999998025e+01
1.434937499999998956e+01
1.401558593750002046e+01
1.524183593750000298e+01
1.378734375000000867e+01
1.385121093750002252e+01
1.464496093750001293e+01
1.438109375000001933e+01
1.653437500000000071e+01
1.453687500000001265e+01
1.574339843750000867e+01
1.344859375000000590e+01
1.397933593749999126e+01
1.523734375000001329e+01
1.607808593750002046e+01
1.476859374999999019e+01
1.512984375000002046e+01
1.388433593749999240e+01
1.628734374999999801e+01
1.599058593750001478e+01
1.663902343749999346e+01
1.549339843750000156e+01
1.506777343749999964e+01
1.202089843749999964e+01
1.441871093750000554e+01
1.361152343750000071e+01
1.328187499999997989e+01
1.519984374999999055e+01
1.521500000000001229e+01
1.535999999999999588e+01
1.567777343749998842e+01
1.430777343750000874e+01
1.538496093750000071e+01
1.659183593750000085e+01
1.579984374999999019e+01
1.579984374999999019e+01
4.934375000000000178e+00
1.290777343750001194e+01
1.992359374999997002e+01
2.489749999999998664e+01
3.242249999999998522e+01
3.558187499999999659e+01
2.803109374999997883e+01
3.747964843749998920e+01
3.704433593750000142e+01
3.773734375000000796e+01
4.277359374999998920e+01
4.678589843749999488e+01
4.787734375000000142e+01
3.550277343749998238e+01
3.938964843750000000e+01
4.975687499999999375e+01
3.778277343750001904e+01
4.038984374999999716e+01
3.941714843749998920e+01
3.981527343749996817e+01
4.524750000000003780e+01
4.120484375000001620e+01
4.081187500000000057e+01
3.062359375000000483e+01
3.037984374999999204e+01
3.194859374999997570e+01
3.076499999999997925e+01
3.038183593750000000e+01
2.786246093749996788e+01
2.309652343750001435e+01
2.467109375000000071e+01
2.011234374999998664e+01
2.299339843749999801e+01
2.047964843749998209e+01
2.522652343749999204e+01
2.228277343750000128e+01
2.128589843749999488e+01
2.517621093749999162e+01
2.411734375000002473e+01
2.732250000000003709e+01
2.593183593750000071e+01
2.043500000000000938e+01
2.149437499999997669e+01
1.809937499999999133e+01
1.868687499999999346e+01
1.982984375000001975e+01
1.940999999999998948e+01
2.415152343749999631e+01
1.983402343750000085e+01
1.777339843749998494e+01
1.590589843749999588e+01
2.334359375000000014e+01
2.056246093749997073e+01
1.796499999999998209e+01
1.779234374999999346e+01
1.969652343750001577e+01
1.212339843749998991e+01
1.612621093749999091e+01
1.572250000000000014e+01
1.900484374999999204e+01
1.531152343750000000e+01
1.857437500000000696e+01
1.939652343750000085e+01
1.631187500000000412e+01
1.996859374999997527e+01
2.069964843749997385e+01
1.935589843750002714e+01
1.851499999999999702e+01
1.805937499999999929e+01
1.693437499999999929e+01
1.727359374999999631e+01
1.461109374999998600e+01
1.758089843750001080e+01
1.736058593749999801e+01
1.393609374999998884e+01
1.618902343749999062e+01
1.570687500000000725e+01
2.368089843750002288e+01
1.589687499999999964e+01
1.560933593749999204e+01
2.016214843749997243e+01
1.521937499999998877e+01
1.705433593750000298e+01
1.715277343749997740e+01
1.568609374999998707e+01
1.429589843750000000e+01
1.572027343750002082e+01
1.939750000000000085e+01
1.819687499999999858e+01
1.548984375000000036e+01
1.719359375000002288e+01
1.974214843749997783e+01
2.268687499999999346e+01
1.967109375000000071e+01
1.782808593750000981e+01
1.579937500000000306e+01
1.751109374999999346e+01
1.727359374999998565e+01
1.957871093749999858e+01
1.829214843749999631e+01
1.808359374999999858e+01
1.750433593750000938e+01
1.568687500000000590e+01
1.763402343749999446e+01
1.906871093749997215e+01
1.491058593749999162e+01
1.503609375000000092e+01
1.452484374999999339e+01
1.815214843749999929e+01
1.701734374999999488e+01
1.502621093749999126e+01
1.665371093750000142e+01
1.532496093750000554e+01
1.504359374999998522e+01
1.796683593750001151e+01
1.592187500000000000e+01
1.326777343750000071e+01
1.389808593749999943e+01
1.561996093750002146e+01
1.820464843749998352e+01
1.688749999999999929e+01
2.039749999999998664e+01
1.982933593749999801e+01
1.967808593750002188e+01
1.801058593749998238e+01
1.731937499999997598e+01
1.443687500000001833e+01
1.743589843750001123e+01
1.907777343749999233e+01
1.638999999999998280e+01
1.747437500000001265e+01
1.295484375000000021e+01
1.604437500000000938e+01
1.928089843749999943e+01
1.542933593750000476e+01
1.539183593749999979e+01
1.430121093749999339e+01
1.484234375000001549e+01
1.397484375000000156e+01
1.598652343750000071e+01
1.358750000000000036e+01
1.274996093749998494e+01
1.527621093749999126e+01
1.589683593750000057e+01
1.995464843749997641e+01
1.676058593749998948e+01
1.568734374999999126e+01
1.777777343749999872e+01
1.871859374999998238e+01
1.559937499999999844e+01
1.649234374999999631e+01
1.826500000000002188e+01
1.587652343750000838e+01
1.483187499999998771e+01
1.537496093749997783e+01
1.389839843749999204e+01
1.500308593750001762e+01
1.559234375000000838e+01
1.615308593750001265e+01
1.914589843750000142e+01
1.559746093749999929e+01
1.459750000000001613e+01
1.556402343749999773e+01
1.539652343749999375e+01
1.769652343749999801e+01
1.520234375000000071e+01
1.987464843749999588e+01
1.796089843750000625e+01
1.758121093749999275e+01
1.933500000000002572e+01
2.347250000000000725e+01
1.594749999999999623e+01
1.591109374999997783e+01
1.568734374999998771e+01
1.701187500000001052e+01
1.804609375000000071e+01
1.761527343749998309e+01
1.611246093749999631e+01
1.677499999999999858e+01
1.526859375000001329e+01
1.618734375000000369e+01
1.427558593750000071e+01
1.821484375000000000e+01
1.480308593750001478e+01
1.530777343750001229e+01
1.289496093750000760e+01
1.657933593750000867e+01
1.282750000000001123e+01
1.456859375000000867e+01
1.434496093749999446e+01
1.760121093749997812e+01
1.219859374999997925e+01
1.344359374999997669e+01
1.374183593749999410e+01
1.314984374999999872e+01
1.412187499999999929e+01
1.380484374999999275e+01
1.433496093750000000e+01
1.344277343749999964e+01
1.532558593749999964e+01
1.314527343750001442e+01
1.486527343750000441e+01
1.794839843749999631e+01
1.794437500000000796e+01
1.400999999999999979e+01
1.523687499999999240e+01
1.396734374999999240e+01
1.314609375000000036e+01
1.582464843749999694e+01
1.469683593749999773e+01
1.422339843749998956e+01
1.602246093750000000e+01
1.645902343750001506e+01
1.443500000000002181e+01
1.322808593750001194e+01
1.486714843750000981e+01
1.538109375000001044e+01
1.485687500000001116e+01
1.548246093749999019e+01
1.503964843750000036e+01
1.256714843749998423e+01
1.523187499999999339e+01
1.458246093750001648e+01
1.548902343750000377e+01
1.514996093749999773e+01
1.548027343749999929e+01
1.660249999999998138e+01
1.321937499999999055e+01
1.394746093750000071e+01
1.475234374999999964e+01
1.544214843750000554e+01
1.558359375000000036e+01
1.566734375000001123e+01
1.285589843749998273e+01
1.465371093749999964e+01
1.304359374999998167e+01
1.290433593749999375e+01
1.141734375000001123e+01
1.331500000000001727e+01
1.240000000000000036e+01
1.328437500000000071e+01
1.208750000000000036e+01
1.278808593750000000e+01
1.290308593750000554e+01
1.269937500000000696e+01
1.461371093749998806e+01
1.156839843749999552e+01
1.172249999999999126e+01
1.461558593750001478e+01
1.224000000000001265e+01
1.259437499999999943e+01
1.264683593749999702e+01
1.232464843749999872e+01
1.384496093750000512e+01
1.091246093749998991e+01
1.331000000000001116e+01
1.244000000000000128e+01
1.381859374999998025e+01
1.470234375000000071e+01
1.277714843749999929e+01
1.194527343750001691e+01
1.397734374999999929e+01
1.338714843749998806e+01
1.546246093750000306e+01
1.353589843749999488e+01
1.489058593750001158e+01
1.642496093749999631e+01
1.181871093749998813e+01
1.306089843749998991e+01
1.428109374999997883e+01
1.144839843749999631e+01
1.186996093749999837e+01
1.286937499999998735e+01
1.326249999999999929e+01
1.111839843749999623e+01
1.474839843750000412e+01
1.472109374999999964e+01
1.347714843750000036e+01
1.589859374999998920e+01
1.520433593750000156e+01
1.358687500000000981e+01
1.221996093749998735e+01
1.323999999999999844e+01
1.310609375000001364e+01
1.282437500000000696e+01
1.277402343750000036e+01
1.342187500000000000e+01
1.421734375000001549e+01
1.402500000000000036e+01
1.411871093749999417e+01
1.320484375000001442e+01
1.257808593750000981e+01
1.432359374999999524e+01
1.405484375000001229e+01
1.374277343750000036e+01
1.558964843749999929e+01
1.395937499999999964e+01
1.366714843749998920e+01
1.348187499999999162e+01
1.439359374999998842e+01
1.291214843750001151e+01
1.309750000000002501e+01
1.317984374999999808e+01
1.310527343749999929e+01
1.258746093749998884e+01
1.518187499999999446e+01
1.332339843749998920e+01
1.329527343750000590e+01
1.562750000000001194e+01
1.458652343750000036e+01
1.536621093750000000e+01
1.550484374999998671e+01
1.686871093749997996e+01
1.353121093749998316e+01
1.442964843750000625e+01
2.031109375000000128e+01
1.505277343749999019e+01
1.303437500000000071e+01
1.385777343750002366e+01
1.643359375000000000e+01
1.586484375000000036e+01
1.862464843750000654e+01
1.601187499999999275e+01
1.551484375000000071e+01
1.682652343749998636e+01
1.379652343749999055e+01
1.573734374999999375e+01
1.351871093750000341e+01
1.364937500000000981e+01
1.392187500000000000e+01
1.542496093749998920e+01
1.426500000000000057e+01
1.529750000000001897e+01
1.289984374999998806e+01
1.291859374999997989e+01
1.429371093750000021e+01
2.080687499999999801e+01
2.038500000000001933e+01
1.866859374999999233e+01
1.892339843749999773e+01
1.770621093749999631e+01
1.766246093749998991e+01
1.713749999999999929e+01
1.685249999999997783e+01
1.429902343750000071e+01
1.501683593749999979e+01
1.441996093749998842e+01
1.452500000000000036e+01
1.471484375000000000e+01
1.385214843750000036e+01
1.713109374999998380e+01
1.483109375000002750e+01
1.441499999999999737e+01
1.473558593750000156e+01
1.613984375000000071e+01
1.846839843750002075e+01
1.920308593750002402e+01
1.728750000000000142e+01
1.814000000000000767e+01
1.873714843749997883e+01
1.733609374999999986e+01
2.315609375000000369e+01
1.636000000000000654e+01
1.436187500000000128e+01
1.593437499999999929e+01
2.176839843749999659e+01
1.440839843750000071e+01
1.662187499999999929e+01
1.200277343749999659e+01
1.380250000000000021e+01
1.505250000000000377e+01
1.397359374999998316e+01
1.984937499999998778e+01
1.584683593749999453e+01
1.417109375000000071e+01
1.417484374999999730e+01
1.330933593750000377e+01
1.181187499999999346e+01
1.406000000000001648e+01
1.618402343750000227e+01
1.491937500000000583e+01
1.446187500000000625e+01
1.148999999999999844e+01
1.357984375000000021e+01
1.484359375000001435e+01
1.249359375000000050e+01
1.375277343749999659e+01
1.303437500000000071e+01
1.212484375000000369e+01
1.149000000000000554e+01
1.459984374999998735e+01
1.454609375000000071e+01
3.514843749999999822e+00
5.018593750000000853e+00
7.671523437499985221e+00
1.340250000000000874e+01
1.936500000000001265e+01
2.161484374999999858e+01
2.180999999999999872e+01
3.207464843749995964e+01
3.345152343749998636e+01
4.006109374999997641e+01
4.319652343750000512e+01
4.799687500000000284e+01
3.879937499999999773e+01
4.091996093750002217e+01
4.443687500000000057e+01
3.807496093749997357e+01
4.406937499999999375e+01
3.239984374999999517e+01
2.944839843749999275e+01
3.240902343750002501e+01
3.486089843749997641e+01
2.766527343749998025e+01
2.591484374999999929e+01
2.632484374999997812e+01
2.456871093749997925e+01
2.646246093749998707e+01
2.590933593749998565e+01
2.229027343749999801e+01
2.244058593750001052e+01
1.929234375000000767e+01
1.954121093750000071e+01
1.975589843750001151e+01
1.755937499999999929e+01
2.046402343749998565e+01
1.953714843749998309e+01
3.155484374999998565e+01
2.090609374999996461e+01
2.343984375000000142e+01
2.582308593749998593e+01
1.921089843749999204e+01
2.499437500000000512e+01
2.605933593749998778e+01
2.522183593749999631e+01
2.436234374999997954e+01
2.738808593750000142e+01
2.254687500000000000e+01
2.106683593750000938e+01
2.006152343750000000e+01
2.373999999999998778e+01
2.308183593749999929e+01
2.390589843749999588e+01
2.180433593750001720e+01
2.389964843749998380e+01
1.897734374999999929e+01
2.132152343750001933e+01
2.051683593750000867e+01
1.787027343750001407e+01
1.835746093750000441e+01
1.477109375000000036e+01
1.481187500000000590e+01
1.712359374999997996e+01
1.743121093749999062e+01
1.628687500000001265e+01
1.887308593749998664e+01
1.606527343749998593e+01
1.543183593750000071e+01
1.751109374999999702e+01
1.427964843750001123e+01
1.620121093750000085e+01
1.650902343749999801e+01
1.679027343749998025e+01
1.699058593750001123e+01
1.688589843750000341e+01
1.402437500000000092e+01
1.558871093750001080e+01
1.428687500000000021e+01
1.582437499999999275e+01
1.391714843749998565e+01
1.398652343750000071e+01
1.432484374999998522e+01
1.747250000000001791e+01
1.516839843749998806e+01
1.457621093750001151e+01
1.562734374999999964e+01
1.423734375000000263e+01
1.262250000000000938e+01
1.624749999999999872e+01
1.577500000000000036e+01
1.689996093750000128e+01
1.507652343750000057e+01
1.529000000000000092e+01
1.369433593750000000e+01
1.461246093749999986e+01
1.470687500000000192e+01
1.520687500000001080e+01
1.903109374999999659e+01
1.759234375000002260e+01
2.013749999999999929e+01
1.908734375000000583e+01
2.070234375000000071e+01
1.874437500000001577e+01
2.113277343750001336e+01
2.031402343749999417e+01
2.248500000000003496e+01
2.518187500000003354e+01
1.841937499999999162e+01
2.523109374999998877e+01
2.129839843749998352e+01
2.266250000000000142e+01
1.730464843749998494e+01
1.886234374999999375e+01
1.843734374999998948e+01
1.831214843750000654e+01
2.048187499999999872e+01
2.046402343749999275e+01
1.876499999999997925e+01
1.576308593749999964e+01
1.586000000000001364e+01
1.585609374999999410e+01
1.742933593750000298e+01
1.949609375000000000e+01
2.253609374999999915e+01
1.789996093749999062e+01
1.791937499999997740e+01
1.591859374999998877e+01
1.564589843749999964e+01
1.852933593750001151e+01
2.034234375000000128e+01
1.591109374999998316e+01
1.798964843750000142e+01
1.633359374999999858e+01
1.904496093749999730e+01
1.810933593749999204e+01
1.509996093749998280e+01
1.741089843750000199e+01
1.861464843750000142e+01
2.036109374999998423e+01
1.807027343750000981e+01
2.134058593750000909e+01
1.690687500000000654e+01
1.480933593749999488e+01
1.996621093750000142e+01
1.708359374999999858e+01
1.644359375000001577e+01
1.763277343750001336e+01
1.587250000000001293e+01
1.548609374999998956e+01
1.754937499999998707e+01
2.015214843749999929e+01
1.850234375000000142e+01
2.824058593749999702e+01
1.928277343750000838e+01
1.669214843749998778e+01
1.767437500000001194e+01
1.719277343750000142e+01
1.556859375000001933e+01
1.539964843750000867e+01
1.690609375000001080e+01
1.751402343749999702e+01
1.702152343749998664e+01
1.499984374999999659e+01
1.501246093750000377e+01
1.578500000000002146e+01
1.839999999999999858e+01
1.634277343750000000e+01
1.694859375000000412e+01
2.033187499999997527e+01
1.674749999999999517e+01
1.520933593750000057e+01
1.916152343750000142e+01
1.638187499999998664e+01
1.758433593749999346e+01
1.657359374999999702e+01
1.528558593749998806e+01
1.308734374999998806e+01
1.688187500000001151e+01
1.667250000000002075e+01
1.690687499999999233e+01
1.462734374999999964e+01
1.432933593749999091e+01
1.602652343749999631e+01
1.532437500000000696e+01
1.683437500000000142e+01
1.807933593750000156e+01
1.447777343749999979e+01
1.681859374999998025e+01
1.929808593749999446e+01
1.598871093749999694e+01
1.720152343749999346e+01
1.758734374999998806e+01
1.676839843749998238e+01
1.843609375000000483e+01
1.969437499999999375e+01
1.995121093749999730e+01
1.485484375000001478e+01
1.587750000000000661e+01
1.535121093749999055e+01
1.516187500000000554e+01
1.687249999999999162e+01
1.546402343749999275e+01
1.717652343750000554e+01
1.472027343750001194e+01
1.537808593750000874e+01
1.683121093749998209e+01
1.710152343749999915e+01
1.799652343750000938e+01
1.832984374999998778e+01
1.684808593749999162e+01
1.841109374999998849e+01
1.675433593749999517e+01
1.807484374999999943e+01
1.830683593750000071e+01
1.667152343749999233e+01
1.824937500000000767e+01
1.623652343750000071e+01
1.653109374999997527e+01
1.551000000000000512e+01
1.902152343749999730e+01
1.692933593749999588e+01
1.711734375000000341e+01
1.669683593749999773e+01
1.641558593750001904e+01
1.694437500000000441e+01
1.792250000000000654e+01
1.604359375000000654e+01
1.462734374999999964e+01
1.731527343749999304e+01
1.659234375000000483e+01
1.508746093749999773e+01
1.415152343749999453e+01
1.488734374999998877e+01
1.551109374999998280e+01
1.630464843750000625e+01
1.461246093749998920e+01
1.539214843749998884e+01
1.619999999999999929e+01
1.645250000000001833e+01
1.706058593749999375e+01
1.639859374999998920e+01
1.523089843749997918e+01
1.667777343749999019e+01
2.129496093750002927e+01
1.872437500000000554e+01
1.856484375000000142e+01
1.594359374999999091e+01
1.523109374999997634e+01
1.627187500000000142e+01
1.591234374999999979e+01
1.658734374999999517e+01
1.553734375000000156e+01
1.433402343749997954e+01
1.623750000000000071e+01
1.736859375000001293e+01
1.548687500000001549e+01
1.542933593749999055e+01
1.439277343750000071e+01
1.575234374999999964e+01
1.425937500000000036e+01
1.386109375000000554e+01
1.656500000000001904e+01
1.472749999999999737e+01
1.515839843750000071e+01
1.626371093749999019e+01
1.325859374999999929e+01
1.373687500000001549e+01
1.521499999999998387e+01
1.632714843750000000e+01
1.611499999999999844e+01
1.762964843749998778e+01
1.797484374999998380e+01
1.575433593749999694e+01
1.652499999999999858e+01
1.516859374999998167e+01
1.537359374999998707e+01
1.600902343749999801e+01
1.776089843750000341e+01
1.812109375000000000e+01
1.914027343749997812e+01
2.607734375000000071e+01
1.808999999999999986e+01
1.602183593750000057e+01
1.801089843749999986e+01
1.964839843749999559e+01
1.974937500000001478e+01
1.685464843749999986e+01
1.444683593749999773e+01
1.816527343749998380e+01
1.759746093749999929e+01
2.020621093750000341e+01
1.882187499999999858e+01
2.108187499999999304e+01
1.692152343749999588e+01
1.638558593749998948e+01
1.767308593749999446e+01
2.096246093749997996e+01
1.883109374999997243e+01
1.761234374999999730e+01
1.809527343750001194e+01
1.958499999999999019e+01
1.644859374999999346e+01
1.847250000000000369e+01
1.706734374999998849e+01
1.781937500000000085e+01
2.463109374999999801e+01
2.385214843749999858e+01
2.119964843749999162e+01
2.007484374999998522e+01
1.800277343749999304e+01
2.013984375000000071e+01
1.866109375000001336e+01
1.898187499999999517e+01
1.846683593750000085e+01
2.371484375000000000e+01
2.082496093750000199e+01
2.070058593750000142e+01
1.859183593750001506e+01
1.744859374999998636e+01
1.850277343749997883e+01
1.841109375000001336e+01
1.987027343750001762e+01
1.741089843749999844e+01
1.945484375000000909e+01
2.090687500000002430e+01
1.958734374999998096e+01
2.072714843749999858e+01
1.806187499999998991e+01
1.618902343750000128e+01
1.756839843750001506e+01
1.745308593750000270e+01
1.660859375000000071e+01
2.072246093749999929e+01
2.063433593750000128e+01
1.750777343750000625e+01
1.635683593750000142e+01
1.951214843749998096e+01
1.611527343750000085e+01
1.883359374999999858e+01
2.181871093749997570e+01
1.932437499999998565e+01
1.848609375000000199e+01
1.847496093750001123e+01
1.683609375000000696e+01
1.667734374999999858e+01
1.652652343750000696e+01
1.678433593749999275e+01
1.860058593750000000e+01
2.132964843749998707e+01
2.025527343750000142e+01
1.751859375000001506e+01
1.853402343750001080e+01
1.871683593750000085e+01
1.769000000000001194e+01
2.182250000000002998e+01
2.158183593749999929e+01
1.989027343749997812e+01
1.649527343750001052e+01
2.161937500000001222e+01
1.931464843750000071e+01
2.183589843749999204e+01
2.439609374999999858e+01
2.066859375000000298e+01
2.023734374999999019e+01
1.930777343750001052e+01
2.455589843750001577e+01
2.083609375000001052e+01
1.732464843749998451e+01
2.001734375000001975e+01
1.985277343749999801e+01
2.294339843750002217e+01
1.768359375000000000e+01
1.986371093749998806e+01
1.854652343750001720e+01
1.655308593750002188e+01
1.875152343749999062e+01
1.696839843749998877e+01
1.532187500000000036e+01
1.486250000000000071e+01
1.926246093749998423e+01
1.843734374999999659e+01
1.897250000000001435e+01
1.761996093750000014e+01
2.105609374999997385e+01
1.781839843750002572e+01
1.872749999999999559e+01
1.973589843749999062e+01
2.222109375000000142e+01
1.982089843749999858e+01
1.676464843750000000e+01
1.844902343749999929e+01
1.803433593750000341e+01
1.912437500000000767e+01
1.669964843749998451e+01
1.669964843749998451e+01
1.005484375000000519e+01
1.585859375000000071e+01
2.224984374999998238e+01
1.744339843750002217e+01
2.048734374999997598e+01
3.322621093749999233e+01
2.488277343750000270e+01
4.201871093750001052e+01
4.071464843750000284e+01
4.199183593750001364e+01
4.847484375000001222e+01
4.224984375000000369e+01
3.446839843749998522e+01
5.037359374999999062e+01
4.700250000000003325e+01
4.302734375000000000e+01
3.470933593750000057e+01
3.782984374999999488e+01
3.633089843749999659e+01
3.482621093749997954e+01
3.162152343749999517e+01
3.541937500000000938e+01
3.848359374999999716e+01
2.994964843749998451e+01
3.190687499999996390e+01
2.451859375000000796e+01
2.736371093749999517e+01
3.538246093749999233e+01
3.083749999999999858e+01
2.771464843749999929e+01
2.621714843750000767e+01
2.990250000000002117e+01
2.526089843749998209e+01
2.664234374999999844e+01
2.528999999999999204e+01
2.611402343750000909e+01
2.360121093749999233e+01
1.940152343750000696e+01
2.179964843749999659e+01
2.334000000000002117e+01
2.537749999999997641e+01
2.232777343749999943e+01
2.696839843750002430e+01
2.800484375000000270e+01
2.036714843749998494e+01
2.183027343750000071e+01
1.806859375000000512e+01
2.333984375000000000e+01
1.666371093749999233e+01
1.932339843749999631e+01
1.731187500000002188e+01
2.014609374999999858e+01
1.805609374999998806e+01
1.809437499999999233e+01
1.725746093749999233e+01
2.040621093749998494e+01
2.112734375000000142e+01
1.720277343749999233e+01
1.719859374999999702e+01
1.955484374999999631e+01
1.698871093749999162e+01
1.659746093749999929e+01
1.805746093750001791e+01
1.661058593749999446e+01
1.452933593749999375e+01
1.600933593749999417e+01
1.396246093749999417e+01
1.632250000000000156e+01
1.481499999999999773e+01
1.631484375000000142e+01
1.391777343749999929e+01
1.396371093750002146e+01
1.547089843750000071e+01
1.595839843749999964e+01
1.685937500000000000e+01
1.721109375000000341e+01
1.546937499999999410e+01
1.513433593750000306e+01
1.832437499999999631e+01
1.515121093750001435e+01
2.057250000000002643e+01
1.577339843750000270e+01
1.367750000000000021e+01
1.445433593749998735e+01
1.566777343749999929e+01
1.560484374999999702e+01
1.361234375000000441e+01
1.631234374999998948e+01
1.375609374999998558e+01
1.419214843749998067e+01
1.623558593750000156e+01
1.511371093749999162e+01
1.463609375000000057e+01
1.399808593750000263e+01
1.498246093749998842e+01
1.493109375000001648e+01
1.344808593750000725e+01
1.466933593749999964e+01
1.365214843749999929e+01
1.669984375000000298e+01
1.548500000000000476e+01
1.428121093749998138e+01
1.474027343750000441e+01
1.527871093749999964e+01
1.797484375000000512e+01
1.428746093749998991e+01
1.477984374999999773e+01
1.933714843749997314e+01
1.849359374999997385e+01
1.713109375000000512e+01
1.426871093749998565e+01
1.488246093749999410e+01
1.654359375000000654e+01
1.395464843750000661e+01
1.643433593749999488e+01
1.441683593749999126e+01
1.625308593750001407e+01
1.663402343749998735e+01
1.672496093750000412e+01
1.776249999999999929e+01
1.600933593749999417e+01
1.456308593750000036e+01
1.666839843749998096e+01
1.827183593749999346e+01
1.831234374999999304e+01
1.592250000000001364e+01
1.680234374999999858e+01
1.651734375000001620e+01
1.468558593750000263e+01
1.575464843750000377e+01
1.332359374999998636e+01
1.517089843750000000e+01
1.724058593750000767e+01
1.563437500000000036e+01
1.503277343750000661e+01
1.239749999999999197e+01
1.401484375000000071e+01
1.524339843749998735e+01
1.567558593749999929e+01
1.611734375000002473e+01
1.595464843749998707e+01
1.465859374999999964e+01
1.440277343750000583e+01
1.558964843749999929e+01
1.654359374999998877e+01
1.708734374999999517e+01
1.866937500000002004e+01
1.598246093749999730e+01
1.459359374999998593e+01
1.604437500000000227e+01
1.363187499999999730e+01
1.659437500000000298e+01
1.425687499999998487e+01
1.601371093749999019e+01
2.000777343750001691e+01
1.673089843750001293e+01
1.600484375000001336e+01
1.749937499999999346e+01
1.688609374999999346e+01
1.775839843749999858e+01
1.418109375000002181e+01
1.746152343749999858e+01
1.520683593749999929e+01
1.496402343749999453e+01
1.667183593749999915e+01
1.856937499999999019e+01
1.583109374999998487e+01
1.738027343750000142e+01
1.326371093750002217e+01
1.632652343749999346e+01
1.557558593749999964e+01
1.683500000000001506e+01
1.692984375000001052e+01
1.344984374999999588e+01
1.521777343750000000e+01
1.578183593750000036e+01
1.563433593749999417e+01
1.660859375000000071e+01
1.627109374999999858e+01
1.470746093749999339e+01
1.495902343749999730e+01
1.415371093749999964e+01
1.312652343750000306e+01
1.496214843749998558e+01
1.387933593749999694e+01
1.442027343750001123e+01
1.687750000000000483e+01
1.469496093750001009e+01
1.505249999999999488e+01
1.494984374999998877e+01
