0.000000000000000000e+00
6.858199999999999818e+03
6.909399999999999636e+03
6.624600000000000364e+03
6.587800000000000182e+03
6.635800000000000182e+03
6.672600000000000364e+03
6.720600000000000364e+03
6.511000000000000000e+03
6.488600000000000364e+03
6.475800000000000182e+03
6.259800000000000182e+03
6.607000000000000000e+03
6.573399999999999636e+03
6.375000000000000000e+03
6.405399999999999636e+03
6.506199999999999818e+03
6.447000000000000000e+03
6.424600000000000364e+03
6.891800000000000182e+03
7.082199999999999818e+03
7.378199999999999818e+03
7.487000000000000000e+03
7.861399999999999636e+03
7.832600000000000364e+03
7.960600000000000364e+03
7.962199999999999818e+03
8.074199999999999818e+03
8.037399999999999636e+03
7.994199999999999818e+03
7.963800000000000182e+03
8.133399999999999636e+03
8.309399999999999636e+03
8.314200000000000728e+03
8.264600000000000364e+03
8.288600000000000364e+03
8.243799999999999272e+03
8.397399999999999636e+03
8.115800000000000182e+03
8.043800000000000182e+03
8.379799999999999272e+03
8.171800000000000182e+03
8.239000000000000000e+03
8.007000000000000000e+03
8.229399999999999636e+03
8.291799999999999272e+03
8.453399999999999636e+03
8.602200000000000728e+03
8.467799999999999272e+03
8.543000000000000000e+03
8.511000000000000000e+03
8.549399999999999636e+03
8.637399999999999636e+03
8.423000000000000000e+03
8.426200000000000728e+03
8.435799999999999272e+03
8.554200000000000728e+03
8.341399999999999636e+03
8.483799999999999272e+03
8.357399999999999636e+03
8.538200000000000728e+03
8.458200000000000728e+03
8.472600000000000364e+03
8.531799999999999272e+03
8.515799999999999272e+03
8.408600000000000364e+03
8.344600000000000364e+03
8.242200000000000728e+03
8.376600000000000364e+03
8.567000000000000000e+03
8.312600000000000364e+03
8.490200000000000728e+03
8.458200000000000728e+03
8.554200000000000728e+03
8.571799999999999272e+03
8.576600000000000364e+03
8.552600000000000364e+03
8.560600000000000364e+03
8.439000000000000000e+03
8.375000000000000000e+03
8.503000000000000000e+03
8.295000000000000000e+03
8.290200000000000728e+03
8.455000000000000000e+03
8.555799999999999272e+03
8.383000000000000000e+03
8.504600000000000364e+03
8.355799999999999272e+03
8.447000000000000000e+03
8.239000000000000000e+03
8.319000000000000000e+03
8.139800000000000182e+03
8.621399999999999636e+03
8.349399999999999636e+03
8.290200000000000728e+03
8.427799999999999272e+03
8.627799999999999272e+03
8.455000000000000000e+03
8.795799999999999272e+03
8.515799999999999272e+03
8.709399999999999636e+03
8.568600000000000364e+03
8.464600000000000364e+03
8.493399999999999636e+03
8.575000000000000000e+03
8.594200000000000728e+03
8.739799999999999272e+03
8.703000000000000000e+03
8.618200000000000728e+03
8.706200000000000728e+03
8.501399999999999636e+03
8.555799999999999272e+03
8.360600000000000364e+03
8.384600000000000364e+03
8.381399999999999636e+03
8.410200000000000728e+03
8.335000000000000000e+03
8.464600000000000364e+03
8.475799999999999272e+03
8.424600000000000364e+03
8.602200000000000728e+03
8.706200000000000728e+03
8.693399999999999636e+03
8.653399999999999636e+03
8.879000000000000000e+03
8.832600000000000364e+03
8.965399999999999636e+03
8.880600000000000364e+03
8.979799999999999272e+03
8.859799999999999272e+03
8.915799999999999272e+03
9.003799999999999272e+03
8.917399999999999636e+03
9.027799999999999272e+03
8.907799999999999272e+03
8.911000000000000000e+03
9.091799999999999272e+03
8.842200000000000728e+03
8.925399999999999636e+03
8.888600000000000364e+03
8.661399999999999636e+03
8.909399999999999636e+03
8.872600000000000364e+03
8.816600000000000364e+03
8.943000000000000000e+03
8.947799999999999272e+03
8.992600000000000364e+03
9.095000000000000000e+03
9.069399999999999636e+03
8.999000000000000000e+03
9.159000000000000000e+03
8.853399999999999636e+03
8.989399999999999636e+03
8.939799999999999272e+03
8.859799999999999272e+03
8.864600000000000364e+03
8.589399999999999636e+03
8.703000000000000000e+03
8.520600000000000364e+03
8.331799999999999272e+03
8.472600000000000364e+03
8.456600000000000364e+03
8.711000000000000000e+03
8.658200000000000728e+03
1.345320624999999927e+04
2.315787499999999909e+03
2.471000000000000000e+03
3.539800000000000182e+03
4.938199999999999818e+03
6.250199999999999818e+03
7.691800000000000182e+03
8.992600000000000364e+03
1.004539999999999964e+04
1.109339999999999964e+04
1.191900000000000000e+04
1.260060000000000036e+04
1.348220000000000073e+04
1.385820000000000073e+04
1.428060000000000036e+04
1.465660000000000036e+04
1.512860000000000036e+04
1.531260000000000036e+04
1.553660000000000036e+04
1.585020000000000073e+04
1.605179999999999927e+04
1.612860000000000036e+04
1.585979999999999927e+04
1.602620000000000073e+04
1.591900000000000000e+04
1.579260000000000036e+04
1.584220000000000073e+04
1.581179999999999927e+04
1.567100000000000000e+04
1.548860000000000036e+04
1.554460000000000036e+04
1.510300000000000000e+04
1.520860000000000036e+04
1.494620000000000073e+04
1.473179999999999927e+04
1.464220000000000073e+04
1.434779999999999927e+04
1.415739999999999964e+04
1.420220000000000073e+04
1.387100000000000000e+04
1.377179999999999927e+04
1.361660000000000036e+04
1.335579999999999927e+04
1.314620000000000073e+04
1.289660000000000036e+04
1.272220000000000073e+04
1.269179999999999927e+04
1.230779999999999927e+04
1.207260000000000036e+04
1.190779999999999927e+04
1.229020000000000073e+04
1.210620000000000073e+04
1.231739999999999964e+04
1.210460000000000036e+04
1.196060000000000036e+04
1.197339999999999964e+04
1.193339999999999964e+04
1.176220000000000073e+04
1.173979999999999927e+04
1.154779999999999927e+04
1.139100000000000000e+04
1.111100000000000000e+04
1.117500000000000000e+04
1.105339999999999964e+04
1.104860000000000036e+04
1.090620000000000073e+04
1.097820000000000073e+04
1.063420000000000073e+04
1.063739999999999964e+04
1.049500000000000000e+04
1.053820000000000073e+04
1.031739999999999964e+04
1.010939999999999964e+04
9.931799999999999272e+03
1.007260000000000036e+04
1.014939999999999964e+04
1.004700000000000000e+04
1.005660000000000036e+04
1.017820000000000073e+04
1.010779999999999927e+04
9.879000000000000000e+03
9.691799999999999272e+03
9.682200000000000728e+03
9.642200000000000728e+03
9.499799999999999272e+03
9.496600000000000364e+03
9.615000000000000000e+03
9.528600000000000364e+03
9.432600000000000364e+03
9.175000000000000000e+03
9.123799999999999272e+03
9.162200000000000728e+03
8.968600000000000364e+03
9.034200000000000728e+03
9.002200000000000728e+03
9.008600000000000364e+03
8.839000000000000000e+03
8.611799999999999272e+03
8.632600000000000364e+03
8.687000000000000000e+03
8.800600000000000364e+03
8.720600000000000364e+03
8.746200000000000728e+03
8.805399999999999636e+03
8.730200000000000728e+03
8.808600000000000364e+03
8.819799999999999272e+03
8.631000000000000000e+03
8.690200000000000728e+03
8.712600000000000364e+03
8.552600000000000364e+03
8.323799999999999272e+03
8.373399999999999636e+03
8.555799999999999272e+03
8.592600000000000364e+03
8.387799999999999272e+03
8.455000000000000000e+03
8.339799999999999272e+03
8.213399999999999636e+03
8.131800000000000182e+03
8.015000000000000000e+03
8.042199999999999818e+03
7.919000000000000000e+03
7.933399999999999636e+03
8.101399999999999636e+03
8.213399999999999636e+03
8.155800000000000182e+03
8.048600000000000364e+03
8.128600000000000364e+03
8.080600000000000364e+03
8.039000000000000000e+03
8.155800000000000182e+03
7.755800000000000182e+03
7.999000000000000000e+03
7.946199999999999818e+03
7.811800000000000182e+03
8.040600000000000364e+03
7.851800000000000182e+03
7.797399999999999636e+03
7.941399999999999636e+03
7.939800000000000182e+03
7.909399999999999636e+03
7.755800000000000182e+03
7.840600000000000364e+03
7.634199999999999818e+03
7.744600000000000364e+03
7.698199999999999818e+03
7.805399999999999636e+03
8.018199999999999818e+03
7.986199999999999818e+03
8.109399999999999636e+03
8.171800000000000182e+03
8.231000000000000000e+03
8.143000000000000000e+03
8.122199999999999818e+03
7.979800000000000182e+03
8.283799999999999272e+03
8.074199999999999818e+03
8.141399999999999636e+03
8.015000000000000000e+03
8.013399999999999636e+03
8.047000000000000000e+03
8.082199999999999818e+03
8.107800000000000182e+03
8.010199999999999818e+03
8.047000000000000000e+03
8.051800000000000182e+03
7.981399999999999636e+03
7.978199999999999818e+03
7.819800000000000182e+03
8.037399999999999636e+03
7.925399999999999636e+03
7.827800000000000182e+03
7.979800000000000182e+03
8.023000000000000000e+03
7.895000000000000000e+03
7.848600000000000364e+03
8.093399999999999636e+03
8.058199999999999818e+03
8.272600000000000364e+03
8.104600000000000364e+03
8.071000000000000000e+03
7.951000000000000000e+03
8.018199999999999818e+03
8.082199999999999818e+03
7.991000000000000000e+03
7.914199999999999818e+03
7.893399999999999636e+03
7.725399999999999636e+03
7.736600000000000364e+03
7.959000000000000000e+03
7.778199999999999818e+03
7.879000000000000000e+03
7.875800000000000182e+03
7.746199999999999818e+03
7.650199999999999818e+03
7.506199999999999818e+03
7.647000000000000000e+03
7.768600000000000364e+03
7.896600000000000364e+03
7.762199999999999818e+03
7.698199999999999818e+03
7.592600000000000364e+03
7.640600000000000364e+03
7.607000000000000000e+03
7.727000000000000000e+03
7.722199999999999818e+03
7.482199999999999818e+03
7.723800000000000182e+03
7.714199999999999818e+03
7.407000000000000000e+03
7.890199999999999818e+03
7.631000000000000000e+03
7.405399999999999636e+03
7.535000000000000000e+03
7.672600000000000364e+03
7.496600000000000364e+03
7.496600000000000364e+03
7.399000000000000000e+03
7.274199999999999818e+03
7.195800000000000182e+03
7.392600000000000364e+03
7.363800000000000182e+03
7.426199999999999818e+03
7.427800000000000182e+03
7.325399999999999636e+03
7.333399999999999636e+03
7.571800000000000182e+03
7.573399999999999636e+03
7.363800000000000182e+03
7.319000000000000000e+03
7.378199999999999818e+03
7.269399999999999636e+03
7.259800000000000182e+03
7.386199999999999818e+03
7.282199999999999818e+03
7.355800000000000182e+03
7.336600000000000364e+03
7.151000000000000000e+03
7.229399999999999636e+03
7.184600000000000364e+03
7.192600000000000364e+03
7.258199999999999818e+03
7.368600000000000364e+03
7.130199999999999818e+03
7.175000000000000000e+03
7.311000000000000000e+03
7.712600000000000364e+03
7.592600000000000364e+03
7.674199999999999818e+03
7.557399999999999636e+03
7.717399999999999636e+03
7.883800000000000182e+03
7.695000000000000000e+03
8.040600000000000364e+03
7.885399999999999636e+03
7.807000000000000000e+03
7.975000000000000000e+03
8.306200000000000728e+03
7.851800000000000182e+03
8.023000000000000000e+03
8.112600000000000364e+03
7.963800000000000182e+03
8.122199999999999818e+03
8.010199999999999818e+03
8.107800000000000182e+03
8.155800000000000182e+03
7.920600000000000364e+03
7.928600000000000364e+03
8.063000000000000000e+03
8.063000000000000000e+03
7.914199999999999818e+03
8.096600000000000364e+03
8.133399999999999636e+03
8.103000000000000000e+03
8.258200000000000728e+03
8.130199999999999818e+03
7.967000000000000000e+03
8.047000000000000000e+03
7.960600000000000364e+03
7.973399999999999636e+03
7.896600000000000364e+03
7.981399999999999636e+03
8.120600000000000364e+03
7.839000000000000000e+03
7.975000000000000000e+03
7.944600000000000364e+03
8.010199999999999818e+03
7.960600000000000364e+03
7.909399999999999636e+03
7.912600000000000364e+03
7.837399999999999636e+03
7.757399999999999636e+03
7.795800000000000182e+03
7.973399999999999636e+03
7.882199999999999818e+03
7.935000000000000000e+03
7.893399999999999636e+03
8.072600000000000364e+03
8.050199999999999818e+03
8.019800000000000182e+03
8.071000000000000000e+03
7.936600000000000364e+03
7.869399999999999636e+03
7.909399999999999636e+03
7.939800000000000182e+03
7.799000000000000000e+03
7.986199999999999818e+03
8.202200000000000728e+03
7.813399999999999636e+03
7.819800000000000182e+03
7.717399999999999636e+03
7.768600000000000364e+03
7.802199999999999818e+03
7.943000000000000000e+03
7.816600000000000364e+03
7.693399999999999636e+03
7.562199999999999818e+03
7.736600000000000364e+03
7.554199999999999818e+03
7.603800000000000182e+03
7.639000000000000000e+03
7.517399999999999636e+03
7.634199999999999818e+03
7.648600000000000364e+03
7.755800000000000182e+03
7.589399999999999636e+03
7.555800000000000182e+03
7.443800000000000182e+03
7.402199999999999818e+03
7.219800000000000182e+03
7.314199999999999818e+03
7.343000000000000000e+03
7.383000000000000000e+03
7.346199999999999818e+03
7.419800000000000182e+03
7.378199999999999818e+03
7.312600000000000364e+03
7.299800000000000182e+03
7.264600000000000364e+03
7.317399999999999636e+03
7.479000000000000000e+03
7.091800000000000182e+03
7.104600000000000364e+03
7.219800000000000182e+03
7.453399999999999636e+03
7.576600000000000364e+03
7.496600000000000364e+03
7.538199999999999818e+03
7.475800000000000182e+03
7.717399999999999636e+03
7.563800000000000182e+03
7.690199999999999818e+03
7.527000000000000000e+03
7.661399999999999636e+03
7.746199999999999818e+03
7.643800000000000182e+03
7.571800000000000182e+03
7.720600000000000364e+03
7.672600000000000364e+03
7.693399999999999636e+03
7.690199999999999818e+03
7.480600000000000364e+03
7.418199999999999818e+03
7.309399999999999636e+03
7.357399999999999636e+03
7.335000000000000000e+03
7.379800000000000182e+03
7.383000000000000000e+03
7.392600000000000364e+03
7.450199999999999818e+03
7.573399999999999636e+03
7.379800000000000182e+03
7.440600000000000364e+03
7.687000000000000000e+03
7.631000000000000000e+03
7.656600000000000364e+03
7.626199999999999818e+03
7.562199999999999818e+03
7.693399999999999636e+03
7.591000000000000000e+03
7.605399999999999636e+03
7.735000000000000000e+03
7.709399999999999636e+03
7.661399999999999636e+03
7.581399999999999636e+03
7.722199999999999818e+03
7.672600000000000364e+03
7.669399999999999636e+03
7.640600000000000364e+03
7.399000000000000000e+03
7.392600000000000364e+03
7.392600000000000364e+03
3.125375000000000000e+03
2.462993750000000091e+03
3.423000000000000000e+03
5.011800000000000182e+03
6.224600000000000364e+03
7.656600000000000364e+03
8.895000000000000000e+03
9.938200000000000728e+03
1.120220000000000073e+04
1.200379999999999927e+04
1.276860000000000036e+04
1.356860000000000036e+04
1.429020000000000073e+04
1.456539999999999964e+04
1.494779999999999927e+04
1.537020000000000073e+04
1.571739999999999964e+04
1.570939999999999964e+04
1.601179999999999927e+04
1.593179999999999927e+04
1.592060000000000036e+04
1.582939999999999964e+04
1.590460000000000036e+04
1.592379999999999927e+04
1.591900000000000000e+04
1.597500000000000000e+04
1.588860000000000036e+04
1.587900000000000000e+04
1.584220000000000073e+04
1.596379999999999927e+04
1.560860000000000036e+04
1.541020000000000073e+04
1.518139999999999964e+04
1.509979999999999927e+04
1.482139999999999964e+04
1.466620000000000073e+04
1.460220000000000073e+04
1.445820000000000073e+04
1.410939999999999964e+04
1.411579999999999927e+04
1.394779999999999927e+04
1.393179999999999927e+04
1.373979999999999927e+04
1.351100000000000000e+04
1.329820000000000073e+04
1.324060000000000036e+04
1.312700000000000000e+04
1.312860000000000036e+04
1.315100000000000000e+04
1.305660000000000036e+04
1.277339999999999964e+04
1.265339999999999964e+04
1.272539999999999964e+04
1.240700000000000000e+04
1.240060000000000036e+04
1.216379999999999927e+04
1.218300000000000000e+04
1.203900000000000000e+04
1.217020000000000073e+04
1.173339999999999964e+04
1.186300000000000000e+04
1.165179999999999927e+04
1.143900000000000000e+04
1.164539999999999964e+04
1.147579999999999927e+04
1.133660000000000036e+04
1.139420000000000073e+04
1.120060000000000036e+04
1.101500000000000000e+04
1.089500000000000000e+04
1.076379999999999927e+04
1.080860000000000036e+04
1.087900000000000000e+04
1.089020000000000073e+04
1.069500000000000000e+04
1.072379999999999927e+04
1.081979999999999927e+04
1.076379999999999927e+04
1.061820000000000073e+04
1.043579999999999927e+04
1.035579999999999927e+04
1.019420000000000073e+04
1.004220000000000073e+04
9.938200000000000728e+03
9.971799999999999272e+03
1.007260000000000036e+04
1.006620000000000073e+04
1.003100000000000000e+04
1.013660000000000036e+04
9.842200000000000728e+03
9.771799999999999272e+03
9.834200000000000728e+03
9.885399999999999636e+03
9.720600000000000364e+03
9.511000000000000000e+03
9.426200000000000728e+03
9.488600000000000364e+03
9.615000000000000000e+03
9.546200000000000728e+03
9.690200000000000728e+03
9.639000000000000000e+03
9.583000000000000000e+03
9.519000000000000000e+03
9.525399999999999636e+03
9.349399999999999636e+03
9.320600000000000364e+03
9.563799999999999272e+03
9.293399999999999636e+03
9.184600000000000364e+03
9.056600000000000364e+03
9.130200000000000728e+03
9.085399999999999636e+03
8.984600000000000364e+03
8.955799999999999272e+03
8.816600000000000364e+03
8.861399999999999636e+03
8.879000000000000000e+03
8.909399999999999636e+03
8.691799999999999272e+03
8.767000000000000000e+03
8.573399999999999636e+03
8.501399999999999636e+03
8.736600000000000364e+03
8.616600000000000364e+03
8.554200000000000728e+03
8.488600000000000364e+03
8.501399999999999636e+03
8.434200000000000728e+03
8.525399999999999636e+03
8.480600000000000364e+03
8.453399999999999636e+03
8.159000000000000000e+03
8.307799999999999272e+03
8.392600000000000364e+03
8.245399999999999636e+03
8.271000000000000000e+03
8.336600000000000364e+03
8.175000000000000000e+03
7.983000000000000000e+03
8.098199999999999818e+03
8.034199999999999818e+03
7.887000000000000000e+03
7.842199999999999818e+03
7.743000000000000000e+03
7.842199999999999818e+03
7.952600000000000364e+03
7.818199999999999818e+03
8.043800000000000182e+03
7.976600000000000364e+03
7.999000000000000000e+03
7.997399999999999636e+03
8.103000000000000000e+03
8.085399999999999636e+03
8.248600000000000364e+03
8.059800000000000182e+03
8.187800000000000182e+03
8.123800000000000182e+03
8.135000000000000000e+03
8.127000000000000000e+03
8.104600000000000364e+03
8.192600000000000364e+03
8.114199999999999818e+03
8.091800000000000182e+03
7.928600000000000364e+03
8.024600000000000364e+03
8.043800000000000182e+03
7.879000000000000000e+03
8.024600000000000364e+03
7.959000000000000000e+03
7.887000000000000000e+03
7.898199999999999818e+03
8.037399999999999636e+03
7.995800000000000182e+03
8.122199999999999818e+03
7.943000000000000000e+03
7.939800000000000182e+03
8.082199999999999818e+03
7.863000000000000000e+03
7.843800000000000182e+03
8.005399999999999636e+03
7.887000000000000000e+03
7.797399999999999636e+03
7.762199999999999818e+03
7.871000000000000000e+03
7.762199999999999818e+03
7.887000000000000000e+03
7.685399999999999636e+03
7.839000000000000000e+03
7.642199999999999818e+03
7.824600000000000364e+03
7.632600000000000364e+03
7.640600000000000364e+03
7.651800000000000182e+03
7.711000000000000000e+03
7.752600000000000364e+03
7.831000000000000000e+03
7.840600000000000364e+03
7.792600000000000364e+03
7.701399999999999636e+03
7.807000000000000000e+03
7.861399999999999636e+03
7.935000000000000000e+03
7.807000000000000000e+03
7.834199999999999818e+03
7.699800000000000182e+03
7.879000000000000000e+03
7.813399999999999636e+03
8.123800000000000182e+03
7.877399999999999636e+03
8.005399999999999636e+03
7.917399999999999636e+03
7.954199999999999818e+03
8.011800000000000182e+03
7.848600000000000364e+03
7.683800000000000182e+03
7.783000000000000000e+03
7.799000000000000000e+03
7.661399999999999636e+03
7.650199999999999818e+03
7.696600000000000364e+03
7.583000000000000000e+03
7.621399999999999636e+03
7.771800000000000182e+03
7.711000000000000000e+03
7.504600000000000364e+03
7.667800000000000182e+03
7.597399999999999636e+03
7.490199999999999818e+03
7.563800000000000182e+03
7.479000000000000000e+03
7.391000000000000000e+03
7.424600000000000364e+03
7.642199999999999818e+03
7.562199999999999818e+03
7.487000000000000000e+03
7.354199999999999818e+03
7.488600000000000364e+03
7.381399999999999636e+03
7.463000000000000000e+03
7.355800000000000182e+03
7.333399999999999636e+03
7.240600000000000364e+03
7.235800000000000182e+03
7.547800000000000182e+03
8.018199999999999818e+03
8.192600000000000364e+03
8.487000000000000000e+03
8.546200000000000728e+03
8.552600000000000364e+03
8.674200000000000728e+03
8.727000000000000000e+03
8.579799999999999272e+03
9.032600000000000364e+03
9.083799999999999272e+03
8.821399999999999636e+03
9.122200000000000728e+03
9.083799999999999272e+03
8.995799999999999272e+03
9.149399999999999636e+03
9.176600000000000364e+03
9.085399999999999636e+03
8.989399999999999636e+03
8.898200000000000728e+03
9.027799999999999272e+03
9.015000000000000000e+03
8.943000000000000000e+03
8.951000000000000000e+03
8.919000000000000000e+03
9.079000000000000000e+03
9.154200000000000728e+03
9.042200000000000728e+03
8.909399999999999636e+03
8.987799999999999272e+03
9.109399999999999636e+03
8.991000000000000000e+03
8.991000000000000000e+03
8.701399999999999636e+03
8.714200000000000728e+03
8.594200000000000728e+03
8.834200000000000728e+03
8.802200000000000728e+03
8.928600000000000364e+03
8.896600000000000364e+03
9.039000000000000000e+03
8.967000000000000000e+03
8.859799999999999272e+03
8.979799999999999272e+03
8.866200000000000728e+03
8.874200000000000728e+03
8.896600000000000364e+03
8.767000000000000000e+03
8.954200000000000728e+03
9.032600000000000364e+03
8.867799999999999272e+03
8.906200000000000728e+03
8.890200000000000728e+03
8.923799999999999272e+03
8.872600000000000364e+03
8.802200000000000728e+03
8.976600000000000364e+03
8.879000000000000000e+03
8.818200000000000728e+03
8.842200000000000728e+03
8.989399999999999636e+03
8.973399999999999636e+03
8.927000000000000000e+03
8.890200000000000728e+03
8.890200000000000728e+03
8.762200000000000728e+03
8.597399999999999636e+03
8.712600000000000364e+03
8.650200000000000728e+03
8.632600000000000364e+03
8.610200000000000728e+03
8.543000000000000000e+03
8.453399999999999636e+03
8.523799999999999272e+03
8.663000000000000000e+03
8.615000000000000000e+03
8.711000000000000000e+03
8.728600000000000364e+03
8.575000000000000000e+03
8.773399999999999636e+03
8.823000000000000000e+03
8.757399999999999636e+03
8.839000000000000000e+03
8.667799999999999272e+03
8.643799999999999272e+03
8.802200000000000728e+03
8.634200000000000728e+03
8.651799999999999272e+03
8.679000000000000000e+03
8.767000000000000000e+03
8.562200000000000728e+03
8.525399999999999636e+03
8.415000000000000000e+03
8.464600000000000364e+03
8.434200000000000728e+03
8.443799999999999272e+03
8.451799999999999272e+03
8.770200000000000728e+03
8.853399999999999636e+03
8.685399999999999636e+03
8.746200000000000728e+03
8.904600000000000364e+03
8.869399999999999636e+03
9.050200000000000728e+03
8.834200000000000728e+03
8.861399999999999636e+03
8.872600000000000364e+03
8.903000000000000000e+03
8.895000000000000000e+03
9.010200000000000728e+03
9.039000000000000000e+03
8.954200000000000728e+03
8.794200000000000728e+03
8.963799999999999272e+03
8.896600000000000364e+03
8.824600000000000364e+03
8.946200000000000728e+03
9.026200000000000728e+03
8.962200000000000728e+03
8.882200000000000728e+03
9.040600000000000364e+03
8.656600000000000364e+03
8.591000000000000000e+03
8.837399999999999636e+03
8.635799999999999272e+03
8.739799999999999272e+03
8.783000000000000000e+03
8.757399999999999636e+03
8.699799999999999272e+03
8.896600000000000364e+03
8.871000000000000000e+03
8.751000000000000000e+03
8.760600000000000364e+03
8.525399999999999636e+03
8.667799999999999272e+03
8.594200000000000728e+03
8.675799999999999272e+03
8.437399999999999636e+03
8.563799999999999272e+03
8.573399999999999636e+03
8.523799999999999272e+03
8.512600000000000364e+03
8.419799999999999272e+03
8.517399999999999636e+03
8.378200000000000728e+03
8.384600000000000364e+03
8.250200000000000728e+03
8.103000000000000000e+03
2.304593750000000000e+03
2.437400000000000091e+03
3.370199999999999818e+03
4.650199999999999818e+03
5.957399999999999636e+03
7.523800000000000182e+03
8.659799999999999272e+03
9.984600000000000364e+03
1.100860000000000036e+04
1.179260000000000036e+04
1.276860000000000036e+04
1.365179999999999927e+04
1.432379999999999927e+04
1.460700000000000000e+04
1.521660000000000036e+04
1.537339999999999964e+04
1.583739999999999964e+04
1.627420000000000073e+04
1.610779999999999927e+04
1.625500000000000000e+04
1.615260000000000036e+04
1.618460000000000036e+04
1.652700000000000000e+04
1.654620000000000073e+04
1.637020000000000073e+04
1.643100000000000000e+04
1.633020000000000073e+04
1.608860000000000036e+04
1.606300000000000000e+04
1.605020000000000073e+04
1.577820000000000073e+04
1.554620000000000073e+04
1.549979999999999927e+04
1.542139999999999964e+04
1.512220000000000073e+04
1.502779999999999927e+04
1.473179999999999927e+04
1.466939999999999964e+04
1.454460000000000036e+04
1.424539999999999964e+04
1.410139999999999964e+04
1.399420000000000073e+04
1.381020000000000073e+04
1.355260000000000036e+04
1.332860000000000036e+04
1.329660000000000036e+04
1.340860000000000036e+04
1.327420000000000073e+04
1.337339999999999964e+04
1.322939999999999964e+04
1.310939999999999964e+04
1.292220000000000073e+04
1.270300000000000000e+04
1.277339999999999964e+04
1.264700000000000000e+04
1.260060000000000036e+04
1.259579999999999927e+04
1.225339999999999964e+04
1.215260000000000036e+04
1.212060000000000036e+04
1.205500000000000000e+04
1.188379999999999927e+04
1.205339999999999964e+04
1.177820000000000073e+04
1.177660000000000036e+04
1.181979999999999927e+04
1.158620000000000073e+04
1.154620000000000073e+04
1.159260000000000036e+04
1.125660000000000036e+04
1.136860000000000036e+04
1.126300000000000000e+04
1.134620000000000073e+04
1.116220000000000073e+04
1.111100000000000000e+04
1.081339999999999964e+04
1.094460000000000036e+04
1.106460000000000036e+04
1.097179999999999927e+04
1.120539999999999964e+04
1.083579999999999927e+04
1.074139999999999964e+04
1.073339999999999964e+04
1.061979999999999927e+04
1.054460000000000036e+04
1.050460000000000036e+04
1.033820000000000073e+04
1.038779999999999927e+04
1.022139999999999964e+04
1.012860000000000036e+04
1.027900000000000000e+04
1.042779999999999927e+04
1.033179999999999927e+04
1.016700000000000000e+04
1.009179999999999927e+04
1.012220000000000073e+04
1.022300000000000000e+04
1.027420000000000073e+04
1.004860000000000036e+04
1.032860000000000036e+04
1.029820000000000073e+04
1.043100000000000000e+04
1.025500000000000000e+04
1.015100000000000000e+04
1.015100000000000000e+04
1.016700000000000000e+04
1.023100000000000000e+04
9.973399999999999636e+03
1.014300000000000000e+04
1.027260000000000036e+04
1.035100000000000000e+04
1.023100000000000000e+04
1.028060000000000036e+04
1.020700000000000000e+04
1.020700000000000000e+04
1.010939999999999964e+04
1.010300000000000000e+04
9.901399999999999636e+03
9.827799999999999272e+03
9.936600000000000364e+03
9.903000000000000000e+03
1.005500000000000000e+04
1.006939999999999964e+04
9.931799999999999272e+03
9.979799999999999272e+03
9.859799999999999272e+03
9.875799999999999272e+03
9.799000000000000000e+03
9.786200000000000728e+03
9.747799999999999272e+03
9.693399999999999636e+03
9.632600000000000364e+03
9.763799999999999272e+03
9.749399999999999636e+03
9.839000000000000000e+03
9.618200000000000728e+03
9.768600000000000364e+03
9.239000000000000000e+03
9.386200000000000728e+03
9.520600000000000364e+03
9.591000000000000000e+03
9.514200000000000728e+03
9.571799999999999272e+03
9.466200000000000728e+03
9.661399999999999636e+03
9.741399999999999636e+03
9.791000000000000000e+03
9.941399999999999636e+03
9.815000000000000000e+03
9.563799999999999272e+03
9.677399999999999636e+03
9.808600000000000364e+03
9.744600000000000364e+03
9.963799999999999272e+03
9.717399999999999636e+03
9.840600000000000364e+03
9.583000000000000000e+03
9.935000000000000000e+03
9.696600000000000364e+03
9.571799999999999272e+03
9.840600000000000364e+03
9.360600000000000364e+03
9.664600000000000364e+03
9.663000000000000000e+03
9.647000000000000000e+03
9.568600000000000364e+03
9.533399999999999636e+03
9.325399999999999636e+03
9.634200000000000728e+03
9.423000000000000000e+03
9.429399999999999636e+03
9.586200000000000728e+03
9.655000000000000000e+03
9.242200000000000728e+03
9.087000000000000000e+03
9.235799999999999272e+03
9.362200000000000728e+03
9.192600000000000364e+03
9.359000000000000000e+03
9.096600000000000364e+03
9.127000000000000000e+03
9.389399999999999636e+03
9.349399999999999636e+03
9.330200000000000728e+03
9.179799999999999272e+03
9.090200000000000728e+03
9.133399999999999636e+03
9.239000000000000000e+03
9.410200000000000728e+03
9.187799999999999272e+03
9.227799999999999272e+03
9.274200000000000728e+03
9.130200000000000728e+03
9.315799999999999272e+03
9.331799999999999272e+03
9.389399999999999636e+03
9.227799999999999272e+03
9.451799999999999272e+03
9.327000000000000000e+03
9.538200000000000728e+03
9.576600000000000364e+03
9.319000000000000000e+03
9.539799999999999272e+03
9.451799999999999272e+03
9.269399999999999636e+03
9.298200000000000728e+03
9.194200000000000728e+03
8.994200000000000728e+03
9.127000000000000000e+03
9.216600000000000364e+03
9.381399999999999636e+03
8.979799999999999272e+03
9.024600000000000364e+03
8.875799999999999272e+03
8.883799999999999272e+03
8.783000000000000000e+03
8.891799999999999272e+03
8.799000000000000000e+03
9.109399999999999636e+03
8.957399999999999636e+03
8.979799999999999272e+03
8.930200000000000728e+03
8.815000000000000000e+03
8.914200000000000728e+03
9.013399999999999636e+03
8.898200000000000728e+03
8.954200000000000728e+03
9.074200000000000728e+03
8.965399999999999636e+03
8.803799999999999272e+03
8.891799999999999272e+03
8.992600000000000364e+03
8.866200000000000728e+03
8.920600000000000364e+03
8.837399999999999636e+03
8.789399999999999636e+03
8.613399999999999636e+03
8.871000000000000000e+03
8.607000000000000000e+03
8.605399999999999636e+03
8.423000000000000000e+03
8.551000000000000000e+03
8.523799999999999272e+03
8.762200000000000728e+03
8.839000000000000000e+03
9.221399999999999636e+03
9.224600000000000364e+03
9.205399999999999636e+03
9.296600000000000364e+03
9.064600000000000364e+03
9.280600000000000364e+03
9.367000000000000000e+03
9.314200000000000728e+03
9.378200000000000728e+03
9.474200000000000728e+03
9.560600000000000364e+03
9.547799999999999272e+03
9.543000000000000000e+03
9.389399999999999636e+03
9.328600000000000364e+03
9.594200000000000728e+03
9.528600000000000364e+03
9.312600000000000364e+03
9.427799999999999272e+03
9.341399999999999636e+03
9.271000000000000000e+03
9.264600000000000364e+03
9.245399999999999636e+03
9.643799999999999272e+03
9.413399999999999636e+03
9.237399999999999636e+03
9.197399999999999636e+03
9.357399999999999636e+03
9.328600000000000364e+03
9.403799999999999272e+03
9.125399999999999636e+03
9.203799999999999272e+03
9.179799999999999272e+03
9.085399999999999636e+03
9.080600000000000364e+03
9.138200000000000728e+03
9.162200000000000728e+03
9.266200000000000728e+03
9.151000000000000000e+03
9.525399999999999636e+03
9.263000000000000000e+03
9.295000000000000000e+03
9.320600000000000364e+03
9.215000000000000000e+03
9.291799999999999272e+03
9.181399999999999636e+03
9.554200000000000728e+03
9.373399999999999636e+03
9.642200000000000728e+03
9.525399999999999636e+03
9.682200000000000728e+03
9.605399999999999636e+03
9.605399999999999636e+03
9.373399999999999636e+03
9.482200000000000728e+03
9.543000000000000000e+03
9.488600000000000364e+03
9.384600000000000364e+03
9.450200000000000728e+03
9.615000000000000000e+03
9.567000000000000000e+03
1.003900000000000000e+04
9.643799999999999272e+03
9.587799999999999272e+03
9.616600000000000364e+03
9.506200000000000728e+03
9.482200000000000728e+03
9.331799999999999272e+03
9.455000000000000000e+03
9.552600000000000364e+03
9.499799999999999272e+03
9.674200000000000728e+03
9.607000000000000000e+03
9.544600000000000364e+03
9.658200000000000728e+03
9.370200000000000728e+03
9.456600000000000364e+03
9.477399999999999636e+03
9.623000000000000000e+03
9.255000000000000000e+03
9.498200000000000728e+03
9.279000000000000000e+03
9.371799999999999272e+03
9.509399999999999636e+03
9.301399999999999636e+03
9.429399999999999636e+03
9.397399999999999636e+03
9.511000000000000000e+03
9.335000000000000000e+03
9.331799999999999272e+03
9.115799999999999272e+03
8.994200000000000728e+03
9.099799999999999272e+03
8.955799999999999272e+03
9.059799999999999272e+03
9.111000000000000000e+03
9.253399999999999636e+03
9.091799999999999272e+03
9.291799999999999272e+03
9.360600000000000364e+03
9.443799999999999272e+03
9.437399999999999636e+03
9.248600000000000364e+03
9.431000000000000000e+03
9.304600000000000364e+03
9.152600000000000364e+03
9.139799999999999272e+03
9.311000000000000000e+03
9.328600000000000364e+03
9.189399999999999636e+03
9.402200000000000728e+03
9.416600000000000364e+03
9.171799999999999272e+03
9.287000000000000000e+03
9.227799999999999272e+03
9.139799999999999272e+03
9.083799999999999272e+03
9.267799999999999272e+03
9.090200000000000728e+03
9.133399999999999636e+03
9.045399999999999636e+03
9.138200000000000728e+03
9.315799999999999272e+03
9.282200000000000728e+03
9.338200000000000728e+03
9.247000000000000000e+03
9.128600000000000364e+03
9.216600000000000364e+03
9.240600000000000364e+03
9.314200000000000728e+03
9.176600000000000364e+03
9.157399999999999636e+03
9.224600000000000364e+03
9.163799999999999272e+03
9.309399999999999636e+03
8.997399999999999636e+03
9.071000000000000000e+03
8.943000000000000000e+03
9.075799999999999272e+03
9.101399999999999636e+03
8.943000000000000000e+03
9.168600000000000364e+03
9.047000000000000000e+03
9.082200000000000728e+03
9.125399999999999636e+03
9.114200000000000728e+03
9.307799999999999272e+03
3.387781250000000000e+03
2.818199999999999818e+03
3.923800000000000182e+03
5.003800000000000182e+03
6.328600000000000364e+03
8.063000000000000000e+03
9.138200000000000728e+03
1.005820000000000073e+04
1.142139999999999964e+04
1.251579999999999927e+04
1.322779999999999927e+04
1.404060000000000036e+04
1.488860000000000036e+04
1.537339999999999964e+04
1.631739999999999964e+04
1.648859999999999854e+04
1.661179999999999927e+04
1.680059999999999854e+04
1.698140000000000146e+04
1.684540000000000146e+04
1.704059999999999854e+04
1.722459999999999854e+04
1.728220000000000073e+04
1.720220000000000073e+04
1.750620000000000073e+04
1.712859999999999854e+04
1.696540000000000146e+04
1.695420000000000073e+04
1.690459999999999854e+04
1.682779999999999927e+04
1.705659999999999854e+04
1.641020000000000073e+04
1.615100000000000000e+04
1.608060000000000036e+04
1.623579999999999927e+04
1.575739999999999964e+04
1.565339999999999964e+04
1.547579999999999927e+04
1.528220000000000073e+04
1.504060000000000036e+04
1.473500000000000000e+04
1.466300000000000000e+04
1.449820000000000073e+04
1.423579999999999927e+04
1.385660000000000036e+04
1.409500000000000000e+04
1.396220000000000073e+04
1.386939999999999964e+04
1.395739999999999964e+04
1.398939999999999964e+04
1.375739999999999964e+04
1.346939999999999964e+04
1.349820000000000073e+04
1.348220000000000073e+04
1.330620000000000073e+04
1.318460000000000036e+04
1.296220000000000073e+04
1.301500000000000000e+04
1.274300000000000000e+04
1.288379999999999927e+04
1.263420000000000073e+04
1.259739999999999964e+04
1.256060000000000036e+04
1.262460000000000036e+04
1.252379999999999927e+04
1.212060000000000036e+04
1.203420000000000073e+04
1.186300000000000000e+04
1.169020000000000073e+04
1.169500000000000000e+04
1.143900000000000000e+04
1.151900000000000000e+04
1.171579999999999927e+04
1.150460000000000036e+04
1.136060000000000036e+04
1.128539999999999964e+04
1.129179999999999927e+04
1.114620000000000073e+04
1.118139999999999964e+04
1.093500000000000000e+04
1.066939999999999964e+04
1.072700000000000000e+04
1.083100000000000000e+04
1.055100000000000000e+04
1.049339999999999964e+04
1.025820000000000073e+04
1.023739999999999964e+04
1.034300000000000000e+04
1.033179999999999927e+04
1.004060000000000036e+04
1.009020000000000073e+04
1.000860000000000036e+04
9.912600000000000364e+03
9.711000000000000000e+03
9.735000000000000000e+03
9.722200000000000728e+03
9.901399999999999636e+03
9.834200000000000728e+03
9.831000000000000000e+03
9.906200000000000728e+03
9.880600000000000364e+03
9.965399999999999636e+03
9.826200000000000728e+03
9.800600000000000364e+03
9.680600000000000364e+03
9.607000000000000000e+03
9.557399999999999636e+03
9.595799999999999272e+03
9.626200000000000728e+03
9.535000000000000000e+03
9.168600000000000364e+03
9.312600000000000364e+03
9.176600000000000364e+03
9.043799999999999272e+03
8.976600000000000364e+03
8.963799999999999272e+03
9.021399999999999636e+03
8.773399999999999636e+03
8.912600000000000364e+03
8.955799999999999272e+03
8.815000000000000000e+03
9.016600000000000364e+03
8.834200000000000728e+03
8.914200000000000728e+03
9.095000000000000000e+03
9.010200000000000728e+03
8.935000000000000000e+03
8.863000000000000000e+03
8.840600000000000364e+03
8.562200000000000728e+03
8.743000000000000000e+03
8.847000000000000000e+03
8.631000000000000000e+03
8.707799999999999272e+03
8.426200000000000728e+03
8.507799999999999272e+03
8.472600000000000364e+03
8.264600000000000364e+03
8.632600000000000364e+03
8.315799999999999272e+03
8.115800000000000182e+03
8.141399999999999636e+03
8.127000000000000000e+03
8.179800000000000182e+03
8.040600000000000364e+03
8.383000000000000000e+03
8.522200000000000728e+03
8.583000000000000000e+03
8.645399999999999636e+03
8.723799999999999272e+03
8.685399999999999636e+03
8.357399999999999636e+03
8.643799999999999272e+03
8.589399999999999636e+03
8.459799999999999272e+03
8.514200000000000728e+03
8.752600000000000364e+03
8.619799999999999272e+03
8.482200000000000728e+03
8.322200000000000728e+03
8.315799999999999272e+03
8.475799999999999272e+03
8.451799999999999272e+03
8.439000000000000000e+03
8.450200000000000728e+03
8.402200000000000728e+03
8.333399999999999636e+03
8.131800000000000182e+03
8.261399999999999636e+03
8.400600000000000364e+03
8.335000000000000000e+03
8.552600000000000364e+03
8.504600000000000364e+03
8.661399999999999636e+03
8.739799999999999272e+03
8.725399999999999636e+03
8.664600000000000364e+03
8.771799999999999272e+03
8.683799999999999272e+03
8.675799999999999272e+03
8.987799999999999272e+03
8.963799999999999272e+03
9.051799999999999272e+03
8.944600000000000364e+03
9.034200000000000728e+03
9.075799999999999272e+03
9.053399999999999636e+03
9.061399999999999636e+03
9.216600000000000364e+03
8.919000000000000000e+03
8.960600000000000364e+03
9.050200000000000728e+03
8.888600000000000364e+03
9.005399999999999636e+03
9.242200000000000728e+03
9.434200000000000728e+03
9.175000000000000000e+03
9.130200000000000728e+03
9.256600000000000364e+03
9.232600000000000364e+03
9.149399999999999636e+03
9.285399999999999636e+03
9.176600000000000364e+03
9.066200000000000728e+03
9.189399999999999636e+03
9.200600000000000364e+03
9.250200000000000728e+03
9.061399999999999636e+03
9.093399999999999636e+03
9.165399999999999636e+03
9.312600000000000364e+03
9.112600000000000364e+03
9.178200000000000728e+03
9.056600000000000364e+03
9.101399999999999636e+03
9.091799999999999272e+03
9.019799999999999272e+03
8.875799999999999272e+03
9.139799999999999272e+03
9.242200000000000728e+03
9.130200000000000728e+03
9.191000000000000000e+03
9.109399999999999636e+03
9.098200000000000728e+03
9.175000000000000000e+03
9.239000000000000000e+03
9.187799999999999272e+03
9.159000000000000000e+03
9.019799999999999272e+03
9.093399999999999636e+03
9.170200000000000728e+03
9.251799999999999272e+03
9.003799999999999272e+03
9.083799999999999272e+03
8.962200000000000728e+03
9.037399999999999636e+03
9.205399999999999636e+03
9.176600000000000364e+03
9.077399999999999636e+03
9.029399999999999636e+03
9.259799999999999272e+03
9.474200000000000728e+03
1.269660000000000036e+04
1.306939999999999964e+04
1.325179999999999927e+04
1.345339999999999964e+04
1.355739999999999964e+04
1.363900000000000000e+04
1.365820000000000073e+04
1.375900000000000000e+04
1.374620000000000073e+04
1.386620000000000073e+04
1.405979999999999927e+04
1.408700000000000000e+04
1.425500000000000000e+04
1.421179999999999927e+04
1.422300000000000000e+04
1.425979999999999927e+04
1.428220000000000073e+04
1.430939999999999964e+04
1.413979999999999927e+04
1.413660000000000036e+04
1.433339999999999964e+04
1.408060000000000036e+04
1.421339999999999964e+04
1.409020000000000073e+04
1.432379999999999927e+04
1.427579999999999927e+04
1.452700000000000000e+04
1.444220000000000073e+04
1.415900000000000000e+04
1.423100000000000000e+04
1.424379999999999927e+04
1.422139999999999964e+04
1.441820000000000073e+04
1.417020000000000073e+04
1.376060000000000036e+04
1.395100000000000000e+04
1.399739999999999964e+04
1.401179999999999927e+04
1.398939999999999964e+04
1.406460000000000036e+04
1.395739999999999964e+04
1.401820000000000073e+04
1.405339999999999964e+04
1.416220000000000073e+04
1.402300000000000000e+04
1.400220000000000073e+04
1.401020000000000073e+04
1.392700000000000000e+04
1.413020000000000073e+04
1.418939999999999964e+04
1.418460000000000036e+04
1.433979999999999927e+04
1.421500000000000000e+04
1.439100000000000000e+04
1.444220000000000073e+04
1.449979999999999927e+04
1.439739999999999964e+04
1.438300000000000000e+04
1.435739999999999964e+04
1.436060000000000036e+04
1.442939999999999964e+04
1.455900000000000000e+04
1.448860000000000036e+04
1.451739999999999964e+04
1.439739999999999964e+04
1.438139999999999964e+04
1.421979999999999927e+04
1.432700000000000000e+04
1.430460000000000036e+04
1.425500000000000000e+04
1.407260000000000036e+04
1.422779999999999927e+04
1.421500000000000000e+04
1.413179999999999927e+04
1.434939999999999964e+04
1.453179999999999927e+04
1.442460000000000036e+04
1.438939999999999964e+04
1.434139999999999964e+04
1.438779999999999927e+04
1.411260000000000036e+04
1.415260000000000036e+04
1.421339999999999964e+04
1.417820000000000073e+04
1.398139999999999964e+04
1.412700000000000000e+04
1.404220000000000073e+04
1.396220000000000073e+04
1.402939999999999964e+04
1.390939999999999964e+04
1.377339999999999964e+04
1.408220000000000073e+04
1.377820000000000073e+04
1.382460000000000036e+04
1.374620000000000073e+04
1.382939999999999964e+04
1.379100000000000000e+04
1.404700000000000000e+04
1.410460000000000036e+04
1.410460000000000036e+04
1.416060000000000036e+04
1.428700000000000000e+04
1.432060000000000036e+04
1.444700000000000000e+04
1.449179999999999927e+04
1.445660000000000036e+04
1.454939999999999964e+04
1.444700000000000000e+04
1.464220000000000073e+04
1.443900000000000000e+04
1.447420000000000073e+04
1.465820000000000073e+04
1.468700000000000000e+04
1.462779999999999927e+04
1.441660000000000036e+04
1.456220000000000073e+04
1.463900000000000000e+04
1.473820000000000073e+04
1.455420000000000073e+04
1.441339999999999964e+04
1.448860000000000036e+04
1.461820000000000073e+04
1.437820000000000073e+04
1.463100000000000000e+04
1.460700000000000000e+04
1.461500000000000000e+04
1.461979999999999927e+04
1.471900000000000000e+04
1.470939999999999964e+04
1.470939999999999964e+04
1.456700000000000000e+04
1.453179999999999927e+04
1.437820000000000073e+04
1.469179999999999927e+04
1.442300000000000000e+04
1.432379999999999927e+04
1.429979999999999927e+04
1.443420000000000073e+04
1.424539999999999964e+04
1.430460000000000036e+04
1.441820000000000073e+04
1.433339999999999964e+04
1.435579999999999927e+04
1.424060000000000036e+04
1.416860000000000036e+04
1.425500000000000000e+04
1.427900000000000000e+04
1.430620000000000073e+04
1.433500000000000000e+04
1.438939999999999964e+04
1.438939999999999964e+04
2.664599999999999909e+03
3.455000000000000000e+03
4.567000000000000000e+03
6.114199999999999818e+03
7.250199999999999818e+03
8.586200000000000728e+03
9.840600000000000364e+03
1.109500000000000000e+04
1.227579999999999927e+04
1.327260000000000036e+04
1.417820000000000073e+04
1.451900000000000000e+04
1.531100000000000000e+04
1.572379999999999927e+04
1.619100000000000000e+04
1.650940000000000146e+04
1.685340000000000146e+04
1.710140000000000146e+04
1.706300000000000000e+04
1.717979999999999927e+04
1.741020000000000073e+04
1.741979999999999927e+04
1.758140000000000146e+04
1.748859999999999854e+04
1.751100000000000000e+04
1.740540000000000146e+04
1.753340000000000146e+04
1.726620000000000073e+04
1.722779999999999927e+04
1.702940000000000146e+04
1.697020000000000073e+04
1.654620000000000073e+04
1.630620000000000073e+04
1.612539999999999964e+04
1.612379999999999927e+04
1.587579999999999927e+04
1.561979999999999927e+04
1.555260000000000036e+04
1.540220000000000073e+04
1.528700000000000000e+04
1.509979999999999927e+04
1.477820000000000073e+04
1.476379999999999927e+04
1.453179999999999927e+04
1.452700000000000000e+04
1.461660000000000036e+04
1.449500000000000000e+04
1.430779999999999927e+04
1.425020000000000073e+04
1.409820000000000073e+04
1.407739999999999964e+04
1.397660000000000036e+04
1.392539999999999964e+04
1.382300000000000000e+04
1.362300000000000000e+04
1.367579999999999927e+04
1.364379999999999927e+04
1.347260000000000036e+04
1.339420000000000073e+04
1.298139999999999964e+04
1.290779999999999927e+04
1.281020000000000073e+04
1.258939999999999964e+04
1.269020000000000073e+04
1.231739999999999964e+04
1.226939999999999964e+04
1.216220000000000073e+04
1.209660000000000036e+04
1.205979999999999927e+04
1.189339999999999964e+04
1.187739999999999964e+04
1.184539999999999964e+04
1.154300000000000000e+04
1.143739999999999964e+04
1.163260000000000036e+04
1.152379999999999927e+04
1.146139999999999964e+04
1.153979999999999927e+04
1.109979999999999927e+04
1.088539999999999964e+04
1.108539999999999964e+04
1.120220000000000073e+04
1.117020000000000073e+04
1.127739999999999964e+04
1.123100000000000000e+04
1.079739999999999964e+04
1.076539999999999964e+04
1.074939999999999964e+04
1.067100000000000000e+04
1.039260000000000036e+04
1.058300000000000000e+04
1.033339999999999964e+04
1.054620000000000073e+04
1.049820000000000073e+04
1.080379999999999927e+04
1.064539999999999964e+04
1.053339999999999964e+04
1.038939999999999964e+04
1.027579999999999927e+04
1.034620000000000073e+04
1.020539999999999964e+04
1.037020000000000073e+04
1.031420000000000073e+04
1.023260000000000036e+04
1.020220000000000073e+04
1.008060000000000036e+04
1.010779999999999927e+04
9.901399999999999636e+03
9.994200000000000728e+03
1.007900000000000000e+04
9.973399999999999636e+03
9.834200000000000728e+03
9.703000000000000000e+03
9.559000000000000000e+03
9.866200000000000728e+03
9.690200000000000728e+03
9.603799999999999272e+03
9.747799999999999272e+03
9.626200000000000728e+03
9.589399999999999636e+03
9.944600000000000364e+03
9.634200000000000728e+03
9.459799999999999272e+03
9.440600000000000364e+03
9.634200000000000728e+03
9.472600000000000364e+03
9.648600000000000364e+03
9.527000000000000000e+03
9.459799999999999272e+03
9.607000000000000000e+03
9.351000000000000000e+03
9.216600000000000364e+03
9.208600000000000364e+03
9.179799999999999272e+03
9.053399999999999636e+03
9.104600000000000364e+03
8.906200000000000728e+03
8.898200000000000728e+03
9.015000000000000000e+03
9.002200000000000728e+03
8.795799999999999272e+03
8.991000000000000000e+03
9.095000000000000000e+03
9.258200000000000728e+03
9.219799999999999272e+03
9.282200000000000728e+03
9.333399999999999636e+03
9.418200000000000728e+03
9.157399999999999636e+03
9.250200000000000728e+03
9.259799999999999272e+03
9.253399999999999636e+03
9.224600000000000364e+03
9.304600000000000364e+03
9.304600000000000364e+03
9.338200000000000728e+03
9.571799999999999272e+03
9.439000000000000000e+03
9.307799999999999272e+03
9.258200000000000728e+03
9.338200000000000728e+03
9.376600000000000364e+03
9.459799999999999272e+03
9.400600000000000364e+03
9.171799999999999272e+03
9.123799999999999272e+03
9.163799999999999272e+03
9.109399999999999636e+03
9.186200000000000728e+03
9.163799999999999272e+03
9.107799999999999272e+03
9.059799999999999272e+03
9.352600000000000364e+03
9.240600000000000364e+03
9.147799999999999272e+03
8.867799999999999272e+03
8.971799999999999272e+03
8.968600000000000364e+03
9.095000000000000000e+03
8.850200000000000728e+03
8.875799999999999272e+03
8.727000000000000000e+03
8.655000000000000000e+03
8.781399999999999636e+03
8.808600000000000364e+03
8.920600000000000364e+03
8.784600000000000364e+03
8.655000000000000000e+03
8.515799999999999272e+03
8.653399999999999636e+03
8.626200000000000728e+03
8.645399999999999636e+03
8.835799999999999272e+03
8.610200000000000728e+03
8.648600000000000364e+03
8.717399999999999636e+03
8.715799999999999272e+03
8.605399999999999636e+03
8.447000000000000000e+03
8.347799999999999272e+03
8.587799999999999272e+03
8.458200000000000728e+03
8.551000000000000000e+03
8.554200000000000728e+03
8.677399999999999636e+03
8.600600000000000364e+03
8.602200000000000728e+03
8.491799999999999272e+03
8.575000000000000000e+03
8.437399999999999636e+03
8.504600000000000364e+03
8.335000000000000000e+03
8.399000000000000000e+03
8.323799999999999272e+03
8.413399999999999636e+03
8.461399999999999636e+03
8.539799999999999272e+03
8.365399999999999636e+03
8.277399999999999636e+03
8.303000000000000000e+03
8.175000000000000000e+03
8.213399999999999636e+03
8.251799999999999272e+03
8.135000000000000000e+03
8.163800000000000182e+03
8.135000000000000000e+03
7.971800000000000182e+03
8.043800000000000182e+03
8.034199999999999818e+03
7.965399999999999636e+03
7.856600000000000364e+03
7.850199999999999818e+03
7.802199999999999818e+03
7.887000000000000000e+03
7.811800000000000182e+03
7.535000000000000000e+03
7.455000000000000000e+03
7.607000000000000000e+03
7.539800000000000182e+03
7.819800000000000182e+03
8.127000000000000000e+03
7.947800000000000182e+03
8.226200000000000728e+03
8.226200000000000728e+03
8.315799999999999272e+03
8.447000000000000000e+03
8.528600000000000364e+03
8.642200000000000728e+03
8.467799999999999272e+03
8.488600000000000364e+03
8.771799999999999272e+03
9.040600000000000364e+03
8.920600000000000364e+03
1.249811249999999927e+04
1.080053750000000036e+04
1.222614999999999964e+04
1.055578750000000036e+04
1.310458124999999927e+04
1.076857500000000073e+04
1.344698749999999927e+04
1.434299374999999964e+04
1.405179375000000073e+04
1.423739374999999927e+04
1.446459375000000000e+04
9.840575000000000728e+03
9.328581249999999272e+03
9.525375000000000000e+03
9.482181249999999636e+03
9.594181249999999636e+03
9.851793750000000728e+03
1.216216875000000073e+04
1.187097500000000036e+04
1.028058749999999964e+04
1.052379375000000073e+04
1.055259375000000000e+04
1.017339374999999927e+04
1.035259375000000000e+04
9.208593750000000000e+03
9.138193750000000364e+03
8.915793750000000728e+03
8.933393749999999272e+03
8.798993749999999636e+03
8.646993749999999636e+03
8.352593750000000000e+03
8.078993749999999636e+03
8.237393749999999272e+03
7.917393750000000182e+03
8.221393749999999272e+03
8.488587499999999636e+03
8.424593750000000000e+03
8.155793749999999818e+03
8.136593750000000000e+03
8.160593750000000000e+03
8.338193750000000364e+03
8.390993749999999636e+03
8.046993749999999636e+03
8.173393750000000182e+03
8.051793749999999818e+03
8.125393750000000182e+03
7.995793749999999818e+03
7.838993749999999636e+03
8.286987499999999272e+03
7.864593750000000000e+03
7.930193750000000364e+03
7.619793749999999818e+03
7.461393750000000182e+03
8.376581249999999272e+03
8.040581250000000182e+03
7.373393750000000182e+03
7.280593750000000000e+03
7.600587499999999636e+03
7.682187500000000000e+03
7.112593750000000000e+03
7.373393750000000182e+03
7.963781250000000000e+03
7.430987500000000182e+03
7.797381250000000364e+03
7.776581250000000182e+03
8.238975000000000364e+03
7.506187500000000000e+03
7.830981249999999818e+03
7.870981249999999818e+03
8.691768749999999272e+03
7.982975000000000364e+03
8.384568750000000364e+03
8.008574999999999818e+03
8.066175000000000182e+03
8.477368749999999636e+03
8.290168750000000728e+03
8.402168750000000728e+03
8.341368749999999636e+03
7.949375000000000000e+03
7.835774999999999636e+03
8.026175000000000182e+03
8.285368749999999636e+03
8.357368749999999636e+03
8.438968750000000000e+03
8.674162500000000364e+03
8.411768749999999272e+03
8.157375000000000000e+03
7.864581250000000182e+03
8.173375000000000000e+03
7.702981249999999818e+03
7.893381250000000364e+03
8.002181249999999636e+03
8.096581250000000182e+03
8.061381250000000364e+03
8.008581250000000182e+03
7.923781250000000000e+03
7.872581250000000182e+03
7.936581250000000182e+03
7.869381250000000364e+03
7.915781250000000000e+03
7.704581250000000182e+03
8.224575000000000728e+03
7.837381250000000364e+03
8.109375000000000000e+03
7.573387499999999818e+03
7.894981249999999818e+03
8.338174999999999272e+03
8.374975000000000364e+03
7.874181249999999636e+03
8.658168750000000728e+03
8.581368749999999636e+03
8.794168750000000728e+03
8.170175000000000182e+03
7.933375000000000000e+03
7.842175000000000182e+03
8.478968750000000000e+03
8.378168750000000728e+03
7.594181249999999636e+03
8.515768749999999272e+03
8.070975000000000364e+03
9.514149999999999636e+03
7.781375000000000000e+03
7.776574999999999818e+03
7.886975000000000364e+03
8.304568750000000364e+03
8.269368749999999636e+03
8.150968750000000000e+03
8.170168749999999818e+03
7.874175000000000182e+03
7.971774999999999636e+03
8.144568750000000364e+03
7.810175000000000182e+03
7.554181249999999636e+03
7.990975000000000364e+03
8.674162500000000364e+03
7.914175000000000182e+03
7.970175000000000182e+03
8.014975000000000364e+03
8.067774999999999636e+03
8.067774999999999636e+03
1.515559375000000000e+04
1.393802499999999964e+04
1.337964999999999964e+04
1.228369375000000036e+04
1.083573749999999927e+04
9.069381250000000364e+03
9.886993749999999636e+03
1.085819375000000036e+04
1.180379375000000073e+04
1.267259375000000000e+04
1.321979375000000073e+04
1.395899374999999964e+04
1.470299374999999964e+04
1.492700000000000000e+04
1.521660000000000036e+04
1.552700000000000000e+04
1.582139999999999964e+04
1.591260000000000036e+04
1.610620000000000073e+04
1.627420000000000073e+04
1.648700000000000000e+04
1.659100000000000000e+04
1.660700000000000000e+04
1.653500000000000000e+04
1.650140000000000146e+04
1.638459999999999854e+04
1.641979999999999927e+04
1.635260000000000036e+04
1.633020000000000073e+04
1.594139999999999964e+04
1.579420000000000073e+04
1.569179999999999927e+04
1.557820000000000073e+04
1.547739999999999964e+04
1.544860000000000036e+04
1.493500000000000000e+04
1.511100000000000000e+04
1.468700000000000000e+04
1.448539999999999964e+04
1.440700000000000000e+04
1.419260000000000036e+04
1.420860000000000036e+04
1.413820000000000073e+04
1.401179999999999927e+04
1.397500000000000000e+04
1.406620000000000073e+04
1.372860000000000036e+04
1.383100000000000000e+04
1.383900000000000000e+04
1.400379375000000073e+04
1.390139374999999927e+04
1.363259375000000000e+04
1.347099374999999964e+04
1.353819375000000036e+04
1.341979375000000073e+04
1.323899374999999964e+04
1.295900000000000000e+04
1.321179375000000073e+04
1.305339374999999927e+04
1.291739374999999927e+04
1.272379375000000073e+04
1.278299374999999964e+04
1.258939374999999927e+04
1.261019375000000036e+04
1.251099374999999964e+04
1.236699374999999964e+04
1.231579375000000073e+04
1.227579375000000073e+04
1.193019375000000036e+04
1.200859375000000000e+04
1.172059375000000000e+04
1.175899374999999964e+04
1.157179375000000073e+04
1.145339374999999927e+04
1.160539374999999927e+04
1.129979375000000073e+04
1.115739374999999927e+04
1.116059375000000000e+04
1.120059375000000000e+04
1.125179375000000073e+04
1.100219375000000036e+04
1.075419375000000036e+04
1.066459375000000000e+04
1.056539374999999927e+04
1.046299374999999964e+04
1.033339374999999927e+04
1.030459375000000000e+04
1.007099374999999964e+04
1.021659375000000000e+04
1.011579375000000073e+04
1.018939374999999927e+04
1.032539374999999927e+04
1.011099374999999964e+04
1.015099374999999964e+04
1.013979375000000073e+04
9.962193750000000364e+03
1.000219375000000036e+04
9.766993749999999636e+03
9.845393749999999272e+03
9.758993749999999636e+03
9.611793750000000728e+03
9.542993749999999636e+03
9.677393749999999272e+03
9.725393749999999272e+03
9.832593750000000000e+03
9.846993749999999636e+03
9.710993749999999636e+03
9.518993749999999636e+03
9.630993749999999636e+03
9.672593750000000000e+03
9.446993749999999636e+03
9.605393749999999272e+03
9.379793750000000728e+03
9.482193750000000364e+03
9.507793750000000728e+03
9.488593750000000000e+03
9.635793750000000728e+03
9.685393749999999272e+03
9.490193750000000364e+03
9.507793750000000728e+03
9.554193750000000364e+03
9.653393749999999272e+03
9.470993749999999636e+03
9.722193750000000364e+03
9.472593750000000000e+03
9.378193750000000364e+03
9.307793750000000728e+03
9.270993749999999636e+03
9.334993749999999636e+03
9.107793750000000728e+03
9.246993749999999636e+03
9.251793750000000728e+03
9.000593750000000000e+03
8.934993749999999636e+03
8.990993749999999636e+03
8.933393749999999272e+03
8.882193750000000364e+03
8.960593750000000000e+03
9.030993749999999636e+03
9.173393749999999272e+03
9.256593750000000000e+03
9.358993749999999636e+03
9.066193750000000364e+03
9.206993749999999636e+03
9.229393749999999272e+03
9.222993749999999636e+03
9.346193750000000364e+03
9.254993749999999636e+03
9.307793750000000728e+03
9.314193750000000364e+03
9.347793750000000728e+03
9.312593750000000000e+03
9.358993749999999636e+03
9.405393749999999272e+03
9.320593750000000000e+03
9.262993749999999636e+03
9.531793750000000728e+03
9.240593750000000000e+03
9.272593750000000000e+03
9.291793750000000728e+03
9.288593750000000000e+03
9.389393749999999272e+03
9.330193750000000364e+03
9.139793750000000728e+03
9.075793750000000728e+03
9.147793750000000728e+03
9.125393749999999272e+03
9.184593750000000000e+03
9.086993749999999636e+03
9.179793750000000728e+03
9.250193750000000364e+03
9.176593750000000000e+03
9.285393749999999272e+03
9.160593750000000000e+03
9.155793750000000728e+03
9.176593750000000000e+03
9.154193750000000364e+03
9.059793750000000728e+03
9.138193750000000364e+03
9.197393749999999272e+03
9.056593750000000000e+03
9.021393749999999272e+03
8.971793750000000728e+03
8.970193750000000364e+03
8.899793750000000728e+03
8.870993749999999636e+03
8.736593750000000000e+03
8.952593750000000000e+03
8.947793750000000728e+03
8.813393749999999272e+03
8.778193750000000364e+03
9.038993749999999636e+03
9.104593750000000000e+03
9.054993749999999636e+03
9.110993749999999636e+03
9.216593750000000000e+03
8.776593750000000000e+03
9.019793750000000728e+03
8.947793750000000728e+03
8.931793750000000728e+03
8.918993749999999636e+03
9.018193750000000364e+03
8.907793750000000728e+03
8.842193750000000364e+03
8.637393749999999272e+03
8.666193750000000364e+03
8.690193750000000364e+03
8.688593750000000000e+03
8.725393749999999272e+03
8.683793750000000728e+03
8.606993749999999636e+03
8.426193750000000364e+03
8.325393749999999272e+03
8.541393749999999272e+03
8.517393749999999272e+03
8.504593750000000000e+03
8.586193750000000364e+03
8.285393749999999272e+03
8.674193750000000364e+03
8.573393749999999272e+03
8.488593750000000000e+03
8.646993749999999636e+03
8.445393749999999272e+03
8.710987499999999272e+03
8.571793750000000728e+03
8.280593750000000000e+03
8.458193750000000364e+03
8.350993749999999636e+03
8.438993749999999636e+03
8.350993749999999636e+03
8.054993749999999636e+03
8.072593750000000000e+03
7.984593750000000000e+03
8.040593750000000000e+03
8.021393750000000182e+03
8.088593750000000000e+03
8.037393750000000182e+03
8.398993749999999636e+03
8.506193750000000364e+03
8.987793750000000728e+03
8.806993749999999636e+03
9.230993749999999636e+03
9.480593750000000000e+03
9.192593750000000000e+03
9.558993749999999636e+03
9.549393749999999272e+03
9.378193750000000364e+03
9.354193750000000364e+03
9.534993749999999636e+03
9.699793750000000728e+03
9.672593750000000000e+03
9.704593750000000000e+03
9.779793750000000728e+03
9.462993749999999636e+03
9.728593750000000000e+03
9.640593750000000000e+03
9.584593750000000000e+03
9.624593750000000000e+03
9.563793750000000728e+03
9.550993749999999636e+03
9.419793750000000728e+03
9.754193750000000364e+03
9.616593750000000000e+03
9.520593750000000000e+03
9.672593750000000000e+03
9.779793750000000728e+03
9.891793750000000728e+03
9.987793750000000728e+03
9.822993749999999636e+03
9.944593750000000000e+03
9.754193750000000364e+03
9.768593750000000000e+03
9.773393749999999272e+03
9.917393749999999272e+03
9.966993749999999636e+03
1.006939374999999927e+04
9.962193750000000364e+03
9.965393749999999272e+03
9.896593750000000000e+03
9.912593750000000000e+03
9.896593750000000000e+03
9.789393749999999272e+03
9.750993749999999636e+03
9.845393749999999272e+03
9.722193750000000364e+03
9.602193750000000364e+03
9.779793750000000728e+03
9.699793750000000728e+03
9.805393749999999272e+03
9.694993749999999636e+03
9.962193750000000364e+03
9.706193750000000364e+03
9.858193750000000364e+03
9.890193750000000364e+03
9.827793750000000728e+03
9.808593750000000000e+03
9.568593750000000000e+03
9.704593750000000000e+03
9.594193750000000364e+03
9.686993749999999636e+03
9.768593750000000000e+03
9.624593750000000000e+03
9.571793750000000728e+03
9.512593750000000000e+03
9.565393749999999272e+03
9.486993749999999636e+03
9.403793750000000728e+03
9.451793750000000728e+03
9.232593750000000000e+03
9.269393749999999272e+03
9.371793750000000728e+03
9.418193750000000364e+03
9.474193750000000364e+03
9.430993749999999636e+03
9.434193750000000364e+03
9.446993749999999636e+03
9.413393749999999272e+03
9.555793750000000728e+03
9.357393749999999272e+03
9.438993749999999636e+03
9.384593750000000000e+03
9.096593750000000000e+03
9.117393749999999272e+03
9.355793750000000728e+03
9.381393749999999272e+03
9.170193750000000364e+03
9.154193750000000364e+03
9.179793750000000728e+03
9.086993749999999636e+03
9.219793750000000728e+03
9.160593750000000000e+03
9.059793750000000728e+03
9.122193750000000364e+03
9.160593750000000000e+03
9.122193750000000364e+03
9.115793750000000728e+03
9.312593750000000000e+03
9.578193750000000364e+03
9.626193750000000364e+03
9.589393749999999272e+03
9.621393749999999272e+03
9.558993749999999636e+03
9.477393749999999272e+03
9.421393749999999272e+03
9.622993749999999636e+03
9.482193750000000364e+03
9.355793750000000728e+03
9.467793750000000728e+03
9.752593750000000000e+03
9.589393749999999272e+03
9.704593750000000000e+03
9.528593750000000000e+03
9.597393749999999272e+03
9.443793750000000728e+03
9.518993749999999636e+03
9.246993749999999636e+03
9.482193750000000364e+03
9.488593750000000000e+03
9.461393749999999272e+03
9.490193750000000364e+03
9.723793750000000728e+03
9.686993749999999636e+03
9.630993749999999636e+03
9.856593750000000000e+03
9.773393749999999272e+03
9.640593750000000000e+03
9.659793750000000728e+03
9.650193750000000364e+03
9.579793750000000728e+03
9.533393749999999272e+03
9.342993749999999636e+03
9.342993749999999636e+03
9.286993749999999636e+03
9.142993749999999636e+03
9.320593750000000000e+03
9.312593750000000000e+03
9.277393749999999272e+03
9.331793750000000728e+03
9.099793750000000728e+03
9.194193750000000364e+03
9.386193750000000364e+03
9.194193750000000364e+03
9.264593750000000000e+03
9.098193750000000364e+03
9.408593750000000000e+03
9.330193750000000364e+03
9.405393749999999272e+03
9.651793750000000728e+03
9.562193750000000364e+03
9.597393749999999272e+03
9.466193750000000364e+03
9.466193750000000364e+03
1.626437500000000000e+04
1.583558749999999964e+04
1.551241250000000036e+04
1.371886249999999927e+04
1.047413125000000036e+04
9.878962499999999636e+03
9.800587499999999636e+03
1.044379375000000073e+04
1.163579375000000073e+04
1.253979375000000073e+04
1.339259375000000000e+04
1.357820000000000073e+04
1.424860000000000036e+04
1.483260000000000036e+04
1.497820000000000073e+04
1.534139999999999964e+04
1.585820000000000073e+04
1.609020000000000073e+04
1.646779999999999927e+04
1.673179999999999927e+04
1.661020000000000073e+04
1.665820000000000073e+04
1.669500000000000000e+04
1.680379999999999927e+04
1.664540000000000146e+04
1.646620000000000073e+04
1.640059999999999854e+04
1.619900000000000000e+04
1.625500000000000000e+04
1.618460000000000036e+04
1.602939999999999964e+04
1.589179999999999927e+04
1.588700000000000000e+04
1.575260000000000036e+04
1.546779999999999927e+04
1.525979999999999927e+04
1.504379999999999927e+04
1.507420000000000073e+04
1.480379999999999927e+04
1.484379999999999927e+04
1.456220000000000073e+04
1.459100000000000000e+04
1.437020000000000073e+04
1.451100000000000000e+04
1.435260000000000036e+04
1.434939999999999964e+04
1.438620000000000073e+04
1.422620000000000073e+04
1.386939999999999964e+04
1.362939999999999964e+04
1.367579999999999927e+04
1.353339999999999964e+04
1.336539999999999964e+04
1.331739999999999964e+04
1.320220000000000073e+04
1.337020000000000073e+04
1.321500000000000000e+04
1.290300000000000000e+04
1.285660000000000036e+04
1.270460000000000036e+04
1.249020000000000073e+04
1.237500000000000000e+04
1.232060000000000036e+04
1.218300000000000000e+04
1.220539999999999964e+04
1.192539999999999964e+04
1.213179999999999927e+04
1.200060000000000036e+04
1.190139999999999964e+04
1.199739374999999927e+04
1.186459375000000000e+04
1.188699374999999964e+04
1.138779999999999927e+04
1.169979375000000073e+04
1.156059375000000000e+04
1.159259375000000000e+04
1.151579375000000073e+04
1.140859375000000000e+04
1.106139374999999927e+04
1.108699374999999964e+04
1.116379375000000073e+04
1.112539374999999927e+04
1.094619375000000036e+04
1.080059375000000000e+04
1.072379375000000073e+04
1.126939374999999927e+04
1.089019375000000036e+04
1.054939374999999927e+04
1.041819375000000036e+04
1.053819375000000036e+04
1.042939374999999927e+04
1.060859375000000000e+04
1.049499374999999964e+04
1.060379375000000073e+04
1.061499374999999964e+04
1.076219375000000036e+04
1.054299374999999964e+04
1.049499374999999964e+04
1.061979375000000073e+04
1.037659375000000000e+04
1.051259375000000000e+04
1.043899374999999964e+04
1.038779375000000073e+04
1.045499374999999964e+04
1.054939374999999927e+04
1.029339374999999927e+04
1.037979375000000073e+04
1.015099374999999964e+04
1.021499374999999964e+04
1.012859375000000000e+04
1.018299374999999964e+04
1.004379375000000073e+04
1.004859375000000000e+04
9.907793750000000728e+03
1.017819375000000036e+04
1.010619375000000036e+04
1.021339374999999927e+04
1.003099374999999964e+04
9.958993749999999636e+03
9.827793750000000728e+03
1.009179375000000073e+04
9.963793750000000728e+03
9.915793750000000728e+03
9.750993749999999636e+03
9.912593750000000000e+03
9.616593750000000000e+03
9.688593750000000000e+03
9.590993749999999636e+03
9.542993749999999636e+03
9.667793750000000728e+03
9.530193750000000364e+03
9.494993749999999636e+03
9.414993749999999636e+03
9.501393749999999272e+03
9.483793750000000728e+03
9.389393749999999272e+03
9.198993749999999636e+03
9.229393749999999272e+03
9.360593750000000000e+03
9.317393749999999272e+03
9.509393749999999272e+03
9.557393749999999272e+03
9.528593750000000000e+03
9.563793750000000728e+03
9.581393749999999272e+03
9.469393749999999272e+03
9.341393749999999272e+03
9.528593750000000000e+03
9.368593750000000000e+03
9.094993749999999636e+03
9.275793750000000728e+03
9.322193750000000364e+03
9.187793750000000728e+03
9.341393749999999272e+03
9.034193750000000364e+03
8.960593750000000000e+03
8.899793750000000728e+03
9.146193750000000364e+03
9.080593750000000000e+03
9.122193750000000364e+03
8.982993749999999636e+03
9.024593750000000000e+03
8.902993749999999636e+03
8.886993749999999636e+03
8.805393749999999272e+03
9.184593750000000000e+03
8.930193750000000364e+03
9.019793750000000728e+03
8.942993749999999636e+03
8.946193750000000364e+03
9.053393749999999272e+03
8.795793750000000728e+03
8.754193750000000364e+03
8.754193750000000364e+03
8.814993749999999636e+03
8.918993749999999636e+03
8.851793750000000728e+03
8.942993749999999636e+03
9.006993749999999636e+03
8.778193750000000364e+03
8.789393749999999272e+03
9.006993749999999636e+03
8.638993749999999636e+03
8.813393749999999272e+03
8.798993749999999636e+03
8.722193750000000364e+03
8.603793750000000728e+03
9.016593750000000000e+03
8.962193750000000364e+03
8.963793750000000728e+03
8.976593750000000000e+03
8.786193750000000364e+03
8.771793750000000728e+03
8.894993749999999636e+03
8.736593750000000000e+03
8.486993749999999636e+03
8.696593750000000000e+03
8.757393749999999272e+03
8.670993749999999636e+03
8.512593750000000000e+03
8.792593750000000000e+03
8.595793750000000728e+03
8.477393749999999272e+03
8.690193750000000364e+03
8.654993749999999636e+03
8.658193750000000364e+03
8.712593750000000000e+03
8.413393749999999272e+03
8.442193750000000364e+03
8.410193750000000364e+03
8.483793750000000728e+03
8.637393749999999272e+03
8.371793750000000728e+03
8.482193750000000364e+03
8.248593750000000000e+03
8.493393749999999272e+03
8.416593750000000000e+03
8.402193750000000364e+03
8.506193750000000364e+03
8.509393749999999272e+03
8.338193750000000364e+03
8.222993749999999636e+03
8.389393749999999272e+03
8.682193750000000364e+03
8.624593750000000000e+03
8.354193750000000364e+03
8.531793750000000728e+03
8.338193750000000364e+03
8.450193750000000364e+03
8.170193750000000364e+03
8.419793750000000728e+03
8.240593750000000000e+03
8.066193750000000364e+03
8.096593750000000000e+03
7.995793749999999818e+03
8.058193750000000364e+03
8.195793750000000728e+03
8.301393749999999272e+03
8.408593750000000000e+03
8.446993749999999636e+03
8.528593750000000000e+03
8.605393749999999272e+03
8.630993749999999636e+03
8.635793750000000728e+03
8.714193750000000364e+03
8.846993749999999636e+03
8.762193750000000364e+03
8.883793750000000728e+03
8.947793750000000728e+03
9.013393749999999272e+03
8.813393749999999272e+03
8.941393749999999272e+03
8.898193750000000364e+03
8.848593750000000000e+03
9.011793750000000728e+03
8.974993749999999636e+03
8.995793750000000728e+03
9.042193750000000364e+03
8.787793750000000728e+03
8.867793750000000728e+03
8.987793750000000728e+03
8.883793750000000728e+03
8.902993749999999636e+03
9.086993749999999636e+03
9.066193750000000364e+03
8.971793750000000728e+03
8.811793750000000728e+03
8.936593750000000000e+03
8.875793750000000728e+03
8.690193750000000364e+03
8.765393749999999272e+03
8.661393749999999272e+03
8.774993749999999636e+03
8.893393749999999272e+03
8.854993749999999636e+03
9.003793750000000728e+03
8.800593750000000000e+03
8.774993749999999636e+03
8.742993749999999636e+03
8.669393749999999272e+03
8.784593750000000000e+03
8.674193750000000364e+03
8.530193750000000364e+03
8.318993749999999636e+03
8.640593750000000000e+03
8.837393749999999272e+03
8.733393749999999272e+03
8.790993749999999636e+03
8.853393749999999272e+03
8.776593750000000000e+03
8.835793750000000728e+03
8.710993749999999636e+03
8.619793750000000728e+03
8.765393749999999272e+03
8.843793750000000728e+03
8.718993749999999636e+03
8.939793750000000728e+03
8.886993749999999636e+03
8.846993749999999636e+03
8.875793750000000728e+03
8.939793750000000728e+03
8.762193750000000364e+03
8.829393749999999272e+03
8.869393749999999272e+03
8.850193750000000364e+03
8.594193750000000364e+03
8.658193750000000364e+03
8.685393749999999272e+03
8.773393749999999272e+03
8.683793750000000728e+03
8.874193750000000364e+03
8.859793750000000728e+03
8.810193750000000364e+03
8.874193750000000364e+03
8.901393749999999272e+03
8.669393749999999272e+03
8.728593750000000000e+03
8.907793750000000728e+03
8.758993749999999636e+03
8.509393749999999272e+03
8.360593750000000000e+03
8.682187500000000000e+03
8.245393749999999272e+03
8.378193750000000364e+03
8.202193750000000364e+03
8.366993749999999636e+03
8.214993749999999636e+03
8.341393749999999272e+03
8.416593750000000000e+03
8.310993749999999636e+03
8.117393750000000182e+03
8.005393750000000182e+03
8.136593750000000000e+03
8.080593750000000000e+03
8.024593750000000000e+03
8.195793750000000728e+03
8.178193750000000364e+03
8.315793750000000728e+03
8.802193750000000364e+03
8.194193750000000364e+03
8.301393749999999272e+03
8.470993749999999636e+03
8.398993749999999636e+03
8.459793750000000728e+03
8.510993749999999636e+03
8.427793750000000728e+03
8.443793750000000728e+03
8.525393749999999272e+03
8.470993749999999636e+03
8.376593750000000000e+03
8.421393749999999272e+03
8.390987499999999272e+03
8.488593750000000000e+03
8.456593750000000000e+03
8.426193750000000364e+03
8.312593750000000000e+03
8.517393749999999272e+03
8.307793750000000728e+03
8.342993749999999636e+03
8.387793750000000728e+03
8.386193750000000364e+03
8.512593750000000000e+03
8.190993749999999636e+03
7.971793749999999818e+03
8.043793749999999818e+03
8.130193750000000364e+03
8.110993749999999636e+03
8.152593750000000000e+03
8.566987499999999272e+03
7.963793749999999818e+03
8.189393750000000182e+03
7.896593750000000000e+03
7.845393750000000182e+03
7.944593750000000000e+03
7.854993749999999636e+03
8.014993749999999636e+03
7.949393750000000182e+03
8.126993749999999636e+03
8.421387500000000728e+03
8.202187500000000000e+03
8.131787500000000364e+03
8.029387499999999818e+03
8.061387499999999818e+03
8.126987500000000182e+03
7.821393750000000182e+03
8.259787500000000364e+03
7.933393750000000182e+03
7.813393750000000182e+03
8.130193750000000364e+03
8.179793749999999818e+03
8.176593750000000000e+03
7.925393750000000182e+03
1.522598125000000073e+04
1.491559375000000000e+04
1.480841250000000036e+04
1.382604999999999927e+04
1.198609375000000000e+04
8.645368749999999636e+03
8.931787500000000364e+03
9.728593750000000000e+03
1.072059375000000000e+04
1.159419375000000036e+04
1.247579375000000073e+04
1.287900000000000000e+04
1.344860000000000036e+04
1.368060000000000036e+04
1.416220000000000073e+04
1.470939999999999964e+04
1.501179999999999927e+04
1.559739999999999964e+04
1.577179999999999927e+04
1.572700000000000000e+04
1.590460000000000036e+04
1.609179999999999927e+04
1.585660000000000036e+04
1.593500000000000000e+04
1.596860000000000036e+04
1.566460000000000036e+04
1.556060000000000036e+04
1.555260000000000036e+04
1.565020000000000073e+04
1.560060000000000036e+04
1.537020000000000073e+04
1.521660000000000036e+04
1.490460000000000036e+04
1.482460000000000036e+04
1.483100000000000000e+04
1.448220000000000073e+04
1.437979999999999927e+04
1.422779999999999927e+04
1.392860000000000036e+04
1.396220000000000073e+04
1.403579999999999927e+04
1.410779999999999927e+04
1.382620000000000073e+04
1.370620000000000073e+04
1.370779999999999927e+04
1.350460000000000036e+04
1.343100000000000000e+04
1.328060000000000036e+04
1.318779999999999927e+04
1.300060000000000036e+04
1.279739999999999964e+04
1.260379999999999927e+04
1.247739999999999964e+04
1.250620000000000073e+04
1.229179999999999927e+04
1.210460000000000036e+04
1.203900000000000000e+04
1.205339999999999964e+04
1.221979999999999927e+04
1.178139999999999964e+04
1.172060000000000036e+04
1.156379999999999927e+04
1.136220000000000073e+04
1.121660000000000036e+04
1.107900000000000000e+04
1.110460000000000036e+04
1.105820000000000073e+04
1.105339999999999964e+04
1.119739374999999927e+04
1.133659375000000000e+04
1.119099374999999964e+04
1.062139999999999964e+04
1.041660000000000036e+04
1.064539374999999927e+04
1.075579375000000073e+04
1.067419375000000036e+04
1.054779375000000073e+04
1.054459375000000000e+04
1.048219375000000036e+04
1.036699374999999964e+04
1.037499374999999964e+04
1.026139374999999927e+04
9.914193750000000364e+03
9.982993749999999636e+03
9.696593750000000000e+03
9.680593750000000000e+03
9.651793750000000728e+03
9.424593750000000000e+03
9.568593750000000000e+03
9.402193750000000364e+03
