0.000000000000000000e+00
2.288859999999999854e+04
2.264113333333333503e+04
2.233500000000000000e+04
2.195420000000000073e+04
2.165873333333333358e+04
2.107846666666666715e+04
2.080006666666666570e+04
2.057926666666666642e+04
2.008113333333333503e+04
1.980593333333333430e+04
1.954033333333333212e+04
1.900593333333333430e+04
1.894193333333333430e+04
1.870940000000000146e+04
1.857926666666666642e+04
1.834246666666666715e+04
1.793713333333333503e+04
1.784646666666666715e+04
1.754673333333333358e+04
1.733873333333333358e+04
1.682353333333333285e+04
1.655900000000000000e+04
1.647046666666666715e+04
1.601500000000000000e+04
1.586139999999999964e+04
1.565660000000000036e+04
1.514779999999999927e+04
1.471579999999999927e+04
1.461233333333333394e+04
1.428060000000000036e+04
1.414726666666666642e+04
1.397873333333333358e+04
1.364486666666666679e+04
1.351900000000000000e+04
1.330460000000000036e+04
1.281393333333333248e+04
1.282886666666666679e+04
1.245446666666666715e+04
1.240966666666666606e+04
1.210246666666666715e+04
1.192433333333333394e+04
1.167579999999999927e+04
1.150939999999999964e+04
1.132806666666666752e+04
1.109873333333333358e+04
1.082673333333333358e+04
1.055153333333333285e+04
1.028486666666666679e+04
1.040966666666666606e+04
1.001713333333333321e+04
9.946733333333333576e+03
9.782466666666667152e+03
9.684333333333333940e+03
9.632066666666667516e+03
9.253399999999999636e+03
9.236333333333333940e+03
9.019799999999999272e+03
8.960066666666667516e+03
8.550466666666667152e+03
8.402200000000000728e+03
8.327533333333332848e+03
8.245399999999999636e+03
8.215533333333332848e+03
8.148333333333333030e+03
8.198466666666667152e+03
7.974466666666666242e+03
7.937133333333333212e+03
7.840066666666666606e+03
7.869933333333333394e+03
7.528600000000000364e+03
7.263000000000000000e+03
7.618199999999999818e+03
7.108333333333333030e+03
7.233133333333333212e+03
6.989933333333333394e+03
6.976066666666666606e+03
6.744600000000000364e+03
6.689133333333333212e+03
6.580333333333333030e+03
6.327533333333333758e+03
6.374466666666666242e+03
6.054466666666666242e+03
6.009666666666666970e+03
5.642733333333333576e+03
5.679000000000000000e+03
5.770733333333333576e+03
5.704600000000000364e+03
5.455000000000000000e+03
5.424066666666666606e+03
5.384600000000000364e+03
5.279000000000000000e+03
5.133933333333333394e+03
4.946199999999999818e+03
4.739266666666666424e+03
4.888600000000000364e+03
4.921666666666666970e+03
4.752066666666666606e+03
4.784066666666666606e+03
4.749933333333333394e+03
4.452333333333333030e+03
4.311533333333333758e+03
4.064066666666666606e+03
4.154733333333333576e+03
4.067266666666666879e+03
4.034199999999999818e+03
3.970199999999999818e+03
3.836866666666666788e+03
3.652333333333333485e+03
3.532866666666666788e+03
3.618199999999999818e+03
3.580866666666666788e+03
3.740866666666666788e+03
3.855000000000000000e+03
3.856066666666666606e+03
3.740866666666666788e+03
3.750466666666666697e+03
3.671533333333333303e+03
3.628866666666666788e+03
3.366466666666666697e+03
3.394199999999999818e+03
3.500866666666666788e+03
3.238466666666666697e+03
3.522199999999999818e+03
3.332333333333333485e+03
3.480599999999999909e+03
3.210733333333333121e+03
3.494466666666666697e+03
3.200066666666666606e+03
3.192595833333333303e+03
2.957933333333333394e+03
2.949400000000000091e+03
3.008062500000000000e+03
2.773400000000000091e+03
2.697666666666666515e+03
2.505666666666666515e+03
2.507800000000000182e+03
3.217125000000000000e+03
2.434199999999999818e+03
2.421400000000000091e+03
2.869391666666666879e+03
2.324333333333333485e+03
2.400062500000000000e+03
2.523791666666666515e+03
2.086466666666666697e+03
1.912599999999999909e+03
2.216595833333333303e+03
2.231529166666666697e+03
2.342458333333333485e+03
1.907266666666666652e+03
1.872066666666666606e+03
1.738733333333333348e+03
1.727000000000000000e+03
2.281658333333333303e+03
2.182454166666666879e+03
2.732845833333333303e+03
2.346720833333333303e+03
4.682679166666666788e+03
5.687462499999999636e+03
3.249099999999999909e+03
4.961074999999999818e+03
3.857091666666666697e+03
2.747775000000000091e+03
7.458100000000000364e+03
4.931204166666666424e+03
4.618679166666666788e+03
3.784558333333333394e+03
4.254949999999999818e+03
3.683224999999999909e+03
6.285850000000000364e+03
1.411612500000000000e+04
8.602612499999999272e+03
1.306974166666666679e+04
1.514544166666666752e+04
1.858112083333333430e+04
1.513477499999999964e+04
1.907284583333333285e+04
2.172240416666666715e+04
2.199546666666666715e+04
2.516875000000000000e+04
2.706098749999999927e+04
3.100439166666666642e+04
3.100439166666666642e+04
6.350093750000000000e+04
6.399373333333332994e+04
4.717800416666666570e+04
1.747394166666666570e+04
3.618170833333333121e+03
2.994199999999999818e+03
4.301933333333333394e+03
5.362199999999999818e+03
6.543000000000000000e+03
7.354733333333333576e+03
7.931800000000000182e+03
8.816066666666667516e+03
9.254466666666667152e+03
9.983000000000000000e+03
1.034033333333333394e+04
1.059633333333333394e+04
1.095046666666666715e+04
1.102193333333333248e+04
1.102833333333333394e+04
1.117233333333333394e+04
1.145926666666666642e+04
1.118086666666666679e+04
1.141979999999999927e+04
1.120433333333333394e+04
1.136433333333333394e+04
1.129179999999999927e+04
1.112113333333333321e+04
1.117979999999999927e+04
1.101553333333333285e+04
1.099526666666666642e+04
1.077660000000000036e+04
1.080539999999999964e+04
1.050139999999999964e+04
1.017179999999999927e+04
1.006939999999999964e+04
9.921133333333333212e+03
9.688600000000000364e+03
9.512600000000000364e+03
9.281133333333333212e+03
9.135000000000000000e+03
8.921666666666666060e+03
8.885399999999999636e+03
8.342466666666667152e+03
8.377666666666666060e+03
8.005399999999999636e+03
7.945666666666666970e+03
7.578733333333333576e+03
7.314199999999999818e+03
7.080600000000000364e+03
7.114733333333333576e+03
7.032600000000000364e+03
6.769133333333333212e+03
6.635800000000000182e+03
6.720066666666666606e+03
6.309399999999999636e+03
5.989399999999999636e+03
5.996866666666666788e+03
5.754733333333333576e+03
5.803800000000000182e+03
5.555266666666666424e+03
5.378199999999999818e+03
5.216066666666666606e+03
5.009133333333333212e+03
4.898199999999999818e+03
4.781933333333333394e+03
4.737133333333333212e+03
4.661399999999999636e+03
4.363800000000000182e+03
4.299800000000000182e+03
4.241133333333333212e+03
4.111000000000000000e+03
3.867800000000000182e+03
3.740866666666666788e+03
3.592599999999999909e+03
3.639533333333333303e+03
3.553133333333333212e+03
3.547800000000000182e+03
3.590466666666666697e+03
3.479533333333333303e+03
3.621400000000000091e+03
3.309933333333333394e+03
3.386733333333333121e+03
3.192599999999999909e+03
3.113666666666666515e+03
2.822466666666666697e+03
2.792599999999999909e+03
2.913133333333333212e+03
2.649666666666666515e+03
2.850199999999999818e+03
2.771266666666666879e+03
2.587800000000000182e+03
2.565400000000000091e+03
2.261400000000000091e+03
3.126454166666666879e+03
2.549395833333333485e+03
2.267800000000000182e+03
2.113133333333333212e+03
3.676841666666666697e+03
3.252312500000000000e+03
2.523791666666666515e+03
1.992599999999999909e+03
3.250179166666666788e+03
2.280591666666666697e+03
1.847529166666666697e+03
2.184591666666666697e+03
1.879529166666666697e+03
2.184591666666666697e+03
2.441654166666666697e+03
2.171791666666666515e+03
2.835245833333333394e+03
3.489099999999999909e+03
3.773895833333333485e+03
3.202170833333333121e+03
5.216004166666666606e+03
4.141887499999999818e+03
3.980824999999999818e+03
4.392550000000000182e+03
4.162154166666666242e+03
5.966920833333333576e+03
6.366916666666666970e+03
9.602062500000000000e+03
1.072097916666666606e+04
8.619679166666666788e+03
6.837308333333333394e+03
6.646379166666666606e+03
6.139720833333333758e+03
5.748262499999999818e+03
5.700262499999999818e+03
5.382399999999999636e+03
4.961074999999999818e+03
5.697062500000000000e+03
5.280004166666666606e+03
5.561600000000000364e+03
4.937608333333333576e+03
4.654945833333333212e+03
3.891224999999999909e+03
7.230904166666666242e+03
5.882658333333333758e+03
3.674695833333333212e+03
5.623462499999999636e+03
4.594145833333333030e+03
8.531149999999999636e+03
1.183882916666666642e+04
9.788729166666666060e+03
1.020578750000000036e+04
1.279881250000000000e+04
1.880191666666666788e+04
1.695341249999999854e+04
1.306760833333333358e+04
1.305480833333333248e+04
1.549637083333333248e+04
1.389959583333333285e+04
1.331400416666666752e+04
1.591662916666666752e+04
1.699821250000000146e+04
2.091921666666666715e+04
1.620782500000000073e+04
2.433356250000000000e+04
2.306531666666666570e+04
3.080492916666666497e+04
3.072386249999999927e+04
3.527312500000000000e+04
3.208917499999999927e+04
3.634404166666666424e+04
3.396754583333332994e+04
4.140529583333332994e+04
4.327513333333333139e+04
4.349059583333333285e+04
4.330180000000000291e+04
4.215941666666666424e+04
5.042488749999999709e+04
4.908197499999999854e+04
4.110450000000000000e+04
4.162822499999999854e+04
3.899253333333333285e+04
4.586175833333333139e+04
4.715027083333333576e+04
4.829052083333333576e+04
4.973156250000000000e+04
4.396205416666666861e+04
4.892944166666666570e+04
5.164193333333333430e+04
5.501787916666666570e+04
5.556720416666667006e+04
5.443655416666666861e+04
5.131340416666666715e+04
5.454642083333332994e+04
5.845462500000000000e+04
5.266591666666666424e+04
6.002259999999999854e+04
5.769090416666666715e+04
5.980287083333333430e+04
6.004606666666666570e+04
6.028926249999999709e+04
6.045672499999999854e+04
6.001300000000000000e+04
6.019966249999999854e+04
6.061352500000000146e+04
6.108284999999999854e+04
6.301134999999999854e+04
6.150844166666666570e+04
6.199269999999999709e+04
6.295055000000000291e+04
6.100071666666666715e+04
6.314041249999999854e+04
6.313081250000000000e+04
6.363533750000000146e+04
6.358413749999999709e+04
6.253882083333333139e+04
6.355320416666667006e+04
6.317560833333332994e+04
6.321934166666666715e+04
6.315854166666666424e+04
6.294521250000000146e+04
6.343693750000000000e+04
6.338573750000000291e+04
6.351480000000000291e+04
6.322680000000000291e+04
6.305080416666666861e+04
6.350413333333333139e+04
6.332386666666666861e+04
6.334306666666666570e+04
6.276921250000000146e+04
6.327800416666666570e+04
6.363746666666666715e+04
6.352547083333333285e+04
6.383480000000000291e+04
6.347853749999999854e+04
6.291855000000000291e+04
6.368546666666666715e+04
6.367693333333333430e+04
6.359373333333332994e+04
6.336653749999999854e+04
6.364706666666666570e+04
6.367800000000000000e+04
6.361719999999999709e+04
6.345080416666666861e+04
6.366626666666667006e+04
6.319587083333333430e+04
6.364706666666666570e+04
6.346359999999999854e+04
6.352226666666667006e+04
6.271587916666666570e+04
6.314040416666666715e+04
6.313719999999999709e+04
6.341453333333333285e+04
6.346146666666666715e+04
6.342306666666666570e+04
6.355533333333333576e+04
6.331000000000000000e+04
6.327693333333333430e+04
6.308387083333333430e+04
6.343373333333332994e+04
6.336653333333333285e+04
6.331213333333333139e+04
6.328333333333333576e+04
6.317240000000000146e+04
6.275853333333333285e+04
6.312653333333333285e+04
6.340173333333332994e+04
6.325773333333332994e+04
6.322146666666666715e+04
6.310413333333333139e+04
6.289826666666667006e+04
6.296226666666667006e+04
6.288546666666666715e+04
6.283106666666666570e+04
6.286306666666666570e+04
6.292706666666666570e+04
6.280973333333332994e+04
6.297506666666666570e+04
6.297933333333333576e+04
6.282573333333332994e+04
6.300919999999999709e+04
6.299853333333333285e+04
6.285346666666666715e+04
6.290893333333333430e+04
6.285453333333333285e+04
6.285026666666667006e+04
6.281613333333333139e+04
6.254733333333333576e+04
6.277240000000000146e+04
6.261773333333332994e+04
6.282893333333333430e+04
6.249293333333333430e+04
6.266359999999999854e+04
6.261453333333333285e+04
6.248119999999999709e+04
6.246093333333333430e+04
6.246093333333333430e+04
6.240119999999999709e+04
6.221240000000000146e+04
6.214840000000000146e+04
6.206733333333333576e+04
6.222840000000000146e+04
6.224226666666667006e+04
6.213773333333332994e+04
6.211533333333333576e+04
6.212173333333332994e+04
6.235533333333333576e+04
6.212706666666666570e+04
6.210146666666666715e+04
6.220493333333333430e+04
6.221880000000000291e+04
6.212493333333333430e+04
6.193186666666666861e+04
6.202359999999999854e+04
6.205559999999999854e+04
6.224973333333332994e+04
6.211853333333333285e+04
6.204173333333332994e+04
6.203746666666666715e+04
6.217933333333333576e+04
6.211426666666667006e+04
6.224759999999999854e+04
6.224013333333333139e+04
6.210466666666666424e+04
6.187640000000000146e+04
6.224333333333333576e+04
6.229986666666666861e+04
6.256973333333332994e+04
6.269986666666666861e+04
6.265186666666666861e+04
6.271586666666666861e+04
6.252919999999999709e+04
6.260600000000000000e+04
6.275213333333333139e+04
6.264866666666666424e+04
6.260386666666666861e+04
6.260919999999999709e+04
6.257826666666667006e+04
6.275106666666666570e+04
6.259000000000000000e+04
6.271693333333333430e+04
6.263693333333333430e+04
6.271373333333332994e+04
6.261880000000000291e+04
6.268919999999999709e+04
6.267533333333333576e+04
6.260280000000000291e+04
6.257293333333333430e+04
6.251106666666666570e+04
6.240653333333333285e+04
6.257080000000000291e+04
6.263480000000000291e+04
6.261666666666666424e+04
6.258253333333333285e+04
6.255159999999999854e+04
6.241293333333333430e+04
6.235106666666666570e+04
6.253880000000000291e+04
6.255906666666666570e+04
6.237986666666666861e+04
6.243000000000000000e+04
6.247480000000000291e+04
6.245453333333333285e+04
6.222200000000000000e+04
6.245133333333333576e+04
6.246946666666666715e+04
6.238840000000000146e+04
6.241826666666667006e+04
6.242680000000000291e+04
6.246413333333333139e+04
6.221026666666667006e+04
6.223266666666666424e+04
6.209826666666667006e+04
6.207906666666666570e+04
6.217826666666667006e+04
6.212919999999999709e+04
6.236066666666666424e+04
6.235640000000000146e+04
6.247800000000000000e+04
6.242893333333333430e+04
6.251000000000000000e+04
6.246840000000000146e+04
6.244813333333333139e+04
6.241080000000000291e+04
6.237986666666666861e+04
6.212066666666666424e+04
6.214413333333333139e+04
6.237666666666666424e+04
6.216226666666667006e+04
6.221133333333333576e+04
6.226573333333332994e+04
6.238946666666666715e+04
6.223053333333333285e+04
6.235853333333333285e+04
6.246093333333333430e+04
6.234359999999999854e+04
6.217826666666667006e+04
6.199906666666666570e+04
6.195959999999999854e+04
6.195959999999999854e+04
5.552973333333332994e+04
5.605240000000000146e+04
5.716919999999999709e+04
5.829240000000000146e+04
5.949666666666666424e+04
6.091533333333333576e+04
6.206200000000000000e+04
6.208654583333332994e+04
5.355229583333332994e+04
4.537109999999999854e+04
2.598047499999999854e+04
1.371400416666666752e+04
5.478404166666666242e+03
2.928050000000000182e+03
2.477933333333333394e+03
2.595266666666666879e+03
2.902466666666666697e+03
3.033666666666666515e+03
3.160599999999999909e+03
3.178733333333333121e+03
3.008066666666666606e+03
3.189400000000000091e+03
3.288599999999999909e+03
3.491266666666666879e+03
3.453933333333333394e+03
3.561666666666666515e+03
3.505133333333333212e+03
3.355800000000000182e+03
3.387800000000000182e+03
3.113666666666666515e+03
3.100866666666666788e+03
3.004866666666666788e+03
2.761666666666666515e+03
2.696599999999999909e+03
2.564333333333333485e+03
2.356333333333333485e+03
2.248599999999999909e+03
2.147266666666666879e+03
2.000066666666666606e+03
1.760066666666666606e+03
1.652333333333333258e+03
1.593666666666666742e+03
1.794200000000000045e+03
1.863525000000000091e+03
1.961654166666666697e+03
2.924837500000000091e+03
4.074683333333333394e+03
5.150933333333333394e+03
7.201033333333333758e+03
9.278866666666666788e+03
1.615662500000000000e+04
2.201679999999999927e+04
2.361570833333333212e+04
3.187584583333333285e+04
3.264916666666666788e+04
4.682174583333333430e+04
4.974650000000000000e+04
5.866369166666666570e+04
6.017513333333333139e+04
6.171964166666667006e+04
6.187537083333333430e+04
6.299534999999999854e+04
6.363747499999999854e+04
6.389346666666666715e+04
6.339320416666667006e+04
6.342733333333333576e+04
6.342200000000000000e+04
6.331533333333333576e+04
6.317346666666666715e+04
6.289186666666666861e+04
6.270200000000000000e+04
6.264119999999999709e+04
6.260919999999999709e+04
6.253666666666666424e+04
6.267000000000000000e+04
6.255906666666666570e+04
6.246306666666666570e+04
6.242573333333332994e+04
6.244280000000000291e+04
6.239586666666666861e+04
6.232973333333332994e+04
6.232759999999999854e+04
6.219533333333333576e+04
6.221453333333333285e+04
6.195426666666667006e+04
6.221666666666666424e+04
6.185506666666666570e+04
6.203959999999999854e+04
6.180386666666666861e+04
6.158306666666666570e+04
6.164919999999999709e+04
6.168759999999999854e+04
6.142413333333333139e+04
6.123533333333333576e+04
6.133026666666667006e+04
6.120653333333333285e+04
6.126519999999999709e+04
6.099959999999999854e+04
6.129400000000000000e+04
6.126413333333333139e+04
6.099426666666667006e+04
6.120653333333333285e+04
6.075959999999999854e+04
6.083426666666667006e+04
6.058893333333333430e+04
6.061666666666666424e+04
6.055693333333333430e+04
6.065293333333333430e+04
6.055906666666666570e+04
6.044919999999999709e+04
6.037986666666666861e+04
6.037880000000000291e+04
6.034253333333333285e+04
6.024119999999999709e+04
6.014200000000000000e+04
6.020280000000000291e+04
6.010466666666666424e+04
5.996173333333332994e+04
5.993080000000000291e+04
5.979426666666667006e+04
6.034253333333333285e+04
6.030093333333333430e+04
6.059640000000000146e+04
6.075746666666666715e+04
6.100600000000000000e+04
6.089826666666667006e+04
6.102093333333333430e+04
6.106786666666666861e+04
6.126306666666666570e+04
6.122573333333332994e+04
6.113719999999999709e+04
6.123746666666666715e+04
6.112759999999999854e+04
6.140919999999999709e+04
6.132706666666666570e+04
6.136653333333333285e+04
6.137826666666667006e+04
6.125240000000000146e+04
6.132919999999999709e+04
6.110626666666667006e+04
6.098786666666666861e+04
6.122253333333333285e+04
6.108280000000000291e+04
6.095693333333333430e+04
6.087800000000000000e+04
6.087373333333332994e+04
6.085986666666666861e+04
6.089933333333333576e+04
6.098786666666666861e+04
6.080759999999999854e+04
6.088119999999999709e+04
6.093986666666666861e+04
6.083853333333333285e+04
6.093773333333332994e+04
6.065506666666666570e+04
6.059319999999999709e+04
6.061133333333333576e+04
6.055800000000000000e+04
6.054946666666666715e+04
6.059533333333333576e+04
6.066040000000000146e+04
6.059213333333333139e+04
6.056013333333333139e+04
6.048759999999999854e+04
6.043746666666666715e+04
6.046519999999999709e+04
6.052919999999999709e+04
6.031693333333333430e+04
6.012493333333333430e+04
6.023266666666666424e+04
6.030200000000000000e+04
6.021666666666666424e+04
6.005240000000000146e+04
6.028813333333333139e+04
6.036280000000000291e+04
6.021133333333333576e+04
6.020493333333333430e+04
6.037133333333333576e+04
6.020600000000000000e+04
6.004600000000000000e+04
6.005346666666666715e+04
6.005559999999999854e+04
5.993400000000000000e+04
5.997880000000000291e+04
5.986680000000000291e+04
5.991800000000000000e+04
5.988706666666666570e+04
5.997559999999999854e+04
5.968866666666666424e+04
5.975693333333333430e+04
5.964493333333333430e+04
5.953293333333333430e+04
5.968440000000000146e+04
5.963640000000000146e+04
5.967159999999999854e+04
5.959159999999999854e+04
5.980493333333333430e+04
5.975586666666666861e+04
5.973240000000000146e+04
5.960759999999999854e+04
5.953933333333333576e+04
5.971319999999999709e+04
5.980600000000000000e+04
5.990733333333333576e+04
5.992119999999999709e+04
5.954573333333332994e+04
5.959159999999999854e+04
5.972813333333333139e+04
5.974413333333333139e+04
5.962253333333333285e+04
5.961293333333333430e+04
5.973986666666666861e+04
5.948066666666666424e+04
5.966840000000000146e+04
5.942306666666666570e+04
5.940173333333332994e+04
5.950519999999999709e+04
5.942840000000000146e+04
5.947959999999999854e+04
5.948600000000000000e+04
5.946786666666666861e+04
5.967053333333333285e+04
5.968546666666666715e+04
5.971533333333333576e+04
5.973559999999999854e+04
5.955106666666666570e+04
5.965453333333333285e+04
5.961293333333333430e+04
5.953400000000000000e+04
5.950306666666666570e+04
5.951586666666666861e+04
5.959480000000000291e+04
5.946359999999999854e+04
5.926519999999999709e+04
5.932493333333333430e+04
5.916919999999999709e+04
5.925986666666666861e+04
5.923106666666666570e+04
5.913293333333333430e+04
5.918413333333333139e+04
5.939319999999999709e+04
5.923319999999999709e+04
5.915746666666666715e+04
5.931106666666666570e+04
5.960226666666667006e+04
5.930359999999999854e+04
5.936226666666667006e+04
5.940386666666666861e+04
5.948173333333332994e+04
5.938146666666666715e+04
5.962680000000000291e+04
5.947640000000000146e+04
5.942200000000000000e+04
5.933346666666666715e+04
5.935906666666666570e+04
5.934733333333333576e+04
5.918946666666666715e+04
5.935906666666666570e+04
5.943586666666666861e+04
5.932173333333332994e+04
5.949773333333332994e+04
5.946573333333332994e+04
5.927693333333333430e+04
5.927053333333333285e+04
5.936866666666666424e+04
5.918946666666666715e+04
5.922359999999999854e+04
5.925026666666667006e+04
5.916919999999999709e+04
5.928866666666666424e+04
5.915533333333333576e+04
5.909133333333333576e+04
5.922253333333333285e+04
5.912333333333333576e+04
5.929933333333333576e+04
5.907640000000000146e+04
5.895159999999999854e+04
5.899426666666667006e+04
5.898146666666666715e+04
5.886840000000000146e+04
5.903800000000000000e+04
5.909666666666666424e+04
5.902946666666666715e+04
5.897293333333333430e+04
5.910946666666666715e+04
5.894626666666667006e+04
5.875533333333333576e+04
5.893773333333332994e+04
5.882253333333333285e+04
5.880866666666666424e+04
5.879800000000000000e+04
5.890573333333332994e+04
5.875106666666666570e+04
5.889506666666666570e+04
5.890893333333333430e+04
5.884173333333332994e+04
5.874893333333333430e+04
5.874146666666666715e+04
5.900600000000000000e+04
5.888973333333332994e+04
5.896546666666666715e+04
5.896440000000000146e+04
5.880333333333333576e+04
5.881186666666666861e+04
5.886093333333333430e+04
5.882680000000000291e+04
5.870413333333333139e+04
5.884600000000000000e+04
5.882253333333333285e+04
5.857506666666666570e+04
5.872333333333333576e+04
5.884813333333333139e+04
5.855159999999999854e+04
5.872226666666667006e+04
5.868173333333332994e+04
5.861773333333332994e+04
5.885559999999999854e+04
5.869240000000000146e+04
5.876493333333333430e+04
5.880866666666666424e+04
5.908173333333332994e+04
5.912759999999999854e+04
5.906786666666666861e+04
5.919373333333332994e+04
5.902200000000000000e+04
5.920653333333333285e+04
5.926093333333333430e+04
5.921293333333333430e+04
5.958626666666667006e+04
5.962146666666666715e+04
5.947533333333333576e+04
5.951906666666666570e+04
5.940600000000000000e+04
5.947000000000000000e+04
5.957346666666666715e+04
5.952440000000000146e+04
5.941026666666667006e+04
5.955319999999999709e+04
5.951906666666666570e+04
5.944226666666667006e+04
5.956280000000000291e+04
5.960119999999999709e+04
5.964706666666666570e+04
5.977400000000000000e+04
5.977826666666667006e+04
5.954466666666666424e+04
5.964386666666666861e+04
5.959266666666666424e+04
5.965453333333333285e+04
5.955853333333333285e+04
5.962253333333333285e+04
5.941986666666666861e+04
5.938466666666666424e+04
5.951906666666666570e+04
5.944759999999999854e+04
5.948813333333333139e+04
5.949880000000000291e+04
5.923426666666667006e+04
5.949559999999999854e+04
5.934626666666667006e+04
5.928226666666667006e+04
5.931959999999999854e+04
5.935373333333332994e+04
5.926200000000000000e+04
5.924493333333333430e+04
5.927373333333332994e+04
5.953080000000000291e+04
5.952546666666666715e+04
5.968333333333333576e+04
5.967266666666666424e+04
5.970146666666666715e+04
5.962573333333332994e+04
5.957666666666666424e+04
5.944226666666667006e+04
5.945506666666666570e+04
5.942946666666666715e+04
5.960653333333333285e+04
5.942733333333333576e+04
5.944226666666667006e+04
5.934733333333333576e+04
5.941240000000000146e+04
5.932706666666666570e+04
5.929933333333333576e+04
5.929293333333333430e+04
5.913613333333333139e+04
5.921826666666667006e+04
5.936013333333333139e+04
5.921613333333333139e+04
5.906040000000000146e+04
5.904119999999999709e+04
5.924386666666666861e+04
5.912866666666666424e+04
5.301346666666666715e+04
5.320653333333333285e+04
5.403746666666666715e+04
5.508173333333332994e+04
5.624013333333333139e+04
5.754786666666666861e+04
5.864333333333333576e+04
5.961293333333333430e+04
6.079800000000000000e+04
6.164919999999999709e+04
6.125562083333333430e+04
6.080657083333333139e+04
5.373148750000000291e+04
5.057207499999999709e+04
4.421484583333333285e+04
3.674083333333333576e+04
3.631417500000000291e+04
2.960708333333333212e+04
1.969470833333333212e+04
2.066322499999999854e+04
2.168187500000000000e+04
9.854862499999999272e+03
8.013824999999999818e+03
5.757862500000000182e+03
3.757895833333333485e+03
3.458166666666666515e+03
2.344583333333333485e+03
4.167487500000000182e+03
4.637879166666666606e+03
3.808025000000000091e+03
5.206399999999999636e+03
7.382366666666666788e+03
8.119420833333333576e+03
6.037320833333333212e+03
6.180250000000000000e+03
1.140150000000000000e+04
5.232352500000000146e+04
6.197559999999999854e+04
5.848973333333332994e+04
5.526093333333333430e+04
5.311480000000000291e+04
5.083533333333333576e+04
4.944866666666666424e+04
4.820493333333333430e+04
4.720013333333333139e+04
4.652919999999999709e+04
4.618680000000000291e+04
4.653026666666667006e+04
4.673933333333333576e+04
4.679906666666666570e+04
4.715319999999999709e+04
4.756706666666666570e+04
4.862840000000000146e+04
4.899853333333333285e+04
4.966306666666666570e+04
4.986466666666666424e+04
5.061986666666666861e+04
5.139959999999999854e+04
5.222413333333333139e+04
5.343586666666666861e+04
5.445559999999999854e+04
5.516386666666666861e+04
5.589559999999999854e+04
5.712226666666667006e+04
5.781666666666666424e+04
5.828173333333332994e+04
5.828173333333332994e+04
3.702406666666666570e+04
3.865180000000000291e+04
4.106780000000000291e+04
4.331846666666666715e+04
4.603526666666667006e+04
4.786033333333333576e+04
4.922140000000000146e+04
5.110513333333333139e+04
5.277980000000000291e+04
5.371740000000000146e+04
5.513073333333332994e+04
5.598300000000000000e+04
5.647686666666666861e+04
5.711900000000000000e+04
5.803313333333333139e+04
5.861980000000000291e+04
5.892593333333333430e+04
5.943153333333333285e+04
5.994140000000000146e+04
6.005446666666666715e+04
6.067100000000000000e+04
6.067740000000000146e+04
6.146246666666666715e+04
6.156700000000000000e+04
6.158300000000000000e+04
6.183793333333333430e+04
6.204593333333333430e+04
6.213873333333332994e+04
6.267953333333333285e+04
6.300806666666666570e+04
6.237981250000000000e+04
6.250034583333333285e+04
6.243208333333333576e+04
6.304220833333333576e+04
5.861028333333333285e+04
5.861028333333333285e+04
4.441073333333332994e+04
4.526193333333333430e+04
4.704540000000000146e+04
4.822193333333333430e+04
5.061659999999999854e+04
5.172806666666666570e+04
5.301233333333333576e+04
5.430619999999999709e+04
5.499953333333333285e+04
5.566406666666666570e+04
5.624646666666666715e+04
5.651206666666666570e+04
5.680646666666666715e+04
5.689500000000000000e+04
5.684593333333333430e+04
5.704113333333333139e+04
5.741659999999999854e+04
5.729286666666666861e+04
5.766086666666666861e+04
5.793073333333332994e+04
5.775259999999999854e+04
5.774086666666666861e+04
5.772806666666666570e+04
5.761819999999999709e+04
5.737819999999999709e+04
5.721819999999999709e+04
5.698033333333333576e+04
5.675313333333333139e+04
5.671580000000000291e+04
5.672006666666666570e+04
5.649606666666666570e+04
5.631580000000000291e+04
5.622300000000000000e+04
5.622619999999999709e+04
5.620700000000000000e+04
5.639686666666666861e+04
5.631473333333332994e+04
5.624753333333333285e+04
5.612380000000000291e+04
5.587100000000000000e+04
5.612806666666666570e+04
5.617393333333333430e+04
5.602140000000000146e+04
5.612380000000000291e+04
5.623259999999999854e+04
5.617606666666666570e+04
5.617606666666666570e+04
5.607793333333333430e+04
5.619953333333333285e+04
5.630940000000000146e+04
5.610780000000000291e+04
5.628806666666666570e+04
5.644700000000000000e+04
5.636059999999999854e+04
5.654300000000000000e+04
5.638940000000000146e+04
5.629019999999999709e+04
5.638940000000000146e+04
5.648433333333333576e+04
5.645980000000000291e+04
5.639366666666666424e+04
5.643953333333333285e+04
5.662513333333333139e+04
5.663259999999999854e+04
5.655259999999999854e+04
5.651633333333333576e+04
5.667419999999999709e+04
5.658886666666666861e+04
5.682459999999999854e+04
5.676806666666666570e+04
5.706993333333333430e+04
5.705393333333333430e+04
5.685980000000000291e+04
5.675740000000000146e+04
5.683740000000000146e+04
5.690566666666666424e+04
5.677659999999999854e+04
5.669553333333333285e+04
5.693980000000000291e+04
5.689819999999999709e+04
5.663366666666666424e+04
5.690780000000000291e+04
5.677980000000000291e+04
5.704326666666667006e+04
5.690780000000000291e+04
5.685233333333333576e+04
5.673180000000000291e+04
5.676593333333333430e+04
5.678833333333333576e+04
5.694619999999999709e+04
5.702300000000000000e+04
5.696753333333333285e+04
5.701980000000000291e+04
5.713713333333333139e+04
5.705713333333333139e+04
5.701446666666666715e+04
5.704966666666666424e+04
5.708913333333333139e+04
5.714246666666666715e+04
5.715313333333333139e+04
5.695473333333332994e+04
5.693766666666666424e+04
5.676273333333332994e+04
5.703580000000000291e+04
5.704859999999999854e+04
5.702513333333333139e+04
5.696966666666666424e+04
5.693019999999999709e+04
5.694513333333333139e+04
5.677766666666666424e+04
5.680859999999999854e+04
5.672540000000000146e+04
5.659313333333333139e+04
5.674033333333333576e+04
5.682140000000000146e+04
5.690246666666666715e+04
5.702619999999999709e+04
5.702726666666667006e+04
5.711580000000000291e+04
5.713393333333333430e+04
5.700380000000000291e+04
5.715313333333333139e+04
5.723633333333333576e+04
5.711259999999999854e+04
5.693019999999999709e+04
5.695580000000000291e+04
5.709019999999999709e+04
5.707419999999999709e+04
5.707740000000000146e+04
5.693980000000000291e+04
5.692380000000000291e+04
5.729926666666667006e+04
5.717766666666666424e+04
5.720006666666666570e+04
5.711259999999999854e+04
5.703046666666666715e+04
5.703900000000000000e+04
5.693659999999999854e+04
5.680326666666667006e+04
5.679153333333333285e+04
5.685340000000000146e+04
5.720540000000000146e+04
5.691740000000000146e+04
5.696006666666666570e+04
5.687153333333333285e+04
5.676486666666666861e+04
5.689286666666666861e+04
5.684380000000000291e+04
5.690353333333333285e+04
5.656540000000000146e+04
5.640219999999999709e+04
5.655793333333333430e+04
5.669126666666667006e+04
5.648006666666666570e+04
5.643419999999999709e+04
5.626459999999999854e+04
5.635526666666667006e+04
5.609819999999999709e+04
5.610566666666666424e+04
5.604059999999999854e+04
5.588593333333333430e+04
5.598300000000000000e+04
5.603526666666667006e+04
5.627953333333333285e+04
5.642566666666666424e+04
5.630193333333333430e+04
5.642033333333333576e+04
5.654833333333333576e+04
5.651313333333333139e+04
5.693019999999999709e+04
5.671366666666666424e+04
5.654726666666667006e+04
5.659846666666666715e+04
5.648219999999999709e+04
5.647900000000000000e+04
5.670300000000000000e+04
5.663686666666666861e+04
5.671793333333333430e+04
5.682246666666666715e+04
5.685019999999999709e+04
5.665393333333333430e+04
5.665606666666666570e+04
5.661553333333333285e+04
5.666780000000000291e+04
5.650140000000000146e+04
5.672966666666666424e+04
5.642780000000000291e+04
5.654193333333333430e+04
5.653553333333333285e+04
5.673713333333333139e+04
5.664433333333333576e+04
5.657819999999999709e+04
5.660486666666666861e+04
5.671580000000000291e+04
5.666033333333333576e+04
5.647793333333333430e+04
5.648006666666666570e+04
5.646406666666666570e+04
5.640859999999999854e+04
5.619740000000000146e+04
5.626353333333333285e+04
5.632753333333333285e+04
5.640006666666666570e+04
5.605233333333333576e+04
5.620593333333333430e+04
5.606300000000000000e+04
5.621126666666667006e+04
5.627633333333333576e+04
5.624433333333333576e+04
5.611846666666666715e+04
5.605553333333333285e+04
5.604913333333333139e+04
5.642140000000000146e+04
5.650993333333333430e+04
5.644380000000000291e+04
5.659526666666667006e+04
5.693126666666667006e+04
5.670406666666666570e+04
5.693766666666666424e+04
5.697819999999999709e+04
5.711259999999999854e+04
5.693873333333332994e+04
5.710940000000000146e+04
5.697926666666667006e+04
5.697393333333333430e+04
5.706780000000000291e+04
5.706246666666666715e+04
5.717446666666666715e+04
5.705286666666666861e+04
5.715526666666667006e+04
5.705393333333333430e+04
5.692380000000000291e+04
5.677126666666667006e+04
5.685019999999999709e+04
5.677446666666666715e+04
5.679580000000000291e+04
5.681393333333333430e+04
5.704540000000000146e+04
5.702086666666666861e+04
5.720646666666666715e+04
5.710086666666666861e+04
5.694513333333333139e+04
5.683526666666667006e+04
5.707206666666666570e+04
5.674246666666666715e+04
5.679900000000000000e+04
5.654833333333333576e+04
5.673286666666666861e+04
5.665073333333332994e+04
5.685766666666666424e+04
5.677019999999999709e+04
5.686513333333333139e+04
5.688326666666667006e+04
5.684486666666666861e+04
5.699206666666666570e+04
5.694726666666667006e+04
5.711793333333333430e+04
5.688219999999999709e+04
5.683846666666666715e+04
5.679900000000000000e+04
5.682353333333333285e+04
5.687259999999999854e+04
5.695259999999999854e+04
5.693233333333333576e+04
5.701126666666667006e+04
5.695259999999999854e+04
5.685980000000000291e+04
5.702513333333333139e+04
5.687153333333333285e+04
5.674886666666666861e+04
5.685446666666666715e+04
5.664433333333333576e+04
5.663259999999999854e+04
5.647793333333333430e+04
5.655686666666666861e+04
5.649713333333333139e+04
5.648219999999999709e+04
5.618140000000000146e+04
5.613873333333332994e+04
5.605446666666666715e+04
5.623366666666666424e+04
5.606619999999999709e+04
5.603633333333333576e+04
5.593500000000000000e+04
5.591900000000000000e+04
5.605446666666666715e+04
5.606940000000000146e+04
5.609713333333333139e+04
5.594246666666666715e+04
5.617393333333333430e+04
5.600966666666666424e+04
5.596166666666666424e+04
5.610033333333333576e+04
5.628806666666666570e+04
5.623900000000000000e+04
5.613233333333333576e+04
5.594566666666666424e+04
5.617606666666666570e+04
5.630833333333333576e+04
5.603313333333333139e+04
5.609926666666667006e+04
5.594353333333333285e+04
5.607580000000000291e+04
5.623580000000000291e+04
5.618353333333333285e+04
5.611953333333333285e+04
5.600753333333333285e+04
5.582193333333333430e+04
5.594246666666666715e+04
5.614406666666666570e+04
5.653446666666666715e+04
5.649393333333333430e+04
5.645446666666666715e+04
5.660700000000000000e+04
5.654619999999999709e+04
5.637233333333333576e+04
5.642566666666666424e+04
5.629766666666666424e+04
5.641180000000000291e+04
5.604059999999999854e+04
5.599153333333333285e+04
5.627206666666666570e+04
5.629019999999999709e+04
5.646940000000000146e+04
5.637340000000000146e+04
5.641819999999999709e+04
5.615259999999999854e+04
5.647046666666666715e+04
5.667100000000000000e+04
5.666780000000000291e+04
5.675953333333333285e+04
5.679900000000000000e+04
5.653659999999999854e+04
5.648326666666667006e+04
5.645446666666666715e+04
5.649286666666666861e+04
5.641819999999999709e+04
5.633286666666666861e+04
5.633500000000000000e+04
5.620380000000000291e+04
5.644059999999999854e+04
5.616113333333333139e+04
5.658886666666666861e+04
5.638193333333333430e+04
5.637340000000000146e+04
5.649180000000000291e+04
5.629766666666666424e+04
5.621980000000000291e+04
5.629126666666667006e+04
5.638940000000000146e+04
5.640433333333333576e+04
5.631580000000000291e+04
5.646086666666666861e+04
5.658246666666666715e+04
5.664326666666667006e+04
5.643953333333333285e+04
5.623580000000000291e+04
5.632966666666666424e+04
5.623686666666666861e+04
5.618993333333333430e+04
5.615900000000000000e+04
5.609073333333332994e+04
5.613233333333333576e+04
5.612380000000000291e+04
5.605126666666667006e+04
5.605446666666666715e+04
5.621553333333333285e+04
5.625606666666666570e+04
5.630513333333333139e+04
5.624219999999999709e+04
5.627740000000000146e+04
5.628059999999999854e+04
5.634886666666666861e+04
5.625500000000000000e+04
5.631900000000000000e+04
5.620059999999999854e+04
5.620273333333332994e+04
5.617180000000000291e+04
5.584966666666666424e+04
5.604486666666666861e+04
5.600326666666667006e+04
5.592006666666666570e+04
5.605446666666666715e+04
5.603740000000000146e+04
5.620273333333332994e+04
5.600966666666666424e+04
5.602459999999999854e+04
5.602886666666666861e+04
5.596593333333333430e+04
5.609180000000000291e+04
5.609500000000000000e+04
5.604913333333333139e+04
5.604913333333333139e+04
5.004806666666666570e+04
5.108166666666666424e+04
5.249606666666666570e+04
5.399900000000000000e+04
5.560540000000000146e+04
5.667419999999999709e+04
5.782940000000000146e+04
5.877553333333333285e+04
5.934726666666667006e+04
5.977713333333333139e+04
6.017606666666666570e+04
6.012166666666666424e+04
6.014940000000000146e+04
6.035953333333333285e+04
6.030619999999999709e+04
6.051633333333333576e+04
6.059846666666666715e+04
6.081713333333333139e+04
6.077980000000000291e+04
6.074033333333333576e+04
6.036166666666666424e+04
6.046300000000000000e+04
6.036380000000000291e+04
6.015259999999999854e+04
5.998940000000000146e+04
5.975473333333332994e+04
5.975153333333333285e+04
5.952433333333333576e+04
5.941873333333332994e+04
5.922033333333333576e+04
5.923526666666667006e+04
5.912326666666667006e+04
5.905606666666666570e+04
5.885019999999999709e+04
5.894086666666666861e+04
5.866033333333333576e+04
5.846406666666666570e+04
5.817606666666666570e+04
5.810886666666666861e+04
5.815580000000000291e+04
5.804806666666666570e+04
5.798406666666666570e+04
5.799046666666666715e+04
5.793286666666666861e+04
5.775473333333332994e+04
5.785073333333332994e+04
5.782300000000000000e+04
5.777713333333333139e+04
5.756593333333333430e+04
5.731313333333333139e+04
5.718513333333333139e+04
5.733659999999999854e+04
5.712006666666666570e+04
5.708913333333333139e+04
5.715526666666667006e+04
5.706033333333333576e+04
5.712326666666667006e+04
5.729180000000000291e+04
5.711153333333333285e+04
5.720006666666666570e+04
5.711900000000000000e+04
5.713500000000000000e+04
5.714673333333332994e+04
5.710833333333333576e+04
5.697286666666666861e+04
5.671793333333333430e+04
5.685019999999999709e+04
5.696753333333333285e+04
5.690353333333333285e+04
5.679153333333333285e+04
5.669233333333333576e+04
5.645659999999999854e+04
5.657393333333333430e+04
5.657819999999999709e+04
5.640113333333333139e+04
5.650459999999999854e+04
5.659633333333333576e+04
5.641500000000000000e+04
5.661873333333332994e+04
5.639153333333333285e+04
5.638406666666666570e+04
5.636059999999999854e+04
5.642140000000000146e+04
5.627100000000000000e+04
5.637766666666666424e+04
5.629019999999999709e+04
5.626353333333333285e+04
5.643740000000000146e+04
5.645233333333333576e+04
5.652059999999999854e+04
5.654619999999999709e+04
5.640753333333333285e+04
5.656219999999999709e+04
5.645126666666667006e+04
5.661553333333333285e+04
5.656113333333333139e+04
5.663046666666666715e+04
5.655259999999999854e+04
5.678833333333333576e+04
5.666353333333333285e+04
5.659419999999999709e+04
5.670193333333333430e+04
5.662619999999999709e+04
5.638086666666666861e+04
5.678833333333333576e+04
5.637126666666667006e+04
5.611526666666667006e+04
5.606193333333333430e+04
5.607473333333332994e+04
5.585500000000000000e+04
5.604913333333333139e+04
5.591793333333333430e+04
5.620380000000000291e+04
5.611206666666666570e+04
5.655686666666666861e+04
5.653340000000000146e+04
5.662619999999999709e+04
5.666673333333332994e+04
5.664859999999999854e+04
5.666246666666666715e+04
5.674246666666666715e+04
5.663900000000000000e+04
5.659953333333333285e+04
5.669340000000000146e+04
5.665073333333332994e+04
5.685019999999999709e+04
5.692913333333333139e+04
5.668913333333333139e+04
5.663366666666666424e+04
5.666566666666666424e+04
5.676486666666666861e+04
5.685659999999999854e+04
5.679793333333333430e+04
5.677340000000000146e+04
5.692486666666666861e+04
5.682780000000000291e+04
5.685766666666666424e+04
5.697819999999999709e+04
5.701766666666666424e+04
5.700486666666666861e+04
5.698780000000000291e+04
5.694086666666666861e+04
5.702406666666666570e+04
5.697713333333333139e+04
5.714140000000000146e+04
5.686086666666666861e+04
5.688113333333333139e+04
5.680219999999999709e+04
5.695473333333332994e+04
5.688326666666667006e+04
5.702940000000000146e+04
5.703046666666666715e+04
5.694619999999999709e+04
5.668273333333332994e+04
5.692380000000000291e+04
5.677873333333332994e+04
5.682459999999999854e+04
5.678193333333333430e+04
5.676380000000000291e+04
5.679366666666666424e+04
5.665819999999999709e+04
5.670726666666667006e+04
5.669019999999999709e+04
5.655366666666666424e+04
5.677873333333332994e+04
5.681606666666666570e+04
5.683633333333333576e+04
5.684700000000000000e+04
5.724486666666666861e+04
5.682353333333333285e+04
5.678726666666667006e+04
5.682033333333333576e+04
5.683740000000000146e+04
5.697926666666667006e+04
5.689073333333332994e+04
5.697393333333333430e+04
5.688433333333333576e+04
5.675313333333333139e+04
5.695473333333332994e+04
5.684166666666666424e+04
5.687259999999999854e+04
5.695046666666666715e+04
5.684806666666666570e+04
5.667100000000000000e+04
5.659953333333333285e+04
5.656219999999999709e+04
5.686300000000000000e+04
5.677446666666666715e+04
5.676380000000000291e+04
5.684806666666666570e+04
5.682673333333332994e+04
5.682673333333332994e+04
5.690033333333333576e+04
5.682353333333333285e+04
5.694619999999999709e+04
5.681926666666667006e+04
5.674780000000000291e+04
5.679793333333333430e+04
5.686619999999999709e+04
5.688219999999999709e+04
5.671153333333333285e+04
5.655259999999999854e+04
5.670726666666667006e+04
5.683206666666666570e+04
5.682246666666666715e+04
5.663046666666666715e+04
5.663366666666666424e+04
5.653126666666667006e+04
5.639580000000000291e+04
5.644913333333333139e+04
5.665819999999999709e+04
5.672646666666666715e+04
5.685873333333332994e+04
5.706780000000000291e+04
5.721393333333333430e+04
5.726086666666666861e+04
5.736966666666666424e+04
5.734086666666666861e+04
5.718940000000000146e+04
5.731419999999999709e+04
5.731846666666666715e+04
5.724380000000000291e+04
5.707740000000000146e+04
5.707953333333333285e+04
5.720326666666667006e+04
5.722886666666666861e+04
5.707206666666666570e+04
5.721286666666666861e+04
5.702406666666666570e+04
5.699419999999999709e+04
5.696966666666666424e+04
5.689393333333333430e+04
5.676593333333333430e+04
5.662300000000000000e+04
5.672859999999999854e+04
5.705926666666667006e+04
5.702193333333333430e+04
5.699313333333333139e+04
5.681500000000000000e+04
5.715526666666667006e+04
5.677659999999999854e+04
5.687473333333332994e+04
5.688113333333333139e+04
5.672433333333333576e+04
5.656006666666666570e+04
5.677766666666666424e+04
5.667633333333333576e+04
5.698993333333333430e+04
5.687900000000000000e+04
5.677340000000000146e+04
5.670300000000000000e+04
5.674353333333333285e+04
5.666033333333333576e+04
5.673500000000000000e+04
5.652806666666666570e+04
5.643313333333333139e+04
5.625286666666666861e+04
5.644380000000000291e+04
5.616753333333333285e+04
5.642246666666666715e+04
5.634993333333333430e+04
5.646406666666666570e+04
5.662193333333333430e+04
5.647793333333333430e+04
5.645446666666666715e+04
5.696859999999999854e+04
5.688433333333333576e+04
5.721500000000000000e+04
5.685019999999999709e+04
5.689286666666666861e+04
5.698246666666666715e+04
5.697393333333333430e+04
5.696219999999999709e+04
5.714566666666666424e+04
5.673286666666666861e+04
5.674246666666666715e+04
5.681926666666667006e+04
5.681606666666666570e+04
5.688113333333333139e+04
5.672433333333333576e+04
5.661766666666666424e+04
5.680006666666666570e+04
5.674780000000000291e+04
5.673926666666667006e+04
5.681819999999999709e+04
5.680326666666667006e+04
5.667526666666667006e+04
5.694833333333333576e+04
5.698673333333332994e+04
5.687366666666666424e+04
5.676273333333332994e+04
5.686086666666666861e+04
5.684593333333333430e+04
5.681713333333333139e+04
5.684486666666666861e+04
5.675953333333333285e+04
5.689073333333332994e+04
5.686193333333333430e+04
5.695580000000000291e+04
5.691633333333333576e+04
5.708913333333333139e+04
5.694513333333333139e+04
5.684700000000000000e+04
5.687473333333332994e+04
5.683633333333333576e+04
5.674353333333333285e+04
5.680219999999999709e+04
5.694193333333333430e+04
5.662086666666666861e+04
5.696753333333333285e+04
5.702833333333333576e+04
5.706780000000000291e+04
5.683633333333333576e+04
5.708913333333333139e+04
5.712540000000000146e+04
5.700273333333332994e+04
5.703366666666666424e+04
5.717873333333332994e+04
5.734193333333333430e+04
5.705180000000000291e+04
5.704859999999999854e+04
5.705500000000000000e+04
5.698780000000000291e+04
5.693553333333333285e+04
5.682566666666666424e+04
5.665500000000000000e+04
5.677340000000000146e+04
5.671580000000000291e+04
5.668806666666666570e+04
5.702619999999999709e+04
5.701340000000000146e+04
5.690886666666666861e+04
5.676273333333332994e+04
5.677126666666667006e+04
5.671900000000000000e+04
5.683526666666667006e+04
5.701446666666666715e+04
5.686406666666666570e+04
5.685553333333333285e+04
5.702513333333333139e+04
5.695900000000000000e+04
5.685980000000000291e+04
5.671473333333332994e+04
5.644166666666666424e+04
5.632433333333333576e+04
5.642459999999999854e+04
5.647686666666666861e+04
5.654833333333333576e+04
5.639153333333333285e+04
5.642673333333332994e+04
5.627313333333333139e+04
5.640326666666667006e+04
5.638833333333333576e+04
5.618566666666666424e+04
5.615686666666666861e+04
5.611740000000000146e+04
5.617606666666666570e+04
5.613340000000000146e+04
5.627313333333333139e+04
5.627633333333333576e+04
5.628059999999999854e+04
5.636486666666666861e+04
5.624646666666666715e+04
5.650886666666666861e+04
5.638193333333333430e+04
5.616006666666666570e+04
5.625819999999999709e+04
5.635740000000000146e+04
5.657073333333332994e+04
5.631046666666666715e+04
5.647259999999999854e+04
5.634140000000000146e+04
5.628166666666666424e+04
5.640006666666666570e+04
5.628166666666666424e+04
5.626033333333333576e+04
5.632753333333333285e+04
5.646193333333333430e+04
5.645126666666667006e+04
5.635419999999999709e+04
5.626993333333333430e+04
5.629446666666666715e+04
5.641073333333332994e+04
5.626353333333333285e+04
5.604806666666666570e+04
5.625500000000000000e+04
5.629980000000000291e+04
5.619953333333333285e+04
5.628166666666666424e+04
5.632113333333333139e+04
5.631259999999999854e+04
5.626140000000000146e+04
5.008646666666666715e+04
5.055046666666666715e+04
5.195526666666667006e+04
5.343046666666666715e+04
5.453873333333332994e+04
5.581446666666666715e+04
5.708166666666666424e+04
5.825180000000000291e+04
5.911046666666666715e+04
5.939740000000000146e+04
5.986886666666666861e+04
6.021873333333332994e+04
6.030940000000000146e+04
6.049713333333333139e+04
6.075419999999999709e+04
6.097180000000000291e+04
6.091206666666666570e+04
6.087046666666666715e+04
6.070300000000000000e+04
6.071793333333333430e+04
6.056753333333333285e+04
6.069553333333333285e+04
6.046086666666666861e+04
6.006300000000000000e+04
5.991686666666666861e+04
5.974726666666667006e+04
5.946033333333333576e+04
5.941340000000000146e+04
5.944326666666667006e+04
5.935793333333333430e+04
5.930566666666666424e+04
5.898033333333333576e+04
5.892380000000000291e+04
5.875526666666667006e+04
5.845980000000000291e+04
5.818566666666666424e+04
5.840646666666666715e+04
5.783046666666666715e+04
5.772486666666666861e+04
5.758833333333333576e+04
5.746566666666666424e+04
5.761713333333333139e+04
5.755206666666666570e+04
5.734300000000000000e+04
5.708913333333333139e+04
5.716380000000000291e+04
5.704753333333333285e+04
5.680966666666666424e+04
5.680006666666666570e+04
5.682033333333333576e+04
5.652166666666666424e+04
5.677980000000000291e+04
5.686940000000000146e+04
5.676913333333333139e+04
5.675526666666667006e+04
5.666673333333332994e+04
5.661233333333333576e+04
5.675953333333333285e+04
5.667953333333333285e+04
5.660380000000000291e+04
5.652806666666666570e+04
5.651206666666666570e+04
5.630406666666666570e+04
5.647366666666666424e+04
5.678940000000000146e+04
5.655580000000000291e+04
5.653233333333333576e+04
5.654513333333333139e+04
5.678619999999999709e+04
5.662619999999999709e+04
5.660700000000000000e+04
5.663580000000000291e+04
5.632219999999999709e+04
5.629873333333332994e+04
5.666886666666666861e+04
5.683633333333333576e+04
5.679153333333333285e+04
5.686513333333333139e+04
5.668700000000000000e+04
5.679366666666666424e+04
5.666886666666666861e+04
5.641286666666666861e+04
5.663900000000000000e+04
5.659846666666666715e+04
5.637659999999999854e+04
5.646513333333333139e+04
5.624753333333333285e+04
5.631153333333333285e+04
5.634033333333333576e+04
5.617286666666666861e+04
5.652380000000000291e+04
5.628166666666666424e+04
5.616433333333333576e+04
5.623473333333332994e+04
5.628166666666666424e+04
5.624540000000000146e+04
5.601286666666666861e+04
5.615900000000000000e+04
5.603526666666667006e+04
5.601180000000000291e+04
5.597019999999999709e+04
5.574940000000000146e+04
5.609819999999999709e+04
5.611100000000000000e+04
5.595419999999999709e+04
5.622086666666666861e+04
5.609180000000000291e+04
5.604166666666666424e+04
5.606833333333333576e+04
5.597126666666667006e+04
5.595313333333333139e+04
5.606300000000000000e+04
5.630940000000000146e+04
5.627633333333333576e+04
5.630726666666667006e+04
5.625073333333332994e+04
5.616646666666666715e+04
5.624006666666666570e+04
5.659526666666667006e+04
5.656006666666666570e+04
5.650353333333333285e+04
5.638086666666666861e+04
5.631153333333333285e+04
5.617500000000000000e+04
5.625926666666667006e+04
5.625606666666666570e+04
5.602780000000000291e+04
5.579633333333333576e+04
5.602566666666666424e+04
5.602459999999999854e+04
5.630300000000000000e+04
5.613659999999999854e+04
5.614513333333333139e+04
5.616540000000000146e+04
5.593606666666666570e+04
5.587846666666666715e+04
5.612806666666666570e+04
5.618353333333333285e+04
5.626673333333332994e+04
5.630406666666666570e+04
5.625606666666666570e+04
5.610566666666666424e+04
5.614619999999999709e+04
5.603419999999999709e+04
5.633926666666667006e+04
5.603740000000000146e+04
5.605019999999999709e+04
5.612913333333333139e+04
5.605446666666666715e+04
5.608753333333333285e+04
5.608966666666666424e+04
5.599580000000000291e+04
5.608006666666666570e+04
5.607686666666666861e+04
5.615580000000000291e+04
5.625606666666666570e+04
5.604806666666666570e+04
5.603740000000000146e+04
5.605659999999999854e+04
5.604059999999999854e+04
5.589553333333333285e+04
5.582086666666666861e+04
5.595740000000000146e+04
5.572273333333332994e+04
5.579526666666667006e+04
5.581659999999999854e+04
5.593713333333333139e+04
5.603633333333333576e+04
5.583580000000000291e+04
5.605126666666667006e+04
5.597340000000000146e+04
5.611633333333333576e+04
5.585713333333333139e+04
5.587419999999999709e+04
5.619419999999999709e+04
5.633819999999999709e+04
5.614833333333333576e+04
5.599900000000000000e+04
5.594459999999999854e+04
5.601073333333332994e+04
5.574940000000000146e+04
5.575793333333333430e+04
5.586993333333333430e+04
5.565553333333333285e+04
5.568006666666666570e+04
5.581340000000000146e+04
5.582300000000000000e+04
5.560540000000000146e+04
5.557980000000000291e+04
5.540806666666666570e+04
5.530993333333333430e+04
5.541126666666667006e+04
5.555206666666666570e+04
5.567153333333333285e+04
5.591473333333332994e+04
5.571953333333333285e+04
5.558940000000000146e+04
5.544753333333333285e+04
5.540806666666666570e+04
5.552859999999999854e+04
5.567900000000000000e+04
5.567580000000000291e+04
5.562140000000000146e+04
5.547206666666666570e+04
5.557019999999999709e+04
5.545606666666666570e+04
5.547206666666666570e+04
5.523846666666666715e+04
5.510406666666666570e+04
5.509126666666667006e+04
5.514566666666666424e+04
5.546033333333333576e+04
5.571846666666666715e+04
5.572273333333332994e+04
5.562033333333333576e+04
5.558726666666667006e+04
5.586459999999999854e+04
5.587100000000000000e+04
5.614406666666666570e+04
5.595740000000000146e+04
5.619313333333333139e+04
5.619633333333333576e+04
5.607366666666666424e+04
5.611419999999999709e+04
5.607153333333333285e+04
5.625286666666666861e+04
5.618140000000000146e+04
5.608433333333333576e+04
5.594140000000000146e+04
5.607793333333333430e+04
5.623686666666666861e+04
5.631046666666666715e+04
5.630086666666666861e+04
5.619846666666666715e+04
5.624219999999999709e+04
5.658246666666666715e+04
5.670726666666667006e+04
5.721500000000000000e+04
5.688113333333333139e+04
5.702726666666667006e+04
5.686300000000000000e+04
5.686300000000000000e+04
5.683633333333333576e+04
5.685553333333333285e+04
5.702406666666666570e+04
5.682033333333333576e+04
5.685340000000000146e+04
5.702086666666666861e+04
5.692166666666666424e+04
5.695259999999999854e+04
5.674353333333333285e+04
5.675740000000000146e+04
5.649500000000000000e+04
5.635313333333333139e+04
5.655793333333333430e+04
5.636700000000000000e+04
5.642353333333333285e+04
5.627633333333333576e+04
5.644273333333332994e+04
5.658566666666666424e+04
5.643846666666666715e+04
5.658673333333332994e+04
5.682673333333332994e+04
5.655473333333332994e+04
5.639686666666666861e+04
5.646406666666666570e+04
5.646406666666666570e+04
5.663046666666666715e+04
5.654406666666666570e+04
5.640646666666666715e+04
5.620059999999999854e+04
5.596913333333333139e+04
5.630300000000000000e+04
5.632219999999999709e+04
5.624753333333333285e+04
5.618033333333333576e+04
5.617073333333332994e+04
5.604486666666666861e+04
5.626140000000000146e+04
5.616219999999999709e+04
5.620059999999999854e+04
5.582193333333333430e+04
5.617286666666666861e+04
5.618780000000000291e+04
5.613553333333333285e+04
5.612806666666666570e+04
5.615793333333333430e+04
5.604380000000000291e+04
5.589873333333332994e+04
5.623793333333333430e+04
5.606300000000000000e+04
5.598193333333333430e+04
5.576219999999999709e+04
5.584219999999999709e+04
5.560433333333333576e+04
5.555526666666667006e+04
5.566513333333333139e+04
5.573126666666667006e+04
5.554033333333333576e+04
5.555100000000000000e+04
5.557126666666667006e+04
5.565766666666666424e+04
5.560966666666666424e+04
5.588913333333333139e+04
5.576006666666666570e+04
5.568859999999999854e+04
5.575580000000000291e+04
5.554780000000000291e+04
5.587633333333333576e+04
5.599473333333332994e+04
5.604059999999999854e+04
5.621553333333333285e+04
5.608219999999999709e+04
5.618459999999999854e+04
5.622513333333333139e+04
5.597659999999999854e+04
5.621553333333333285e+04
5.638833333333333576e+04
5.600006666666666570e+04
5.636166666666666424e+04
5.614940000000000146e+04
5.603419999999999709e+04
5.587100000000000000e+04
5.598940000000000146e+04
5.606940000000000146e+04
5.572700000000000000e+04
5.577926666666667006e+04
5.612486666666666861e+04
5.600540000000000146e+04
5.603740000000000146e+04
5.589446666666666715e+04
5.578033333333333576e+04
5.578459999999999854e+04
5.585500000000000000e+04
5.606513333333333139e+04
5.574300000000000000e+04
5.573659999999999854e+04
5.599473333333332994e+04
5.578886666666666861e+04
5.608006666666666570e+04
5.606193333333333430e+04
5.600006666666666570e+04
5.579526666666667006e+04
5.587100000000000000e+04
5.577606666666666570e+04
5.610886666666666861e+04
5.615580000000000291e+04
5.606513333333333139e+04
5.615793333333333430e+04
5.582300000000000000e+04
5.585713333333333139e+04
5.583580000000000291e+04
5.565659999999999854e+04
5.567259999999999854e+04
5.548380000000000291e+04
5.547206666666666570e+04
5.544966666666666424e+04
5.556806666666666570e+04
5.593393333333333430e+04
5.586033333333333576e+04
5.604273333333332994e+04
5.583046666666666715e+04
5.611740000000000146e+04
5.605659999999999854e+04
5.592966666666666424e+04
5.619633333333333576e+04
5.603206666666666570e+04
5.616006666666666570e+04
5.630726666666667006e+04
5.634886666666666861e+04
5.639580000000000291e+04
5.629553333333333285e+04
5.628913333333333139e+04
5.641606666666666570e+04
5.613659999999999854e+04
5.640540000000000146e+04
5.638086666666666861e+04
5.630406666666666570e+04
5.630406666666666570e+04
5.615793333333333430e+04
5.614513333333333139e+04
5.619100000000000000e+04
5.590193333333333430e+04
5.588806666666666570e+04
5.594353333333333285e+04
5.592540000000000146e+04
5.591793333333333430e+04
5.594886666666666861e+04
5.595633333333333576e+04
5.590940000000000146e+04
5.577819999999999709e+04
5.563740000000000146e+04
5.563740000000000146e+04
4.968859999999999854e+04
5.058246666666666715e+04
5.197446666666666715e+04
5.344113333333333139e+04
5.506993333333333430e+04
5.622193333333333430e+04
5.720646666666666715e+04
5.806940000000000146e+04
5.891740000000000146e+04
5.899953333333333285e+04
5.979953333333333285e+04
5.995206666666666570e+04
6.046726666666667006e+04
6.098353333333333285e+04
6.116380000000000291e+04
6.133873333333332994e+04
6.176540000000000146e+04
6.143473333333332994e+04
6.126406666666666570e+04
6.121180000000000291e+04
6.102300000000000000e+04
6.067206666666666570e+04
6.059313333333333139e+04
6.056113333333333139e+04
6.025286666666666861e+04
6.009713333333333139e+04
5.985286666666666861e+04
5.967580000000000291e+04
5.944326666666667006e+04
5.907846666666666715e+04
5.878513333333333139e+04
5.852059999999999854e+04
5.834886666666666861e+04
5.821873333333332994e+04
5.817286666666666861e+04
5.804593333333333430e+04
5.831366666666666424e+04
5.775259999999999854e+04
5.759793333333333430e+04
5.750619999999999709e+04
5.740913333333333139e+04
5.712646666666666715e+04
5.726406666666666570e+04
5.705500000000000000e+04
5.703580000000000291e+04
5.681286666666666861e+04
5.694406666666666570e+04
5.695046666666666715e+04
5.687046666666666715e+04
5.696859999999999854e+04
5.685233333333333576e+04
5.683953333333333285e+04
5.704859999999999854e+04
5.696433333333333576e+04
5.695046666666666715e+04
5.666246666666666715e+04
5.682246666666666715e+04
5.657713333333333139e+04
5.644806666666666570e+04
5.648326666666667006e+04
5.647153333333333285e+04
5.639686666666666861e+04
5.642566666666666424e+04
5.645446666666666715e+04
5.672113333333333139e+04
5.649393333333333430e+04
5.643953333333333285e+04
5.656326666666667006e+04
5.643953333333333285e+04
5.629873333333332994e+04
5.647153333333333285e+04
5.628700000000000000e+04
5.628806666666666570e+04
5.626353333333333285e+04
5.631366666666666424e+04
5.631259999999999854e+04
5.653340000000000146e+04
5.650780000000000291e+04
5.661980000000000291e+04
5.646726666666667006e+04
5.664326666666667006e+04
5.648859999999999854e+04
5.616966666666666424e+04
5.624219999999999709e+04
5.613553333333333285e+04
5.603633333333333576e+04
5.610566666666666424e+04
5.613126666666667006e+04
5.644913333333333139e+04
5.656113333333333139e+04
5.648966666666666424e+04
5.637766666666666424e+04
5.637340000000000146e+04
5.637233333333333576e+04
5.625393333333333430e+04
5.617606666666666570e+04
5.619846666666666715e+04
5.585180000000000291e+04
5.613126666666667006e+04
5.616859999999999854e+04
5.638619999999999709e+04
5.647366666666666424e+04
5.632433333333333576e+04
5.599366666666666424e+04
5.598193333333333430e+04
5.600113333333333139e+04
5.585393333333333430e+04
5.596806666666666570e+04
5.591259999999999854e+04
5.639580000000000291e+04
5.603526666666667006e+04
5.626993333333333430e+04
5.642566666666666424e+04
5.611526666666667006e+04
5.623580000000000291e+04
5.606619999999999709e+04
5.626140000000000146e+04
5.632113333333333139e+04
5.611419999999999709e+04
5.622193333333333430e+04
5.634673333333332994e+04
5.636380000000000291e+04
5.641713333333333139e+04
5.648540000000000146e+04
5.647259999999999854e+04
5.678300000000000000e+04
5.676700000000000000e+04
5.662406666666666570e+04
5.672859999999999854e+04
5.663793333333333430e+04
5.658673333333332994e+04
5.653019999999999709e+04
5.670940000000000146e+04
5.669766666666666424e+04
5.652806666666666570e+04
5.668806666666666570e+04
5.686193333333333430e+04
5.696219999999999709e+04
5.696326666666667006e+04
5.678940000000000146e+04
5.683953333333333285e+04
5.711793333333333430e+04
5.700593333333333430e+04
5.699313333333333139e+04
5.710300000000000000e+04
5.685446666666666715e+04
5.678940000000000146e+04
5.670193333333333430e+04
5.660273333333332994e+04
5.681926666666667006e+04
5.710513333333333139e+04
5.692059999999999854e+04
5.675206666666666570e+04
5.674780000000000291e+04
5.687153333333333285e+04
5.666673333333332994e+04
5.647259999999999854e+04
5.660380000000000291e+04
5.641819999999999709e+04
5.639259999999999854e+04
5.639046666666666715e+04
5.665393333333333430e+04
5.667206666666666570e+04
5.673606666666666570e+04
5.675206666666666570e+04
5.640859999999999854e+04
5.662193333333333430e+04
5.669126666666667006e+04
5.659953333333333285e+04
5.656540000000000146e+04
5.649500000000000000e+04
5.628166666666666424e+04
5.661766666666666424e+04
5.671259999999999854e+04
5.649286666666666861e+04
5.645659999999999854e+04
5.633180000000000291e+04
5.659100000000000000e+04
5.631259999999999854e+04
5.646833333333333576e+04
5.645980000000000291e+04
5.626033333333333576e+04
5.637446666666666715e+04
5.641926666666667006e+04
5.671686666666666861e+04
5.669873333333332994e+04
5.663153333333333285e+04
5.673926666666667006e+04
5.674566666666666424e+04
5.660486666666666861e+04
5.642780000000000291e+04
5.658246666666666715e+04
5.658780000000000291e+04
5.653766666666666424e+04
5.619953333333333285e+04
5.624326666666667006e+04
5.620166666666666424e+04
5.605553333333333285e+04
5.614406666666666570e+04
5.616006666666666570e+04
5.618246666666666715e+04
5.618140000000000146e+04
5.613019999999999709e+04
5.607580000000000291e+04
5.598940000000000146e+04
5.619206666666666570e+04
5.616540000000000146e+04
5.618886666666666861e+04
5.620486666666666861e+04
5.651100000000000000e+04
5.651953333333333285e+04
5.645340000000000146e+04
5.644380000000000291e+04
5.661233333333333576e+04
5.657393333333333430e+04
5.665500000000000000e+04
5.670193333333333430e+04
5.676380000000000291e+04
5.669980000000000291e+04
5.656859999999999854e+04
5.676700000000000000e+04
5.649073333333332994e+04
5.655366666666666424e+04
5.637340000000000146e+04
5.640540000000000146e+04
5.650780000000000291e+04
5.670406666666666570e+04
5.666140000000000146e+04
5.652593333333333430e+04
5.645126666666667006e+04
5.633819999999999709e+04
5.642246666666666715e+04
5.627633333333333576e+04
5.645233333333333576e+04
5.642033333333333576e+04
5.604380000000000291e+04
5.613980000000000291e+04
5.595953333333333285e+04
5.582619999999999709e+04
5.591580000000000291e+04
5.603953333333333285e+04
5.614726666666667006e+04
5.596380000000000291e+04
5.592219999999999709e+04
5.603633333333333576e+04
5.612380000000000291e+04
5.598619999999999709e+04
5.596166666666666424e+04
5.611526666666667006e+04
5.600646666666666715e+04
5.607153333333333285e+04
5.605553333333333285e+04
5.593393333333333430e+04
5.567259999999999854e+04
5.574193333333333430e+04
5.566086666666666861e+04
5.569393333333333430e+04
5.575259999999999854e+04
5.577819999999999709e+04
5.577500000000000000e+04
5.575046666666666715e+04
5.597126666666667006e+04
5.597873333333332994e+04
5.607259999999999854e+04
5.611953333333333285e+04
5.598726666666667006e+04
5.596700000000000000e+04
5.599473333333332994e+04
5.608433333333333576e+04
5.590619999999999709e+04
5.618140000000000146e+04
5.613659999999999854e+04
5.632753333333333285e+04
5.602780000000000291e+04
5.581873333333332994e+04
5.557980000000000291e+04
5.569713333333333139e+04
5.548380000000000291e+04
5.520966666666666424e+04
5.536966666666666424e+04
5.540913333333333139e+04
5.533766666666666424e+04
5.530780000000000291e+04
5.523206666666666570e+04
5.541126666666667006e+04
5.550726666666667006e+04
5.568859999999999854e+04
5.570566666666666424e+04
5.551153333333333285e+04
5.537286666666666861e+04
5.542193333333333430e+04
5.510086666666666861e+04
5.555419999999999709e+04
5.532593333333333430e+04
5.534619999999999709e+04
5.539526666666667006e+04
5.548593333333333430e+04
5.537713333333333139e+04
5.544859999999999854e+04
5.530246666666666715e+04
5.540593333333333430e+04
5.534300000000000000e+04
5.530673333333332994e+04
5.521606666666666570e+04
5.548593333333333430e+04
5.522780000000000291e+04
5.531633333333333576e+04
5.542726666666667006e+04
5.548806666666666570e+04
5.545393333333333430e+04
5.539419999999999709e+04
5.566300000000000000e+04
5.583793333333333430e+04
5.576006666666666570e+04
5.549873333333332994e+04
5.563633333333333576e+04
5.551473333333332994e+04
5.552859999999999854e+04
5.560966666666666424e+04
5.577180000000000291e+04
5.586886666666666861e+04
5.573019999999999709e+04
5.568113333333333139e+04
5.569393333333333430e+04
5.584966666666666424e+04
5.569286666666666861e+04
5.580486666666666861e+04
5.561393333333333430e+04
5.553393333333333430e+04
5.562033333333333576e+04
5.561926666666667006e+04
5.565873333333332994e+04
5.566086666666666861e+04
5.555100000000000000e+04
5.571206666666666570e+04
5.554886666666666861e+04
5.549446666666666715e+04
5.558513333333333139e+04
5.543580000000000291e+04
5.537180000000000291e+04
5.523100000000000000e+04
5.499633333333333576e+04
5.493126666666667006e+04
5.504966666666666424e+04
5.501766666666666424e+04
5.493553333333333285e+04
5.491953333333333285e+04
5.488753333333333285e+04
5.490886666666666861e+04
5.490673333333332994e+04
5.459419999999999709e+04
5.463473333333332994e+04
5.447793333333333430e+04
5.449393333333333430e+04
5.446300000000000000e+04
5.467953333333333285e+04
5.466353333333333285e+04
5.453019999999999709e+04
5.450033333333333576e+04
5.457393333333333430e+04
5.477659999999999854e+04
5.487473333333332994e+04
5.476806666666666570e+04
5.482566666666666424e+04
5.496006666666666570e+04
5.488859999999999854e+04
5.466459999999999854e+04
5.506886666666666861e+04
5.498566666666666424e+04
5.492700000000000000e+04
5.485126666666667006e+04
5.499313333333333139e+04
5.494513333333333139e+04
5.496646666666666715e+04
5.477980000000000291e+04
5.492913333333333139e+04
5.493980000000000291e+04
5.494193333333333430e+04
5.442780000000000291e+04
5.492806666666666570e+04
5.487473333333332994e+04
5.481926666666667006e+04
5.504433333333333576e+04
5.500486666666666861e+04
5.492486666666666861e+04
5.490140000000000146e+04
5.525980000000000291e+04
5.493659999999999854e+04
5.500913333333333139e+04
5.478406666666666570e+04
5.510833333333333576e+04
5.501019999999999709e+04
5.501019999999999709e+04
4.992540000000000146e+04
5.108273333333332994e+04
5.240219999999999709e+04
5.373126666666667006e+04
5.519366666666666424e+04
5.630833333333333576e+04
5.740486666666666861e+04
5.793926666666667006e+04
5.871686666666666861e+04
5.915206666666666570e+04
5.954033333333333576e+04
5.995633333333333576e+04
5.998300000000000000e+04
6.040966666666666424e+04
6.036059999999999854e+04
6.030193333333333430e+04
6.013873333333332994e+04
6.027846666666666715e+04
6.016113333333333139e+04
5.994993333333333430e+04
5.961819999999999709e+04
5.952113333333333139e+04
5.937713333333333139e+04
5.920113333333333139e+04
5.912433333333333576e+04
5.882140000000000146e+04
5.856753333333333285e+04
5.815153333333333285e+04
5.810353333333333285e+04
5.792966666666666424e+04
5.767473333333332994e+04
5.758086666666666861e+04
5.734513333333333139e+04
5.705180000000000291e+04
5.712966666666666424e+04
5.684486666666666861e+04
5.683740000000000146e+04
5.681286666666666861e+04
5.668913333333333139e+04
5.643313333333333139e+04
5.645340000000000146e+04
5.625606666666666570e+04
5.632753333333333285e+04
5.603846666666666715e+04
5.601926666666667006e+04
5.602140000000000146e+04
5.585286666666666861e+04
5.585286666666666861e+04
5.597233333333333576e+04
5.566406666666666570e+04
5.551686666666666861e+04
5.555100000000000000e+04
5.528326666666667006e+04
5.530566666666666424e+04
5.514780000000000291e+04
5.536966666666666424e+04
5.523846666666666715e+04
5.500486666666666861e+04
5.496966666666666424e+04
5.483953333333333285e+04
5.508486666666666861e+04
5.522566666666666424e+04
5.535580000000000291e+04
5.539953333333333285e+04
5.523846666666666715e+04
5.546673333333332994e+04
5.526193333333333430e+04
5.537926666666667006e+04
5.537819999999999709e+04
5.560753333333333285e+04
5.541553333333333285e+04
5.532166666666666424e+04
5.554246666666666715e+04
5.550726666666667006e+04
5.564380000000000291e+04
5.553286666666666861e+04
5.563206666666666570e+04
5.554780000000000291e+04
5.563100000000000000e+04
5.565340000000000146e+04
5.556913333333333139e+04
5.561073333333332994e+04
5.547526666666667006e+04
5.538353333333333285e+04
5.536006666666666570e+04
5.548806666666666570e+04
5.538673333333332994e+04
5.549233333333333576e+04
5.540166666666666424e+04
5.524913333333333139e+04
5.541659999999999854e+04
5.528646666666666715e+04
5.501980000000000291e+04
5.504219999999999709e+04
5.478833333333333576e+04
5.475526666666667006e+04
5.489819999999999709e+04
5.489286666666666861e+04
5.496540000000000146e+04
5.468166666666666424e+04
5.475953333333333285e+04
5.464006666666666570e+04
5.455580000000000291e+04
5.465926666666667006e+04
5.442246666666666715e+04
5.442673333333332994e+04
5.436273333333332994e+04
5.443419999999999709e+04
5.436166666666666424e+04
5.465713333333333139e+04
5.469553333333333285e+04
5.457926666666667006e+04
5.473819999999999709e+04
5.439259999999999854e+04
5.452166666666666424e+04
5.478726666666667006e+04
5.474780000000000291e+04
5.482886666666666861e+04
5.471473333333332994e+04
5.486940000000000146e+04
5.476913333333333139e+04
5.468700000000000000e+04
5.493766666666666424e+04
5.487900000000000000e+04
5.477766666666666424e+04
5.517019999999999709e+04
5.507633333333333576e+04
5.527046666666666715e+04
5.515740000000000146e+04
5.509980000000000291e+04
5.475526666666667006e+04
5.501126666666667006e+04
5.510619999999999709e+04
5.509446666666666715e+04
5.520113333333333139e+04
5.498673333333332994e+04
5.535793333333333430e+04
5.515740000000000146e+04
5.518086666666666861e+04
5.543153333333333285e+04
5.561073333333332994e+04
5.558940000000000146e+04
5.547313333333333139e+04
5.552646666666666715e+04
5.526300000000000000e+04
5.514459999999999854e+04
5.517126666666667006e+04
5.524806666666666570e+04
5.506033333333333576e+04
5.502513333333333139e+04
5.487900000000000000e+04
5.496326666666667006e+04
5.469873333333332994e+04
5.458140000000000146e+04
5.469340000000000146e+04
5.482353333333333285e+04
5.477873333333332994e+04
5.449286666666666861e+04
5.487259999999999854e+04
5.468593333333333430e+04
5.499313333333333139e+04
5.498353333333333285e+04
5.522993333333333430e+04
5.507953333333333285e+04
5.485446666666666715e+04
5.492700000000000000e+04
5.526726666666667006e+04
5.497180000000000291e+04
5.510940000000000146e+04
5.515206666666666570e+04
5.527686666666666861e+04
5.549873333333332994e+04
5.546033333333333576e+04
5.534193333333333430e+04
5.539526666666667006e+04
5.507100000000000000e+04
5.521606666666666570e+04
5.492700000000000000e+04
5.507313333333333139e+04
5.501873333333332994e+04
5.508380000000000291e+04
5.492593333333333430e+04
5.516273333333332994e+04
5.492913333333333139e+04
5.502833333333333576e+04
5.499740000000000146e+04
5.479153333333333285e+04
5.480540000000000146e+04
5.506459999999999854e+04
5.495046666666666715e+04
5.484806666666666570e+04
5.512219999999999709e+04
5.489926666666667006e+04
5.497073333333332994e+04
5.495900000000000000e+04
5.483740000000000146e+04
5.488006666666666570e+04
5.475846666666666715e+04
5.478940000000000146e+04
5.484700000000000000e+04
5.478513333333333139e+04
5.486513333333333139e+04
5.484166666666666424e+04
5.458993333333333430e+04
5.482780000000000291e+04
5.496859999999999854e+04
5.489180000000000291e+04
5.497819999999999709e+04
5.509766666666666424e+04
5.546246666666666715e+04
5.545286666666666861e+04
5.532166666666666424e+04
5.529180000000000291e+04
5.535366666666666424e+04
5.541233333333333576e+04
5.524486666666666861e+04
5.532806666666666570e+04
5.535366666666666424e+04
5.549019999999999709e+04
5.548059999999999854e+04
5.548166666666666424e+04
5.556380000000000291e+04
5.546566666666666424e+04
5.542619999999999709e+04
5.547846666666666715e+04
5.549446666666666715e+04
5.557446666666666715e+04
5.541659999999999854e+04
5.532273333333332994e+04
5.533340000000000146e+04
5.540593333333333430e+04
5.540380000000000291e+04
5.536753333333333285e+04
5.534833333333333576e+04
5.551153333333333285e+04
5.551153333333333285e+04
5.544006666666666570e+04
5.555846666666666715e+04
5.545500000000000000e+04
5.548593333333333430e+04
5.535900000000000000e+04
5.547100000000000000e+04
5.550193333333333430e+04
5.562993333333333430e+04
5.545926666666667006e+04
5.575686666666666861e+04
5.575580000000000291e+04
5.556913333333333139e+04
5.565553333333333285e+04
5.545819999999999709e+04
5.540806666666666570e+04
5.547206666666666570e+04
5.532486666666666861e+04
5.540273333333332994e+04
5.533980000000000291e+04
5.546993333333333430e+04
5.551046666666666715e+04
5.549553333333333285e+04
5.578140000000000146e+04
5.568433333333333576e+04
5.565553333333333285e+04
5.562780000000000291e+04
5.614726666666667006e+04
5.578246666666666715e+04
5.578459999999999854e+04
5.574940000000000146e+04
5.587206666666666570e+04
5.581980000000000291e+04
5.603633333333333576e+04
5.611846666666666715e+04
5.613340000000000146e+04
5.604380000000000291e+04
5.614833333333333576e+04
5.613019999999999709e+04
5.604166666666666424e+04
5.583366666666666424e+04
5.573766666666666424e+04
5.599580000000000291e+04
5.582300000000000000e+04
5.570033333333333576e+04
5.584646666666666715e+04
5.574726666666667006e+04
5.607793333333333430e+04
5.626140000000000146e+04
5.612273333333332994e+04
5.593073333333332994e+04
5.604593333333333430e+04
5.602993333333333430e+04
5.606086666666666861e+04
5.586993333333333430e+04
5.611419999999999709e+04
5.590086666666666861e+04
5.589446666666666715e+04
5.606940000000000146e+04
5.612593333333333430e+04
5.593713333333333139e+04
5.589980000000000291e+04
5.579846666666666715e+04
5.584966666666666424e+04
5.604059999999999854e+04
5.590619999999999709e+04
5.587206666666666570e+04
5.593393333333333430e+04
5.570886666666666861e+04
5.556059999999999854e+04
5.578459999999999854e+04
5.592326666666667006e+04
5.585606666666666570e+04
5.601713333333333139e+04
5.614833333333333576e+04
5.608753333333333285e+04
5.612273333333332994e+04
5.597340000000000146e+04
5.594780000000000291e+04
5.603526666666667006e+04
5.588913333333333139e+04
5.604593333333333430e+04
5.593606666666666570e+04
5.607580000000000291e+04
5.606726666666667006e+04
5.601606666666666570e+04
5.599900000000000000e+04
5.593393333333333430e+04
5.587633333333333576e+04
5.577393333333333430e+04
5.573659999999999854e+04
5.585713333333333139e+04
5.585819999999999709e+04
5.586353333333333285e+04
5.600006666666666570e+04
5.591259999999999854e+04
5.604806666666666570e+04
5.610459999999999854e+04
5.606833333333333576e+04
5.613873333333332994e+04
5.618886666666666861e+04
5.637019999999999709e+04
5.609606666666666570e+04
5.599580000000000291e+04
5.602353333333333285e+04
5.596486666666666861e+04
5.594033333333333576e+04
5.588486666666666861e+04
5.571633333333333576e+04
5.582940000000000146e+04
5.592433333333333576e+04
5.593286666666666861e+04
5.580166666666666424e+04
5.566940000000000146e+04
5.565873333333332994e+04
5.608540000000000146e+04
5.595206666666666570e+04
5.903686666666666861e+04
5.908166666666666424e+04
5.909659999999999854e+04
5.909019999999999709e+04
5.944540000000000146e+04
5.928326666666667006e+04
