0.000000000000000000e+00
2.559647460937499019e+01
2.704022460937499162e+01
2.657933593749999091e+01
2.456327148437499019e+01
2.481381835937499858e+01
2.415522460937500071e+01
2.447652343750000270e+01
2.426944335937502117e+01
2.221280273437501407e+01
1.912147460937498877e+01
1.734027343749999162e+01
1.806234374999998948e+01
1.977484374999999162e+01
1.990250000000002117e+01
1.821967773437500071e+01
1.754600585937501123e+01
1.856850585937500142e+01
1.983499999999997954e+01
1.970433593749998380e+01
1.907436523437500142e+01
1.834491210937498806e+01
1.710214843749999858e+01
1.704964843750000014e+01
1.810147460937498565e+01
1.918936523437502473e+01
2.104312500000001407e+01
2.033491210937500071e+01
1.719686523437498593e+01
1.677652343749999631e+01
1.666402343750000625e+01
1.602714843749999929e+01
1.789170898437501478e+01
2.073663085937502260e+01
1.954491210937496959e+01
2.025746093749997812e+01
1.922225585937498948e+01
1.801045898437501691e+01
1.807359375000003254e+01
1.869527343749999915e+01
1.890264648437501194e+01
1.735464843750001407e+01
1.702714843749999929e+01
1.844371093750000412e+01
1.912562499999997812e+01
1.762725585937500128e+01
1.719964843750000938e+01
1.855584960937497385e+01
1.829897460937500142e+01
1.791558593750001904e+01
2.015621093750000625e+01
2.279092773437501052e+01
2.223881835937499929e+01
2.042359375000000554e+01
1.836500000000000909e+01
1.778984374999999929e+01
1.819124999999998948e+01
1.925499023437501833e+01
2.043124023437497527e+01
2.140152343750002473e+01
1.927933593749998309e+01
1.853062500000001123e+01
2.073467773437500483e+01
2.009233398437499929e+01
2.093319335937498238e+01
2.172359375000001691e+01
2.130545898437497598e+01
2.134139648437498238e+01
1.893803710937499929e+01
1.789859375000003183e+01
2.041250000000000142e+01
2.110374999999996959e+01
2.220484375000001265e+01
2.430624999999999858e+01
2.405464843750001336e+01
2.216089843750002686e+01
2.029339843749997385e+01
2.019100585937496817e+01
2.084233398437499929e+01
1.998475585937497456e+01
1.938437499999999858e+01
1.932484374999997812e+01
1.883277343749999488e+01
1.945859374999999858e+01
2.102652343750001762e+01
2.041655273437499929e+01
1.805694335937501549e+01
1.732027343750000625e+01
1.890577148437500199e+01
2.037249999999999162e+01
2.098609375000002331e+01
1.927303710937496817e+01
1.920999999999997243e+01
1.974984374999997527e+01
1.816475585937501336e+01
1.863670898437496959e+01
2.039359374999997954e+01
1.929859375000000199e+01
2.038631835937497172e+01
2.004183593749997527e+01
2.114027343749998522e+01
2.406749023437502188e+01
2.029964843749997172e+01
1.709764648437498380e+01
1.810234374999999929e+01
1.800484375000002757e+01
1.810609374999997812e+01
1.716734375000001478e+01
1.786234374999997243e+01
1.898089843749997740e+01
1.775264648437502046e+01
1.859058593750001265e+01
1.957558593750000142e+01
2.092402343750000071e+01
2.057777343749997101e+01
1.766866210937501336e+01
1.654746093749999858e+01
1.736358398437500483e+01
1.941484374999999929e+01
1.906795898437497883e+01
1.730683593750000071e+01
1.727402343749999858e+01
1.715683593749999858e+01
1.830928710937501336e+01
1.994092773437501265e+01
2.029652343749998877e+01
2.105545898437496533e+01
2.049959960937497527e+01
1.937984374999999559e+01
1.916234374999998380e+01
1.852562499999998735e+01
1.737749999999999773e+01
1.839839843750001336e+01
2.203187499999999233e+01
2.288077148437502117e+01
2.108433593750001478e+01
2.013437499999999858e+01
1.889999023437499304e+01
1.796714843750002188e+01
1.844819335937500071e+01
1.909527343750001904e+01
2.079209960937501478e+01
2.152381835937496390e+01
1.950859374999999929e+01
1.855527343749999858e+01
1.942413085937501904e+01
2.045564915178713647e+02
2.044946881578867419e+02
1.768975585937500483e+01
1.925264648437501691e+01
2.063109374999998025e+01
1.901933593749999929e+01
1.705214843750000142e+01
1.844984374999998522e+01
1.975152343750000838e+01
1.969491210937497527e+01
1.974859375000001549e+01
1.919359374999999091e+01
2.037734375000000142e+01
2.180859375000000000e+01
2.090678710937499929e+01
2.072983398437499858e+01
1.965609374999997883e+01
1.851859374999998664e+01
1.863959960937500071e+01
1.850152343750001194e+01
1.811209960937499019e+01
1.805897460937500298e+01
2.004991210937501478e+01
2.067652343750001620e+01
1.990433593749998664e+01
1.970589843749999304e+01
1.787264648437497883e+01
1.786577148437499929e+01
1.876996093749998096e+01
1.802147460937496959e+01
1.878163085937499233e+01
1.982308593749997527e+01
1.795484375000003041e+01
1.707045898437500142e+01
1.859339843749998522e+01
2.011558593749999702e+01
1.967874999999997243e+01
1.883089843749998238e+01
1.863280273437496959e+01
1.959996093750001123e+01
2.038803710937499858e+01
1.887069335937498948e+01
1.849234375000002117e+01
3.994751407808061572e+02
9.626527133999770740e+02
1.330351525976508810e+03
1.512710304937364526e+03
1.328419745504708089e+03
1.144410674566628586e+03
1.513445175542829475e+03
1.331328907263132351e+03
7.778588545584675558e+02
1.870605520176294931e+03
2.406120878051377076e+03
2.238301577088832801e+03
3.615913652932643799e+03
4.601088273081183615e+03
3.094008714604221950e+03
1.325371127416938634e+03
9.589768589840807635e+02
5.866468888746197763e+02
3.990428278535604250e+02
5.877863324628767714e+02
1.514307518682481941e+03
2.573748923062684298e+03
2.403723279708473001e+03
2.228894244325160798e+03
1.867180584263208630e+03
7.739197426199913252e+02
5.884030434308949680e+02
1.695532996785489786e+03
1.875835558170671447e+03
1.337743427221623733e+03
2.071039247332666491e+03
1.884275010227564508e+03
9.625073734341580121e+02
1.149457951330542073e+03
2.242222335755825043e+03
2.586330130643248594e+03
5.527520391998289597e+03
6.746628639364242190e+03
5.587876908111572448e+03
6.937108312404006938e+03
6.185158008420467013e+03
5.259778790664087865e+03
6.034310784720042648e+03
7.218350356846909563e+03
7.229392081700406379e+03
5.911964516829857530e+03
5.288182437667250269e+03
5.735897540855253283e+03
7.476396588300312942e+03
7.773306999592621651e+03
7.637486053666472799e+03
9.085801977407787490e+03
1.029366048493250310e+04
9.916157668457046384e+03
8.918311968145379069e+03
1.011666837102831232e+04
1.118605716737508737e+04
1.178733050217566961e+04
1.331464283866644473e+04
1.446904297718467387e+04
1.474435609493021366e+04
1.504006986911534113e+04
1.482276891889511535e+04
1.355870167279467023e+04
1.310813023736936520e+04
1.307008848550780385e+04
1.283081955425204433e+04
1.307917136171324273e+04
1.401603476206287814e+04
1.447949946951866150e+04
1.466739510310888363e+04
1.481150796752929818e+04
1.502488800954285034e+04
1.523189119271995696e+04
9.653818101686852970e+03
1.753433593750001052e+01
1.840889648437502046e+01
1.757874999999999943e+01
1.873272460937497286e+01
2.244842773437499517e+01
2.357803710937499631e+01
2.661030273437500071e+01
1.978803669451176859e+02
1.262180689565986086e+03
2.495318538998959866e+03
5.575212066154335844e+03
9.440090586231801353e+03
1.359029631746709310e+04
1.534430034408508254e+04
1.442028136924964747e+04
1.196049537895308458e+04
8.882907822027189468e+03
8.375622060487290582e+03
7.717130442738392958e+03
6.139993099973196877e+03
5.024163561819650567e+03
4.392034826080657695e+03
4.426913334839198797e+03
5.218335809249276281e+03
5.814800310134299252e+03
6.824558184993115901e+03
8.313606252076622695e+03
8.854275795660034419e+03
1.110556672456502565e+04
1.198423785278424657e+04
1.284671350133879969e+04
1.474612653708444486e+04
1.536932820388067012e+04
1.529958587644684303e+04
1.435448583348974898e+04
1.269103860101564896e+04
1.161329608374102463e+04
1.023617561137914345e+04
1.123578366141258812e+04
1.083914781124530418e+04
8.411215843401991151e+03
7.614428238606296873e+03
6.069482720029353914e+03
3.878718844208121482e+03
2.872458020744322766e+03
2.179885396363734344e+03
1.468800722417833867e+03
1.109093760046362831e+03
7.459451820731162570e+02
2.014972008226811511e+02
2.016933593750000142e+01
2.109913085937501265e+01
2.001234375000003851e+01
1.922621093750002430e+01
1.802381835937498522e+01
1.892874999999997954e+01
1.881859374999999801e+01
1.697217773437501620e+01
1.838749999999999929e+01
1.904496093750002217e+01
1.772308593750001293e+01
1.812749999999999417e+01
2.036562500000000142e+01
2.021006835937502544e+01
1.974339843750005485e+01
2.104756835937502046e+01
2.008121093750003894e+01
1.996483398437504775e+01
2.165913085937500071e+01
1.906522460937495822e+01
1.723089843750000938e+01
1.737749023437499929e+01
1.880609375000001293e+01
1.909491210937498806e+01
1.774027343749998664e+01
1.666812500000001762e+01
1.824652343750003070e+01
2.008609374999999631e+01
2.003530273437500142e+01
1.898530273437500071e+01
1.866006835937503183e+01
1.983670898437500085e+01
2.102225585937497954e+01
1.918584960937499417e+01
1.840342773437500767e+01
1.694350585937500142e+01
1.493089843750002288e+01
1.674359374999999517e+01
1.853256835937499858e+01
1.800609374999995893e+01
1.833339843750000142e+01
1.906812500000000199e+01
1.860233398437503993e+01
1.978187499999998877e+01
2.072874999999999446e+01
2.108433593750001833e+01
1.990999999999997527e+01
2.100687500000003638e+01
2.169984374999994614e+01
2.236905273437499631e+01
2.338749999999999929e+01
2.287359375000001904e+01
2.032616210937498735e+01
1.929808593749998380e+01
2.127608398437499915e+01
2.012139648437501549e+01
1.940484375000000483e+01
2.055311523437493904e+01
2.098905273437501506e+01
1.934859374999998494e+01
2.052022460937502757e+01
2.095464843750000128e+01
2.008187500000000369e+01
2.033734374999997030e+01
1.788741210937502402e+01
1.838506835937500838e+01
1.879371093750000199e+01
1.795975585937500796e+01
1.912339843750002544e+01
1.947842773437502117e+01
1.985375000000002288e+01
2.068999999999999062e+01
2.033709960937498096e+01
2.118124999999999858e+01
2.108491210937500071e+01
2.069859375000000412e+01
2.124749999999998096e+01
1.980913085937499929e+01
2.031527343749997172e+01
2.129937500000000128e+01
2.100577148437498920e+01
2.049288085937501336e+01
1.912358398437499929e+01
2.001397460937501549e+01
1.994374023437502785e+01
2.092163085937500000e+01
2.174124999999997243e+01
2.060655273437500767e+01
1.960152343750001691e+01
1.821225585937499858e+01
1.840678710937499929e+01
2.078609374999998494e+01
2.272109375000000142e+01
2.711089843750000838e+01
2.630577148437499702e+01
2.276967773437500142e+01
2.436499999999998778e+01
2.036124023437501052e+01
2.270777343750000909e+01
2.318359375000000000e+01
1.958452148437499929e+01
2.047152343750004277e+01
2.109647460937500796e+01
1.967484375000004704e+01
2.064952148437501123e+01
2.079639648437503041e+01
1.956827148437501762e+01
1.975342773437500199e+01
2.067750000000000199e+01
2.215562499999999346e+01
2.273631835937497669e+01
2.612202148437500071e+01
2.768217773437499929e+01
2.535733398437498565e+01
2.441734375000003254e+01
2.092359374999998778e+01
1.902920898437497499e+01
2.022464843749996177e+01
2.209530273437503212e+01
2.207484375000000654e+01
2.105062499999998948e+01
2.027484374999996675e+01
2.063902343749998636e+01
2.134522460937499844e+01
2.212202148437500071e+01
5.445311523437496959e+01
2.439061523437497314e+01
2.387339843749998280e+01
2.145464843750000483e+01
2.065483398437499929e+01
2.289975585937499858e+01
2.436625000000000085e+01
2.543902343749999062e+01
2.620609374999999019e+01
2.466312499999996177e+01
2.320975585937499375e+01
2.587464843750000298e+01
2.994527343749999915e+01
2.866839843750000227e+01
2.492186523437495893e+01
2.521187499999999915e+01
2.421558593749999133e+01
2.285687499999999162e+01
2.418808593749999858e+01
2.293788085937506338e+01
2.136639648437498451e+01
2.336937500000004064e+01
2.379312500000002117e+01
2.316500000000003467e+01
2.154683593750003823e+01
1.786312499999998948e+01
1.692061523437500981e+01
1.908121093749998565e+01
2.056464843750000071e+01
1.873496093749999858e+01
1.889155273437500071e+01
2.112750000000001549e+01
2.073433593750002046e+01
1.903702148437500696e+01
1.948402343750001364e+01
1.877621093749999659e+01
1.634859374999999559e+01
1.689209960937500909e+01
1.767808593750002188e+01
1.973428710937500341e+01
1.868609375000002615e+01
1.717108398437500938e+01
1.916319335937500767e+01
1.832964843749999062e+01
1.705936523437497243e+01
1.969234374999997428e+01
1.989366210937500767e+01
1.980152343750002331e+01
2.338397460937499517e+01
2.575108398437499702e+01
2.565589843750004917e+01
2.414834960937497854e+01
2.125069335937499915e+01
2.054444335937498778e+01
2.074496093750001080e+01
1.868897460937500554e+01
1.752163085937500142e+01
1.762577148437501506e+01
1.862484374999998948e+01
1.906709960937498849e+01
1.772202148437499858e+01
1.776089843749999275e+01
1.908433593750000057e+01
1.883812499999996959e+01
1.962889648437498380e+01
2.149959960937501791e+01
1.940902343750001791e+01
1.824881835937496533e+01
2.135937500000000000e+01
2.249795898437499631e+01
2.319569335937502075e+01
2.297358398437500071e+01
2.125624023437504562e+01
2.064022460937497172e+01
2.033109375000000085e+01
2.019795898437498849e+01
1.960467773437495609e+01
1.936788085937498849e+01
2.016639648437497456e+01
1.735147460937498565e+01
1.498358398437504135e+01
1.587959960937500625e+01
1.795234375000000071e+01
1.826734375000002331e+01
1.837420898437503070e+01
1.999371093749999062e+01
1.801163085937501052e+01
1.484952148437498565e+01
1.451500000000000412e+01
1.569234374999998671e+01
1.646280273437500696e+01
1.709339843749999943e+01
1.695327148437500142e+01
1.498687500000000838e+01
1.389600585937498600e+01
1.449750000000000760e+01
1.554371093750001265e+01
1.545121093749998842e+01
1.601163085937502473e+01
1.571405273437504135e+01
1.521405273437500583e+01
1.605562500000002757e+01
1.529022460937499162e+01
1.494859374999998636e+01
1.549359375000001293e+01
1.640780273437501435e+01
1.797069335937501222e+01
1.734496093750000512e+01
1.761246093749999986e+01
1.682764648437500199e+01
1.577933593750000796e+01
1.710936523437495538e+01
1.697187500000000071e+01
1.716045898437501549e+01
1.754371093750001620e+01
1.579452148437501968e+01
1.437514648437499964e+01
1.574686523437499730e+01
1.641327148437501293e+01
1.674803710937502643e+01
1.586030273437500071e+01
1.399339843750002821e+01
1.478187500000001009e+01
1.638241210937496106e+01
1.646592773437502899e+01
1.531358398437498991e+01
1.506152343750000000e+01
1.569000000000000128e+01
1.741371093749998167e+01
1.749058593750002188e+01
1.542187500000000000e+01
1.461170898437499410e+01
1.614467773437500142e+01
1.734984375000003354e+01
1.945589843750003567e+01
2.018983398437498167e+01
1.806527343750004277e+01
2.009061523437496177e+01
2.047562500000004349e+01
1.910562500000002828e+01
1.855069335937499986e+01
1.838780273437499346e+01
1.938905273437501720e+01
1.888089843750003993e+01
1.949834960937499417e+01
1.980639648437500000e+01
2.014027343749996390e+01
2.095975585937498309e+01
2.072027343750001904e+01
2.132655273437503496e+01
2.108609374999999275e+01
1.923163085937503425e+01
1.778116210937501052e+01
1.673741210937500412e+01
1.742280273437500071e+01
1.833902343749999631e+01
1.907413085937501762e+01
2.025589843749999019e+01
1.970484374999997712e+01
1.900484375000001336e+01
2.002944335937500142e+01
2.012183593749999488e+01
1.998905273437500085e+01
2.015609375000000725e+01
2.193500000000002004e+01
2.344437499999998664e+01
2.106933593750000000e+01
2.199389648437500000e+01
2.420366210937499929e+01
2.261889648437500000e+01
2.129687500000000000e+01
2.154194335937500071e+01
2.220733398437500483e+01
2.420484374999999844e+01
2.508592773437499091e+01
2.265342773437502188e+01
2.178187499999996390e+01
2.425121093749997669e+01
2.527027343749999844e+01
2.646859374999999659e+01
2.588500000000002643e+01
2.435609374999997812e+01
2.467621093750002004e+01
2.286812500000002046e+01
2.114991210937501620e+01
2.162553710937499929e+01
2.028187500000003141e+01
1.899834960937499062e+01
2.271214843749999446e+01
2.654125000000001222e+01
2.512342773437498877e+01
2.309256835937498664e+01
2.582562500000000227e+01
2.855850585937500341e+01
2.476944335937498209e+01
2.174522460937497215e+01
2.042139648437503041e+01
2.504027343749995538e+01
2.604125000000002643e+01
2.420250000000001833e+01
2.372250000000001080e+01
2.251871093749997499e+01
2.315186523437501620e+01
2.343999023437499929e+01
2.382183593750002970e+01
2.279214843749998565e+01
2.144624023437500071e+01
2.249984374999997172e+01
2.261312500000001791e+01
2.102621093750002856e+01
2.315584960937501791e+01
2.480859375000000000e+01
2.313734375000001009e+01
2.364312499999997286e+01
2.216397460937498565e+01
2.051170898437500867e+01
1.948887109374998374e+02
2.064444335937499631e+01
2.301464843750000000e+01
1.907811523437495538e+01
2.274249023437498352e+01
2.246522460937498522e+01
2.812530273437499773e+01
3.102558593750000071e+01
3.140609374999997883e+01
3.275889648437503610e+01
3.074920898437505201e+01
3.416937500000003070e+01
3.095746093749999162e+01
1.978181275652348745e+02
3.648748131746057197e+02
1.954513604448739841e+02
1.992628323839605002e+02
7.234378801321983019e+02
7.278034834647166917e+02
5.574611463056508001e+02
7.302880678153035205e+02
7.291888383841512677e+02
5.593043709455427006e+02
5.598345192609724563e+02
9.069936392270028591e+02
1.252168310491888633e+03
1.079493078894020528e+03
7.301405443167684552e+02
1.245519010259956076e+03
1.245078743307440845e+03
5.532413407789171060e+02
3.784253162568805919e+02
5.528138279615341162e+02
5.504438848005240743e+02
3.732755703157184826e+02
1.997711475847657709e+02
2.924561523437499844e+01
3.250702148437504491e+01
3.229746093749999858e+01
3.116905273437499702e+01
3.007808593750001336e+01
3.093433593749999844e+01
2.946246093749997996e+01
2.504209960937499702e+01
2.169155273437500142e+01
2.319756835937501549e+01
2.542484374999995822e+01
2.642621093750004846e+01
2.403812500000002572e+01
2.445308593750003112e+01
2.459686523437498806e+01
2.328045898437499517e+01
2.153902343749998849e+01
2.023592773437497527e+01
1.830152343749998778e+01
1.789491210937495325e+01
1.835444335937500071e+01
1.962030273437501293e+01
1.906109375000000128e+01
1.839217773437498948e+01
1.767842773437499915e+01
1.740936523437496319e+01
1.707124023437500071e+01
1.704652343750000654e+01
1.725194335937501933e+01
1.871967773437500071e+01
1.867670898437500071e+01
1.947183593750001762e+01
1.783902343749998920e+01
1.727464843749998380e+01
1.667655273437499730e+01
1.778750000000000142e+01
1.883183593749999929e+01
1.757984375000003041e+01
1.818936523437500341e+01
1.829483398437500341e+01
1.942484374999995111e+01
1.946562499999999929e+01
1.771241210937502331e+01
1.670897460937495183e+01
1.584027343749998451e+01
1.548764648437500036e+01
1.599062499999999964e+01
1.612920898437500483e+01
1.473241210937497137e+01
1.545780273437502750e+01
1.587964843749999133e+01
1.610609375000004206e+01
1.762183593750001620e+01
1.719984374999996390e+01
1.662264648437495396e+01
1.775234375000000142e+01
1.838905273437502785e+01
1.733944335937501791e+01
1.564437499999999304e+01
1.551527343749997101e+01
1.668589843750001833e+01
1.788022460937499858e+01
1.922147460937496888e+01
1.922183593750001052e+01
1.828746093750002188e+01
2.020342773437502970e+01
2.183061523437499929e+01
1.820152343749998280e+01
1.895625000000000071e+01
2.140381835937501620e+01
2.022459960937503709e+01
1.993027343749999858e+01
1.989750000000005414e+01
2.007308593750000725e+01
2.024183593750001009e+01
2.105609374999998806e+01
2.180777343749999631e+01
2.068788085937502075e+01
2.134214843750001833e+01
2.045108398437499986e+01
2.064483398437498352e+01
2.356308593749999858e+01
2.402694335937501791e+01
2.388155273437499204e+01
2.460483398437499858e+01
2.266358398437500199e+01
2.552866210937499858e+01
2.676109374999998636e+01
2.097249999999998238e+01
1.966381835937500000e+01
1.950811523437500838e+01
1.829881835937498380e+01
1.799952148437500909e+01
1.737558593749999858e+01
1.784131835937501620e+01
2.020155273437503496e+01
1.943670898437500938e+01
1.771734374999999062e+01
1.657655273437503496e+01
1.527402343750000036e+01
1.570038085937503958e+01
1.564803710937502856e+01
1.501084960937499702e+01
1.439984374999996852e+01
1.434437500000000476e+01
1.712777343750000369e+01
2.007647460937501904e+01
2.093155273437499275e+01
2.124683593750002686e+01
1.892621093750000938e+01
1.936871093750001549e+01
1.996553710937497428e+01
1.794062500000000071e+01
1.823496093749999858e+01
1.895527343750000071e+01
1.881905273437497073e+01
1.816561523437496106e+01
1.916944335937500909e+01
1.915609375000000014e+01
2.014589843750000142e+01
2.163569335937500071e+01
2.027109374999999858e+01
2.171358398437498494e+01
2.276928710937500000e+01
2.104834960937500554e+01
2.122124023437499929e+01
2.087709960937500142e+01
2.176109375000000057e+01
2.329984374999999019e+01
2.395350585937499943e+01
2.304256835937497527e+01
2.355999999999996319e+01
2.299311523437500071e+01
2.111562500000000142e+01
2.195459960937500554e+01
2.268905273437504277e+01
2.118584960937500483e+01
1.980928710937498494e+01
2.272359374999998849e+01
2.365121093750001080e+01
2.118734375000001080e+01
2.220609374999999730e+01
2.443358398437498735e+01
2.430483398437500142e+01
2.428496093749999929e+01
2.636109375000002686e+01
2.745834960937499858e+01
2.580609375000005201e+01
2.439808593749997456e+01
2.313233398437498423e+01
2.365433593749997954e+01
2.585717773437500000e+01
2.536000000000004206e+01
2.390687500000002430e+01
2.273437500000000000e+01
2.371983398437500767e+01
2.520902343750000085e+01
2.610121093750000298e+01
2.546874023437504420e+01
2.233812499999998735e+01
2.381214843750002430e+01
2.673589843749997996e+01
2.689022460937498593e+01
2.399527343749998920e+01
2.110214843749999858e+01
2.336170898437499588e+01
2.390327148437500071e+01
2.068709960937503922e+01
1.815875000000001194e+01
1.853452148437499858e+01
1.914027343749999943e+01
1.946714843750001833e+01
2.082750000000002188e+01
2.049483398437502757e+01
2.062139648437500128e+01
1.991514648437502899e+01
1.854334960937502075e+01
1.842334960937500909e+01
1.779209960937499702e+01
1.768374999999999275e+01
1.968202148437502430e+01
2.079937500000001904e+01
2.029000000000000625e+01
2.062530273437499062e+01
1.978389648437503467e+01
1.891527343749998380e+01
2.081187500000000767e+01
2.118545898437496788e+01
1.904491210937497314e+01
1.972499023437500298e+01
2.170062500000004491e+01
2.418084960937500583e+01
2.305687499999995538e+01
2.040780273437501791e+01
2.049131835937502188e+01
2.107808593750001336e+01
2.153241210937498096e+01
2.121053710937503212e+01
2.126905273437498778e+01
2.131522460937499730e+01
2.095897460937498025e+01
2.119452148437501293e+01
2.360527343749999929e+01
2.548944335937505201e+01
2.256859374999994827e+01
1.847022460937499133e+01
1.754702148437500142e+01
1.903687500000001620e+01
2.127920898437497854e+01
2.118589843750000767e+01
1.938062499999998778e+01
1.766522460937495254e+01
1.737295898437498565e+01
1.749092773437500625e+01
1.748999023437500000e+01
1.842152343750003496e+01
2.031859374999995538e+01
2.050584960937499801e+01
1.890702148437502927e+01
1.872381835937496319e+01
1.909984374999996248e+01
1.942686523437500057e+01
2.026405273437502430e+01
2.062577148437503993e+01
2.028808593750000000e+01
2.159209960937500128e+01
2.221499999999999631e+01
2.018217773437499929e+01
2.124652343750000583e+01
2.175152343750000483e+01
2.230147460937498494e+01
2.247308593749996675e+01
2.195967773437500270e+01
2.395121093750000796e+01
2.467772460937495893e+01
2.424234374999998565e+01
2.396058593749996035e+01
2.443702148437498067e+01
2.740147460937503610e+01
2.909249023437498138e+01
2.522686523437499062e+01
2.409061523437495822e+01
2.738397460937500938e+01
2.485621093750002686e+01
2.110967773437501904e+01
2.085058593750000000e+01
1.791812500000002117e+01
2.038999999999999346e+01
2.413295898437500142e+01
2.300933593750003325e+01
2.356709960937500981e+01
2.607714843750000000e+01
2.402359375000000696e+01
2.117984375000003183e+01
2.181592773437501620e+01
2.217109375000000071e+01
2.278881835937500000e+01
2.572178710937499346e+01
2.718687500000002544e+01
2.856069335937500142e+01
2.986983398437499915e+01
2.824483398437499915e+01
2.872464843749995822e+01
2.902621093749998948e+01
2.560077148437501293e+01
2.431558593749998565e+01
2.578750000000000142e+01
2.821788085937495794e+01
2.573397460937500369e+01
2.153319335937501577e+01
2.493375000000001052e+01
2.601014648437497812e+01
2.564624999999997357e+01
2.634496093749998380e+01
2.678109374999996817e+01
2.700562499999998778e+01
2.484937500000001620e+01
2.502124999999999133e+01
2.599366210937503752e+01
2.438109374999995538e+01
2.291444335937499233e+01
2.458437500000000142e+01
2.683734374999999517e+01
2.626163085937501052e+01
2.298358398437499517e+01
1.985058593750000000e+01
2.184234375000000483e+01
2.266562499999999858e+01
2.328984374999999929e+01
2.596405273437501293e+01
2.444522460937500341e+01
2.269608398437500441e+01
2.298902343750000909e+01
2.460589843749998451e+01
2.694652343750001933e+01
2.532484374999992838e+01
2.426045898437502402e+01
2.682652343750001478e+01
2.627733398437500867e+01
2.499077148437499929e+01
2.546319335937500838e+01
2.337459960937506409e+01
2.191527343749997314e+01
2.316371093750001364e+01
2.474027343750000085e+01
2.593553710937502643e+01
2.155756835937500071e+01
2.034984375000002998e+01
2.251249023437501151e+01
2.456871093749997570e+01
2.399527343750002473e+01
2.143187499999998735e+01
2.144663085937499858e+01
2.123433593749998138e+01
2.076749023437498920e+01
2.053084960937503567e+01
2.021124023437500483e+01
2.131683593750002714e+01
2.237964843749998778e+01
2.368280273437503070e+01
3.906788085937495936e+01
3.172256835937499275e+01
2.680562500000000981e+01
2.056109375000001904e+01
1.838100585937500142e+01
1.878983398437499730e+01
1.971859374999997527e+01
2.285875000000003254e+01
2.446459960937500000e+01
2.736874999999999858e+01
2.640589843749998522e+01
2.694609374999999929e+01
2.539834960937502117e+01
2.615030273437498565e+01
2.804859374999999133e+01
3.289750000000000085e+01
3.001131835937497527e+01
3.843609375000004036e+01
3.299061523437499943e+01
3.168389648437501904e+01
3.403812500000002927e+01
2.945609374999997243e+01
2.597933593750001791e+01
3.104902343750000071e+01
2.010464165209233443e+02
3.825234636873007048e+02
5.631479238019886679e+02
3.851971972412468403e+03
1.031726828802689852e+04
1.533655582938417865e+04
1.150454509561049417e+04
7.623617764329304919e+03
6.356135890452724198e+03
2.948334960937500071e+01
3.598812500000001080e+01
6.416871093749995225e+01
5.262764648437502046e+01
4.956717773437497954e+01
5.331749023437494373e+01
4.552339843749995651e+01
4.095609374999998664e+01
4.703631835937493832e+01
5.375777343749999915e+01
4.235311523437500369e+01
3.519183593750001648e+01
3.539496093750005201e+01
2.996558593750000909e+01
2.913246093750000654e+01
2.821371093749998948e+01
2.262749999999999417e+01
2.511538085937500142e+01
2.555902343749997030e+01
2.051288085937500938e+01
1.955303710937500483e+01
2.199687499999999929e+01
2.169959960937503496e+01
1.683116210937500767e+01
1.683780273437499631e+01
1.916214843749998664e+01
1.842558593749999929e+01
1.698436523437499091e+01
1.818803710937499929e+01
1.767933593749997456e+01
1.656967773437499858e+01
1.719491210937497527e+01
1.716670898437500981e+01
1.749996093750000625e+01
1.739687500000000142e+01
1.882108398437504704e+01
2.086500000000000909e+01
1.944839843750000341e+01
1.841991210937499446e+01
1.920062499999998451e+01
1.974808593749996177e+01
7.703740234375000000e+02
4.103871093749997101e+01
2.483089843749995396e+01
4.022842773437498920e+01
3.837225585937497385e+01
4.401109375000000057e+01
3.808871093750002501e+01
4.091625000000000512e+01
3.816734374999999346e+01
3.919725585937499091e+01
3.996092773437497669e+01
3.387530273437501194e+01
2.898038085937499631e+01
1.932109486101567768e+02
1.928580491350594741e+02
2.631827148437500341e+01
2.623589843749999773e+01
2.611225585937500071e+01
2.706670898437500838e+01
2.486558593749999346e+01
2.471683593749996533e+01
2.469496093750001720e+01
2.233975585937500696e+01
2.539334960937500085e+01
2.596014648437500227e+01
2.072342773437498664e+01
1.930777343750002473e+01
1.876109375000001123e+01
1.914359375000000085e+01
2.050746093750004206e+01
1.966405273437501222e+01
1.695609374999999019e+01
1.682812500000000000e+01
1.783436523437497101e+01
1.743842773437500071e+01
1.674746093750000142e+01
1.713866210937499801e+01
1.808397460937498025e+01
1.778819335937498991e+01
1.730777343749998209e+01
1.763749999999999929e+01
1.709952148437498920e+01
1.609839843749998778e+01
1.761670898437499844e+01
1.711777343749999858e+01
1.602964843750000767e+01
1.628984374999999929e+01
1.721616210937499858e+01
1.806631835937502117e+01
1.992964843750000270e+01
2.098819335937499631e+01
2.004678710937499275e+01
1.932484375000004206e+01
1.959795898437500128e+01
2.013089843749998664e+01
2.008280273437501151e+01
1.911859374999996319e+01
2.030621093749999062e+01
2.150249023437499929e+01
1.972964843750000696e+01
1.949741210937499858e+01
2.197030273437500369e+01
2.029027343750003354e+01
1.982964843750000483e+01
2.036913085937498380e+01
1.905499023437499417e+01
1.956913085937503993e+01
1.985624023437500796e+01
1.940374999999998806e+01
1.918428710937500270e+01
1.846000000000002217e+01
1.975702148437500938e+01
2.080277343749996533e+01
1.979984375000002927e+01
1.737241210937499858e+01
1.736342773437500142e+01
2.025108398437499702e+01
2.227777343750001293e+01
2.176109375000001123e+01
2.187808593750001052e+01
2.119608398437497954e+01
2.053984374999999929e+01
2.310609374999998167e+01
2.213374999999999204e+01
2.102750000000001762e+01
2.313256835937500000e+01
2.247733398437504704e+01
2.305756835937500071e+01
2.184234375000003681e+01
1.949061523437495325e+01
2.131905273437498849e+01
1.938609375000001833e+01
1.701436523437501336e+01
1.922152343749998238e+01
2.383187499999998238e+01
2.240795898437500000e+01
2.029625000000001833e+01
1.988983398437506267e+01
2.097109375000000142e+01
2.195053710937499858e+01
1.939609374999999858e+01
2.133808593750000071e+01
2.455250000000001620e+01
2.194859375000000767e+01
2.033819335937500483e+01
2.218808593749999858e+01
2.142686523437499702e+01
2.005584960937499517e+01
1.972295898437500483e+01
2.002750000000002828e+01
2.088999999999998991e+01
2.078592773437496888e+01
2.138178710937500071e+01
2.151303710937499858e+01
2.021475585937499631e+01
1.902069335937500938e+01
1.908984375000000000e+01
2.044209960937499559e+01
1.975928710937501265e+01
1.705859375000000000e+01
1.842928710937500369e+01
2.063109375000001577e+01
2.059991210937503325e+01
2.336187500000001549e+01
2.451303710937499858e+01
2.164996093750001904e+01
2.230375000000001506e+01
2.601777343750000071e+01
2.632811523437495538e+01
2.641371093750000298e+01
2.617842773437500981e+01
2.495780273437501151e+01
2.526402343750002188e+01
2.421475585937496788e+01
2.457734375000000071e+01
2.629609375000000071e+01
2.481952148437500938e+01
2.322413085937497712e+01
2.278233398437496859e+01
2.203500000000002501e+01
2.306777343750000142e+01
2.532562500000000938e+01
2.620062499999998096e+01
2.436147460937500142e+01
2.368311523437498423e+01
2.260609374999994614e+01
2.147655273437501222e+01
2.284491210937495964e+01
2.196234375000004491e+01
2.180859375000000000e+01
2.331484375000000142e+01
2.283553710937503567e+01
2.088964843750000000e+01
1.968359375000000000e+01
1.926327148437503212e+01
2.011109375000003041e+01
1.953819335937501478e+01
1.712749999999999062e+01
1.772030273437501791e+01
1.843686523437499858e+01
1.641084960937501691e+01
1.592749023437500000e+01
1.854256835937495751e+01
1.796420898437499858e+01
1.588999023437500036e+01
1.727437499999999915e+01
1.842500000000000071e+01
1.675839843749999858e+01
1.538609375000000057e+01
1.711312499999997527e+01
1.980733398437502402e+01
1.956839843750000085e+01
1.842124999999997925e+01
2.065746093750000156e+01
2.139984375000003780e+01
1.849569335937501080e+01
1.655733398437501691e+01
1.556558593749999453e+01
1.677496093749996575e+01
1.967933593749998877e+01
2.174339843749994472e+01
2.076014648437496746e+01
2.006109375000000483e+01
1.845702148437501577e+01
1.726991210937497101e+01
1.776670898437497570e+01
1.866871093749997712e+01
1.891241210937501904e+01
1.974022460937496959e+01
1.996772460937500071e+01
1.913187499999998664e+01
1.896812499999998991e+01
1.983964843749999929e+01
2.033609375000001052e+01
2.060746093750002217e+01
1.956734374999999559e+01
1.976944335937500696e+01
1.977577148437502785e+01
1.751749023437500341e+01
1.668402343750000583e+01
1.729366210937503112e+01
1.750433593749997740e+01
1.978402343749996106e+01
2.011381835937499929e+01
1.719750000000003354e+01
1.817750000000001620e+01
2.060772460937497641e+01
2.114999023437500369e+01
2.117694335937501648e+01
1.964058593750000981e+01
1.953100585937500000e+01
2.021562499999999929e+01
1.950342773437500909e+01
1.858983398437498735e+01
1.874371093749999062e+01
2.043467773437499346e+01
2.140506835937496888e+01
2.271312499999999801e+01
2.174327148437500412e+01
1.968319335937501791e+01
1.822733398437498309e+01
1.720069335937501265e+01
1.662984374999999915e+01
1.814530273437504349e+01
1.780272460937496959e+01
1.754937499999999417e+01
1.934437499999996390e+01
1.969170898437500128e+01
1.903592773437499375e+01
2.014366210937502188e+01
2.095484374999998778e+01
1.998413085937500000e+01
1.739584960937499858e+01
1.638866210937499091e+01
1.764366210937503610e+01
1.957464843749995254e+01
1.995194335937500085e+01
1.875272460937500085e+01
1.999652343750003780e+01
2.000433593749997030e+01
2.004834960937500199e+01
1.994214843749999488e+01
1.922342773437496533e+01
1.924663085937499929e+01
1.905342773437501691e+01
1.711241210937500412e+01
1.814609374999999858e+01
1.796058593749996390e+01
1.995819335937500583e+01
2.119413085937502927e+01
1.933187500000004633e+01
2.026933593749999929e+01
1.903609375000000270e+01
1.770308593750001336e+01
1.729000000000001336e+01
1.835889648437501975e+01
1.868109374999996675e+01
1.716714843749998565e+01
1.634058593749998778e+01
1.735780273437504562e+01
1.766499999999998494e+01
1.834483398437500767e+01
1.826371093749999019e+01
1.764359374999996533e+01
2.044624999999998494e+01
2.117030273437500298e+01
2.007358398437499858e+01
1.964124999999996035e+01
1.887714843750000071e+01
1.807749023437499858e+01
1.737694335937500512e+01
1.618808593749999858e+01
1.536734375000002295e+01
1.637772460937500796e+01
1.623584960937500909e+01
1.609859375000000981e+01
1.741514648437502188e+01
1.799327148437499346e+01
1.834687500000000071e+01
2.024624999999999275e+01
2.052850585937496675e+01
1.943077148437500767e+01
1.867339843750001904e+01
1.784702148437499858e+01
1.766991210937498025e+01
1.756562500000000071e+01
1.679214843750001052e+01
1.794062500000000071e+01
1.838375000000000625e+01
1.755062500000004277e+01
1.840522460937500071e+01
1.839183593749997314e+01
1.716621093750000071e+01
1.728506835937501407e+01
1.754371093749998778e+01
1.698246093749999375e+01
1.663936523437501336e+01
1.849413085937503354e+01
1.892027343749997925e+01
1.813475585937495893e+01
1.824178710937500725e+01
1.769834960937500767e+01
1.744496093750001009e+01
1.672183593750002473e+01
1.645131835937500142e+01
1.619683593750000128e+01
1.796538085937499929e+01
1.895506835937498380e+01
1.735702148437503212e+01
1.732889648437496533e+01
1.805875000000000341e+01
1.777999023437499915e+01
1.722694335937502075e+01
1.703999023437500071e+01
1.728609375000000981e+01
1.729312500000002473e+01
1.685214843749999858e+01
1.738124023437503851e+01
1.676734374999998423e+01
1.655609374999999517e+01
1.750464843749998423e+01
1.768983398437503496e+01
1.858452148437499929e+01
1.936250000000000071e+01
1.837217773437503254e+01
1.802621093749999304e+01
1.832499023437498664e+01
1.775483398437500071e+01
1.827061523437500057e+01
1.879624023437499858e+01
1.602152343750001151e+01
1.410121093749998877e+01
1.466522460937499162e+01
1.673808593749999929e+01
1.788746093749999488e+01
1.595562500000002260e+01
1.574937500000000590e+01
1.641734375000000767e+01
1.666209960937502643e+01
1.567374023437499986e+01
1.508402343749996000e+01
1.633374999999996646e+01
1.616234375000002288e+01
1.602694335937503567e+01
1.485609374999999410e+01
1.531484374999999964e+01
1.693983398437503496e+01
1.858584960937499986e+01
1.725303710937499702e+01
1.626631835937501336e+01
1.595819335937502714e+01
1.598116210937502046e+01
1.684496093750003354e+01
1.702608398437501336e+01
1.551625000000000476e+01
1.577178710937497996e+01
1.658339843750000142e+01
1.605308593750002899e+01
1.534131835937503219e+01
1.672875000000001577e+01
1.761714843750000270e+01
1.609991210937501904e+01
1.601280273437498280e+01
1.773038085937498565e+01
1.695303710937499275e+01
1.702295898437498423e+01
1.757734375000000071e+01
1.517420898437502785e+01
1.437225585937495609e+01
1.416187499999999133e+01
1.575936523437499126e+01
1.701246093750000199e+01
1.494746093750000071e+01
1.298944335937501293e+01
1.364334960937502217e+01
1.431108398437499929e+01
1.581527343750000192e+01
1.633609375000001052e+01
1.550609374999998025e+01
1.639725585937497598e+01
1.609624023437499929e+01
1.535214843750000036e+01
1.579295898437503354e+01
1.611499999999999844e+01
1.579444335937500021e+01
1.668402343750003425e+01
1.695374999999999943e+01
1.727499023437498948e+01
1.858125000000000071e+01
1.863202148437501648e+01
1.840741210937497385e+01
1.776889648437499858e+01
3.560937500000000000e+01
1.864795898437500199e+01
3.687484375000000369e+01
3.788788085937500938e+01
4.554584960937499716e+01
5.308866210937500085e+01
5.546357289014756589e+02
2.689000474357605071e+03
5.929080224985476889e+03
8.502512297033666982e+03
1.041443757430180631e+04
1.242847807344421744e+04
1.379189960147007696e+04
1.457082263473259445e+04
1.477676516002652716e+04
1.475228748086690939e+04
1.465921527891382539e+04
1.388608377525670585e+04
1.238749945283755733e+04
1.211987934384928121e+04
1.073353065583942771e+04
7.782887901944518489e+03
6.001931719928827079e+03
4.222010897247646426e+03
3.571537490101903586e+03
3.240646559613788668e+03
2.599228289484829020e+03
1.766841702885034465e+03
9.069766964779779528e+02
2.061692200182374961e+02
2.835839843750000000e+01
2.737725585937502615e+01
2.806871093749997925e+01
2.742964843750002046e+01
2.907295898437498138e+01
2.762881835937499631e+01
1.967045898437499929e+01
2.040874999999998352e+01
2.202256835937501833e+01
2.243871093750005485e+01
2.207616210937496959e+01
2.408589843749999559e+01
2.441777343749999929e+01
2.441933593750000142e+01
2.460327148437500000e+01
2.276772460937500142e+01
2.220186523437499915e+01
2.296734375000001194e+01
2.284756835937502473e+01
2.332499999999999929e+01
2.355272460937499091e+01
2.128975585937497783e+01
2.111795898437500085e+01
2.243045898437500085e+01
2.281905273437501336e+01
2.278433593750003183e+01
2.350092773437500071e+01
2.233734375000001293e+01
2.153374999999997641e+01
2.131952148437504135e+01
2.241562499999999858e+01
2.257402343749999929e+01
2.421944335937498849e+01
2.706952148437504135e+01
2.493897460937500554e+01
2.205288085937500142e+01
2.188780273437501478e+01
2.280952148437500071e+01
2.179859375000000554e+01
2.040694335937502046e+01
2.036209960937500085e+01
1.989000000000002544e+01
1.991905273437499346e+01
1.909530273437501791e+01
1.843272460937500767e+01
1.907484375000001009e+01
1.854371093749998778e+01
1.859984375000002998e+01
1.918038085937499915e+01
1.925506835937497740e+01
1.914746093750000000e+01
1.949405273437498920e+01
2.007764648437501620e+01
1.862022460937501478e+01
1.727436523437500071e+01
1.966312500000000796e+01
2.012734375000000142e+01
1.996937500000002075e+01
2.190121093750000369e+01
2.168734374999998238e+01
2.119061523437499162e+01
2.354496093750002927e+01
2.222569335937499702e+01
2.146402343749999986e+01
2.205562499999998494e+01
2.004881835937496959e+01
2.158433593750000767e+01
2.104750000000003496e+01
1.866874023437500085e+01
1.998202148437501791e+01
2.141397460937501762e+01
2.110371093750000071e+01
2.042811523437499233e+01
2.166639648437499233e+01
2.284683593750003894e+01
2.167734374999999858e+01
2.099062500000000142e+01
2.116709960937500412e+01
2.020663085937503567e+01
1.957777343749997456e+01
1.925621093749998636e+01
2.056250000000000000e+01
2.159584960937500142e+01
2.185584960937502430e+01
2.330077148437501222e+01
2.111777343749999858e+01
2.063609374999999346e+01
1.971717773437498877e+01
1.931839843750002572e+01
2.016475585937501336e+01
2.263984375000000071e+01
2.262777343750002501e+01
2.171170898437502927e+01
2.167772460937499091e+01
2.137875000000003212e+01
2.123272460937498707e+01
2.023714843749999304e+01
1.854217773437498096e+01
1.824256835937497101e+01
2.029256835937498948e+01
2.168812500000001009e+01
2.118687499999998991e+01
2.072777343749996604e+01
2.001812500000001904e+01
2.032178710937500909e+01
2.182187499999999858e+01
2.249437500000002643e+01
2.142484374999998664e+01
1.960371093750000071e+01
2.020058593750000142e+01
2.173584960937499844e+01
2.080250000000001620e+01
2.059859374999999559e+01
2.055621093749998352e+01
1.894683593750001194e+01
2.012183593750000909e+01
2.093592773437497812e+01
1.998663085937500483e+01
2.018734375000003567e+01
2.123062499999998209e+01
2.135428710937500085e+01
2.250874023437500071e+01
2.193709960937500369e+01
2.088022460937499858e+01
2.384444335937500981e+01
2.595777343750000199e+01
2.363217773437499858e+01
2.203902343749999559e+01
2.096246093750001194e+01
2.081670898437500128e+01
2.254339843749998096e+01
2.371734375000002615e+01
2.221014648437497030e+01
2.067027343749998991e+01
2.056514648437502402e+01
2.183374999999998778e+01
2.324803710937500156e+01
2.285975585937499233e+01
2.258125000000000071e+01
2.254750000000002075e+01
2.290433593750003638e+01
2.371714843749998991e+01
2.472811523437496106e+01
2.393217773437499929e+01
2.189100585937496035e+01
2.215389648437497527e+01
2.204014648437502544e+01
2.333374999999998778e+01
2.541996093750004704e+01
2.511777343749999858e+01
2.464483398437499773e+01
2.343983398437504917e+01
2.260545898437502998e+01
2.276000000000003354e+01
2.277359374999999631e+01
2.231109374999999062e+01
2.043246093750005343e+01
1.929483398437497144e+01
1.943936523437499631e+01
2.276913085937498948e+01
2.239139648437498309e+01
2.117183593750002757e+01
2.242709960937499858e+01
2.416734375000002188e+01
2.485327148437500000e+01
2.333375000000003041e+01
2.215584960937499659e+01
2.128714843750001506e+01
2.335277343750002998e+01
2.360116210937496461e+01
2.132125000000000625e+01
2.191734375000000767e+01
2.126839843750000725e+01
2.012264648437496817e+01
2.253741210937501904e+01
2.460746093749999375e+01
2.393589843750000057e+01
2.777183593749999702e+01
2.806527343749998948e+01
2.555214843750000142e+01
2.566499023437500071e+01
2.719530273437500156e+01
2.630621093750001549e+01
2.391152343750000142e+01
2.324334960937503425e+01
2.268609374999999773e+01
2.320902343750001506e+01
2.281631835937502473e+01
2.267109375000000071e+01
2.127920898437499986e+01
2.171996093749999091e+01
2.224624023437500142e+01
2.228433593750003539e+01
2.251875000000000071e+01
2.303246093749998380e+01
2.250389648437499446e+01
2.136871093750001904e+01
2.037592773437500071e+01
2.082484375000001364e+01
2.184178710937500156e+01
2.215819335937501933e+01
2.387027343750000341e+01
2.346621093750000142e+01
2.206631835937502828e+01
2.251475585937501833e+01
2.123812499999996106e+01
2.195609374999999019e+01
2.305464843749997073e+01
2.130484374999998565e+01
2.156859375000004064e+01
2.121147460937499929e+01
2.089999023437498948e+01
2.132061523437501194e+01
2.307027343749998494e+01
2.486241210937501478e+01
2.370444335937499858e+01
2.219170898437500838e+01
1.938871093750000085e+01
1.972983398437499858e+01
2.052772460937496035e+01
2.008788085937500156e+01
1.961108398437500000e+01
2.147999023437498778e+01
2.369124999999999659e+01
2.704022460937497385e+01
2.834522460937499133e+01
2.962984374999998138e+01
2.876913085937500725e+01
2.554234375000002899e+01
2.394859374999999346e+01
2.241616210937500142e+01
2.092152343750001364e+01
2.227577148437499943e+01
2.260875000000000767e+01
2.220733398437501904e+01
2.292530273437499133e+01
2.098670898437500654e+01
2.045014648437500071e+01
2.128734374999996604e+01
2.131371093749999446e+01
2.144984374999999943e+01
2.238709960937502075e+01
2.314609374999999858e+01
2.407250000000001577e+01
2.406944335937499702e+01
2.293280273437504135e+01
2.282538085937503780e+01
2.511371093750002359e+01
2.500272460937500085e+01
2.159058593749999133e+01
2.087772460937496888e+01
2.155933593750000554e+01
2.117108398437500938e+01
2.058780273437499631e+01
2.142030273437502785e+01
2.198089843749999872e+01
2.294359374999998380e+01
2.436859375000004135e+01
2.451045898437498494e+01
2.166937499999998096e+01
2.018964843750000071e+01
1.925975585937498025e+01
2.051109374999998991e+01
2.300186523437499631e+01
2.352152343750000085e+01
2.415913085937500071e+01
2.260733398437502473e+01
2.164277343750000071e+01
2.255062500000001435e+01
2.361045898437501478e+01
2.291839843749999517e+01
2.224819335937500142e+01
2.321875000000000000e+01
2.535609374999994969e+01
2.549350585937499858e+01
2.432608398437501407e+01
2.492069335937501151e+01
2.627061523437499346e+01
2.521234375000002004e+01
2.246124023437497641e+01
2.371991210937498096e+01
2.427964843750001833e+01
2.232889648437497243e+01
2.212777343750001080e+01
2.368084960937502714e+01
2.382359374999999346e+01
2.302530273437501052e+01
2.180859375000000000e+01
2.087558593749999858e+01
2.094859374999999702e+01
2.315327148437500071e+01
2.302437500000002757e+01
2.355933593750002331e+01
2.440819335937500156e+01
2.232069335937501720e+01
2.081944335937500412e+01
2.141839843750004135e+01
2.178246093749998735e+01
2.059639648437501691e+01
1.874413085937505485e+01
1.897928710937501151e+01
1.893902343750001904e+01
2.024964843749996390e+01
2.102250000000004349e+01
1.993187500000004420e+01
1.881812499999998778e+01
1.815467773437500298e+01
1.863936523437501336e+01
1.843553710937501222e+01
1.824437499999999801e+01
1.995116210937498380e+01
1.981308593749999858e+01
2.028569335937499929e+01
2.140936523437495609e+01
2.112866210937500000e+01
2.248319335937501506e+01
2.142734374999999858e+01
2.025777343750000625e+01
2.024214843749998494e+01
2.062241210937499858e+01
2.040522460937500071e+01
2.109808593750001293e+01
2.113788085937502359e+01
2.129834960937500199e+01
2.257264648437499233e+01
2.218734375000003212e+01
2.137734375000000142e+01
2.191402343750002402e+01
2.186234375000002927e+01
2.096234374999994898e+01
2.201288085937500227e+01
2.118812500000003496e+01
1.910444335937500071e+01
1.965527343750000000e+01
2.063871093749999730e+01
2.066402343750002402e+01
2.169131835937502117e+01
2.213897460937500838e+01
2.128109375000001435e+01
2.170152343750000767e+01
1.991246093749999346e+01
1.935545898437502643e+01
1.849437499999999801e+01
1.759624999999997641e+01
1.849371093750000838e+01
1.896996093750004064e+01
1.783975585937501407e+01
1.772655273437499801e+01
1.835272460937498096e+01
1.803709960937500867e+01
2.010342773437499631e+01
1.988311523437501549e+01
1.784545898437500000e+01
1.788272460937497499e+01
1.842183593750000981e+01
1.752714843749999929e+01
1.699663085937499929e+01
1.895381835937502402e+01
1.958975585937501052e+01
1.860077148437501293e+01
1.807577148437501435e+01
1.887303710937501222e+01
1.923277343750001833e+01
1.766087402343750057e+02
3.636234374999992269e+01
3.371249023437500369e+01
5.647436523437500000e+01
6.070308593749999915e+01
3.820400444978475889e+02
1.697294193577169835e+03
4.822445414351825093e+03
7.614231965850440247e+03
9.648146005617229093e+03
1.224938963632570994e+04
1.428733331648099193e+04
1.464692048804027218e+04
1.464060769964319843e+04
1.480554851547181534e+04
1.482781259941086137e+04
1.476839265028698173e+04
1.478294396780120769e+04
1.477530212231576479e+04
1.434603811707482964e+04
1.352141927715303245e+04
1.299265936736106050e+04
1.221438078691349983e+04
1.032672091940878818e+04
8.019080321290495704e+03
6.277578745987266302e+03
4.828293110083197462e+03
3.257591916745746403e+03
1.932861301394551901e+03
1.413206972417832503e+03
1.066870568823217127e+03
7.283278013968453024e+02
2.079079665087163562e+02
3.451234374999994259e+01
3.027183593749999702e+01
2.917484375000003638e+01
2.814561523437498636e+01
2.823714843749997883e+01
3.141170898437503212e+01
3.236152343749999716e+01
2.797061523437502473e+01
2.587187499999999929e+01
2.606288085937500298e+01
2.531484375000000142e+01
2.433433593750000412e+01
2.391788085937498209e+01
2.499053710937497996e+01
2.479902343750000071e+01
2.434389648437500142e+01
2.496875000000000000e+01
2.391246093750002188e+01
2.486749023437499417e+01
2.505484374999999631e+01
2.413506835937500483e+01
2.506983398437497357e+01
2.463734374999997101e+01
2.364991210937501620e+01
2.223652343750000071e+01
2.073194335937500909e+01
2.169999023437503283e+01
2.479359375000002075e+01
2.413631835937498948e+01
2.270062499999998806e+01
2.280616210937501620e+01
2.299027343749996177e+01
2.296053710937501080e+01
2.391000000000002501e+01
2.457777343749996390e+01
2.157608398437499986e+01
2.131839843750000085e+01
2.288233398437501265e+01
2.393999999999999062e+01
2.329491210937497669e+01
2.158964843749999929e+01
2.199808593750001862e+01
2.316209960937500156e+01
2.409874023437497925e+01
2.296152343749999858e+01
2.105687499999999446e+01
2.162030273437501293e+01
2.230277343750000085e+01
2.135186523437501194e+01
1.964334960937499375e+01
2.038558593749997527e+01
2.153788085937498664e+01
2.067788085937500142e+01
2.237249999999999517e+01
2.249756835937501265e+01
2.062850585937496817e+01
2.189178710937502359e+01
2.114678710937501194e+01
2.019234374999999915e+01
2.080811523437501265e+01
1.919496093749999233e+01
1.790687499999999233e+01
1.843687500000001123e+01
1.964437499999997172e+01
1.924808593750001506e+01
1.780484375000001407e+01
1.801592773437500483e+01
1.914996093750000483e+01
1.863467773437501052e+01
1.833920898437499858e+01
1.915584960937503567e+01
2.035663085937499872e+01
1.893734375000003567e+01
1.797319335937499929e+01
1.956859374999998380e+01
1.969496093750005272e+01
1.891202148437499275e+01
1.911639648437498451e+01
1.965152343750001762e+01
1.927413085937500981e+01
1.881464843750000071e+01
2.036714843750001336e+01
2.110687499999999517e+01
2.198609374999998778e+01
2.216484374999999929e+01
2.035609375000003496e+01
2.029996093749997854e+01
2.035030273437499915e+01
1.989996093750000483e+01
2.024437500000001577e+01
2.068871093749998735e+01
1.908246093749998451e+01
1.755312500000000142e+01
1.803999023437500071e+01
1.884859375000000981e+01
1.929609375000000071e+01
1.967084960937500071e+01
1.930420898437502686e+01
1.881756835937498096e+01
1.973124023437503283e+01
2.070756835937499929e+01
1.957750000000000767e+01
1.895233398437500583e+01
2.000420898437496220e+01
2.116996093749999375e+01
2.313975585937503254e+01
2.111214843749997527e+01
1.959881835937497385e+01
2.056558593749999631e+01
1.992308593749998025e+01
2.050621093749998991e+01
2.277592773437499929e+01
2.425933593749998352e+01
2.283402343749999730e+01
2.223999999999998778e+01
2.377225585937499375e+01
2.690561523437499858e+01
2.710375000000003709e+01
2.258812499999999091e+01
2.213277343750000981e+01
2.194359374999999446e+01
1.986600585937495822e+01
2.043514648437499304e+01
2.067413085937499062e+01
2.059746093749999929e+01
2.157984375000001975e+01
2.151866210937501123e+01
2.271694335937500142e+01
2.248433593750002757e+01
2.249405273437502473e+01
2.188045898437501791e+01
2.219920898437499091e+01
2.190561523437499858e+01
2.253959960937499929e+01
2.290875000000001904e+01
2.171875000000000000e+01
2.126756835937498380e+01
2.244663085937499858e+01
2.182491210937500625e+01
2.070621093750001052e+01
2.048359375000000071e+01
2.088749023437502572e+01
2.390186523437501620e+01
2.384359374999997527e+01
2.344959960937498167e+01
2.353858398437500909e+01
2.284312500000001123e+01
2.273734375000004349e+01
2.411772460937499929e+01
2.369170898437501904e+01
2.299194335937500000e+01
2.307928710937499872e+01
2.304991210937502188e+01
2.215250000000001407e+01
2.348686523437499929e+01
2.403964843749999858e+01
2.337530273437499773e+01
2.290609374999998948e+01
2.297647460937499986e+01
2.359496093750000867e+01
2.471500000000003539e+01
2.509913085937498778e+01
2.417959960937500341e+01
2.514859375000002117e+01
2.646871093749997428e+01
2.606371093750000867e+01
2.742999023437499062e+01
2.954496093750003638e+01
2.904996093750000341e+01
2.827734375000000000e+01
2.719952148437500483e+01
2.700308593750001052e+01
2.715609375000000369e+01
2.900186523437499631e+01
2.890214843749999929e+01
2.751014648437497812e+01
2.763277343749999915e+01
2.832359375000001478e+01
2.991109375000002757e+01
2.793746093750000981e+01
2.954530273437502075e+01
3.150589843750001506e+01
2.963530273437499929e+01
2.870839843750000142e+01
2.907249999999997314e+01
3.093402343750002359e+01
3.054569335937501862e+01
2.961500000000001975e+01
2.854389648437500071e+01
3.012381835937498664e+01
2.966933593750000142e+01
2.800741210937496817e+01
2.968155273437497499e+01
2.979686523437499091e+01
2.995913085937500142e+01
2.961967773437499929e+01
2.889803710937500369e+01
3.125381835937500341e+01
3.053609375000000981e+01
2.928163085937501364e+01
3.256058593749995822e+01
3.344859375000002188e+01
2.912561708984372672e+03
2.001983398437499062e+01
1.493734375000000192e+01
2.103592773437499730e+01
2.200249023437499929e+01
2.100687499999998664e+01
2.432999023437499275e+01
3.408499999999999375e+01
4.217108398437501648e+01
3.766553710937503041e+01
4.210484375000000057e+01
4.868358398437501222e+01
4.859249023437500625e+01
4.501734374999990962e+01
4.469652343750007617e+01
4.167319335937499858e+01
4.643475585937501648e+01
5.197714843749999858e+01
5.431527343749993264e+01
5.387842773437502331e+01
5.159374023437501222e+01
5.511484374999999858e+01
5.717984374999998920e+01
4.946092773437495538e+01
4.509561523437498920e+01
4.802967773437501364e+01
4.423194335937496646e+01
4.199996093750000625e+01
4.564058593750002757e+01
4.801499999999995083e+01
4.984652343750006054e+01
5.066538085937499858e+01
4.523295898437500284e+01
4.129527343749997925e+01
4.092397460937500142e+01
4.074859375000003325e+01
4.054371093749995936e+01
4.178350585937496220e+01
3.988647460937500000e+01
4.244027343750004633e+01
4.240464843749997215e+01
4.258109375000003638e+01
4.028592773437505059e+01
3.820839843750000142e+01
3.529600585937502899e+01
3.202249999999999375e+01
3.232984374999999488e+01
3.408280273437499375e+01
3.460875000000000057e+01
3.634984375000000512e+01
3.723746093749997499e+01
3.840264648437499773e+01
3.590233398437502643e+01
3.690928710937497215e+01
3.577514648437500000e+01
3.406875000000000142e+01
3.564996093750004036e+01
3.565483398437500284e+01
3.458647460937500284e+01
3.328624023437500057e+01
3.343819335937500625e+01
3.509647460937498664e+01
3.595121093750004349e+01
3.489881835937503496e+01
3.685116210937503212e+01
3.529170898437495651e+01
3.187616210937498451e+01
3.295733398437501904e+01
3.140030273437498565e+01
2.868842773437500071e+01
2.937027343750002117e+01
3.034639648437499915e+01
2.989491210937499588e+01
2.981187500000000767e+01
2.934984374999999091e+01
2.894214843749998067e+01
2.838553710937497954e+01
2.825562500000001620e+01
2.914639648437503894e+01
2.955839843749999929e+01
2.981561523437498096e+01
2.931714843750001975e+01
2.920874023437500000e+01
3.017484374999995822e+01
2.994371093749999346e+01
2.956058593749997954e+01
3.077933593749997243e+01
3.220772460937500625e+01
2.921749023437499915e+01
2.726859374999998664e+01
2.951983398437496930e+01
3.062959960937499915e+01
2.788866210937500156e+01
2.783402343749999019e+01
2.805250000000002686e+01
2.659295898437497385e+01
2.769027343750000725e+01
2.826558593749999915e+01
2.525484375000004178e+01
2.626214843749997385e+01
2.628609375000001336e+01
2.587402343750000000e+01
2.647558593750000000e+01
2.590609374999997527e+01
2.699881835937497243e+01
2.748545898437499346e+01
2.682933593749997314e+01
2.863358398437498664e+01
3.333089843749999659e+01
3.530561523437499716e+01
3.313670898437499801e+01
3.214647460937497669e+01
3.245308593750000625e+01
3.027342773437499801e+01
2.830371093750000000e+01
2.907871093749999858e+01
3.003687500000000909e+01
2.945624023437497385e+01
2.905170898437500071e+01
3.103609374999998138e+01
3.275371093750000284e+01
3.274288085937497783e+01
3.318624023437500625e+01
3.428545898437498352e+01
3.306788085937496646e+01
3.169678710937498778e+01
3.346124023437501194e+01
3.486538085937500142e+01
3.354061523437498238e+01
3.374444335937501904e+01
3.395264648437500909e+01
3.180746093749998593e+01
3.223311523437499915e+01
3.342734374999999858e+01
3.212964843750004462e+01
3.267777343749997954e+01
3.308905273437500938e+01
3.463359375000000284e+01
3.528413085937499716e+01
3.462631835937499858e+01
3.362777343749998238e+01
3.244913085937498920e+01
3.359984374999999801e+01
3.433545898437500199e+01
3.350655273437498494e+01
3.163311523437502615e+01
2.971308593750000071e+01
3.086522460937500156e+01
3.172303710937500654e+01
3.120561523437499929e+01
3.094312500000000199e+01
2.990186523437501620e+01
3.063428710937500909e+01
3.034234375000001549e+01
2.848609375000001975e+01
2.889496093749999517e+01
3.122750000000002046e+01
3.303374023437500284e+01
3.024984374999995751e+01
2.883436523437498522e+01
2.925996093750000071e+01
2.861209960937499730e+01
2.937871093749999929e+01
2.934683593750002473e+01
3.039859375000001052e+01
3.056152343750000000e+01
3.011500000000000909e+01
3.075506835937500227e+01
3.115121093750001791e+01
3.143334960937500000e+01
3.100131835937499858e+01
3.085902343749999588e+01
3.066866210937498138e+01
2.941937499999995609e+01
2.926089843750001407e+01
2.931089843750002188e+01
2.964437499999997883e+01
2.997772460937498096e+01
2.935621093749999844e+01
2.948725585937500071e+01
3.344014648437501336e+01
3.361522460937501933e+01
2.949234375000001052e+01
7.505607049713134074e+03
1.984859374999999915e+01
2.432875000000003141e+01
9.252418192349374522e+02
6.965276315098851228e+03
1.448460250761969291e+04
1.253791541787968163e+04
4.021587767207461638e+03
2.277768594072767883e+02
4.779405273437494373e+01
5.029131835937491246e+01
4.405147460937498494e+01
4.037655273437506054e+01
4.404359375000005627e+01
4.560616210937497073e+01
4.421734374999992667e+01
3.864996093749996220e+01
3.787608398437498636e+01
3.875484374999997783e+01
3.523116210937497073e+01
3.367359375000002331e+01
3.555484374999996788e+01
3.819359375000003354e+01
3.855420898437493804e+01
3.680152343749999488e+01
3.703687499999994515e+01
3.821558593749995936e+01
3.815562499999997215e+01
3.767933593750000654e+01
3.615459960937495509e+01
3.593553710937500512e+01
3.721834960937501791e+01
3.783402343750000085e+01
3.764256835937503354e+01
3.482749023437499858e+01
3.194371093749997570e+01
3.153437500000000071e+01
3.191527343749999801e+01
3.246616210937499858e+01
3.288983398437500938e+01
3.325375000000000369e+01
3.296241210937503752e+01
3.133178710937500000e+01
3.171889648437500142e+01
3.402491210937496646e+01
3.408670898437503638e+01
3.140234375000000000e+01
2.768687500000002544e+01
2.862871093749999929e+01
3.060967773437501549e+01
3.111996093750000725e+01
3.293902343750002615e+01
3.637933593750003780e+01
3.657186523437505343e+01
3.297933593750002501e+01
2.971839843749997456e+01
2.767437500000002615e+01
2.893780273437500838e+01
2.907484374999998522e+01
2.789749999999997954e+01
2.889234375000001975e+01
2.946952148437498664e+01
2.926264648437500071e+01
2.821475585937502117e+01
2.653397460937497243e+01
2.577621093749998593e+01
2.547246093749999929e+01
2.563905273437500298e+01
2.619027343749997883e+01
2.721303710937500142e+01
2.787452148437501620e+01
2.773687500000002615e+01
2.644647460937497385e+01
2.519491210937497883e+01
2.764295898437499588e+01
2.166035625933108690e+02
5.847849385724954345e+02
3.989438418000936508e+02
5.875727448926860461e+02
1.495811590948103913e+03
1.670638217580168202e+03
1.846440067905781689e+03
3.052001385121200656e+03
4.043935624873482993e+03
3.062191956868022771e+03
2.565080740842223349e+03
3.094484720616194409e+03
2.580373978299497139e+03
1.871271381687523899e+03
2.392681286834332241e+03
3.415639219068139937e+03
3.923496422027952121e+03
5.365099634818890081e+03
6.261300135837655944e+03
7.099620327931498650e+03
6.390644371103644517e+03
3.929466968902945609e+03
3.419568333142845404e+03
3.745489413319684445e+03
4.720868473850345254e+03
6.673807952108387326e+03
7.212466195657249955e+03
6.475141551315633478e+03
7.419598112077113001e+03
9.008118296789511078e+03
9.300038066289433118e+03
9.083574645361304647e+03
9.431127994679056428e+03
1.069205654275640882e+04
1.167009248721464428e+04
1.120661972861228787e+04
1.048792866550669169e+04
9.847356972913581558e+03
9.852008548688756491e+03
1.271144117460237612e+04
1.425829539777500395e+04
1.472325957397459933e+04
1.509329119424582132e+04
1.517201841244637399e+04
1.520978024275241114e+04
1.521580998534425089e+04
1.525326646499397430e+04
1.527872200179994070e+04
1.500819825326066712e+04
1.445555494402511431e+04
1.446393214335069024e+04
1.410448774125813543e+04
1.281540800613401552e+04
1.201099871561465443e+04
1.102332081422568808e+04
1.047664232258067022e+04
1.068520193155035304e+04
1.058697434042931127e+04
1.015475079021215242e+04
9.250818847539427225e+03
8.634956229894012722e+03
7.843873027491412358e+03
7.170122622964377115e+03
6.456657063858363472e+03
5.414653016510013913e+03
5.126651919326186544e+03
4.668485293994995118e+03
3.209483842820519385e+03
3.367544361661522089e+03
5.438702374420161505e+03
5.900393228872865620e+03
5.145148177718523584e+03
5.291203286552274221e+03
5.128010817336445143e+03
4.965318792914006735e+03
4.797616314389713807e+03
4.338270570328086251e+03
4.502395204996470056e+03
4.013112813060139160e+03
3.847781943878531365e+03
3.864480549072627582e+03
3.195382633561487637e+03
2.849573927726746660e+03
3.532810357034206390e+03
4.159346373128891173e+03
4.154760042562490526e+03
4.317373520843839287e+03
3.669995557271097823e+03
2.516724520444274731e+03
2.346108685515968318e+03
1.828422126316427693e+03
7.562296004080775447e+02
9.360417721615731352e+02
1.833980765079855246e+03
2.010591030245871025e+03
1.469398984136580339e+03
1.292875733892767812e+03
7.564331969046579616e+02
1.643910179402679205e+03
1.820662849125266121e+03
1.110379927801489885e+03
1.812554839939476324e+03
1.468252988042831248e+03
7.550276701712607519e+02
5.750397701917584072e+02
3.963309342378381643e+02
5.700987061963976430e+02
7.449286833548551385e+02
7.518169563651084673e+02
5.764736439405378405e+02
7.540033281302448813e+02
7.498516899466515042e+02
3.905851906770471373e+02
3.913020951265099256e+02
3.892567734712364995e+02
3.899145310395959996e+02
3.884723911470174471e+02
5.647841091810165608e+02
3.912433724397423589e+02
2.129253517626226255e+02
2.081191063402590657e+02
2.573402343750002075e+01
2.596483398437503709e+01
2.427827148437500071e+01
2.524984375000003567e+01
2.698709960937500796e+01
2.079604752825200080e+02
2.093964983843266907e+02
3.039984375000000227e+01
2.752670898437499858e+01
2.565952148437499858e+01
2.060540554521978152e+02
3.844769634431597183e+02
2.064902155779302007e+02
2.832147460937498451e+01
2.011842358873784065e+02
3.793067978852990336e+02
3.819621468538048816e+02
3.785387688630821685e+02
3.785715136140585173e+02
2.029489948748048675e+02
2.051048283098637626e+02
5.622516591535510315e+02
5.653107366071642446e+02
3.887318195527789726e+02
3.878068329805138319e+02
7.510159996390342485e+02
1.108063430761693326e+03
1.277531306326241520e+03
1.281460636465399830e+03
1.807432695316671015e+03
2.656804258417934761e+03
2.150062628724573187e+03
1.636007454411833578e+03
1.286315843908636907e+03
7.534668684744840448e+02
7.545479661917686371e+02
5.684630765424670926e+02
7.440794182181358565e+02
7.432075813651084673e+02
3.842578087800744697e+02
3.852618732637166659e+02
3.848857837861774556e+02
5.657100913129746687e+02
3.854143618196249008e+02
2.040991334246098745e+02
2.039153882311287020e+02
2.715746093750002643e+01
2.819839843750001052e+01
2.527027343750003041e+01
2.051402237413823570e+02
2.046044300554688959e+02
2.450277343749998948e+01
2.669725585937499801e+01
3.827349430269002255e+02
