0.000000000000000000e+00
1.733871093749998948e+01
1.727749999999999275e+01
1.674750000000002004e+01
1.331250000000000000e+01
1.360484375000000057e+01
1.474058593750000412e+01
1.273984375000000036e+01
1.838187500000000796e+01
1.616777343749999929e+01
1.508687500000000092e+01
1.366871093749998600e+01
1.197652343750000448e+01
1.428433593749999986e+01
1.795464843749998707e+01
1.985937500000000000e+01
2.321871093750000625e+01
1.819000000000000483e+01
2.391214843749998664e+01
2.353652343750000142e+01
1.793871093749999446e+01
1.876214843750000227e+01
1.811683593750000298e+01
1.779984374999999730e+01
2.006246093749999915e+01
1.693402343749999517e+01
1.802621093750000369e+01
1.612652343750000128e+01
1.600152343750000128e+01
1.605999999999999517e+01
1.654183593749999304e+01
1.734683593750000341e+01
1.594683593749999240e+01
1.526214843749999162e+01
1.573437500000000000e+01
1.617089843750000000e+01
1.637183593749999488e+01
1.627187500000000142e+01
1.542359374999999133e+01
1.586714843750001691e+01
1.558402343749999019e+01
1.355308593750000945e+01
1.809527343750002970e+01
1.448359375000000071e+01
1.491734375000000945e+01
1.505152343750000021e+01
1.489808593750000831e+01
1.854437500000000583e+01
1.813500000000001222e+01
1.553089843749998877e+01
1.762808593750000696e+01
1.651187500000001052e+01
1.569937499999999808e+01
1.816937500000001293e+01
1.676996093749999872e+01
1.599371093750000306e+01
1.511937500000000512e+01
1.593609374999998707e+01
1.544214843749998423e+01
1.523277343750001478e+01
1.359750000000001080e+01
1.564652343749999730e+01
1.627777343749998451e+01
2.026996093749999162e+01
1.758359374999999858e+01
1.506089843749999524e+01
1.662749999999998707e+01
1.556714843749998956e+01
1.556484374999999964e+01
1.626558593750000981e+01
1.577339843749999737e+01
1.576558593750001691e+01
1.450999999999999623e+01
1.682984375000001620e+01
1.388246093750000476e+01
1.767308593749999801e+01
1.448277343750001478e+01
1.401734375000001975e+01
1.780683593750000071e+01
1.813999999999999346e+01
1.450464843749998423e+01
1.606777343750000142e+01
1.360214843750000036e+01
1.518437499999999929e+01
1.454839843749999240e+01
1.464058593750000981e+01
1.516871093750000021e+01
1.422187500000000071e+01
1.546937499999997989e+01
1.636058593750000156e+01
1.504234374999999702e+01
1.357652343750000412e+01
1.555214843749999964e+01
1.342984374999999986e+01
1.399937500000000057e+01
1.605484375000001407e+01
1.525000000000000000e+01
1.462496093749999737e+01
1.853402343750000369e+01
1.696714843750000057e+01
1.703089843749997812e+01
1.926214843750000938e+01
1.325839843750000036e+01
1.541683593749999304e+01
1.671937499999998877e+01
1.668121093749997996e+01
1.393499999999999339e+01
1.420464843750000306e+01
1.481621093749999929e+01
1.444984374999999588e+01
1.529527343750000412e+01
1.386484375000000036e+01
1.562964843749998423e+01
1.551214843750000760e+01
1.523187500000001116e+01
1.716714843749998565e+01
1.566484374999999929e+01
1.413499999999999623e+01
1.296500000000000874e+01
1.442484374999999730e+01
1.442484374999999730e+01
1.025464843750000021e+01
1.442187500000000000e+01
1.654652343749999233e+01
1.948652343750000071e+01
2.183734374999999517e+01
2.162964843750000909e+01
3.187484375000001435e+01
3.714902343749999858e+01
3.681464843749999716e+01
3.510687500000001648e+01
4.455484375000000341e+01
4.772183593749998209e+01
4.639984374999998806e+01
4.752484375000000227e+01
4.710214843749999858e+01
4.251871093749999631e+01
4.191187499999999488e+01
3.578246093749999091e+01
4.377984375000000483e+01
4.366714843750001762e+01
4.216109374999999204e+01
4.871859375000001080e+01
4.113500000000000512e+01
4.691214843749999375e+01
3.281187500000001478e+01
4.017308593749997669e+01
4.116058593749998096e+01
4.270621093750001762e+01
4.602402343749999858e+01
4.273121093749996646e+01
3.852359374999997499e+01
4.325249999999999062e+01
4.250687500000000085e+01
3.992984375000000341e+01
3.628402343750001080e+01
2.981734374999999204e+01
3.761937499999997669e+01
3.432984375000001620e+01
4.328027343750000000e+01
2.958109375000001506e+01
2.878433593749999275e+01
3.312339843749998636e+01
3.603609374999999915e+01
3.282652343750001478e+01
3.049058593750001478e+01
2.617500000000000071e+01
2.350433593749999872e+01
2.318402343750000583e+01
2.162750000000001549e+01
2.416996093750000085e+01
2.365277343749999872e+01
2.266683593749999304e+01
2.124859374999998352e+01
2.132109374999999929e+01
2.155433593749999588e+01
1.938687499999999631e+01
1.973496093749999858e+01
2.279027343749999801e+01
1.989027343750000654e+01
2.018609375000000483e+01
2.123109374999999588e+01
1.887500000000000000e+01
1.573433593749999559e+01
1.654433593750000142e+01
1.733999999999999631e+01
1.662984375000000270e+01
1.848402343749999588e+01
1.637734375000000142e+01
1.747359375000000270e+01
2.134027343749999517e+01
1.810902343749999233e+01
1.824609375000000000e+01
1.870933593749999346e+01
1.934234375000000838e+01
1.946152343749999858e+01
1.746937500000000654e+01
2.050609375000000156e+01
1.899808593749999730e+01
2.213187499999999019e+01
1.951734375000000554e+01
2.014652343749999730e+01
2.068496093750000142e+01
2.038902343749999346e+01
1.941859374999999588e+01
2.099214843749998494e+01
1.958500000000001862e+01
1.899339843750000867e+01
1.798734374999999375e+01
2.093359375000000000e+01
1.604234375000000057e+01
1.674234375000001052e+01
1.674859374999999417e+01
1.581000000000001293e+01
1.467187500000000000e+01
1.631527343750000369e+01
1.700933593749999062e+01
1.451683593749999979e+01
1.479937500000000306e+01
1.556234374999998593e+01
1.556558593750000874e+01
1.659527343750001194e+01
1.745277343749999588e+01
1.933589843749998494e+01
1.777621093750000725e+01
1.635249999999999915e+01
1.671109374999999631e+01
1.629121093750000071e+01
1.626249999999999929e+01
1.687250000000000938e+01
1.753609375000000270e+01
1.468558593750000441e+01
1.600609375000001577e+01
1.564996093749998707e+01
1.646109374999999631e+01
1.723183593750000142e+01
1.532250000000001400e+01
1.415996093749999929e+01
1.557484375000000298e+01
1.414964843750001044e+01
1.708999999999999986e+01
1.629984375000000441e+01
1.609339843749998167e+01
1.538109374999999979e+01
1.428500000000001613e+01
1.674687499999999929e+01
1.628121093749998849e+01
1.479996093749999453e+01
1.372750000000000270e+01
1.436527343750000441e+01
1.449371093750000306e+01
1.480687499999999623e+01
1.754749999999999943e+01
1.624808593750000441e+01
1.549371093750000128e+01
1.430746093750000192e+01
1.576734374999999133e+01
1.426839843749997883e+01
1.394937499999999275e+01
1.497984375000000057e+01
1.378749999999999964e+01
1.447808593750000838e+01
1.518109374999999694e+01
1.534937500000001442e+01
1.392246093750000036e+01
1.535277343749999979e+01
1.497808593750002082e+01
1.686859374999996675e+01
1.674027343750001151e+01
1.762484374999999659e+01
1.586734374999999275e+01
1.585152343749999559e+01
1.431937499999999908e+01
1.656402343749998707e+01
1.429984374999998487e+01
1.518246093750000192e+01
1.709964843749999375e+01
1.565214843749999929e+01
1.529984374999998842e+01
1.537871093749999929e+01
1.569683593749999417e+01
1.594058593749999986e+01
1.506109374999999773e+01
1.609687500000000071e+01
1.472187500000000071e+01
1.453402343749999659e+01
1.461734375000001229e+01
1.396937499999999055e+01
1.591527343749999446e+01
1.695777343750001620e+01
1.594527343750000625e+01
1.541089843749999844e+01
1.564437499999998593e+01
1.882402343749999929e+01
1.603734375000000512e+01
1.817808593750001478e+01
1.536558593750001123e+01
1.423499999999999943e+01
1.446499999999999808e+01
1.721371093750001080e+01
1.681234374999999659e+01
1.547308593750000760e+01
1.483871093749999304e+01
1.536246093749998920e+01
1.558339843749999964e+01
1.656109374999999062e+01
1.623734375000000085e+01
1.530589843749998025e+01
1.566187500000000021e+01
1.541234375000000512e+01
1.354437500000000760e+01
1.399996093750000092e+01
1.499746093749999964e+01
1.500839843750000036e+01
1.550777343750000270e+01
1.606871093750000057e+01
1.465484374999999773e+01
1.715464843750000767e+01
1.660371093750000071e+01
1.499214843749999204e+01
1.698714843750000725e+01
1.631558593750001052e+01
1.689589843750000142e+01
1.555277343750000796e+01
1.439359375000001329e+01
1.264496093749999872e+01
1.309496093749999091e+01
1.329339843749998451e+01
1.209609374999999964e+01
1.343109374999999694e+01
1.287250000000001293e+01
1.348339843750000000e+01
1.367484374999999375e+01
1.424652343749998806e+01
1.431000000000000760e+01
1.389937500000000625e+01
1.304984375000001151e+01
1.680121093749999517e+01
1.554496093749998842e+01
1.491464843750000036e+01
1.534683593749999808e+01
1.417250000000001009e+01
1.532558593749999964e+01
1.776152343749999929e+01
1.386089843749998884e+01
1.457964843750000306e+01
1.420250000000001123e+01
1.346187500000001513e+01
1.294027343750001435e+01
1.312027343750002117e+01
1.495687499999998238e+01
1.334359375000000014e+01
1.528714843749999019e+01
1.538749999999999929e+01
1.527359375000000341e+01
1.560464843749998920e+01
1.602652343749999275e+01
1.388687500000000874e+01
1.311714843750000092e+01
1.499984375000000547e+01
1.439750000000001862e+01
1.393437499999999929e+01
1.350277343750000192e+01
1.678984374999999929e+01
1.561558593750001833e+01
1.478714843750001329e+01
1.475214843750000071e+01
1.414687499999999964e+01
1.757183593749999773e+01
1.602484374999999517e+01
1.461859375000001293e+01
1.377496093749999773e+01
1.462496093749999559e+01
1.519859375000000057e+01
1.588109374999997669e+01
1.446109375000000696e+01
1.555859375000000000e+01
1.517339843749999773e+01
1.454000000000000270e+01
1.349183593749999588e+01
1.436871093749999773e+01
1.469433593750000000e+01
1.557250000000001044e+01
1.444859374999999169e+01
1.552750000000001229e+01
1.254996093749999453e+01
1.437109375000000000e+01
1.420464843750000661e+01
1.294609374999999929e+01
1.337152343749999694e+01
1.310484374999999702e+01
1.503187499999999943e+01
1.413609375000000057e+01
1.629027343750000156e+01
1.374937499999999524e+01
1.462484375000000547e+01
1.388871093749999908e+01
1.472339843749998956e+01
1.348359375000000071e+01
1.752750000000001052e+01
1.391109375000000270e+01
1.469359375000000156e+01
1.456859374999998025e+01
1.508714843750001400e+01
1.436058593750000867e+01
1.542500000000000071e+01
1.447089843750000071e+01
1.395527343750000071e+01
1.388496093750000071e+01
1.511246093749999275e+01
1.318871093749999623e+01
1.442027343750000057e+01
1.552339843750000092e+01
1.448121093749998956e+01
1.469589843750000036e+01
1.567437500000000838e+01
1.432152343749999446e+01
1.474277343750000036e+01
1.419183593749999694e+01
1.373746093749999808e+01
1.436683593749999410e+01
1.609984375000000512e+01
1.536871093749998707e+01
1.465609375000000547e+01
1.657484375000000654e+01
1.668871093750001933e+01
1.457187500000000036e+01
1.368808593750000036e+01
1.457734375000000071e+01
1.440609375000001080e+01
1.501621093750000036e+01
1.437249999999999872e+01
1.496996093749999979e+01
1.512496093750000270e+01
1.603687500000000554e+01
1.587964843749998423e+01
1.545121093750001329e+01
1.504749999999999943e+01
1.628433593749999631e+01
1.324433593750000071e+01
1.705249999999999488e+01
1.583183593749999929e+01
1.638746093749998778e+01
1.504984374999999375e+01
1.419437500000000263e+01
1.596234374999999339e+01
1.638500000000001222e+01
1.639750000000000796e+01
1.491234374999999979e+01
1.624496093750000014e+01
1.619937499999999631e+01
1.790152343750001052e+01
1.573734374999999375e+01
1.419652343749998735e+01
1.429214843749999986e+01
1.437250000000001116e+01
1.581621093749999929e+01
1.564234375000000377e+01
1.583339843749999964e+01
1.424964843749999588e+01
1.643871093749999801e+01
2.079527343750000767e+01
1.553089843749999943e+01
1.531402343750000128e+01
1.339339843749998771e+01
1.491937499999999339e+01
1.671187499999999915e+01
1.480234375000000036e+01
1.440687499999999410e+01
1.566187500000000377e+01
1.789984375000000227e+01
1.562984375000000092e+01
1.437984375000000270e+01
1.437464843750000298e+01
1.648027343749999929e+01
1.510996093750000036e+01
1.584984374999999623e+01
1.530621093749999773e+01
1.571871093749998849e+01
1.700000000000000000e+01
1.821500000000001407e+01
1.649984374999999304e+01
1.793246093750000369e+01
1.467984374999999986e+01
1.617359374999999488e+01
1.785058593750000000e+01
1.742714843750000142e+01
1.663871093750001151e+01
1.494937500000000341e+01
1.735371093750000071e+01
1.640121093750001080e+01
1.661371093750001293e+01
1.689496093749998806e+01
1.601558593750000981e+01
1.693089843749998735e+01
1.465250000000000874e+01
1.536089843749998884e+01
1.529859374999999844e+01
1.658902343750001052e+01
1.516734375000000590e+01
1.494359374999998558e+01
1.568558593750000441e+01
2.138984375000000071e+01
1.465687500000000476e+01
1.493750000000000000e+01
1.532183593750000306e+01
1.643109374999998096e+01
1.687749999999999417e+01
1.808687500000000270e+01
1.764027343749999588e+01
1.769652343749999801e+01
1.523714843750000192e+01
1.542984374999999808e+01
1.418433593749999488e+01
1.306187499999999524e+01
1.487402343750000000e+01
1.810433593750000014e+01
2.864433593749999929e+01
2.613808593750000142e+01
2.670433593750000156e+01
2.850464843749999133e+01
3.834859374999999915e+01
4.994808593749998238e+01
4.492499999999999716e+01
4.018808593749999858e+01
4.211683593749999943e+01
4.287496093749997783e+01
4.731109375000001194e+01
4.434058593750002331e+01
3.922808593750000483e+01
4.628121093749999204e+01
4.598187500000003780e+01
4.262933593750000938e+01
4.304808593749998380e+01
5.076464843750000000e+01
4.565484374999998352e+01
4.281734375000000625e+01
4.482652343749998636e+01
4.497339843749998067e+01
4.260484375000000767e+01
4.175609375000002643e+01
4.902496093749997641e+01
4.266683593749998948e+01
3.889234375000002331e+01
4.103027343750000000e+01
3.742437499999998352e+01
3.717750000000002331e+01
3.611246093749998920e+01
3.750214843749999716e+01
3.318902343750001194e+01
2.723609375000000199e+01
2.624984374999999659e+01
2.826109374999997925e+01
3.601871093750000341e+01
3.267777343749998664e+01
2.701871093749998565e+01
2.867652343749999844e+01
2.693089843750000156e+01
2.621000000000000796e+01
2.699058593750000767e+01
2.679937500000001549e+01
2.198746093750000696e+01
1.947183593749999631e+01
1.688558593749999659e+01
1.580277343749999908e+01
1.883746093749999773e+01
1.937964843750000199e+01
1.768609374999999062e+01
1.963609374999999346e+01
1.692359374999999488e+01
1.524937500000000590e+01
1.757984375000000909e+01
1.830687500000000512e+01
1.836714843749999559e+01
1.682558593750000142e+01
1.600000000000000000e+01
1.619937500000001052e+01
1.490234375000000000e+01
1.658999999999999631e+01
1.998746093749998209e+01
1.692777343749999730e+01
1.628499999999999659e+01
1.534937500000001442e+01
1.679859374999999133e+01
1.638558593750000369e+01
1.570609374999999730e+01
1.476402343750000945e+01
1.472437500000000554e+01
1.405746093750000192e+01
1.789527343750000909e+01
1.714183593749999801e+01
1.634750000000000369e+01
1.856859375000000156e+01
1.643750000000000000e+01
1.607359374999999346e+01
1.649000000000000199e+01
1.593089843749999623e+01
1.525308593750000696e+01
1.470152343750000412e+01
1.457308593750000725e+01
1.516058593750000583e+01
1.556402343750000306e+01
1.675249999999999417e+01
1.577402343750000036e+01
1.493746093749999559e+01
1.603871093749999588e+01
1.524277343750000036e+01
1.585859375000000071e+01
1.836484374999999858e+01
1.603609374999999915e+01
1.536839843749998558e+01
1.404027343750000156e+01
1.462464843750000298e+01
1.494984374999998522e+01
1.444839843749999453e+01
1.349808593750000796e+01
1.543109375000000227e+01
1.421250000000000036e+01
1.514527343750001442e+01
1.439609375000000036e+01
1.476527343749999943e+01
1.307750000000000057e+01
1.497621093750000831e+01
1.544589843750000036e+01
1.468558593750001151e+01
1.511234374999999019e+01
1.599859374999999773e+01
1.450687500000000263e+01
1.540683593750000036e+01
1.518808593750000036e+01
1.346484375000000000e+01
1.463402343749999091e+01
1.374808593750000441e+01
1.403964843750000036e+01
1.385746093749999908e+01
1.555902343749999872e+01
1.426234374999999055e+01
1.392734375000000036e+01
1.590687499999999943e+01
1.564496093749999694e+01
1.419808593750000547e+01
1.474750000000000583e+01
1.416839843749999162e+01
1.408499999999999908e+01
1.355308593750000412e+01
1.408500000000001862e+01
1.332339843749999808e+01
1.365937500000000071e+01
1.478609374999999204e+01
1.665687500000000298e+01
1.567964843750000270e+01
1.494058593750000696e+01
1.720933593750000057e+01
1.669683593750000483e+01
1.478183593750000036e+01
1.435214843750000036e+01
1.510859375000000071e+01
1.460687500000000227e+01
1.533558593750000476e+01
1.311683593749998877e+01
1.656250000000000000e+01
1.483984375000000000e+01
1.445589843749998771e+01
1.526937500000000192e+01
1.790484374999999773e+01
1.620746093749999517e+01
1.703589843749999133e+01
1.642984375000001052e+01
1.544339843749998842e+01
1.488402343749999446e+01
1.408984375000000000e+01
1.441234374999999091e+01
1.400937500000000036e+01
1.350433593749999339e+01
1.572339843749999133e+01
1.570859375000000036e+01
1.467464843750000014e+01
1.426089843750000341e+01
1.594859375000000412e+01
1.803402343749999304e+01
1.602183593750000412e+01
1.415464843749998991e+01
1.397152343749999126e+01
1.718609374999999417e+01
1.437621093749999446e+01
1.654183593749998948e+01
1.621500000000001052e+01
1.542308593750000512e+01
1.410308593750000661e+01
1.473089843749999694e+01
1.411777343750000036e+01
1.339984375000000227e+01
1.386996093749999304e+01
1.391402343749999737e+01
1.603500000000000725e+01
1.468746093749999204e+01
1.692437500000000483e+01
1.538402343749999091e+01
1.436187499999999773e+01
1.773437500000000000e+01
1.518999999999999240e+01
1.559234375000000661e+01
1.638246093750000298e+01
1.707933593749998380e+01
1.654058593750000838e+01
1.767808593750001123e+01
1.778808593750000000e+01
1.662187499999999929e+01
1.669437500000000085e+01
1.525121093750001933e+01
1.848437500000000000e+01
1.748750000000000071e+01
1.578109374999999659e+01
1.683496093750000000e+01
1.516500000000000981e+01
1.362984374999999737e+01
1.495152343749999524e+01
1.465777343750001549e+01
1.549371093750000306e+01
1.515687500000000476e+01
1.529937500000000128e+01
1.393277343749999453e+01
1.700433593749999872e+01
1.653027343750000000e+01
1.537808593750000874e+01
1.730234374999999858e+01
1.646859374999998948e+01
1.637484375000000369e+01
1.815746093749999801e+01
1.959433593749999858e+01
1.588089843749999730e+01
1.766250000000000142e+01
1.564808593750000298e+01
1.643964843750000071e+01
1.561839843749998558e+01
1.788187500000000441e+01
1.375484375000000981e+01
1.768652343750000000e+01
1.830687499999998380e+01
1.911214843749999659e+01
1.524234374999999808e+01
1.547871093750000071e+01
1.672496093749999346e+01
1.429339843749999872e+01
1.389234375000000377e+01
1.362964843750000377e+01
1.514750000000000263e+01
1.449589843749999929e+01
1.647749999999999915e+01
1.741371093749999943e+01
1.882246093750000071e+01
1.555933593749999844e+01
1.701527343749999588e+01
1.915527343750000000e+01
1.811214843749999304e+01
1.989359375000000085e+01
1.690371093750000142e+01
1.764339843750000369e+01
1.624683593749999844e+01
1.441371093750001009e+01
1.600687499999999730e+01
1.565902343749999126e+01
1.726839843749998948e+01
1.733109374999998309e+01
1.442984374999999808e+01
1.656937500000000085e+01
1.593871093750001400e+01
1.562484375000000014e+01
1.684437500000000298e+01
1.751937499999999304e+01
1.688359374999999929e+01
1.648589843749999773e+01
1.556996093750000476e+01
1.518109374999999339e+01
1.690250000000000341e+01
1.798277343750001123e+01
1.559359374999998238e+01
1.701558593750000625e+01
1.523339843750000000e+01
1.621859374999999304e+01
1.717437500000000483e+01
1.399859375000000128e+01
1.475687499999999908e+01
1.817808593750000767e+01
1.525464843749998956e+01
1.439937500000000270e+01
1.533089843749999126e+01
1.498500000000001009e+01
1.510527343749999929e+01
1.547183593749999986e+01
1.585609374999998167e+01
1.497250000000001080e+01
1.590777343750000306e+01
1.739496093749999162e+01
1.576371093750001329e+01
1.806839843750000085e+01
1.623984374999999858e+01
1.598609374999999844e+01
1.528433593750000341e+01
1.659058593750000554e+01
1.511859374999999162e+01
1.458558593750000476e+01
1.563734374999999943e+01
1.604937499999999417e+01
1.534214843750000945e+01
1.485609375000001009e+01
1.509839843749999844e+01
1.516937499999999872e+01
1.415687499999999943e+01
1.498589843749999417e+01
1.589683593750000057e+01
1.498871093750000760e+01
1.561308593749999929e+01
1.417652343750000377e+01
1.494839843749999275e+01
1.685484374999999346e+01
1.489359374999998487e+01
1.482359375000000412e+01
1.446996093750000512e+01
1.514652343749998842e+01
1.481714843749999844e+01
1.409371093749999204e+01
1.494984375000000298e+01
1.461214843750000192e+01
1.492187500000000000e+01
1.457496093750000021e+01
1.480746093750000192e+01
1.637750000000000128e+01
1.624750000000000583e+01
1.485234374999999929e+01
1.386714843749999204e+01
1.346109374999999986e+01
1.379496093749999908e+01
1.322359375000000092e+01
1.543496093749999964e+01
1.449859374999999773e+01
1.533187500000000014e+01
1.579964843749999659e+01
1.493808593750000036e+01
1.486187499999999773e+01
1.534437499999999410e+01
1.456214843750000831e+01
1.464058593750000981e+01
1.490777343750000661e+01
1.608734374999999517e+01
1.607089843749999858e+01
1.640214843749999929e+01
1.537027343750000874e+01
1.580308593750000945e+01
1.250277343750000547e+01
1.279183593749999837e+01
1.365277343750000227e+01
1.292984374999999986e+01
1.403437500000000071e+01
1.370859375000000036e+01
1.323687500000000306e+01
1.266558593750000306e+01
1.388500000000001044e+01
1.389437500000000192e+01
1.399437499999999091e+01
1.452734375000000000e+01
1.292464843749999126e+01
1.454808593750001044e+01
1.430937499999999929e+01
1.427652343750000696e+01
1.436214843749999659e+01
1.243984374999999964e+01
1.324371093749998884e+01
1.370121093749999730e+01
1.432250000000002466e+01
1.289683593750000412e+01
1.327027343750001265e+01
1.175214843750000071e+01
1.336000000000002252e+01
1.173277343749999879e+01
1.290683593750000036e+01
1.585687500000000227e+01
1.456109374999999240e+01
1.399000000000000554e+01
1.196500000000000341e+01
1.261214843750000192e+01
1.257183593750000483e+01
1.493109375000000227e+01
1.373121093749999133e+01
1.436109374999999133e+01
1.419234375000000092e+01
1.420902343749999730e+01
1.312984375000000270e+01
1.350249999999999773e+01
1.503109374999999659e+01
1.371464843749999929e+01
1.464749999999999375e+01
1.542984374999999275e+01
1.402496093749998884e+01
1.397984375000000412e+01
1.459937500000000554e+01
1.802359374999999631e+01
1.578183593750000036e+01
1.540308593750000909e+01
1.638499999999999801e+01
1.788246093750000654e+01
1.514964843749999623e+01
1.526234374999999410e+01
1.550250000000000306e+01
1.447464843750000441e+01
1.447464843750000441e+01
9.867343749999996305e+00
1.454984374999999908e+01
1.888246093749999943e+01
2.200121093750000156e+01
3.226000000000004064e+01
3.972402343750000142e+01
5.124859374999997641e+01
4.144984375000001364e+01
5.008808593749999716e+01
5.149437500000003354e+01
5.105609374999998806e+01
4.626234375000002785e+01
5.007933593750002643e+01
5.104749999999999233e+01
5.344359375000001222e+01
4.318089843750001933e+01
5.040121093750001080e+01
4.057437499999998920e+01
4.203089843750000654e+01
4.583500000000001506e+01
3.697250000000002501e+01
4.573437500000000000e+01
3.256683593750001648e+01
3.988500000000002643e+01
3.987437500000001478e+01
4.149964843750001364e+01
4.360687499999998806e+01
5.745058593750000142e+01
4.864234374999998067e+01
4.170777343750002331e+01
5.066933593750000142e+01
3.983109374999996533e+01
4.498746093750000341e+01
3.889496093750000227e+01
3.325308593750001762e+01
3.432964843749999773e+01
3.282464843749997385e+01
3.324984374999998238e+01
3.629937500000001904e+01
4.215121093750001080e+01
3.423359374999999716e+01
2.796214843750000867e+01
3.959527343750001194e+01
4.014359375000005059e+01
3.148183593750000142e+01
2.352933593750000085e+01
2.239749999999999730e+01
2.477984374999999773e+01
2.329527343750001123e+01
2.362187499999999929e+01
2.263187500000001506e+01
2.410609374999997812e+01
1.997933593749999304e+01
1.837496093749999915e+01
1.973187499999999517e+01
1.768902343749999417e+01
2.107621093750001151e+01
2.135484375000001123e+01
2.120687499999999304e+01
1.932484374999999943e+01
1.864984375000000227e+01
1.780609374999998806e+01
1.494234375000000625e+01
1.789214843750000483e+01
2.058687499999999915e+01
2.077437500000000981e+01
1.645589843750000369e+01
2.250902343750000867e+01
1.985687499999998806e+01
1.813746093749999844e+01
2.260234374999999929e+01
2.084964843749999375e+01
2.075277343749999659e+01
1.810687499999999517e+01
1.649996093749999204e+01
1.910859375000000071e+01
2.032187499999999858e+01
1.974984374999999659e+01
2.494527343750000270e+01
1.907933593750000156e+01
1.841246093749999346e+01
2.334359374999997883e+01
2.557984375000000199e+01
2.889937499999999915e+01
1.691109374999999559e+01
1.530464843750000092e+01
1.522496093749999524e+01
1.443964843750000071e+01
2.105484375000001052e+01
1.943999999999999062e+01
1.639859374999999631e+01
1.816859374999998522e+01
1.669234375000000625e+01
1.640937500000000071e+01
1.956246093749999559e+01
1.650433593749999517e+01
1.627187500000000142e+01
1.576558593750000981e+01
1.323187500000000227e+01
1.559964843749999908e+01
1.409359374999999659e+01
1.242250000000000121e+01
1.462464843749999943e+01
1.562558593750000036e+01
1.470277343749999588e+01
1.508187500000000547e+01
1.388964843750000000e+01
1.381937499999999908e+01
1.339234375000000377e+01
1.361734375000000696e+01
1.402250000000000441e+01
1.300484374999999737e+01
1.465777343750001549e+01
1.535621093749999844e+01
1.324371093749999417e+01
1.414687499999999964e+01
1.388187500000000441e+01
1.214437500000000014e+01
1.562308593750000441e+01
1.391109374999999204e+01
1.576839843749999126e+01
1.857464843750001293e+01
1.343734375000000192e+01
1.244984374999999588e+01
1.612964843749998778e+01
1.366402343750000625e+01
1.237933593749998984e+01
1.329839843749998884e+01
1.421714843749999169e+01
1.421187500000000625e+01
1.611484374999999858e+01
1.531859374999998735e+01
1.506621093749999929e+01
1.404609375000000071e+01
1.373714843750000014e+01
1.521500000000000696e+01
1.541214843749999730e+01
1.541308593750000000e+01
1.378734374999999623e+01
1.750371093749999929e+01
1.646937500000000654e+01
1.764359374999998664e+01
1.470308593750000981e+01
1.462933593749999872e+01
1.724683593750000199e+01
1.393714843749999943e+01
1.882308593750000725e+01
1.882109374999999929e+01
1.778714843750000085e+01
1.890933593750000696e+01
1.546558593750000909e+01
1.444750000000000867e+01
1.544359374999998558e+01
1.499996093749999559e+01
1.523359375000000071e+01
1.591109374999999204e+01
1.620621093749998920e+01
1.411937499999999979e+01
1.297359374999999204e+01
1.494027343750000014e+01
1.428871093749999588e+01
1.521089843749999737e+01
1.562437500000000412e+01
1.467027343750000945e+01
1.357484374999999410e+01
1.518277343749999986e+01
1.578902343749999559e+01
1.704496093749999019e+01
1.346000000000000263e+01
1.396734375000000306e+01
1.410277343749999979e+01
1.695777343750000909e+01
1.349214843750000092e+01
1.361683593749999588e+01
1.251714843749999417e+01
1.356109374999999417e+01
1.361109374999998956e+01
1.829437499999998806e+01
1.880683593750000071e+01
1.367359375000000021e+01
1.432089843750000036e+01
1.747750000000001336e+01
1.741996093749999375e+01
1.695308593750000981e+01
1.374839843749999169e+01
1.697359374999999915e+01
1.432339843749999986e+01
1.559839843749999844e+01
1.457964843749999417e+01
1.638500000000001577e+01
1.588984375000000071e+01
1.588500000000000512e+01
1.302437500000000270e+01
1.410371093750000071e+01
1.505937499999999929e+01
1.460433593749998771e+01
1.296871093749999204e+01
1.733183593749999929e+01
1.535484375000000412e+01
1.496734374999999773e+01
2.003589843749998778e+01
1.533027343750000071e+01
1.368687500000000057e+01
1.514437499999999304e+01
1.431839843749999730e+01
1.404437499999998806e+01
1.450933593750000128e+01
1.289964843750000512e+01
1.271500000000000163e+01
1.476109374999999169e+01
1.491499999999999737e+01
1.419750000000000867e+01
1.652249999999999730e+01
1.339937500000000270e+01
1.255933593750000021e+01
1.387496093750000092e+01
1.388121093749999169e+01
1.246499999999999986e+01
1.348714843750000547e+01
1.159496093749999446e+01
1.307984375000000909e+01
1.183109374999999908e+01
1.274437499999999801e+01
1.247984375000000590e+01
1.295371093750000036e+01
1.044999999999999929e+01
1.051859374999999730e+01
1.217183593750000981e+01
1.253714843749999908e+01
1.206499999999999062e+01
9.549375000000001279e+00
1.307152343749999446e+01
1.305589843749998735e+01
1.217652343749999488e+01
1.282964843749999240e+01
1.279234375000000412e+01
1.294937500000000874e+01
1.378746093749999169e+01
1.609839843749999844e+01
1.284234375000000838e+01
1.477984375000000661e+01
1.263402343749999268e+01
1.397437500000000909e+01
1.494859374999999524e+01
1.663746093749999844e+01
1.716937500000000938e+01
1.421859375000001080e+01
1.211527343749999730e+01
1.223609374999999133e+01
1.177246093750000000e+01
1.209652343749999126e+01
1.537308593749999730e+01
1.413437500000000036e+01
1.132777343750000298e+01
1.175152343750000838e+01
1.203500000000001080e+01
1.257183593749999417e+01
1.300121093750000512e+01
1.319359374999999091e+01
1.455609374999999162e+01
1.333750000000000036e+01
1.294214843750000021e+01
1.459937500000000021e+01
1.381527343750000192e+01
1.293734374999999659e+01
1.328402343749998771e+01
1.359234374999999773e+01
1.346234374999999162e+01
1.488437500000000036e+01
1.307359374999998991e+01
1.323500000000001009e+01
1.272484375000000334e+01
1.448187500000000583e+01
1.372558593750000000e+01
1.348734375000000441e+01
1.387464843750000298e+01
1.370152343750001478e+01
1.240234375000000000e+01
1.500902343749999446e+01
1.325902343749999446e+01
1.244859374999999346e+01
1.354234375000000590e+01
1.252484374999999162e+01
1.488437500000000036e+01
1.257027343750000981e+01
1.445589843750000014e+01
1.408746093749999240e+01
1.366499999999999559e+01
1.543433593750000377e+01
1.376109374999998636e+01
1.316859374999998877e+01
1.306234375000000014e+01
1.268750000000000000e+01
1.436464843749999964e+01
1.328277343750000306e+01
1.392359374999999844e+01
1.367308593749999979e+01
1.562750000000000306e+01
1.453187499999999410e+01
1.244589843750000036e+01
1.338808593749999964e+01
1.282249999999999623e+01
1.416527343750000156e+01
1.380933593750000021e+01
1.573714843749999304e+01
1.438277343750000981e+01
1.529984374999999375e+01
1.375234374999999964e+01
1.426109374999999702e+01
1.481500000000001549e+01
1.305152343749999488e+01
1.428277343750000661e+01
1.388109375000000156e+01
1.351249999999999929e+01
1.441839843749999694e+01
1.618187499999999801e+01
1.575249999999999240e+01
1.509058593750000554e+01
1.424214843750000270e+01
1.636109374999999844e+01
1.525464843750000554e+01
1.758109374999999375e+01
1.532152343749998735e+01
1.783109375000000085e+01
1.792808593750000767e+01
1.792437500000000483e+01
1.751152343749999929e+01
1.926683593750000156e+01
1.796484375000000000e+01
1.685484375000000767e+01
2.098246093749999730e+01
2.217464843749999659e+01
2.043183593750000071e+01
1.849339843749999801e+01
1.645996093750000000e+01
1.511558593750001478e+01
1.675121093750000512e+01
1.709609375000000142e+01
1.937464843749997812e+01
2.005484375000000696e+01
1.717437500000000483e+01
1.811500000000000909e+01
1.925058593749999858e+01
2.586089843749999062e+01
2.071000000000001506e+01
2.217339843749999773e+01
1.951734375000000909e+01
2.058246093750001648e+01
1.846058593750000654e+01
1.988734374999998522e+01
2.078496093749999929e+01
2.311839843749999446e+01
2.228902343749999915e+01
2.079437499999999872e+01
2.140249999999999986e+01
2.482652343750000057e+01
2.163984375000000071e+01
1.879359374999998877e+01
2.196937500000000654e+01
2.419999999999999929e+01
2.025621093750000057e+01
1.859234375000000128e+01
1.767933593749999233e+01
1.770609374999998664e+01
2.164839843749998849e+01
1.789359375000001506e+01
1.623687500000000483e+01
1.917933593749999943e+01
1.896937499999999943e+01
1.918750000000000000e+01
1.769496093749999588e+01
1.668589843749999702e+01
1.915234375000000000e+01
1.907089843749999858e+01
1.794984374999999943e+01
2.010433593749998948e+01
1.666499999999999915e+01
1.726937499999999659e+01
1.737249999999999517e+01
1.750589843750000085e+01
1.545152343749999169e+01
1.382933593749999979e+01
1.589121093750000036e+01
1.395839843749999964e+01
1.496152343750000036e+01
1.527558593750000071e+01
1.412808593750000696e+01
1.416734375000001123e+01
1.616937499999998806e+01
1.608437500000000142e+01
1.510464843749998920e+01
1.510464843749998920e+01
1.173089843750000405e+01
1.093109374999999339e+01
1.837750000000000128e+01
2.378999999999999915e+01
2.920687500000002501e+01
2.936558593750002188e+01
3.451402343750000057e+01
3.491527343749997669e+01
4.026734375000001620e+01
5.154902343749999716e+01
5.502027343749999488e+01
5.449749999999996675e+01
4.754437500000000938e+01
5.133277343749998778e+01
3.995683593750000284e+01
4.148089843750002359e+01
4.501714843749999773e+01
4.819000000000002615e+01
4.014984374999997385e+01
3.892484374999997243e+01
3.620687499999999659e+01
3.871937499999997101e+01
3.324750000000000227e+01
4.020000000000000284e+01
3.118558593749999730e+01
4.177808593750001620e+01
3.063734375000000654e+01
3.306484375000000142e+01
3.242734374999999858e+01
2.521871093750000981e+01
2.743871093750000867e+01
3.231683593749999517e+01
3.530621093749997641e+01
3.453496093750000284e+01
3.455999999999999517e+01
2.770609375000000796e+01
2.650683593750000000e+01
2.565433593750000085e+01
2.881234374999998948e+01
2.748246093750000085e+01
2.809437500000001364e+01
2.729000000000000270e+01
2.166859374999999233e+01
2.657964843750000838e+01
1.934359374999999659e+01
2.056402343749999773e+01
2.238246093750001009e+01
2.187964843750000909e+01
2.596187499999999204e+01
2.439750000000001506e+01
3.011871093749999773e+01
2.260249999999998494e+01
2.572187500000000071e+01
2.250777343750001336e+01
2.287484375000000369e+01
2.499234375000001407e+01
2.380308593750000767e+01
2.123359375000000071e+01
2.719859374999997925e+01
2.341734375000000767e+01
2.029339843749999872e+01
1.895902343749999019e+01
2.109433593749999858e+01
2.293609374999999062e+01
2.223433593749999915e+01
2.502484375000000583e+01
2.664937499999999915e+01
2.456871093749999346e+01
2.204750000000000654e+01
3.723609374999999488e+01
2.572183593749999275e+01
2.331734374999999915e+01
2.206839843750001151e+01
2.253499999999999659e+01
1.966214843750000085e+01
1.936621093750000000e+01
2.174937500000000767e+01
2.420152343750000057e+01
2.113500000000000156e+01
2.669902343749999929e+01
2.504746093749999858e+01
2.320746093749999517e+01
2.002308593749999588e+01
2.216871093749998778e+01
2.336734374999999986e+01
2.539937499999998849e+01
2.124589843749999929e+01
2.445937500000000142e+01
2.090484375000000483e+01
2.136500000000000554e+01
2.112484374999999659e+01
2.286234374999999019e+01
2.556484375000000142e+01
2.118714843749998522e+01
2.364746093750000000e+01
2.198687500000000483e+01
1.919214843749998778e+01
1.909359375000001435e+01
2.245484375000000909e+01
2.298871093750000938e+01
1.907402343749999929e+01
1.947339843750000199e+01
2.261937499999998380e+01
2.671109374999998565e+01
2.964902343749999858e+01
2.453109374999997883e+01
2.100746093749999233e+01
2.099339843750000512e+01
2.318499999999999162e+01
2.042964843750000625e+01
2.173609375000000199e+01
1.745152343749998636e+01
2.002109374999999858e+01
2.164839843749999559e+01
1.700687499999999375e+01
2.282402343749999929e+01
1.932777343749999588e+01
1.969996093749999488e+01
1.915687499999999233e+01
2.097750000000000625e+01
1.770609375000000085e+01
1.635308593750000838e+01
1.691871093750000199e+01
1.444437500000000441e+01
1.544496093750000298e+01
1.734808593750000227e+01
1.768246093749999659e+01
1.789437500000000369e+01
1.708687500000000625e+01
1.671464843749999929e+01
1.727250000000000441e+01
1.695687499999999304e+01
1.798109374999998522e+01
1.667749999999998778e+01
1.699058593750001123e+01
1.836859374999998806e+01
1.788109375000000867e+01
1.539589843749999964e+01
1.921109374999998209e+01
1.622777343749999446e+01
1.616246093749999346e+01
1.475589843749998309e+01
1.478246093749999446e+01
1.299996093749999737e+01
1.399984374999998771e+01
1.410277343750000512e+01
1.585484374999999702e+01
1.694937500000000696e+01
1.792339843749999062e+01
1.514359374999998309e+01
1.670058593750000142e+01
1.651187500000001407e+01
1.492734375000000036e+01
1.714000000000000767e+01
1.518750000000000000e+01
1.687734375000000142e+01
1.639683593749999346e+01
1.445902343749999375e+01
1.563500000000000512e+01
1.640609375000000369e+01
1.538500000000000156e+01
1.726527343749999943e+01
1.750308593750001407e+01
1.758187500000000369e+01
1.426937500000000547e+01
1.773999999999999488e+01
1.907308593750000014e+01
1.404937500000000661e+01
1.546527343749999339e+01
1.699749999999999517e+01
1.453359374999999964e+01
1.521683593749998842e+01
1.796058593749999233e+01
1.599984375000000014e+01
1.791499999999998494e+01
1.742183593749999204e+01
1.705152343750000199e+01
2.037308593749999375e+01
1.895859374999999858e+01
1.854121093750000071e+01
1.849359374999999162e+01
1.852339843750000270e+01
2.248277343750000412e+01
1.909609375000000142e+01
1.749027343750000085e+01
1.762152343750000938e+01
2.048433593749999915e+01
2.359937499999999844e+01
1.982499999999999929e+01
2.238089843750001151e+01
2.921996093750001933e+01
2.557714843750000000e+01
2.390484375000000483e+01
2.016187500000000554e+01
2.021371093750000725e+01
2.064589843750000142e+01
2.629589843750000000e+01
2.682964843750001904e+01
2.256234375000000369e+01
2.135609375000001364e+01
2.111246093749998565e+01
1.580234375000000036e+01
1.983359374999999858e+01
1.667152343749999233e+01
1.996000000000001862e+01
1.824839843750000057e+01
2.072749999999999559e+01
1.753402343749998948e+01
1.830839843749999929e+01
1.616308593750000000e+01
1.498687499999999773e+01
1.716402343750000270e+01
1.526000000000000156e+01
1.781464843750000071e+01
1.951000000000000156e+01
2.684859374999999204e+01
2.485308593750001549e+01
2.589687500000000142e+01
3.066777343749999929e+01
2.483749999999999858e+01
3.258746093750000483e+01
2.129496093749999730e+01
2.558359374999999858e+01
2.112871093749999929e+01
2.045121093750000085e+01
2.708687499999999204e+01
2.177183593749999346e+01
1.619496093750000298e+01
2.107339843749998920e+01
2.106859375000000512e+01
2.044652343749998380e+01
2.287109375000000000e+01
2.072437500000000909e+01
1.969746093750000071e+01
2.174937500000000412e+01
1.943121093750000483e+01
1.873871093750000938e+01
2.077183593750000057e+01
1.983609374999999631e+01
2.161246093749999986e+01
1.679027343749999446e+01
1.734750000000000014e+01
2.202437500000000625e+01
2.071714843749998636e+01
2.030250000000000909e+01
2.158871093749999304e+01
1.941558593750000483e+01
2.422808593750001194e+01
2.211484374999999858e+01
2.737250000000000938e+01
2.249234374999999631e+01
1.935859375000000071e+01
2.191839843749999517e+01
1.729527343750000057e+01
2.024984374999998948e+01
1.935777343750000767e+01
2.537183593749999488e+01
2.569589843749999858e+01
2.119749999999999801e+01
2.200589843750000796e+01
2.453714843749999730e+01
3.118437499999999929e+01
2.844749999999999091e+01
2.728714843749998664e+01
2.738871093750000085e+01
2.484183593750000085e+01
2.394437499999998664e+01
2.435308593750001549e+01
2.567109375000000071e+01
3.107484375000000654e+01
2.405746093750002501e+01
2.787402343750000000e+01
2.925214843750000071e+01
2.386621093750000000e+01
2.457984374999999844e+01
2.824996093749998138e+01
2.409984374999998735e+01
2.271187500000000981e+01
2.392933593750000654e+01
2.179277343749999929e+01
2.049000000000000909e+01
2.518499999999998806e+01
2.386000000000000298e+01
2.792359374999998778e+01
2.601234375000000654e+01
2.667484374999999730e+01
2.455484374999999631e+01
2.208109374999999019e+01
2.061187500000000483e+01
2.029058593750000483e+01
2.288609375000000057e+01
2.497359374999998849e+01
2.064746093750000000e+01
2.207152343750000156e+01
1.996109374999998209e+01
2.159984374999999801e+01
2.335937500000000000e+01
2.961527343749997954e+01
2.188437499999999858e+01
2.116484374999999929e+01
1.973687500000000838e+01
1.751996093749999517e+01
2.054750000000000654e+01
2.612437499999999702e+01
2.451214843750000583e+01
2.803687500000000909e+01
2.452652343749999631e+01
2.406089843749999346e+01
2.698183593750000142e+01
2.398246093749999375e+01
3.091871093749999844e+01
2.352250000000001862e+01
2.184609375000000142e+01
2.015902343749999659e+01
2.399937500000000057e+01
2.111859375000001648e+01
2.014839843749999559e+01
1.653109375000000369e+01
1.985859375000000071e+01
1.876187499999999631e+01
2.090902343750000014e+01
2.269359374999998735e+01
1.649687499999999929e+01
1.719496093749999588e+01
1.749750000000000938e+01
1.785621093750000199e+01
1.984234375000001549e+01
1.672484374999999446e+01
1.817500000000000071e+01
1.938277343750000625e+01
1.659839843749999133e+01
1.578187500000000298e+01
1.625433593750000227e+01
1.616714843749999631e+01
1.923433593749999559e+01
1.441499999999999737e+01
1.958121093750000341e+01
2.398687499999998707e+01
1.773437500000000000e+01
2.247964843750000696e+01
1.782484374999999943e+01
1.863437499999999858e+01
1.577359374999998565e+01
1.761871093749998352e+01
1.938109375000000156e+01
1.659902343750000142e+01
1.667249999999999588e+01
2.068433593750000199e+01
2.047964843749999986e+01
1.403402343749999304e+01
1.806308593749999858e+01
1.771734374999998352e+01
2.025859374999999929e+01
2.391734375000000767e+01
2.248359375000000071e+01
2.823496093749999858e+01
2.336484374999999858e+01
2.210746093750002217e+01
2.055589843750001222e+01
2.100277343749998948e+01
2.408339843750000142e+01
2.403808593750000000e+01
2.009964843750000085e+01
2.721937500000001364e+01
2.320902343750000085e+01
2.248402343750001364e+01
2.212359375000001194e+01
2.571734374999999773e+01
2.491464843749999858e+01
2.273964843750000142e+01
2.286499999999998778e+01
2.348277343750000412e+01
2.694999999999999929e+01
2.610687499999999517e+01
2.373433593749999559e+01
2.750000000000000000e+01
2.624750000000001293e+01
2.503734375000000867e+01
2.379234375000000057e+01
2.504359375000000298e+01
2.631500000000000483e+01
2.389996093749999062e+01
2.191734374999999346e+01
2.545433593750000156e+01
2.102808593750001620e+01
2.306500000000001904e+01
2.295937500000000142e+01
2.160000000000000142e+01
1.949496093750000014e+01
1.871246093749999417e+01
1.713984375000000071e+01
1.619937500000001052e+01
1.771152343749999858e+01
1.337484374999999659e+01
1.461527343749999730e+01
1.794339843750000441e+01
2.410937500000000000e+01
3.281714843749998067e+01
3.633589843750000625e+01
4.108734374999997385e+01
5.758609374999997499e+01
4.078652343750000142e+01
3.950484375000002757e+01
3.859359374999999659e+01
4.439984374999998806e+01
4.564234374999999488e+01
4.673808593750000284e+01
4.259433593749999858e+01
4.164371093750001052e+01
3.932402343750000284e+01
4.606371093749998380e+01
3.557083802217244966e+02
3.606063532441854704e+02
4.260859374999999716e+01
5.173714843749998238e+01
4.015902343750001080e+01
3.586748722261190210e+02
4.293808593749999858e+01
4.181402343749999062e+01
3.956734375000000625e+01
3.659859374999999915e+01
3.605687499999999801e+01
4.220484374999999488e+01
3.922152343750003212e+01
3.627777343749997385e+01
3.403609374999998494e+01
3.640250000000001052e+01
3.349000000000001620e+01
3.287484375000001080e+01
3.032437500000002117e+01
3.054234374999999346e+01
3.597500000000000142e+01
3.548589843749998352e+01
2.909527343750001549e+01
2.660933593749999915e+01
2.419683593749999062e+01
2.703437500000000071e+01
2.735484375000000412e+01
2.952250000000001862e+01
2.567749999999999844e+01
1.734984375000000156e+01
2.169687499999999858e+01
2.126683593750000156e+01
2.167484374999999375e+01
2.391000000000000725e+01
2.236089843749999062e+01
1.902499999999999858e+01
1.970933593749999346e+01
1.864234375000000199e+01
1.941058593749999517e+01
2.365464843750001123e+01
2.180527343749999858e+01
2.270839843750000142e+01
1.990277343749999872e+01
1.781500000000000128e+01
2.239234375000000909e+01
2.285687499999999872e+01
2.296871093749999915e+01
2.611187499999998707e+01
2.731371093750001933e+01
2.451734375000001265e+01
2.483089843750000369e+01
2.798750000000000071e+01
2.488589843749999275e+01
2.096937500000000298e+01
2.248687500000000838e+01
2.089359374999998664e+01
1.961187499999999062e+01
1.707187499999999858e+01
1.853359375000000142e+01
2.549937499999999346e+01
1.637496093749999559e+01
2.034839843749999844e+01
1.460152343749999737e+01
1.503687500000000909e+01
1.432808593750000625e+01
1.546937500000000831e+01
1.530277343750000263e+01
1.370937499999999964e+01
1.647359374999998494e+01
1.694859375000000412e+01
1.552749999999998387e+01
1.625000000000000000e+01
1.528808593750000000e+01
1.392808593750000412e+01
1.541234375000000512e+01
1.523246093749999730e+01
1.523496093750000036e+01
1.722750000000001336e+01
1.664359374999998664e+01
1.476187500000000341e+01
1.602250000000000085e+01
1.742933593749999233e+01
1.789859374999999986e+01
1.558984375000000000e+01
1.698589843749999062e+01
1.492734375000000036e+01
1.508734374999998806e+01
1.863027343750000142e+01
1.407964843749999417e+01
1.554371093750000021e+01
1.625000000000000000e+01
1.399937500000000590e+01
1.537984375000000625e+01
1.483902343750000696e+01
1.742187500000000000e+01
1.394609374999999929e+01
1.556152343750000000e+01
1.628183593749999858e+01
1.652464843750000156e+01
1.567984374999999808e+01
1.587808593750000874e+01
1.603714843750000085e+01
1.565152343749999453e+01
1.521187500000000270e+01
1.591109374999999737e+01
1.951484375000000071e+01
1.667359374999998778e+01
1.851859375000001506e+01
1.636871093750000128e+01
1.671109374999999275e+01
1.544183593749998806e+01
1.379359375000000831e+01
1.531558593750000696e+01
1.506714843749999844e+01
1.446871093749999737e+01
1.431234375000000014e+01
1.583687500000000092e+01
1.394683593749999773e+01
1.308902343750000696e+01
1.533187500000000014e+01
1.610609375000001009e+01
1.312749999999999417e+01
1.502734375000000000e+01
1.361214843750000014e+01
1.259339843749999055e+01
1.352964843749999169e+01
1.372183593749999453e+01
1.509609374999999964e+01
1.331089843749999702e+01
1.425121093750000512e+01
1.503433593750000341e+01
1.563558593750000192e+01
1.315121093750001080e+01
1.758749999999999858e+01
1.530746093750000014e+01
1.700234375000000142e+01
1.590234375000000000e+01
1.413652343749999929e+01
1.461089843749999773e+01
1.349996093749999737e+01
1.246234374999999872e+01
1.271859374999997883e+01
1.405484375000000696e+01
1.323589843749999773e+01
1.512089843749999929e+01
1.676621093749999858e+01
1.504652343749999410e+01
1.667308593749999801e+01
1.850609374999998735e+01
1.772027343750000483e+01
1.780250000000000199e+01
1.918687499999999346e+01
1.759437499999998877e+01
1.738558593750000369e+01
1.506187500000000945e+01
1.690527343750000000e+01
1.504687500000000000e+01
1.656152343750000000e+01
1.306683593749999694e+01
1.461109374999999844e+01
1.712027343750001052e+01
1.377621093750001968e+01
1.357109374999999929e+01
1.517359374999999133e+01
1.540933593749999453e+01
1.597250000000000014e+01
1.294652343749999446e+01
1.445859375000000036e+01
1.687749999999999773e+01
1.609859374999998849e+01
1.636871093750000483e+01
1.450308593750000696e+01
1.762246093750000142e+01
1.613359374999999929e+01
1.496187500000000092e+01
1.649996093749998494e+01
1.541484374999999929e+01
1.582777343750000831e+01
1.939964843749998025e+01
1.519746093750000071e+01
1.581734374999998849e+01
1.708734374999999517e+01
1.621484375000000000e+01
1.339496093749999339e+01
1.417359375000000021e+01
1.655000000000000071e+01
1.557089843750000036e+01
1.415152343749999986e+01
1.337359374999999417e+01
1.391109375000000981e+01
1.461058593750000867e+01
1.483750000000000036e+01
1.641499999999999915e+01
1.287464843749999588e+01
1.308027343750000071e+01
1.408121093749998920e+01
1.480433593749999055e+01
1.383496093750000000e+01
1.405746093750000014e+01
1.573714843749999659e+01
1.373589843749999240e+01
1.412558593750000036e+01
1.455746093750000014e+01
1.439609375000000036e+01
1.250214843750000071e+01
1.381214843750000298e+01
1.499859374999999773e+01
1.452339843749999559e+01
1.433609374999999453e+01
1.424371093749999240e+01
1.674964843750001009e+01
1.513749999999999929e+01
1.432484374999999943e+01
1.603999999999999915e+01
1.613499999999999801e+01
1.448558593750000867e+01
1.574937500000000057e+01
1.530589843749998735e+01
1.509214843750000412e+01
1.703589843749999488e+01
1.578027343750000000e+01
1.596484375000000000e+01
1.718109374999998806e+01
1.376214843749999162e+01
1.479839843749999773e+01
1.514359374999999908e+01
1.489183593749999091e+01
1.485859375000000071e+01
1.511558593750000057e+01
1.502652343750000341e+01
1.412109375000000000e+01
1.445277343749999943e+01
1.366558593750000661e+01
1.509000000000000874e+01
1.343746093749999559e+01
1.351734375000000909e+01
1.403246093750000156e+01
1.619437500000000085e+01
1.304277343749999929e+01
1.418746093749999737e+01
1.596109374999999453e+01
1.435609374999998167e+01
1.386000000000001009e+01
1.298402343749999410e+01
1.399808593749999908e+01
1.572339843749999488e+01
1.471308593750000071e+01
1.256734375000000803e+01
1.316000000000000192e+01
1.419121093749999929e+01
1.460621093750000021e+01
1.416500000000000270e+01
1.559437499999999588e+01
1.312496093749998849e+01
1.361937499999999091e+01
1.448984375000000036e+01
1.171734375000000128e+01
1.195371093750000036e+01
1.265609375000001435e+01
1.410250000000000270e+01
1.403500000000000547e+01
1.461000000000000476e+01
1.524527343750001229e+01
1.522749999999998671e+01
1.391527343750000156e+01
1.193609374999999773e+01
1.480234375000000036e+01
1.281484374999999964e+01
1.491187499999999488e+01
1.333746093749999417e+01
1.522984375000001478e+01
1.232089843750000036e+01
1.585609375000001720e+01
1.547109374999999964e+01
1.453089843749998522e+01
1.475464843750000377e+01
1.448999999999998600e+01
1.577734375000000000e+01
1.388339843750000036e+01
1.327484374999999694e+01
1.430277343750000263e+01
1.621249999999999858e+01
1.499687499999999929e+01
1.517183593749999737e+01
1.381484374999999964e+01
1.507964843749999240e+01
1.583999999999999453e+01
1.841109374999998494e+01
1.789964843750001222e+01
1.522984375000000057e+01
1.388339843750000036e+01
1.456058593749999908e+01
1.643902343749999062e+01
1.492484374999999019e+01
1.498609375000000021e+01
1.528734374999999623e+01
1.375249999999999240e+01
1.601499999999999702e+01
1.653734374999999446e+01
1.498437500000000000e+01
1.420746093749999694e+01
1.605609374999999162e+01
1.721933593749999858e+01
1.613558593750000014e+01
1.629964843750000725e+01
1.557499999999999929e+01
1.620777343750001265e+01
1.462808593750001407e+01
1.531484374999999964e+01
1.501464843750000000e+01
1.486621093750000000e+01
1.577464843750001577e+01
1.449339843749999979e+01
1.388183593750000000e+01
1.418609374999999417e+01
1.437714843750000071e+01
1.617808593750000767e+01
1.385058593750000000e+01
1.423734374999999908e+01
1.318109374999997918e+01
1.603109375000001791e+01
1.503089843750000476e+01
1.304996093749999808e+01
1.305484375000000341e+01
1.534183593749998487e+01
1.538687499999999986e+01
1.649609375000000000e+01
1.908433593750000767e+01
1.637250000000000583e+01
1.531683593749999339e+01
1.504652343749999410e+01
1.578500000000000547e+01
1.446058593750000476e+01
1.412496093749999204e+01
1.782250000000001933e+01
1.494859374999998991e+01
1.404808593750000512e+01
1.556714843750000909e+01
1.498734374999999908e+01
1.510152343750000270e+01
1.575933593750000128e+01
1.677183593750000057e+01
1.542558593749999929e+01
1.694964843750000938e+01
1.469683593750000306e+01
1.501484375000000071e+01
1.689964843750000867e+01
1.552714843749999929e+01
1.414214843749999773e+01
1.454234375000000057e+01
1.442402343750000071e+01
1.465839843750000071e+01
1.443984374999999964e+01
1.452308593750001009e+01
1.380687500000000156e+01
1.447464843750000263e+01
1.669359374999999801e+01
1.398246093749999908e+01
1.334999999999999964e+01
1.284027343749999694e+01
1.238246093749999410e+01
1.485484375000001478e+01
1.550234374999999964e+01
1.371214843749999623e+01
1.539808593750000476e+01
1.866371093750000654e+01
1.494437500000000441e+01
1.443984374999999964e+01
1.432808593750000981e+01
1.426234375000000476e+01
1.472750000000000981e+01
1.400527343749999964e+01
1.634746093749999929e+01
1.634746093749999929e+01
1.848902343749999133e+01
1.357984375000000377e+01
1.752339843749999559e+01
2.391734375000001478e+01
2.799437499999996959e+01
2.776839843750003212e+01
3.004750000000003496e+01
3.500433593750000938e+01
4.523589843749999062e+01
5.368187500000000512e+01
5.155933593749998778e+01
4.364652343750000085e+01
4.931000000000000227e+01
3.597666407197713738e+02
3.670501337617635613e+02
3.728813373750448363e+02
3.672047001069783505e+02
3.724671360200642880e+02
3.660263047212362721e+02
3.672957386201620693e+02
3.619327640718222483e+02
3.606312885469198477e+02
3.614310489839315892e+02
3.572387116426229454e+02
3.583664356416464329e+02
6.965375093436240377e+02
3.541614795869587624e+02
3.607599823945761273e+02
3.683730936616659051e+02
3.563788990205526943e+02
3.541333069795369966e+02
2.625484375000001336e+01
3.077484375000000227e+01
3.593436176484823363e+02
2.849984374999999659e+01
2.844609374999999929e+01
2.435308593750001194e+01
2.945777343750001975e+01
2.237750000000000483e+01
2.618089843749998025e+01
3.098339843750000000e+01
2.895250000000000412e+01
2.489746093750000000e+01
2.098558593750000156e+01
2.525234375000000142e+01
2.772933593749999659e+01
2.534183593750000085e+01
2.520859374999999858e+01
1.980621093749999417e+01
2.471058593749999233e+01
2.216187500000000199e+01
1.819000000000001194e+01
1.948687499999999773e+01
1.679859374999999488e+01
1.809687500000000071e+01
2.039359375000000085e+01
1.879683593750000625e+01
1.989183593749999801e+01
1.606109375000000128e+01
1.795996093750000000e+01
1.757558593750000142e+01
1.924214843749998849e+01
1.686371093749999517e+01
1.687964843750000199e+01
1.954808593749999801e+01
1.867749999999999844e+01
1.714339843749999659e+01
1.590609375000000547e+01
1.582652343750000412e+01
1.489589843749999964e+01
1.586187500000000306e+01
1.641234375000000512e+01
1.882109374999999929e+01
1.775933593750000128e+01
1.754609375000000071e+01
1.623750000000000071e+01
1.808121093749999275e+01
1.949437499999999801e+01
2.323121093749998423e+01
2.015687499999999943e+01
1.762750000000000128e+01
1.999937499999999346e+01
1.759859374999999204e+01
1.308558593749999943e+01
1.397652343750000270e+01
1.356109375000000306e+01
1.521402343750000696e+01
1.312984375000000092e+01
1.367964843749999737e+01
1.487246093749999964e+01
1.553187499999999943e+01
1.281996093749999588e+01
1.421683593749999908e+01
1.454027343749999979e+01
1.358109374999999019e+01
1.176246093749999311e+01
1.420308593750000092e+01
1.473437500000000000e+01
1.536109374999999844e+01
1.724433593750000071e+01
1.235484375000000412e+01
1.356871093749999702e+01
1.562027343750000696e+01
1.476484375000000071e+01
1.489749999999999730e+01
1.338121093749999169e+01
1.440609374999999126e+01
1.344937499999999453e+01
1.446464843749999929e+01
1.393746093749999737e+01
1.344808593750000192e+01
1.521187500000000270e+01
1.285683593749999964e+01
1.384609374999999964e+01
1.392027343750000590e+01
1.444359374999998558e+01
1.428749999999999964e+01
1.542339843749999417e+01
1.365000000000000036e+01
1.360152343749999559e+01
1.338746093749999488e+01
1.411246093749999275e+01
1.403589843750000021e+01
1.363246093749999943e+01
1.408359375000000036e+01
1.404339843749998806e+01
1.284746093749999929e+01
1.314937500000000625e+01
1.445621093749999275e+01
1.601187500000000696e+01
1.387984375000000981e+01
1.342484375000000263e+01
1.358984375000000000e+01
1.674000000000000554e+01
1.426000000000000867e+01
1.264027343749999943e+01
1.298750000000000071e+01
1.438500000000000512e+01
1.291249999999999964e+01
1.528027343750000000e+01
1.401500000000000057e+01
1.374496093749999659e+01
1.329859374999999844e+01
1.488121093750000412e+01
1.476996093749999694e+01
1.335609374999997989e+01
1.277496093749999417e+01
1.751246093749999488e+01
1.393999999999999240e+01
1.577749999999999275e+01
1.577152343749999019e+01
1.455687499999999623e+01
1.718734374999998948e+01
1.320609374999997954e+01
1.410058593750000000e+01
1.453871093750002252e+01
1.465621093749998316e+01
1.427308593750000831e+01
1.552109375000000036e+01
1.531464843750000071e+01
1.384433593750000036e+01
1.330933593750000021e+01
1.463808593749999964e+01
1.524437499999999979e+01
1.279859375000000199e+01
1.406187500000000412e+01
1.408687500000000625e+01
1.278687500000000021e+01
1.439937500000001513e+01
1.318746093750000270e+01
1.451714843749998707e+01
1.262250000000001293e+01
1.375121093750002466e+01
1.219527343750001336e+01
1.336464843749999964e+01
1.343089843749998558e+01
1.765937500000000071e+01
1.441089843749999133e+01
1.662808593750001762e+01
1.397359374999999559e+01
1.556308593750000036e+01
1.273433593750000092e+01
1.595527343750000071e+01
1.397308593750000583e+01
1.567089843750000000e+01
1.425859374999999929e+01
1.386246093749999275e+01
1.507621093750001862e+01
1.275609374999999446e+01
1.321000000000002217e+01
1.545609375000001684e+01
1.551996093750000227e+01
1.442402343750000071e+01
1.371777343750000000e+01
1.186499999999999133e+01
1.297187500000000071e+01
1.587984374999999737e+01
1.482750000000001123e+01
1.577187499999999964e+01
1.915250000000000341e+01
1.623999999999999488e+01
1.606734374999999915e+01
1.527496093749998352e+01
1.326734374999999488e+01
1.272964843750000341e+01
1.364527343750000909e+01
1.339058593750000981e+01
1.274214843749999027e+01
1.112249999999999872e+01
1.398187499999998806e+01
1.328437500000000071e+01
1.318734374999998771e+01
1.324496093749999304e+01
1.180527343750000036e+01
1.366371093750000831e+01
1.578109374999997705e+01
1.251499999999999702e+01
1.290234375000000000e+01
1.162246093749999964e+01
1.399984374999999659e+01
1.337308593750000263e+01
1.324984374999999659e+01
1.266187499999999844e+01
1.106933593750000000e+01
1.249683593749999844e+01
1.276234375000000121e+01
1.221371093750000902e+01
1.332437499999999986e+01
1.252500000000000036e+01
1.237500000000000000e+01
1.173964843749999964e+01
1.289183593750000156e+01
1.358433593750000057e+01
1.307250000000001400e+01
1.218808593750000036e+01
1.172984375000000590e+01
1.305777343750000874e+01
1.321234375000000583e+01
1.558734375000000227e+01
1.279371093749999844e+01
1.190433593749998487e+01
1.352933593749999375e+01
1.220121093750000263e+01
1.117250000000001364e+01
1.230746093749999837e+01
1.203109374999998415e+01
1.241500000000000448e+01
1.236500000000000021e+01
1.271734375000000661e+01
1.244984374999999055e+01
1.042984374999999808e+01
1.221527343749999694e+01
1.268089843749999268e+01
1.194859374999999524e+01
1.278402343749999304e+01
1.253984374999999929e+01
1.348999999999999133e+01
1.216937499999999872e+01
1.106859374999998202e+01
1.267246093750000036e+01
1.275937500000000036e+01
1.163433593750000306e+01
1.315250000000000696e+01
1.423687500000000306e+01
1.287250000000001116e+01
1.344687500000000036e+01
1.314359375000000263e+01
1.386484375000000036e+01
1.477808593750000909e+01
1.337777343750000725e+01
1.301000000000000156e+01
1.151246093749999844e+01
1.430308593750000945e+01
1.662749999999999062e+01
1.286402343750000909e+01
1.377437500000001158e+01
1.514984374999998806e+01
1.476109374999999524e+01
1.314750000000001151e+01
1.416249999999999964e+01
1.531371093750001400e+01
1.442652343749999844e+01
1.384058593750000377e+01
1.348687500000000128e+01
1.344496093749999588e+01
1.354214843749999275e+01
1.466371093750001364e+01
1.540000000000000036e+01
1.752984375000000128e+01
1.361859374999999694e+01
1.284687500000000071e+01
1.354214843749999808e+01
1.255859375000000000e+01
1.308902343750000874e+01
1.285250000000000092e+01
1.343402343749999339e+01
1.289937499999999737e+01
1.337308593749999730e+01
1.379996093749999275e+01
1.218109374999999694e+01
1.127152343749999375e+01
1.319984374999998877e+01
1.172496093749998991e+01
1.328999999999999737e+01
1.299652343749999162e+01
1.289339843749998238e+01
1.374234374999999986e+01
1.487808593750000874e+01
1.632027343750000625e+01
1.248089843749999339e+01
1.096109374999999453e+01
1.313437500000000036e+01
1.140308593750000021e+01
1.186996093749999659e+01
1.219527343750000270e+01
1.214652343749998842e+01
1.334359374999999304e+01
1.261683593749999766e+01
1.324808593750000441e+01
1.468277343750001407e+01
1.304234375000000590e+01
1.389589843749999964e+01
1.400933593749999773e+01
1.323109374999999943e+01
1.189750000000001506e+01
1.031499999999999417e+01
1.301500000000000057e+01
1.149527343750000874e+01
1.255999999999999872e+01
1.278714843750000618e+01
1.242249999999999588e+01
1.344371093750000412e+01
1.285484375000000590e+01
1.506214843750000298e+01
1.184859374999999027e+01
1.161234375000000618e+01
1.076937499999999304e+01
1.231734374999999559e+01
1.193589843749999169e+01
1.164859374999998920e+01
1.145249999999999702e+01
1.169359374999999091e+01
1.124058593750000412e+01
1.203500000000001435e+01
1.208187499999999481e+01
1.251000000000001222e+01
1.235249999999999382e+01
1.253187499999999588e+01
1.090250000000000163e+01
1.389234375000000377e+01
1.227496093749999417e+01
1.343109374999999872e+01
1.285250000000000270e+01
1.140464843749999879e+01
1.210234374999999929e+01
1.293187499999999446e+01
1.202984375000000838e+01
1.504687500000000000e+01
1.252808593750000732e+01
1.078902343750000270e+01
1.196058593750000476e+01
1.160621093749999311e+01
1.368808593750000036e+01
1.319589843750000036e+01
1.251249999999999929e+01
1.326234375000000298e+01
1.384183593749999375e+01
1.401933593749999929e+01
1.363714843750001116e+01
1.366249999999999964e+01
1.411000000000000476e+01
1.395484375000001265e+01
1.488183593750000000e+01
1.417437500000000838e+01
1.283652343750000036e+01
1.233402343749999197e+01
1.276859374999998487e+01
1.314359374999999908e+01
1.350234374999999964e+01
1.246839843749997989e+01
1.293734375000000192e+01
1.159937500000000199e+01
1.224964843750000298e+01
1.228734375000000334e+01
1.167621093749999872e+01
1.200589843749999552e+01
1.205683593750000071e+01
1.133964843749999929e+01
1.502964843750000412e+01
1.275484375000000448e+01
1.397183593750000341e+01
1.358734374999999162e+01
1.358734374999999162e+01
1.196859375000000369e+01
1.339652343749999908e+01
1.607484374999999588e+01
2.372984374999999346e+01
2.532984375000002331e+01
3.204234375000002899e+01
2.678714843750000796e+01
3.382308593749998238e+01
3.309371093750001336e+01
3.519183593750001648e+01
4.159746093750000284e+01
4.259749999999998948e+01
3.590134266084433534e+02
3.522496093749997925e+01
3.602770340913534710e+02
1.022324144873022988e+03
1.037512613195777021e+03
1.032815097326636078e+03
1.040853814672827866e+03
1.036775015539527203e+03
1.687496218418479202e+03
1.021219116491675436e+03
1.023919079870581641e+03
1.369915312871933111e+03
1.041436226782202766e+03
6.964836098074913480e+02
1.049881001257300341e+03
1.047459687170386360e+03
1.038001264929175477e+03
3.685385990327598051e+02
3.598361939424277125e+02
3.560774906343222028e+02
3.568821885102987608e+02
3.669860795015096642e+02
3.566310932344197795e+02
3.614185260957480068e+02
2.376996093749999517e+01
3.571049515718221983e+02
2.139749999999999730e+01
3.562418528169393426e+02
2.087933593749998806e+01
1.907187499999999858e+01
2.052089843750000142e+01
2.041089843749999844e+01
1.902484374999999872e+01
1.969687499999999858e+01
2.024683593750000199e+01
2.375683593750000000e+01
1.659859374999999559e+01
1.741996093750000085e+01
1.933871093750000369e+01
1.655464843749999204e+01
1.816089843749999133e+01
1.728246093749999801e+01
1.704437499999999517e+01
1.952152343749999730e+01
2.096249999999999858e+01
2.144746093750000071e+01
1.997109375000000142e+01
2.079839843749999773e+01
1.643714843750000298e+01
1.866484374999999929e+01
1.759058593750001620e+01
1.903609374999999915e+01
1.718109374999999517e+01
1.706234374999998948e+01
1.751234374999999588e+01
1.585902343749999588e+01
1.977933593749999375e+01
1.713183593750000000e+01
1.625687500000000441e+01
1.470121093750001151e+01
1.585464843750000341e+01
1.654984374999999730e+01
1.820609374999999730e+01
1.502109375000000036e+01
1.634687500000000071e+01
1.762250000000000227e+01
1.750121093750000867e+01
1.686234374999999019e+01
1.298027343749999929e+01
1.676859375000000085e+01
1.568964843750000071e+01
1.560433593749999304e+01
1.489859374999999275e+01
1.435687499999999694e+01
1.647437499999999488e+01
1.563749999999999929e+01
1.638687500000000696e+01
1.342109375000000071e+01
1.440589843749999055e+01
1.588089843749998309e+01
1.616937499999998451e+01
1.655933593749999844e+01
1.696000000000000796e+01
1.467359374999999488e+01
1.363902343750000590e+01
1.687964843750001265e+01
1.346937500000000298e+01
1.479609375000000071e+01
1.690277343750000583e+01
1.477437500000000270e+01
1.329984374999999908e+01
1.346933593750000036e+01
1.440777343750000838e+01
1.273687500000000128e+01
1.480589843749998558e+01
1.880859375000000000e+01
1.492250000000001009e+01
1.655687500000001577e+01
1.587984375000000981e+01
1.627250000000000441e+01
1.608687500000001336e+01
1.712246093750000142e+01
1.447027343750000306e+01
1.525609375000000156e+01
1.610933593749999915e+01
1.541246093749998991e+01
1.484437500000000831e+01
1.328734375000000156e+01
1.384339843749999943e+01
1.562437500000000412e+01
1.317484374999998487e+01
1.281187500000000590e+01
1.446308593750000071e+01
1.311371093750001648e+01
1.346499999999999986e+01
1.553500000000000725e+01
1.404339843749999694e+01
1.705277343750001151e+01
1.455250000000000021e+01
1.569984374999999588e+01
1.275249999999999062e+01
1.648402343749999943e+01
1.434937500000001442e+01
1.611937499999999091e+01
1.538749999999999929e+01
1.413089843749999730e+01
1.381937500000000796e+01
1.807250000000000867e+01
1.611683593749999943e+01
1.427437500000000270e+01
1.638121093749998280e+01
1.410902343749999588e+01
1.468750000000000000e+01
1.714000000000001478e+01
1.750777343750000981e+01
1.498402343749999055e+01
1.520249999999998991e+01
1.719937500000001052e+01
1.517749999999999844e+01
1.547152343749998771e+01
1.724859375000000483e+01
1.580996093749999964e+01
1.581109374999999240e+01
1.659902343750000142e+01
1.454750000000001364e+01
1.552402343750000036e+01
1.713902343750000412e+01
1.509371093749999559e+01
1.704121093750000071e+01
1.901859374999997243e+01
1.430121093750001648e+01
1.639437500000000369e+01
1.374902343750000000e+01
1.438121093749998991e+01
1.472484374999999446e+01
1.263109374999999979e+01
1.457339843749999808e+01
1.358750000000000036e+01
1.284683593750000696e+01
1.311250000000000071e+01
1.369937500000000341e+01
1.651089843749999631e+01
2.295308593750001336e+01
2.049808593749997954e+01
1.931187500000001123e+01
1.675484375000002046e+01
1.747500000000000142e+01
1.748558593749999801e+01
1.652749999999998565e+01
1.719683593749999062e+01
1.715121093750001080e+01
1.838871093750000085e+01
1.591402343749999204e+01
1.914937500000001336e+01
1.565746093749999091e+01
1.849234375000000696e+01
1.800621093749997925e+01
1.458500000000000263e+01
1.518734374999999126e+01
1.484683593749999808e+01
2.075859374999999929e+01
1.616214843749998664e+01
2.518109374999999517e+01
2.151839843750001791e+01
2.160777343749999702e+01
1.769937500000001052e+01
1.657183593749999773e+01
1.607496093749998778e+01
1.634027343750000938e+01
1.906234375000001791e+01
1.821246093750000483e+01
2.054359374999999233e+01
1.696499999999999986e+01
1.713808593750000142e+01
1.443500000000002181e+01
1.692027343750002188e+01
1.568089843750000512e+01
1.480902343749998806e+01
1.603734374999999091e+01
2.196109374999998565e+01
1.582308593750000547e+01
1.623437500000000000e+01
1.686187499999999773e+01
1.639964843750000867e+01
1.808359374999999858e+01
1.605687500000001222e+01
1.561058593749999979e+01
1.456214843749999410e+01
1.627339843749998849e+01
1.444996093749999844e+01
1.229996093749999275e+01
1.256214843749999233e+01
1.268652343750000000e+01
1.318187500000000867e+01
1.084996093749999346e+01
1.222109374999999964e+01
1.304937499999999773e+01
1.533121093749998387e+01
1.357308593750000547e+01
1.572499999999999964e+01
1.168687500000001123e+01
1.154750000000002252e+01
1.259527343750001549e+01
1.326214843749999872e+01
1.207339843749999275e+01
1.333246093750000227e+01
1.253999999999999559e+01
1.527933593749999019e+01
1.597089843750000071e+01
1.492464843750000547e+01
1.195859375000000036e+01
1.415000000000000036e+01
1.548402343749999410e+01
1.623109375000001009e+01
1.623902343750000199e+01
1.689750000000000085e+01
1.590609374999997705e+01
1.537484374999999304e+01
1.672187500000000071e+01
1.994750000000001222e+01
1.596246093749998352e+01
1.260937500000000000e+01
1.325999999999999979e+01
1.239859374999999986e+01
1.320902343749999908e+01
1.573437500000000000e+01
1.342714843749999964e+01
1.351249999999999929e+01
1.516109374999998671e+01
1.354234375000001478e+01
1.361187499999999240e+01
1.436734374999999453e+01
1.456109374999999240e+01
1.684652343749999304e+01
1.588687499999999275e+01
1.787621093749998735e+01
2.599437499999999091e+01
2.073687500000001549e+01
1.603902343749999204e+01
1.891187500000001265e+01
1.808183593749999929e+01
1.753027343750000000e+01
1.492496093749998920e+01
1.591402343749999204e+01
1.680746093750000014e+01
1.617464843749999659e+01
1.666109374999998494e+01
1.432464843750001293e+01
1.369234375000000625e+01
1.466089843749999488e+01
1.369339843749999908e+01
1.244277343749999964e+01
1.583183593749999929e+01
1.518609374999999773e+01
1.525937500000000036e+01
1.403402343750000014e+01
1.455433593749999410e+01
1.592246093750000036e+01
1.513183593750000000e+01
1.668999999999998352e+01
1.414750000000001329e+01
1.288027343749999964e+01
1.449996093749999737e+01
1.541734375000000412e+01
1.497152343750000014e+01
1.494527343750001158e+01
1.644000000000000483e+01
1.856250000000000000e+01
1.903187499999999588e+01
1.908109374999998664e+01
1.819359374999999801e+01
2.077359375000000341e+01
2.126187500000001407e+01
1.997984374999999346e+01
2.034859374999998494e+01
1.928187500000002075e+01
1.851484375000000071e+01
1.622777343749999801e+01
1.647808593750001549e+01
1.822249999999999304e+01
1.783089843750001791e+01
1.868999999999999773e+01
1.484750000000000192e+01
1.630609375000000938e+01
1.573109374999997989e+01
1.858749999999999858e+01
1.433589843750000092e+01
1.780996093750000142e+01
1.836933593750000071e+01
1.598089843750001293e+01
1.536402343749999844e+01
1.841484374999999929e+01
1.401089843749999453e+01
1.785277343749998735e+01
1.666499999999998494e+01
1.341464843750000036e+01
1.583109374999999019e+01
1.591187500000000554e+01
1.725902343749999091e+01
1.738187499999997954e+01
1.693402343749999517e+01
1.855609375000001648e+01
1.819000000000001194e+01
1.942437500000000128e+01
1.995152343749999346e+01
2.010859375000000071e+01
1.597027343750001194e+01
1.580249999999999844e+01
1.744996093750000199e+01
1.729683593749999204e+01
1.654277343749999929e+01
1.771109374999998565e+01
1.637964843750000199e+01
1.637359374999998707e+01
1.444937500000000696e+01
1.566996093749999375e+01
1.486187500000000661e+01
1.517984374999999275e+01
1.507808593750002402e+01
1.458558593749999943e+01
1.567152343749999055e+01
1.644234374999999915e+01
1.392621093749999872e+01
1.512250000000002004e+01
1.591859374999999055e+01
1.487652343749999417e+01
1.619839843749998209e+01
1.523109375000001897e+01
1.826249999999999929e+01
1.465152343749998920e+01
1.456402343749999773e+01
1.766000000000000725e+01
1.561839843750001044e+01
1.634027343749999872e+01
1.461871093749997996e+01
1.807187499999999858e+01
1.643871093750000867e+01
1.517984375000002295e+01
1.619750000000000156e+01
1.647109375000000142e+01
1.714937499999998849e+01
1.752339843749998849e+01
1.440214843749999929e+01
1.449214843749998671e+01
1.828500000000001080e+01
1.627250000000001506e+01
1.484984375000000156e+01
1.668109374999998451e+01
1.588609374999998636e+01
1.634277343750000000e+01
1.666000000000000369e+01
1.622308593749999517e+01
1.980746093750000369e+01
1.649527343750000341e+01
1.712621093750001222e+01
1.702714843749999929e+01
1.919234375000001336e+01
1.941527343749998735e+01
1.934339843749998522e+01
1.934339843749998522e+01
1.281109374999999773e+01
1.102964843749998813e+01
1.706734374999999915e+01
2.295859374999999858e+01
2.469058593750001052e+01
3.099937500000001478e+01
3.686683593750002075e+01
4.399937500000002899e+01
4.750484374999999915e+01
5.017496093749996788e+01
4.736371093750000938e+01
1.013354468054175186e+03
3.752106385225057466e+02
7.077631697440147036e+02
1.038681440710425250e+03
1.048800555700660198e+03
3.625681397461295091e+03
4.265079546427130481e+03
6.820305847146511951e+03
4.630923471066951606e+03
5.250884771881103006e+03
5.515445864486095161e+03
7.384537980461120242e+03
4.945699490737317319e+03
7.153930739793181601e+03
5.558894147872329995e+03
5.264972540435791416e+03
4.338661206888555171e+03
5.214279410552978334e+03
3.399949949014187041e+03
2.730848780021667608e+03
3.073777959794402250e+03
2.405981206387878046e+03
2.395676920194029663e+03
1.728441287083029692e+03
1.408338888311386199e+03
2.079017554261684381e+03
1.390164184942245356e+03
1.736989555820822716e+03
1.384419912481308074e+03
1.052817071508765139e+03
7.081502791190148400e+02
7.122482484793663389e+02
7.087090553641319275e+02
2.012359374999999062e+01
1.997496093749999346e+01
1.886500000000000199e+01
1.670464843750000483e+01
1.911484374999999858e+01
2.197308593749999517e+01
2.209652343749999304e+01
2.243402343749999872e+01
1.730589843749999801e+01
1.840371093750000142e+01
1.897484374999999446e+01
1.858558593750000298e+01
1.931246093749999204e+01
1.924589843749999929e+01
1.912500000000000000e+01
1.673984374999999858e+01
1.422246093749999929e+01
1.432984374999999488e+01
1.553687500000001265e+01
1.617187500000000000e+01
1.516109374999999559e+01
1.613437499999999858e+01
1.766937499999998451e+01
1.663902343750000412e+01
1.882437500000001407e+01
1.645234375000000071e+01
1.716871093750000199e+01
1.580999999999999339e+01
1.522183593749999808e+01
1.700933593750000128e+01
1.670464843750000838e+01
1.536683593749999588e+01
1.653687500000000909e+01
1.611933593750000071e+01
1.432964843749999773e+01
1.378902343750000270e+01
1.632808593750000981e+01
1.607339843749999631e+01
1.453749999999999964e+01
1.552496093749999240e+01
1.549808593749999908e+01
1.328558593750000583e+01
1.552027343750000554e+01
1.410589843749999162e+01
1.596234374999998806e+01
1.874750000000000227e+01
1.805234374999999858e+01
1.743714843750000298e+01
1.666996093749998664e+01
1.416734375000000945e+01
1.410777343750000412e+01
1.391089843749999844e+01
1.414937499999999559e+01
1.310234374999999929e+01
1.375777343750000270e+01
1.354964843750000192e+01
1.219746093750000071e+01
1.403558593749999872e+01
1.603402343749998948e+01
1.470933593750000590e+01
1.537734374999999964e+01
1.386839843749998735e+01
1.463734375000000476e+01
1.474937500000000590e+01
1.441000000000001435e+01
1.399609375000000000e+01
1.669437499999999730e+01
1.257984375000000909e+01
1.981527343750000014e+01
1.468121093749999240e+01
1.548984375000000036e+01
1.563109374999999979e+01
1.407984375000001265e+01
1.463109374999999446e+01
1.259527343750000128e+01
1.341683593749998593e+01
1.404609375000000071e+01
1.305859375000000000e+01
1.313109374999999623e+01
1.462359374999999240e+01
1.400687500000000263e+01
1.533746093749998884e+01
1.459808593750000760e+01
1.404964843750001080e+01
1.484999999999999964e+01
1.491308593750000000e+01
1.777109374999999858e+01
1.396499999999999986e+01
