2.344866697149824540e+04
1.237218960524310387e+04
1.383780033531473782e+04
1.448460905349794302e+04
1.537356622466087538e+04
1.684132296905959447e+04
1.812155707971345691e+04
1.932913885078494059e+04
2.014318061271147599e+04
2.086989910074683576e+04
2.156949977137631504e+04
2.224401158360006229e+04
2.299140984606005077e+04
2.337215180612711629e+04
2.374290504496265930e+04
2.408345800944977964e+04
2.415045267489711841e+04
2.426103094040542419e+04
2.467587501905197496e+04
2.480408962048468311e+04
2.504655022100289716e+04
2.516286419753086375e+04
2.509793750952598566e+04
2.507764791952446103e+04
2.507858436213991808e+04
2.499403139765279775e+04
2.505934827008077991e+04
2.499352415790275700e+04
2.479055022100289716e+04
2.454340740740740875e+04
2.437621338210638714e+04
2.424374577046182094e+04
2.415474470355128869e+04
2.405072153635116774e+04
2.356455174516079933e+04
2.322801768023167097e+04
2.306343789056546302e+04
2.266654229538180152e+04
2.250165035817710668e+04
2.239520804755372592e+04
2.201512940100594278e+04
2.165280414570949506e+04
2.152533089468069011e+04
2.128466514250876571e+04
2.127592501143118352e+04
2.095148666361835058e+04
2.062579972565157732e+04
2.056200457247370650e+04
2.021099466544733878e+04
2.013346502057613179e+04
1.968963023929279007e+04
1.957292607834171577e+04
1.920123639689071933e+04
1.907684560280444930e+04
1.902643377533912644e+04
1.880890595945739915e+04
1.864971071483005653e+04
1.841220545648529151e+04
1.833323212924859035e+04
1.811367535436671096e+04
1.765411614083218956e+04
1.738051882335009941e+04
1.717727175735406126e+04
1.728000731595793332e+04
1.710528273129096124e+04
1.703684438347812829e+04
1.675825270538027689e+04
1.682438896509678307e+04
1.661337722908093201e+04
1.635644078646547860e+04
1.633049352232891397e+04
1.631305227861606545e+04
1.598892607834171577e+04
1.578388416399938978e+04
1.581662063709800350e+04
1.560787197073616881e+04
1.537223959762231425e+04
1.527641030330742251e+04
1.513512452370065512e+04
1.504229964944368294e+04
1.486297088858405732e+04
1.461578905654625851e+04
1.451387288523091047e+04
1.445589147995732310e+04
1.424089986282578866e+04
1.407230117360158511e+04
1.402984910836762720e+04
1.375492516384697410e+04
1.351207437890565416e+04
1.332486389269928441e+04
1.317663283036122630e+04
1.306546928821825895e+04
1.315712360920591345e+04
1.287622984301173528e+04
1.285699375095259893e+04
1.290838103947568925e+04
1.276139856729157145e+04
1.272932540771223830e+04
1.262268800487730550e+04
1.269413077274805619e+04
1.232396281054717292e+04
1.243676512726718465e+04
1.222509007773205303e+04
1.205286267337296158e+04
1.201181527206218561e+04
1.211732114007011114e+04
1.192242402072854748e+04
1.165245541838134341e+04
1.162728852309099238e+04
1.144920835238530708e+04
1.149130925163846950e+04
1.124724889498551966e+04
1.110483158055174499e+04
1.107010516689528959e+04
1.092261545496113467e+04
1.069053376009754538e+04
1.103900746837372390e+04
1.097064715744551177e+04
1.082858100899253077e+04
1.097232495046486838e+04
1.098005060204237088e+04
1.070356591982929422e+04
1.092160097546105862e+04
1.068842676421277247e+04
1.058167230605090663e+04
1.088332388355433613e+04
1.054214662399024564e+04
1.045915439719554888e+04
1.061596951684194573e+04
1.044822923334857478e+04
1.025797530864197506e+04
1.031619082456942488e+04
1.030003718945282708e+04
1.028029385764365179e+04
1.007630544124371227e+04
1.032840359701264970e+04
1.010424264593811859e+04
9.884607834171620198e+03
9.776292638317328965e+03
9.885973479652491733e+03
9.695173296753544491e+03
9.840907178783721974e+03
9.777736320682823134e+03
9.772741960067063701e+03
9.591033074226490498e+03
9.495164761469288351e+03
9.536836457857034475e+03
9.485058984910836443e+03
9.375573235787227532e+03
9.219148300563938392e+03
9.097020576131686539e+03
9.133893004115227086e+03
9.062489254686784989e+03
9.170063100137174843e+03
9.024251181222374726e+03
8.893344307270233912e+03
9.023939033683889647e+03
8.760486511202559996e+03
8.647567139155617042e+03
8.704573083371436951e+03
8.523683584819387761e+03
8.361366864807194361e+03
8.222344154854443332e+03
7.992837677183356391e+03
7.863374485596707927e+03
8.147584819387288917e+03
7.996778539856729367e+03
8.140912665752171961e+03
8.069118731900624880e+03
8.348451760402378568e+03
7.893808870598993963e+03
8.003333638164914191e+03
8.052730986130162819e+03
7.811401920438957859e+03
7.935090382563633284e+03
7.855804907788447053e+03
7.687011126352690553e+03
7.846986739826245866e+03
7.651426306965401636e+03
7.777338820301783016e+03
7.389963725041914586e+03
7.458753238835543016e+03
7.362728852309099238e+03
7.229207742722145667e+03
7.225110806279530152e+03
7.289881420515165701e+03
7.309936899862826067e+03
7.188277396738301832e+03
7.184219478737997633e+03
7.228544429202865103e+03
7.094984301173602034e+03
7.229519890260630746e+03
6.987410455723213090e+03
7.236582228318853595e+03
7.170680079256210774e+03
7.033803383630543976e+03
7.114259411675049705e+03
7.048474317939338107e+03
7.138997104099984426e+03
7.034466697149824540e+03
7.073407102575826684e+03
6.751700045724736810e+03
6.877924706599603269e+03
6.725596707818929644e+03
6.547165371132449764e+03
6.771287303764670469e+03
6.517199207437890436e+03
6.448682822740435768e+03
6.335490321597317234e+03
6.342669714982472215e+03
6.071491540923640059e+03
6.399363511659807955e+03
6.305446121018137092e+03
6.275870141746684567e+03
6.477634506934918136e+03
6.530153330285017546e+03
6.448331656759640282e+03
6.515170248437738337e+03
6.767931717725956332e+03
6.622588020118884742e+03
6.606200274348422681e+03
6.695981710105166712e+03
6.618881268099375120e+03
6.653919829294314695e+03
6.644711476909007615e+03
6.298305746075293428e+03
6.485555250723975405e+03
6.335724432251181497e+03
6.625358329522938220e+03
6.530582533150434756e+03
6.530192348727327953e+03
6.557817405883249194e+03
6.434324035970126715e+03
6.455628105471726485e+03
6.290189910074684121e+03
6.564177411979881072e+03
6.278250266727633061e+03
6.134194177716811282e+03
6.034306965401615344e+03
6.124361530254534046e+03
6.230296601127876784e+03
6.110978204541990635e+03
6.093966163694558418e+03
5.995990855052583356e+03
6.014836762688614726e+03
5.933327236701722541e+03
6.251873799725651224e+03
5.618838591678098055e+03
5.995756744398720002e+03
5.712873037646700141e+03
5.899498247218411962e+03
5.830591678097850490e+03
5.863367169638774612e+03
5.906638622161255626e+03
5.906638622161255626e+03
5.798301966163694306e+04
5.911716872427983617e+04
5.999773693034598546e+04
6.121043011736015615e+04
5.895338896509678307e+04
5.200120179850632849e+04
3.242198658741045438e+04
5.292543514708123439e+03
2.217404511507392272e+03
3.282609358329522820e+03
4.195718945282731511e+03
5.009721688766956504e+03
5.534792866941014836e+03
6.107466544734034869e+03
6.215547629934460929e+03
6.728171925011431085e+03
6.866765432098765814e+03
7.119019661636945784e+03
7.326558756287151482e+03
7.498825179088553341e+03
7.682719097698521182e+03
7.935480566986740087e+03
7.835242188690748662e+03
7.762082609358329137e+03
7.829662551440329480e+03
7.751781740588325192e+03
7.573857643651882427e+03
7.401162017985063358e+03
7.409902149062642820e+03
7.176103642737387418e+03
6.988424935223289140e+03
6.695942691662856305e+03
6.850689833866788831e+03
6.774057613168723947e+03
6.390272214601433006e+03
6.264905959457400058e+03
6.051045877152872890e+03
5.798830666057003327e+03
5.597885688157292861e+03
5.696095107453132186e+03
5.338413046791647503e+03
5.301657674135039997e+03
4.955368998628257941e+03
4.719268404206675768e+03
4.860476146928821436e+03
4.722584971803078588e+03
4.504159731748209197e+03
4.395610425240054610e+03
4.131845755220240790e+03
3.911079408626733766e+03
3.651723822588020084e+03
3.371415333028501664e+03
3.203909160188995429e+03
3.067812833409541327e+03
2.832765736930346065e+03
2.734946502057613088e+03
2.607941472336533934e+03
2.614262459990854950e+03
2.742906264288980310e+03
2.619881115683584994e+03
2.559402530102118362e+03
2.444961438805060425e+03
2.215767108672458562e+03
2.256658436213991990e+03
2.050875171467764176e+03
1.890704465782655006e+03
1.949856424325560056e+03
1.728152263374485528e+03
2.126365493065081409e+03
2.023323883554336135e+03
1.927649443682365472e+03
2.104476451760402597e+03
1.854842402072854838e+03
2.177787532388355430e+03
2.170567901234568126e+03
3.452028806584361973e+03
4.533991159884163608e+03
7.489512879134278592e+03
8.618961896052431257e+03
1.323796982167352508e+04
1.283885642432556051e+04
1.120084880353604603e+04
1.432843956713915577e+04
2.262347416552354844e+04
2.435680216430422297e+04
3.361003673220545897e+04
3.957352324340801715e+04
4.268835558603871323e+04
5.093278463648833713e+04
5.030295762841030228e+04
5.438071269623532862e+04
5.744677122389879514e+04
5.844036015851241973e+04
6.060342905044962390e+04
6.027228501752781449e+04
6.112576055479347997e+04
6.274862612406645349e+04
6.231896326779454103e+04
6.314227541533303156e+04
6.301652156683432258e+04
6.142151333638164942e+04
6.316127572016460908e+04
6.285751882335009577e+04
6.281600152415790217e+04
6.295314997713763296e+04
6.280924996189605008e+04
6.284417131534827058e+04
6.281479058070416067e+04
6.262375613473555859e+04
6.283074912360920280e+04
6.289064228014022228e+04
6.260288126809937239e+04
6.278170278920896089e+04
6.274670324645633082e+04
6.259804298125286005e+04
6.248586495960981847e+04
6.250638866026520554e+04
6.229970797134582972e+04
6.191740527358634426e+04
6.200320682822740491e+04
6.201725346745923162e+04
6.179562871513488790e+04
6.200586008230452717e+04
6.181572321292485867e+04
6.180569547325102758e+04
6.175348879743941507e+04
6.152222648986434797e+04
6.185575613473555859e+04
6.144305807041609660e+04
6.134527785398567357e+04
6.147747233653406147e+04
6.145690961743636581e+04
6.146381588172534975e+04
6.128979362901996501e+04
6.140716110349031806e+04
6.125736930345984001e+04
6.127976588934613392e+04
6.119029660112787678e+04
6.109930559365950467e+04
6.124000609663160867e+04
6.113044231062338076e+04
6.126618747142203938e+04
6.120106569120560744e+04
6.095801981405273546e+04
6.092263008687699767e+04
6.076636122542295197e+04
6.069148483462887089e+04
6.092735131839658425e+04
6.066912726718487829e+04
6.064782319768328307e+04
6.053088492607833905e+04
6.046131504343850247e+04
6.050166011278768565e+04
6.045799847584209783e+04
6.042342813595488406e+04
6.064076085962505749e+04
6.095688827922572818e+04
6.084408596250571281e+04
6.097745099832342385e+04
6.099013199207437719e+04
6.096835970126504981e+04
6.080740862673372612e+04
6.101354305746075261e+04
6.096656485291876015e+04
6.073881420515165519e+04
6.111280597469898203e+04
6.124722450845907588e+04
6.119521292485901358e+04
6.124507849413199438e+04
6.131425819234873052e+04
6.126341716201798408e+04
6.121823380582228128e+04
6.114944429202865285e+04
6.113262734339277813e+04
6.131730163084895321e+04
6.129806553878981504e+04
6.106169181527206092e+04
6.102161987501905242e+04
6.082531809175430681e+04
6.113411004420057725e+04
6.087120377991160058e+04
6.107729919219631120e+04
6.097409541228471062e+04
6.088965950312452333e+04
6.086960402377686114e+04
6.090799817101052031e+04
6.076710257582685881e+04
6.073323456790123601e+04
6.074732022557537130e+04
6.048277518670934660e+04
6.042639353757048957e+04
6.042686175887822174e+04
6.036884133516232396e+04
6.039646639231824520e+04
6.041355647005029459e+04
6.026981252857796062e+04
6.029934948940710456e+04
6.031956104252400837e+04
6.029751562261850631e+04
6.014070050297211128e+04
6.030196372504191095e+04
5.999102575826855900e+04
6.008033897271757451e+04
5.993054717268708919e+04
6.003550678250267083e+04
6.007507148300563858e+04
6.013067276329828019e+04
6.005708398110044072e+04
6.024409937509526208e+04
6.011896723060509248e+04
6.014315866483767604e+04
6.009774119798811444e+04
6.015607376924249547e+04
6.011689925316262816e+04
6.051691632373113680e+04
6.018541563786008192e+04
6.025104465782654734e+04
6.008607468373723532e+04
6.002602530102118908e+04
6.049483188538332615e+04
5.998919189147996076e+04
6.003160493827160826e+04
6.028776101204084989e+04
6.008537235177564435e+04
5.991255967078189133e+04
6.006075171467763721e+04
5.995672854747751990e+04
6.004292028654168826e+04
6.015033805822283466e+04
5.988029141899100796e+04
5.995325590611187363e+04
5.987580429812528746e+04
5.967595183661027113e+04
5.980857552202408260e+04
6.003960371894528362e+04
5.972854869684499135e+04
5.966787501905197132e+04
5.965566224660875014e+04
5.948647828074988502e+04
5.939185855814662500e+04
5.941963968907178787e+04
5.961395153177869361e+04
5.939326322206980694e+04
5.940766102728242549e+04
5.922224538942234358e+04
5.918229050449626811e+04
5.912169486358786526e+04
5.922661545496113104e+04
5.921327114769090258e+04
5.912637707666514325e+04
5.898555951836610620e+04
5.892238866026520554e+04
5.897260539551897818e+04
5.905212498094802868e+04
5.920207285474774835e+04
5.917694497789970774e+04
5.921713397347964928e+04
5.914385733882030036e+04
5.919969272976680077e+04
5.940227648224356381e+04
5.945577076665142522e+04
5.944468952903521131e+04
5.945530254534370033e+04
5.925970309404054569e+04
5.934078341716201976e+04
5.936333607681755529e+04
5.951605426002133754e+04
5.942939429964944429e+04
5.924967535436671460e+04
5.925193842402072914e+04
5.943739308032311965e+04
5.906078707514098642e+04
5.917187258039932931e+04
5.904252644413961389e+04
5.841745099832342385e+04
5.898224295076970157e+04
5.906027983539094566e+04
5.888645267489711841e+04
5.888071696387745760e+04
5.925970309404054569e+04
5.897537570492303348e+04
5.911974394147233397e+04
5.891641883859167865e+04
5.888274592287761334e+04
5.872717939338515134e+04
5.876420789513793716e+04
5.889359304983996117e+04
5.884938515470202401e+04
5.881044474927602278e+04
5.900994604481023998e+04
5.903971711629325000e+04
5.878020545648529514e+04
5.896487974394147022e+04
5.872530650815424451e+04
5.890369882639841671e+04
5.879612498094802868e+04
5.882257948483462678e+04
5.874750800182898820e+04
5.869709617436366534e+04
5.851242188690748299e+04
5.859822344154854363e+04
5.839021612559061032e+04
5.852720987654320925e+04
5.849392714525225165e+04
5.854387075140984962e+04
5.859958908702941699e+04
5.846848712086572050e+04
5.845260661484529555e+04
5.867887456180460140e+04
5.859502392927907204e+04
5.859849657064471830e+04
5.853360890108215244e+04
5.837402347203170211e+04
5.857411004420057725e+04
5.866642767870751413e+04
5.883042219173906778e+04
5.887981953970431641e+04
5.877860570035055571e+04
5.865292729766803677e+04
5.870688980338363035e+04
5.844671483005639311e+04
5.861043621399177209e+04
5.851253894223441603e+04
5.845049961896052264e+04
5.855249382716049149e+04
5.833239079408627003e+04
5.829356744398719457e+04
5.832127053802774026e+04
5.844694894071025919e+04
5.856841335162322503e+04
5.838026642280140368e+04
5.832638195397043455e+04
5.842829812528577895e+04
5.839454717268708919e+04
5.842747873799725494e+04
5.838584606005182286e+04
5.824249230300258932e+04
5.837581832037799177e+04
5.814896509678402799e+04
5.809160798658741260e+04
5.805087273281512171e+04
5.797279682975156175e+04
5.811736015851241973e+04
5.796869989330894896e+04
5.791302057613169018e+04
5.812387623837829597e+04
5.794868343240359536e+04
5.781847889041304734e+04
5.776623319615911896e+04
5.782019570187471254e+04
5.765276756591982848e+04
5.810932235939643579e+04
5.848241670477061416e+04
5.858183569577808521e+04
5.871192318244170019e+04
5.873790946502057341e+04
5.875944764517604199e+04
5.896164121322969004e+04
5.886916750495351152e+04
5.893046547782350535e+04
5.899820149367474369e+04
5.909352354823959467e+04
5.903772717573540285e+04
5.927624691358024575e+04
5.920218991007468139e+04
5.939626764212772105e+04
5.936977411979881435e+04
5.941515256820606737e+04
5.936423350099070376e+04
5.908700746837372571e+04
5.917452583447645156e+04
5.931464106081389764e+04
5.912302149062643002e+04
5.917667184880353307e+04
5.891719920743789407e+04
5.912559670781892783e+04
5.925115805517451372e+04
5.917355037341868592e+04
5.933668648071939970e+04
5.921541716201798408e+04
5.926181008992531861e+04
5.912466026520347805e+04
5.927023807346441026e+04
5.911541289437585510e+04
5.933446242950769374e+04
5.919653223593964503e+04
5.933434537418076798e+04
5.933216034141137061e+04
5.931272915714068222e+04
5.921186648376772064e+04
5.936516994360616081e+04
5.931190976985215821e+04
4.996063283036122448e+04
5.098954915409236128e+04
5.188869013869836635e+04
5.308710257582685881e+04
5.435797226032616891e+04
5.554019204389574588e+04
5.659852827312909358e+04
5.778379149519890052e+04
5.911143301326017536e+04
5.991966102728242549e+04
6.065176573693034879e+04
6.117894756896814215e+04
6.006542935528120870e+04
5.619759746989788255e+04
5.346967459228775988e+04
4.839654061880811059e+04
4.411862993446121254e+04
3.992874119798811444e+04
3.810887319006249163e+04
3.779072321292485867e+04
3.182446959304983829e+04
3.035915515927450178e+04
3.116108672458466754e+04
3.011837479042829000e+04
2.546272991921962966e+04
3.206196936442615333e+04
2.840365935070873456e+04
3.139020012193263392e+04
3.670825163846974465e+04
4.317022648986434797e+04
4.570107712238987733e+04
4.658389407102575933e+04
4.746475842097241548e+04
4.605387425697302388e+04
5.198980475537265738e+04
5.047408260935833096e+04
5.047958329522938584e+04
5.261448071940252703e+04
5.465710364273739106e+04
5.598093552812070993e+04
5.692742783112330653e+04
5.899845496113397530e+04
6.090326322206980694e+04
6.033402850175277854e+04
6.107306431946349767e+04
6.084980292638317042e+04
6.114497058375247434e+04
6.139491662856272160e+04
6.127352934003962582e+04
6.115202408169486444e+04
6.126197485139460332e+04
6.088513854595336306e+04
6.117484529797286814e+04
6.085844474927602278e+04
6.070588263984148944e+04
6.051079042828836828e+04
6.062765066300868784e+04
6.054793598536808713e+04
6.037902514860539668e+04
6.026567657369303197e+04
6.016446273433927854e+04
6.003874531321445102e+04
6.017164212772442988e+04
6.001474897119341767e+04
5.987557018747142138e+04
5.988458344764517824e+04
5.969589026063100027e+04
5.946638378295991424e+04
5.948737570492303348e+04
5.936723792104861786e+04
5.945350769699741068e+04
5.924269105319311348e+04
5.905228105471727031e+04
5.898298430117360112e+04
5.906160646242951043e+04
5.888934003962810675e+04
5.865132754153330461e+04
5.857106660570034728e+04
5.855175247675659193e+04
5.845861545496113104e+04
5.866822252705380379e+04
5.840851577503429144e+04
5.836087425697302388e+04
5.841877762536198861e+04
5.826972717573540285e+04
5.840956927297668153e+04
5.848737204694406682e+04
5.818868587105624465e+04
5.829836671239140560e+04
5.819633348574912088e+04
5.808044871208657423e+04
5.809554884926078375e+04
5.800479195244627044e+04
5.781442097241274314e+04
5.778004572473707958e+04
5.783471056241426413e+04
5.773267733577198669e+04
5.746325499161713378e+04
5.766997469897881092e+04
5.788371772595641232e+04
5.767707605547934509e+04
5.769190306355738721e+04
5.727284499314129062e+04
5.708426886145404569e+04
5.737667306812985771e+04
5.720834750800183247e+04
5.742603139765279775e+04
5.746489376619417453e+04
5.712317024843773834e+04
5.727183051364121638e+04
5.720054381953970733e+04
5.736184606005182286e+04
5.747059045877152676e+04
5.749618655692729953e+04
5.717705471726870746e+04
5.718860417619265354e+04
5.724818533760097489e+04
5.695960493827160826e+04
5.699374607529339846e+04
5.703354488645023957e+04
5.713452461515012692e+04
5.727163542142965889e+04
5.733312848651120294e+04
5.735252065233958274e+04
5.733461118731900933e+04
5.712968632830361457e+04
5.718977472946196940e+04
5.708797561347355804e+04
5.701836671239140560e+04
5.683778936137783603e+04
5.690829568663313694e+04
5.687618350861149520e+04
5.672186556927297352e+04
5.682963450693491905e+04
5.665974820911446295e+04
5.656805486968449986e+04
5.671675415333028650e+04
5.654128821825941122e+04
5.641642920286541630e+04
5.646988446883096913e+04
5.640526992836457794e+04
5.625266880048772873e+04
5.627533851547020458e+04
5.611454351470812253e+04
5.620670507544581778e+04
5.614755311690291273e+04
5.609827282426459715e+04
5.600505776558451180e+04
5.615605913732662884e+04
5.614131016613321117e+04
5.597751074531321501e+04
5.595144642584971734e+04
5.585760707209266548e+04
5.587672610882487788e+04
5.616464319463496213e+04
5.621341624752324424e+04
5.633917268709038035e+04
5.639360341411369882e+04
5.650012376162170403e+04
5.667141472336534207e+04
5.668663191586648463e+04
5.686502423411065683e+04
5.655927572016460908e+04
5.647495686633135483e+04
5.638494131992074108e+04
5.640768907178783411e+04
5.633351501295534399e+04
5.644604420057917741e+04
5.639313519280597393e+04
5.644214235634811484e+04
5.654792135345222050e+04
5.643792836457856902e+04
5.644534186861758644e+04
5.654327815881725110e+04
5.612004511507392453e+04
5.621899588477366342e+04
5.629336503581771103e+04
5.623366681908245664e+04
5.602039201341258740e+04
5.612020118884316616e+04
5.624997652796829789e+04
5.618782014936747146e+04
5.628817558299039956e+04
5.616218503276939737e+04
5.613584758420972503e+04
5.615375704923029843e+04
5.592577229080932739e+04
5.581702789208962349e+04
5.602066514250876207e+04
5.588940710257582396e+04
5.599623959762231243e+04
5.575491053193110565e+04
5.573668891937204899e+04
5.598488523090992385e+04
5.587715531169029418e+04
5.583497637555250549e+04
5.579447523243408068e+04
5.585877762536198861e+04
5.581086297820453910e+04
5.569326139308031998e+04
5.567562505715592124e+04
5.568073647309861553e+04
5.570309404054260085e+04
5.571479957323578856e+04
5.562817863130620390e+04
5.570820545648529514e+04
5.571351196463953966e+04
5.584886694101509056e+04
5.579326566072244896e+04
5.571015637860082643e+04
5.576154366712391493e+04
5.607946593507087528e+04
5.581620850480109948e+04
5.578140405426001962e+04
5.585155921353452140e+04
5.574406340496875782e+04
5.581390641670476907e+04
5.608637219935985195e+04
5.569681207133059070e+04
5.583197195549459138e+04
5.576868404206675768e+04
5.563738698369151098e+04
5.544635269013870129e+04
5.540670995275110181e+04
5.544931809175430681e+04
5.552712086572169210e+04
5.541884468830970582e+04
5.530873464410912857e+04
5.540667093430879322e+04
5.545095686633135483e+04
5.536347751867093757e+04
5.532902423411065683e+04
5.556984606005182286e+04
5.534888462124676153e+04
5.538443042219174094e+04
5.543909525986892550e+04
5.548810242341106641e+04
5.534190032007316040e+04
5.542629721079103911e+04
5.529609266880049108e+04
5.519932693187014229e+04
5.536226794695930585e+04
5.552501386983691191e+04
5.538731778692272201e+04
5.517131169029111334e+04
5.530303795153177634e+04
5.518172961438805214e+04
5.526124919981710264e+04
5.517712543819539860e+04
5.511356439567139023e+04
5.507306325255296542e+04
5.499295839048925700e+04
5.505043255601280543e+04
5.501063374485596432e+04
5.533007773205303965e+04
5.533624264593811677e+04
5.538497668038409029e+04
5.536453101661332039e+04
5.547873799725651770e+04
5.528185093735710689e+04
5.558580460295686498e+04
5.553504160951074300e+04
5.547027099527511018e+04
5.529074714220393071e+04
5.533483798201493482e+04
5.551892699283645925e+04
5.562665691205608891e+04
5.561003505563176441e+04
5.579888431641518400e+04
5.545548300563938392e+04
5.547538241121780447e+04
5.547155860387135908e+04
5.543410089925316424e+04
5.562852979728699574e+04
5.588074500838286622e+04
5.551627373875933699e+04
5.537432464563328540e+04
5.538626428898033919e+04
5.528555768937661924e+04
5.522074805669867055e+04
5.560866941015089105e+04
5.525391373266270239e+04
5.517392592592592700e+04
5.524661728395061800e+04
5.517193598536808713e+04
5.515199756134735799e+04
5.515613351623227936e+04
5.510689224203627236e+04
5.490489376619417453e+04
5.492553452217649465e+04
5.491453132144490519e+04
5.506994177716811100e+04
5.492405182136869553e+04
5.504789635726260894e+04
5.500142539247065724e+04
5.490684468830970582e+04
5.502062246608748683e+04
5.493575735406188323e+04
5.509300167657369457e+04
5.505964090839811251e+04
5.502986983691510250e+04
5.479860752934004267e+04
5.478350739216582588e+04
5.484293247980490560e+04
5.488312147538484714e+04
5.494344398719707533e+04
5.496896204846822366e+04
5.495690534979423683e+04
5.537764121322969004e+04
5.503634689833867014e+04
5.528536259716506902e+04
5.484819996951684152e+04
5.517131169029111334e+04
5.510209297363206861e+04
5.508929492455418222e+04
5.497173235787227895e+04
5.505331992074378650e+04
5.505733882030178211e+04
5.489084712696235511e+04
5.484640512117055187e+04
5.493528913275415107e+04
5.502198811156836018e+04
5.479977808260935853e+04
5.486314403292180941e+04
5.457608535284255777e+04
5.467608962048467947e+04
5.469302362444749451e+04
5.499865508306660922e+04
5.483825026672763488e+04
5.490239658588630118e+04
5.471616156073769525e+04
5.465092272519433027e+04
5.476415424477976194e+04
5.471971223898795870e+04
5.479014052735863515e+04
5.467757232129248587e+04
5.471686389269928623e+04
5.474039201341258740e+04
5.472517482091144484e+04
5.480656729157140944e+04
5.468752202408169251e+04
5.463632982777015422e+04
5.480824508459076606e+04
5.470324645633287582e+04
5.477277732053040381e+04
5.493201158360006229e+04
5.476380307879896282e+04
5.482256485291876015e+04
5.498753482700807945e+04
5.490368419448255008e+04
5.484125468678554898e+04
5.488292638317329693e+04
5.514395976223136677e+04
