3.482624965706447256e+04
3.427507514098460524e+04
3.411744063404968620e+04
3.330893949093126139e+04
3.300607834171620198e+04
3.249595122694711245e+04
3.214509739368998635e+04
3.177048132906569299e+04
3.149325529644871131e+04
3.127642981252857862e+04
3.078417314433775391e+04
3.051763816491388570e+04
3.008944977899710284e+04
2.966075415333028650e+04
2.945820941929583933e+04
2.898198933089468119e+04
2.863573967383020863e+04
2.817973113854595431e+04
2.782446822130772853e+04
2.764872915714067858e+04
2.722299893308946776e+04
2.710364151806127120e+04
2.683761377838744011e+04
2.668345191281816733e+04
2.632448224356043283e+04
2.603633104709647887e+04
2.570518152720621947e+04
2.546229172382258912e+04
2.517812040847431854e+04
2.519376680384087740e+04
2.471309861301630735e+04
2.457329553421734454e+04
2.457786069196768949e+04
2.433672671848803657e+04
2.418779332418838749e+04
2.422369029111415875e+04
2.379936473098612987e+04
2.365940557841792543e+04
2.368769394909312541e+04
2.332353482700807945e+04
2.317651333638164942e+04
2.299975979271452525e+04
2.287743697607071954e+04
2.256544551135497750e+04
2.245166773357720012e+04
2.237620606614845383e+04
2.200116079865874053e+04
2.196479561042524074e+04
2.179065630239292659e+04
2.148006950160036649e+04
2.144311903673220513e+04
2.143238896509678307e+04
2.100252278616064723e+04
2.098718853833257162e+04
2.094044444444444525e+04
2.074917604023776948e+04
2.042824935223289140e+04
2.047795884773662692e+04
2.021579393385154617e+04
2.008469196768785332e+04
2.009050571559213495e+04
7.579944520652339634e+03
8.811093430879438529e+03
1.024587959152568146e+04
1.121353696082914212e+04
1.219352415790275882e+04
1.354254778235025151e+04
1.478977229080932739e+04
1.562195762841030410e+04
1.682657399786618043e+04
1.786087486663618256e+04
1.866172839506172750e+04
1.942016887669562493e+04
1.983099405578418009e+04
2.043172199359853767e+04
2.089838256363359324e+04
2.107611156835848305e+04
2.124748056698673827e+04
2.135645907636031188e+04
2.141291876238378245e+04
2.155276085962505749e+04
2.184048285322359516e+04
2.184813046791647503e+04
2.233426124066453121e+04
2.205356256668190690e+04
2.206160036579789812e+04
2.225692668800487809e+04
2.181176527968297523e+04
2.171066849565615121e+04
2.162806645328455852e+04
2.147409967992683960e+04
2.123042950769699746e+04
2.091925743026977580e+04
2.091964761469288351e+04
2.062111751257430296e+04
2.040952049992379034e+04
2.023916598079560936e+04
1.991749794238683171e+04
1.959715653101661155e+04
1.948759274500838364e+04
1.928719402530102161e+04
1.913232982777015786e+04
1.869485505258344710e+04
1.838657033988721378e+04
1.818425971650662905e+04
1.791749062642889839e+04
1.770733729614387994e+04
1.754732266422801331e+04
1.748411278768480406e+04
1.713630239292790793e+04
1.708846578265508288e+04
1.675743331809175288e+04
1.665325407712239030e+04
1.626615211095869563e+04
1.617520012193263210e+04
1.603130010669105286e+04
1.564127175735406126e+04
1.543318640451150713e+04
1.539459716506630139e+04
1.525760341411370246e+04
1.505470751409845980e+04
1.472523578722755701e+04
1.443766986739826280e+04
1.451317055326931950e+04
1.434663984148757845e+04
1.412204968754762922e+04
1.399020637098003317e+04
1.376042676421277247e+04
1.375523731138545918e+04
1.342685810089925326e+04
1.360427495808565800e+04
1.339361438805060243e+04
1.341893735711019690e+04
1.334675323883554302e+04
1.327027709190672067e+04
1.316890717878372197e+04
1.297912147538484896e+04
1.297631214753848508e+04
1.284146441091297129e+04
1.262081511964639503e+04
1.243465813138241174e+04
1.241335406188081106e+04
1.225177869227251904e+04
1.202652522481329106e+04
1.195508245694253856e+04
1.171519707361682595e+04
1.149150434385002336e+04
1.142782624599908559e+04
1.129313458314281343e+04
1.135396433470507509e+04
1.115957445511355036e+04
1.105941411370217975e+04
1.086412680993751019e+04
1.096432616979119121e+04
1.084336899862825703e+04
1.073911172077427182e+04
1.068237890565462658e+04
1.062720682822740491e+04
1.052076451760402415e+04
1.037382106386221676e+04
1.005519646395366544e+04
9.797791800030483500e+03
1.016538454503886533e+04
9.968029263831733260e+03
9.895064776710867591e+03
9.625408321902148600e+03
9.579054412437128121e+03
9.483381191891479830e+03
9.411314128943758988e+03
9.479440329218106854e+03
9.118207590306355996e+03
9.011843316567596048e+03
8.799192805974698786e+03
8.861388203017831984e+03
8.529692424935223244e+03
8.541866178936137658e+03
8.444320073159578897e+03
8.308926078341715765e+03
8.163621399176954583e+03
8.266903215973174156e+03
8.313296143880506861e+03
8.439793933851546171e+03
8.534023472031702113e+03
8.443617741197987925e+03
8.036850480109739692e+03
8.466833714372809482e+03
8.065372961438804850e+03
8.115355586038713227e+03
7.936846212467611622e+03
8.034743484224965869e+03
7.794467916476147366e+03
7.815381801554641243e+03
7.839222069806432046e+03
7.861969821673525075e+03
7.706637402834933710e+03
7.751937814357567731e+03
7.378141137021795657e+03
7.490475232434079771e+03
7.416964487120865670e+03
7.292846822130773035e+03
7.161822892851699180e+03
7.174464868160341211e+03
7.026155768937662287e+03
7.080391403749428719e+03
7.115547020271300426e+03
7.111411065386373593e+03
7.249263222069806034e+03
6.983625666819082653e+03
6.906837372351775230e+03
6.677330894680689198e+03
6.635815272062185613e+03
6.705931412894376081e+03
6.721460752934003722e+03
6.581657674135039997e+03
6.386292333485748713e+03
6.333032159731747925e+03
6.052996799268404175e+03
6.187610425240054610e+03
6.174578265508306686e+03
6.317502819692120283e+03
6.077149215058680056e+03
5.831137936290199832e+03
5.843038561194939575e+03
5.716345679012345499e+03
5.612790733119951256e+03
5.463155006858710294e+03
5.416606005182136869e+03
5.301306508154244511e+03
5.228576131687243105e+03
5.453478433165675597e+03
5.471817101051668942e+03
5.472129248590154020e+03
5.451644566377076444e+03
5.580093278463648858e+03
5.567022100289589616e+03
5.494252705380277803e+03
5.354644718792867025e+03
5.306261850327693537e+03
5.471153787532388378e+03
5.312426764212772468e+03
5.285855204999237685e+03
5.285582075903063924e+03
5.164585886297820252e+03
5.192952293857643781e+03
5.007029416247522931e+03
4.897543667123914020e+03
4.871323273891174722e+03
4.802728852309099238e+03
4.755672610882487788e+03
4.544582837982015008e+03
4.756140832190214496e+03
4.696715744551135685e+03
4.581338210638622513e+03
4.526907483615302226e+03
4.541344307270233003e+03
4.538730071635421154e+03
4.440715744551135685e+03
4.346525224813291061e+03
4.201922877610120850e+03
4.362991007468373937e+03
4.091422648986434979e+03
4.376881572930955372e+03
4.218115531169029055e+03
4.203873799725651224e+03
4.043625057155921240e+03
4.209063252552964514e+03
4.046356348117664766e+03
3.957823502514860593e+03
3.919780521262002821e+03
3.913576588934613483e+03
3.705296143880505952e+03
3.766242950769699746e+03
3.539155616521871707e+03
3.555816491388507984e+03
3.674744703551287785e+03
3.487222069806432046e+03
3.404424935223289140e+03
3.539389727175735516e+03
3.821141899100746741e+03
3.946313062033226743e+03
3.898359396433470465e+03
3.961452217649748491e+03
3.998636793171772752e+03
4.032973022405121355e+03
4.126890413046791764e+03
4.012254229538179970e+03
3.743300106691053315e+03
3.851147081237616021e+03
3.852551745160798873e+03
3.860082304526748885e+03
3.991262307575064824e+03
3.960164609053497770e+03
3.977878981862520959e+03
4.145541228471269278e+03
4.029071178174058787e+03
3.871046486816034303e+03
3.976825483920134047e+03
4.014478280749885471e+03
4.024076817558298899e+03
4.075620179850632667e+03
3.863437890565462567e+03
3.943971955494589110e+03
3.982366102728242822e+03
3.945883859167809987e+03
4.010342325864959548e+03
3.954116750495351425e+03
4.235985977747294783e+03
4.051272671848803384e+03
3.978425240054869846e+03
4.035158055174515994e+03
3.726327084285931960e+03
3.759453741807651113e+03
3.456397500381039663e+03
3.325334552659655401e+03
3.450700807803688349e+03
3.301689376619417999e+03
3.379804298125285641e+03
3.327597622313671764e+03
3.336962048468221383e+03
3.168363359244017829e+03
3.101719859777472720e+03
2.997306508154244966e+03
2.685588172534674413e+03
2.715203170248437800e+03
2.837760097546105953e+03
2.773691815272062286e+03
3.158725803993293539e+03
2.761205913732662793e+03
2.770804450541076221e+03
2.934603871361072834e+03
2.875647005029721186e+03
2.758162475232434190e+03
2.858673982624599830e+03
2.804945587562871424e+03
2.758513641213229675e+03
2.755314128943758533e+03
2.636932174973327164e+03
2.685900320073159492e+03
2.553705837524767503e+03
2.749539399481786404e+03
2.526627038561195150e+03
2.518667276329827928e+03
2.423111111111111313e+03
2.406021033379058281e+03
2.252873647309861099e+03
2.260597927145252470e+03
2.247762231367169534e+03
2.100116445663770719e+03
2.181508916323731228e+03
2.052162627648224316e+03
1.911579332418838703e+03
2.138119036732205586e+03
2.111743941472336701e+03
2.160907178783721974e+03
1.944120713305898562e+03
2.042211248285322426e+03
1.959727023319615910e+03
1.974906264288980310e+03
1.905882487425697263e+03
2.023874256973022511e+03
2.024966773357719831e+03
2.237102880658436334e+03
2.181658283798201410e+03
2.181658283798201410e+03
5.140037433318091644e+04
5.259851364121322695e+04
5.429464532845602662e+04
5.528345069349184632e+04
5.626414022252705035e+04
5.782589239445206476e+04
5.884641975308641850e+04
5.996921444901691575e+04
6.105119585429050494e+04
6.172465416857186210e+04
6.195565081542448024e+04
5.830632662703856477e+04
5.517171574455113296e+04
4.730108108520042879e+04
2.593944535893918510e+04
1.433706508154244693e+04
1.203423502514860593e+04
7.170040085352842652e+03
4.371215363511660144e+03
7.170547020271300426e+03
4.229893918609967841e+03
2.264608139003200904e+03
2.115209571711629451e+03
2.256842554488644964e+03
2.812222527053802878e+03
2.591266270385611733e+03
2.408155006858710749e+03
2.853385002286237068e+03
9.170329065691204960e+03
6.310128943758573769e+03
5.093591982929431651e+03
1.742856820606614929e+04
2.296375308641975425e+04
2.736164700502972119e+04
3.290373891175125755e+04
3.459071315348269854e+04
3.771284148757811636e+04
4.101526901386983809e+04
4.412022831885383493e+04
4.663711156835847942e+04
4.942696235329980118e+04
4.989341914342325617e+04
5.590719524462734262e+04
5.821806279530559550e+04
5.889502149062643002e+04
5.846793019356805598e+04
6.052042021033378842e+04
6.134388766956256586e+04
6.108621551592744800e+04
6.131208611492150521e+04
6.150416628562719416e+04
6.167568632830361457e+04
6.152304602956866438e+04
6.142819204389574588e+04
6.108412741960067069e+04
6.093094101508916356e+04
6.092422984301173710e+04
6.076764883401920088e+04
6.068383721993598738e+04
6.060154732510288159e+04
6.053942996494437102e+04
6.038429263831733260e+04
6.031519097698521364e+04
6.031491784788903897e+04
6.041453193110806023e+04
6.038081999695168633e+04
6.006535589087029075e+04
6.010940771223898628e+04
5.981267245846669539e+04
5.992734766041761759e+04
5.961360036579789448e+04
5.952565279682975233e+04
5.946014083219021268e+04
5.952869623532998230e+04
5.924429080932784564e+04
5.921366133211401029e+04
5.916036213991769910e+04
5.881083493369913049e+04
5.882550586800792371e+04
5.888278494131992193e+04
5.842704953513183864e+04
5.853719859777473175e+04
5.847024295076970157e+04
5.831389605243103142e+04
5.827561896052431257e+04
5.825669501600365766e+04
5.825369059594574355e+04
5.797849352232891397e+04
5.785230787989635428e+04
5.814841883859167865e+04
5.806807986587410414e+04
5.796066209419295774e+04
5.792464807194025343e+04
5.772050358177107410e+04
5.790186130163085181e+04
5.773716445663770719e+04
5.770321841182746721e+04
5.753469775948788447e+04
5.781890809327846364e+04
5.745096418228928815e+04
5.745705105928974081e+04
5.756751226947111718e+04
5.743192318244170019e+04
5.735712482853223628e+04
5.725415515927450178e+04
5.741241396128638735e+04
5.711591281816796254e+04
5.709698887364730763e+04
5.710947477518671076e+04
5.738966620941929432e+04
5.749938606919677113e+04
5.744140466392318194e+04
5.769607803688462445e+04
5.780029629629629926e+04
5.771816247523243510e+04
5.775538606919677113e+04
5.771874775186709303e+04
5.776221429660113063e+04
5.776244840725498943e+04
5.784727450083828444e+04
5.765206523395823751e+04
5.779924279835390917e+04
5.771597744246303773e+04
5.774727023319616274e+04
5.749973723517756298e+04
5.758187105624142714e+04
5.736188507849413145e+04
5.748896814509983233e+04
5.725204816338972887e+04
5.718286846517299273e+04
5.722781771071482945e+04
5.719476909007773065e+04
5.708200579180003115e+04
5.711388385916780680e+04
5.730257704618198477e+04
5.722227709190671885e+04
5.717295778082609468e+04
5.734038591678097873e+04
5.738100411522633658e+04
5.758846517299192055e+04
5.740320560890108027e+04
5.750687761012040573e+04
5.744944246303917316e+04
5.774044200579180324e+04
5.735525194330132945e+04
5.722797378448407107e+04
5.735127206218564243e+04
5.739575308641975425e+04
5.739259259259259125e+04
5.738494497789970774e+04
5.739282670324645733e+04
5.735478372199359728e+04
5.739899161713153444e+04
5.710307575064776756e+04
5.712562841030331037e+04
5.702351714677640848e+04
5.701700106691053224e+04
5.696814997713763296e+04
5.705258588629782025e+04
5.716749519890260854e+04
5.704466514250876207e+04
5.703202316720012459e+04
5.718251729919219360e+04
5.710050053345526248e+04
5.710705563176344731e+04
5.708052309099222475e+04
5.681543179393385071e+04
5.688632830361225206e+04
5.697899710409998806e+04
5.676275689681451331e+04
5.694306111873190093e+04
5.677333089468068647e+04
5.674601798506325576e+04
5.656793781435756682e+04
5.637506965401615889e+04
5.646918213686937816e+04
5.635407773205303965e+04
5.616273129096174671e+04
5.614568023167199863e+04
5.611235848193873244e+04
5.602616674287456408e+04
5.593299070263679459e+04
5.603646761164456984e+04
5.609870202713001345e+04
5.581183843926230475e+04
5.594949550373418606e+04
5.607821734491693496e+04
5.594110653863740299e+04
5.593404420057917741e+04
5.576724035970126715e+04
5.554190885535741836e+04
5.536593568053650233e+04
5.565443804298125178e+04
5.555837463801250124e+04
5.566555829903978156e+04
5.555088309708885936e+04
5.534377320530406723e+04
5.530061880810852017e+04
5.510985764365188516e+04
5.523272671848803293e+04
5.512647950007620966e+04
5.511731016613321117e+04
5.499978661789361649e+04
5.482026276482243702e+04
5.487520073159579624e+04
5.524778783721993386e+04
5.472330193568053801e+04
5.463863191586648463e+04
5.481874104557232204e+04
5.476637829599146789e+04
5.475763816491388570e+04
5.480071452522481559e+04
5.500903398872123216e+04
5.490895168419448601e+04
5.494231245237006806e+04
5.485694010059442371e+04
5.472876451760402415e+04
5.474546441091297311e+04
5.454307575064776756e+04
5.484581984453589394e+04
5.469275049535131984e+04
5.465002530102118908e+04
5.451556774881877936e+04
5.487847828074988502e+04
5.465498064319463447e+04
5.455064532845602662e+04
5.470390976985215821e+04
5.483641639993903664e+04
5.478857978966621158e+04
5.463738332571254432e+04
5.416725011431184248e+04
5.444353970431336347e+04
5.453316506630086951e+04
5.455244017680231627e+04
5.458529370522786485e+04
5.458240634049687651e+04
5.441478311233043496e+04
5.455427404359091452e+04
5.439667855509831134e+04
5.441681207133059070e+04
5.433463923182441795e+04
5.418367687852461677e+04
5.388303978052126331e+04
5.397840085352842289e+04
5.388401524157902895e+04
5.418160890108215244e+04
5.406865051059289544e+04
5.405265294924554473e+04
5.393961652187166328e+04
5.396852918762384070e+04
5.380707087334247626e+04
5.386146258192348614e+04
5.381331382411217783e+04
5.371877213839353499e+04
5.377191525682060455e+04
5.351470568510898011e+04
5.372657582685566013e+04
5.365864471879286430e+04
5.362766407559822983e+04
5.364678311233043496e+04
5.366929675354366918e+04
5.358809937509526208e+04
5.365684987044657464e+04
5.362945892394451948e+04
5.355743087943911087e+04
5.345738759335467330e+04
5.350978936137783603e+04
5.348181313824112294e+04
5.363004420057917741e+04
5.351490077732053032e+04
5.365431367169638543e+04
5.361482700807803485e+04
5.354506203322664078e+04
5.367737357110196899e+04
5.356515653101661155e+04
5.351985611949398299e+04
5.353027404359091452e+04
5.355961591220850823e+04
5.330638622161255626e+04
5.306618869074836402e+04
5.315335589087029075e+04
5.313759244017679885e+04
5.310797744246303773e+04
5.315429233348574780e+04
5.298542051516537322e+04
5.313845084590763872e+04
5.293137997256515519e+04
5.319651028806584509e+04
5.309763755525072338e+04
5.309908123761621391e+04
5.312678433165675960e+04
5.299025880201188556e+04
5.310099314128943661e+04
5.307032464563328540e+04
5.331949641822892590e+04
5.309385276634659385e+04
5.313392470659960236e+04
5.311488370675202168e+04
5.297281755829903705e+04
5.290149184575521940e+04
5.299872580399329308e+04
5.272645511354976043e+04
5.278256363359244278e+04
5.278291479957323463e+04
5.264498460600517865e+04
5.331032708428593469e+04
5.319190611187319155e+04
5.324582959914646926e+04
5.375544947416552168e+04
5.367253528425544937e+04
5.378112360920591163e+04
5.385003017832647311e+04
5.390980643194635195e+04
5.398554122847127292e+04
5.394543026977594855e+04
5.403552385307117947e+04
5.419647492760250316e+04
5.401800457247370650e+04
5.424025361987501674e+04
5.431302301478433219e+04
5.407637616217040340e+04
5.402986617893613584e+04
5.385779484834628965e+04
5.361221277244322846e+04
5.366945282731291081e+04
5.382349763755525055e+04
5.350179058070416067e+04
5.355680658436213707e+04
5.355173418686175864e+04
5.337486358786770143e+04
5.336620149367474369e+04
5.364256912056088913e+04
5.351205243103185785e+04
5.347962810547172558e+04
5.346327937814357574e+04
5.348942173449169059e+04
5.365372839506172750e+04
5.339694802621551935e+04
5.354810547172687075e+04
5.346889803383630351e+04
5.323962566681908356e+04
5.322351105014479253e+04
5.345617802164304157e+04
5.297597805212620005e+04
5.318874561804602854e+04
5.315799908550526015e+04
5.316646608748666040e+04
5.312264837677183095e+04
5.338750556317634619e+04
5.324969242493522324e+04
5.316943148910227319e+04
5.336151928059747297e+04
5.321040085352842289e+04
5.328363846974546323e+04
5.333428440786465217e+04
5.335937326627038419e+04
5.357050205761317193e+04
5.364467611644566205e+04
5.367195000762079144e+04
5.374042737387593661e+04
5.354342325864959275e+04
5.391027465325407684e+04
5.390727023319616274e+04
5.385810699588477291e+04
5.392900350556317426e+04
5.393501234567900974e+04
5.386345252248132601e+04
5.379723822588020266e+04
5.399170614235635003e+04
5.368174363664075645e+04
5.355298277701569896e+04
5.369079591525682190e+04
5.361966529492455447e+04
5.366161012040847709e+04
5.360452613930802909e+04
5.342882609358329501e+04
5.343565432098765450e+04
5.352512360920591163e+04
5.341684743179393263e+04
5.346117238225880283e+04
5.359605913732662884e+04
5.354978326474622736e+04
5.357448193872885167e+04
5.357744734034445719e+04
5.341555982319768373e+04
5.354084804145709495e+04
5.371194391098917549e+04
5.363219021490626619e+04
5.374350983081847517e+04
5.356070842859319964e+04
5.363749672306051070e+04
5.368076817558299081e+04
4.555416308489559742e+04
4.728701112635269237e+04
4.810760798658741260e+04
4.916106691053193208e+04
5.060927541533303156e+04
5.193258588629782025e+04
5.330658131382411375e+04
5.422843103185490327e+04
5.528524554183813598e+04
5.642630086877000576e+04
5.742064685261392879e+04
5.819297789971040766e+04
5.899746014327084413e+04
5.949966651425087912e+04
5.992118274653254048e+04
6.043232434080170788e+04
6.106059929888736224e+04
6.116996905959457217e+04
6.125557552202408260e+04
6.126337814357567549e+04
6.129959091601889668e+04
6.135737722908093565e+04
6.110809663161103526e+04
6.140072930955646734e+04
6.033663511659808137e+04
6.117922283188538131e+04
6.118023639689071570e+04
6.136186465477823367e+04
6.089122923334857478e+04
6.119045922877610428e+04
6.121398536808413337e+04
6.107047340344459371e+04
6.115951211705532478e+04
6.102142630696540436e+04
6.086219051973784372e+04
6.079554702027129679e+04
6.078938210638621968e+04
6.039151105014479253e+04
6.023399359853680653e+04
6.003983782959914970e+04
5.993323944520652003e+04
5.978110653863740299e+04
5.945108855357414723e+04
5.941386495960981847e+04
5.938432799878067453e+04
5.887946837372351729e+04
5.884267398262459756e+04
5.872936442615454871e+04
5.863958299039780832e+04
5.864227526291723916e+04
5.852088888888889051e+04
5.805664746227709111e+04
5.803054412437128485e+04
5.806815790275872860e+04
5.769139582380734646e+04
5.767883188538332615e+04
5.740265935070873093e+04
5.735142813595488406e+04
5.711759061118731915e+04
5.696448224356043647e+04
5.688117786922724918e+04
5.683790641670476907e+04
5.664503825636336114e+04
5.656029019966468331e+04
5.655365706447188131e+04
5.675565554031397915e+04
5.642879804907788639e+04
5.633097881420515478e+04
5.630858222831885359e+04
5.618540100594421529e+04
5.597415515927450178e+04
5.575237433318091644e+04
5.570153330285017728e+04
5.563375826855662308e+04
5.536960341411369882e+04
5.523549702789208823e+04
5.525207986587410414e+04
5.488163877457704803e+04
5.528692333485749259e+04
5.496560646242951043e+04
5.483914769090077607e+04
5.483528486511202209e+04
5.454249047401310963e+04
5.458424020728547475e+04
5.440955464106081490e+04
5.445544032921810867e+04
5.441088126809937239e+04
5.440440420667581202e+04
5.431165736930345884e+04
5.425781191891479830e+04
5.426862002743484481e+04
5.424435055631763680e+04
5.408051211705532478e+04
5.404496631611035264e+04
5.399720774272214476e+04
5.404079134278311540e+04
5.403361194939795678e+04
5.386914921505867824e+04
5.370234537418076798e+04
5.379622374638012843e+04
5.369161530254534591e+04
5.372462490474012884e+04
5.351673464410912857e+04
5.357350647767108603e+04
5.364857796067672462e+04
5.366933577198597777e+04
5.337193720469440450e+04
5.347338515470202401e+04
5.348450541076055379e+04
5.348977290047248971e+04
5.335617375400091260e+04
5.352871330589849094e+04
5.354119920743789407e+04
5.345582685566224973e+04
5.342550952598689037e+04
5.352243133668648079e+04
5.343713702179546090e+04
5.353725834476451564e+04
5.364409083981100412e+04
5.356527358634354459e+04
5.341883737235177250e+04
5.331711629324797832e+04
5.338122359396433603e+04
5.333994208199969580e+04
5.341731565310166479e+04
5.332312513336381380e+04
5.316537357110196899e+04
5.282376710867245856e+04
5.326666544734034687e+04
5.291932327389117563e+04
5.298791769547325384e+04
5.265809480262154830e+04
5.272403597012650425e+04
5.277507209266880091e+04
5.290316963877457601e+04
5.268884133516232396e+04
5.276960951074531476e+04
5.271455448864502250e+04
5.244614662399024382e+04
5.255984636488340038e+04
5.278576314586191438e+04
5.254884316415180365e+04
5.244368846212467906e+04
5.229471604938271776e+04
5.223365218716659001e+04
5.221753757049230626e+04
5.212030361225423258e+04
5.213169699740892975e+04
5.226514007011126523e+04
5.219865264441395993e+04
5.211277305288828211e+04
5.203758451455571048e+04
5.215924401768023381e+04
5.204144734034445719e+04
5.212642950769699382e+04
5.214991860996799369e+04
5.208627953055936814e+04
5.199622496570644580e+04
5.206294650205760991e+04
5.223002347203170211e+04
5.229276512726718647e+04
5.200340435909160442e+04
5.227895259868922585e+04
5.220274958085658000e+04
5.230638256363358960e+04
5.224079256210943277e+04
5.254049321749732917e+04
5.237388446883096913e+04
5.236276421277244663e+04
5.225362962962962774e+04
5.226037982014937006e+04
5.251407773205303965e+04
5.206844810242341191e+04
5.235031732967535208e+04
5.217044231062338076e+04
5.196192775491540669e+04
5.213345282731291081e+04
5.205572809023014997e+04
5.192314342325864709e+04
5.202498155768937431e+04
5.189341137021795294e+04
5.178447187928669155e+04
5.182747020271300426e+04
5.198397317482090875e+04
5.193867276329828019e+04
5.197854961133973120e+04
5.189766438042981463e+04
5.175985124218869169e+04
5.184947660417619045e+04
5.179617741197987925e+04
5.186594238683127332e+04
5.198327084285931778e+04
5.181022405121170596e+04
5.164474683737235318e+04
5.177140070111263776e+04
5.195806492912665999e+04
5.206310257582685881e+04
5.191003322664227744e+04
5.203855997561347613e+04
5.180682944673068414e+04
5.185080323121475521e+04
5.205479164761469292e+04
5.175118914799573395e+04
5.173686937966773257e+04
5.172688065843621735e+04
5.168774516079865862e+04
5.137579271452522516e+04
5.162398902606310003e+04
5.161380521262002731e+04
5.174592165828379802e+04
5.181798872123152250e+04
5.182610455723213090e+04
5.181303337905806984e+04
5.171470690443529747e+04
5.195560676726108795e+04
5.175567626886145445e+04
5.174432190214906586e+04
5.167069410150891781e+04
5.182867977442462870e+04
5.182111019661636965e+04
5.178747629934461293e+04
5.196809266880049108e+04
5.191576893766193825e+04
5.187218533760097489e+04
5.195763572626124369e+04
5.183105989940557629e+04
5.185891906721536361e+04
5.152812071330589970e+04
5.173296753543667000e+04
5.166300746837372571e+04
5.183699070263679459e+04
5.190714586191129638e+04
5.183422039323273930e+04
5.171888187776253471e+04
5.181568663313519210e+04
5.199813686937966850e+04
5.183613229690596199e+04
5.174237098003353458e+04
5.172972900472488982e+04
5.187187319006249163e+04
5.181794970278920664e+04
5.161286877000457025e+04
5.173066544734034687e+04
5.158934064929126907e+04
5.182419265355890821e+04
5.183277671086724877e+04
5.159012101813747722e+04
5.173390397805212706e+04
5.185642188690748299e+04
5.167408870598993963e+04
5.167428379820149712e+04
5.145987745770462061e+04
5.146132114007011114e+04
5.162999786617893551e+04
5.131898186252095911e+04
5.141781557689376496e+04
5.146030666057003691e+04
5.148582472184118524e+04
5.156323731138546282e+04
5.169348087181831943e+04
5.179773814967230282e+04
5.191362292333485675e+04
5.190371223898795870e+04
5.189169455875628773e+04
5.197913488797439641e+04
5.199470324645633082e+04
5.207215485444291699e+04
5.168044871208657423e+04
5.184015119646395033e+04
5.189586953208352497e+04
5.204136930345984001e+04
5.224188507849413145e+04
5.183589818625209591e+04
5.194491571406797448e+04
5.193004968754763104e+04
5.182126627038561128e+04
5.190402438652644196e+04
5.173718152720621583e+04
5.181053619875018921e+04
5.186594238683127332e+04
5.169500259106843441e+04
5.200262399024538900e+04
5.178318427069044264e+04
5.199013808870599314e+04
5.188291540923639695e+04
5.181318945282731147e+04
5.189680597469898203e+04
5.176859137326627388e+04
5.210988568815729377e+04
5.191580795610425412e+04
5.154977594878829404e+04
5.179270477061423298e+04
5.163112940100594278e+04
5.155886724584666808e+04
5.143537387593354651e+04
5.182114921505867824e+04
5.154478158817253279e+04
5.144454320987654501e+04
5.135878067367779295e+04
5.152652095717116026e+04
5.142464380429812445e+04
5.140291053193110565e+04
5.134477305288828211e+04
5.132210333790580626e+04
5.125222130772747914e+04
5.146050175278158713e+04
5.168368724279835442e+04
5.184736960829141753e+04
5.181783264746227360e+04
5.194546197226032382e+04
5.190901874714220321e+04
5.202014327084286197e+04
5.200609663161103526e+04
5.208245572321292275e+04
5.205151409846060415e+04
5.209322481329065340e+04
5.212420545648529514e+04
5.215467885992988886e+04
5.216888157293095719e+04
5.233470995275110181e+04
5.230677274805669731e+04
5.230470477061423298e+04
5.207941228471269278e+04
5.213126779454351345e+04
5.286801402225270431e+04
5.211612863892699534e+04
5.202385002286236704e+04
5.205490870294162596e+04
5.194741289437585510e+04
5.205881054717268853e+04
5.203867703094040189e+04
5.204253985672915587e+04
5.213321871665904473e+04
5.244111324493217398e+04
5.215268891937204899e+04
5.207917817405883397e+04
5.212494680688919470e+04
5.209521475384850055e+04
5.210329157140680036e+04
5.204113519280597393e+04
5.195084651729919278e+04
5.196852187166590738e+04
5.194698369151043880e+04
5.189146044810242165e+04
5.174962841030331037e+04
5.192856698673982464e+04
5.198549489407102374e+04
5.178895900015241932e+04
5.194358908702941699e+04
5.181463313519280928e+04
5.161536595031245088e+04
5.185119341563786293e+04
5.164658070416095143e+04
5.187366803840878129e+04
5.168739399481785949e+04
5.188568571864045225e+04
5.203458009449778910e+04
5.228476634659350384e+04
5.214426093583295005e+04
5.218745435147081298e+04
5.204433470507544553e+04
5.218171864045115217e+04
5.238785307117817138e+04
5.209033744855967234e+04
5.219038073464410991e+04
5.214086633135192824e+04
5.214457308337144059e+04
5.216337997256515519e+04
5.211355342173449026e+04
5.219330711781740683e+04
5.215065996037189325e+04
5.212451760402377840e+04
5.192825483920134138e+04
5.182704099984758068e+04
5.195783081847279391e+04
5.195904039018442563e+04
5.190148818777625274e+04
5.176866941015089105e+04
5.187503368388964736e+04
5.193933607681755529e+04
5.194031153787532094e+04
5.190663862216125563e+04
5.178232586495961004e+04
5.184908641975309001e+04
5.174837982014937006e+04
5.190445358939185826e+04
5.181787166590458946e+04
5.171279500076208205e+04
5.179383630544124026e+04
5.170530345983844018e+04
5.172613930803231051e+04
5.184038530711781641e+04
5.184038530711781641e+04
4.520288004877305502e+04
4.614622892851699726e+04
4.726036153025453677e+04
4.840976680384088104e+04
4.967209144947416644e+04
5.101541838134430873e+04
5.226209663161103526e+04
5.337576101204084989e+04
5.463047706142356037e+04
5.547073921658283507e+04
5.639278402682518208e+04
5.736785490016765834e+04
5.788336655997561320e+04
5.855506904435299657e+04
5.894513641213229857e+04
5.938405486968449986e+04
5.964887303764669923e+04
5.995965493065081682e+04
6.014366727632982656e+04
6.037414784331656847e+04
6.034671787837219745e+04
6.040867916476146638e+04
6.026852766346593853e+04
6.045202865416857094e+04
6.053170431336686306e+04
6.046829934461210360e+04
6.023742722146014421e+04
6.016422862368541246e+04
6.028705868007925892e+04
6.019485810089925508e+04
6.005564029873495019e+04
5.986643987197073875e+04
5.979925011431184248e+04
5.954239170858100988e+04
5.950239780521261855e+04
5.926500960219479020e+04
5.920987654320987349e+04
5.916282030178326386e+04
5.904412620027434605e+04
5.867731382411217783e+04
5.876249108367627196e+04
5.857157384545038803e+04
5.813901539399482135e+04
5.809004724889498902e+04
5.773033622923334769e+04
5.726121749733272009e+04
5.712075110501448216e+04
5.725079957323578856e+04
5.715727236701721995e+04
5.684165218716659001e+04
5.678718244170096295e+04
5.679787349489406915e+04
5.645349672306051070e+04
5.613241396128638735e+04
5.604423228166437912e+04
5.596756104252400837e+04
5.585565614997713419e+04
5.576060722450845788e+04
5.545197134583142906e+04
5.535305959457399877e+04
5.534779210486206284e+04
5.516440542600213666e+04
5.519792226794696035e+04
5.518910409998476098e+04
5.501765706447188131e+04
5.507345343697607314e+04
5.470379271452522516e+04
5.468834141137021652e+04
5.434798353909465368e+04
5.447190611187319155e+04
5.411699436061576125e+04
5.419187075140984962e+04
5.395417040085353074e+04
5.378709343087943853e+04
5.370453040695015807e+04
5.353093735711019690e+04
5.349695229385764105e+04
5.326424630391708342e+04
5.332753421734491712e+04
5.306064807194025343e+04
5.320954244779759028e+04
5.304773296753543400e+04
5.294581679622008960e+04
5.274034567901234550e+04
5.289208840115836210e+04
5.263483981100442179e+04
5.260467855509831134e+04
5.255013077274805983e+04
5.241828745618046378e+04
5.224293857643652154e+04
5.228328364578570472e+04
5.215046486816034303e+04
5.208268983386678883e+04
5.196013290656911704e+04
5.176628928516994347e+04
5.180296662094193016e+04
5.198264654778235126e+04
5.202474744703551551e+04
5.197242371589696995e+04
5.177303947568967851e+04
5.197406249047401070e+04
5.173468434689833521e+04
5.168158024691358150e+04
5.148086937966773257e+04
5.144867916476146638e+04
5.142265386374028458e+04
5.130715927450083836e+04
5.133536960829141753e+04
5.135078189300411759e+04
5.165750586800792371e+04
5.165075567748818867e+04
5.149702301478433219e+04
5.149596951684194210e+04
5.158781893004115409e+04
5.150455357415028266e+04
5.176515775034293620e+04
5.154973693034598546e+04
5.156639780521261855e+04
5.136709160188995884e+04
5.136400914494741301e+04
5.138812254229537939e+04
5.132947782350251509e+04
5.142991129401006037e+04
5.136869135802469100e+04
5.144520652339582739e+04
5.125959579332418798e+04
5.137813382106386416e+04
5.145648285322359152e+04
5.124359823197682999e+04
5.126236610272824328e+04
5.124336412132297119e+04
5.111862216125590930e+04
5.138640573083371419e+04
5.139280475537265738e+04
5.127020880963267700e+04
5.134044200579180324e+04
5.127325224813290697e+04
5.122229416247523477e+04
5.124902179545800755e+04
5.113005456485292234e+04
5.113341015089163557e+04
5.091034171620180132e+04
5.102205151653711073e+04
5.076062795305593318e+04
5.078380490778844978e+04
5.082056028044505365e+04
5.079184270690443373e+04
5.059300472488949890e+04
5.058715195854290505e+04
5.065184453589392069e+04
5.065422466087486828e+04
5.070479256210943277e+04
5.058008962048467947e+04
5.061068007925621350e+04
5.070299771376314311e+04
5.078571681146166520e+04
5.082180887059899396e+04
5.090062612406645349e+04
5.100398597774729569e+04
5.085185307117817138e+04
5.089430513641213474e+04
5.081798506325255585e+04
5.092337387593354651e+04
5.083214875781130831e+04
5.082028715134887898e+04
5.089719250114311581e+04
5.096231428135954775e+04
5.067798689224203554e+04
5.075500929736320541e+04
5.091931595793324232e+04
5.085770583752476523e+04
5.083093918609967659e+04
5.059811614083219320e+04
5.066694467306813021e+04
5.078649718030788063e+04
5.060904130467916548e+04
5.044512482853223628e+04
5.046763846974546323e+04
5.029829843011736375e+04
5.023653223593964503e+04
5.023860021338210936e+04
5.021362841030331037e+04
5.025167139155616314e+04
5.024476512726718647e+04
5.049588782197835826e+04
5.018022862368541246e+04
5.046045907636031188e+04
5.015381313824112294e+04
5.026048955951836251e+04
5.007721993598536937e+04
5.011935985368084221e+04
5.019310470964791602e+04
5.017336137783874437e+04
5.024499923792104528e+04
5.029486480719402607e+04
5.017012284712696419e+04
5.017613168724279967e+04
5.001326870903825329e+04
5.004366407559822983e+04
4.991404481024233974e+04
5.019368998628258123e+04
5.001205913732662884e+04
4.989114098460600508e+04
4.984876695625666616e+04
4.979995488492607547e+04
4.974138820301783562e+04
5.001135680536503787e+04
5.016766468526139215e+04
5.033649748513945815e+04
5.035542142966011306e+04
5.039553238835543016e+04
5.049686328303612390e+04
5.077557201646090834e+04
5.053841792409693880e+04
5.060147172687090642e+04
5.077268465172992001e+04
5.081435634811766795e+04
5.051945496113397530e+04
5.068239597622313886e+04
5.081025941167504789e+04
5.073093491845755489e+04
5.099021246761164366e+04
5.081439536655997654e+04
5.092696357262612582e+04
5.089734857491235744e+04
5.104113153482700727e+04
5.110449748513945815e+04
5.110418533760097489e+04
5.115526047858558013e+04
5.099945983843925933e+04
5.128226550830666383e+04
5.124231062338058109e+04
5.114679347660417261e+04
5.114757384545038803e+04
5.121433440024386800e+04
5.107386800792562281e+04
5.117199939033683768e+04
5.124777320530406723e+04
5.113395640908397763e+04
5.114152598689224396e+04
5.123782350251486059e+04
5.107016125590611045e+04
5.102821643042219512e+04
5.108358360006096336e+04
5.108412985825331270e+04
5.103418625209571474e+04
5.105868983386678883e+04
5.118448529187624081e+04
5.115498734948940546e+04
5.113606340496875782e+04
5.082676421277244663e+04
5.076371040999847901e+04
5.084424447492760373e+04
5.084194238683127332e+04
5.097714128943758260e+04
5.121351501295534399e+04
5.106649352232891397e+04
5.115627495808565436e+04
5.103165005334552552e+04
5.110363907940862555e+04
5.107359487882944813e+04
5.126537052278615738e+04
5.131586038713610469e+04
5.104347264136564627e+04
5.134914311842706957e+04
5.111932449321750028e+04
5.117949093126047956e+04
5.112732327389117563e+04
5.117118000304831367e+04
5.118499253162627429e+04
5.118269044352995115e+04
5.132518579484834481e+04
5.109556226185032574e+04
5.123349245541838172e+04
5.108822679469593277e+04
5.106372321292485867e+04
5.099704069501600316e+04
5.096894741655235703e+04
5.100020118884316616e+04
5.100117664990093181e+04
5.093320652339582739e+04
5.116204968754763104e+04
5.120582837982015189e+04
5.102673372961438872e+04
5.087998536808413337e+04
5.094253193110806023e+04
5.095306691053193208e+04
5.092489559518366150e+04
5.087530315500685538e+04
5.080183142813595623e+04
5.091350221002895705e+04
5.088529187623837788e+04
5.106341106538637541e+04
5.094046395366560319e+04
5.089496844993140985e+04
5.107995488492607547e+04
5.106270873342478444e+04
5.095583721993598738e+04
5.097288827922572818e+04
5.088478463648833713e+04
5.088107788446883205e+04
5.083324127419600700e+04
5.074459137326627388e+04
5.056658923944520939e+04
5.115709434537417837e+04
5.147708459076360305e+04
5.138148940710257739e+04
5.174896509678402799e+04
5.185302728242646117e+04
5.192954244779759028e+04
5.211039292790733452e+04
5.226240877914951852e+04
5.231879042828836828e+04
5.234770309404054569e+04
5.226315012955342536e+04
5.227547995732357958e+04
5.220540283493370225e+04
5.237969821673525439e+04
5.247989757658893359e+04
5.229459899405578471e+04
5.230326108824874245e+04
5.259550922115531284e+04
5.241926291723822942e+04
5.262504618198445678e+04
5.274428654168571666e+04
5.264084865112025727e+04
5.258766651425087912e+04
5.271986099679926701e+04
5.264954976375552360e+04
5.279867825026672654e+04
5.287324249352233164e+04
5.286731169029111334e+04
5.288209967992683960e+04
5.295927815881725110e+04
5.269266514250876207e+04
5.296704282883706765e+04
5.284846578265508288e+04
5.268638317329675192e+04
5.287129157140680036e+04
5.256140710257582396e+04
5.257397104099984426e+04
5.247782959914646926e+04
5.248305807041609660e+04
5.238875049535131984e+04
5.246850419143422914e+04
5.247985855814662500e+04
5.230919189147996076e+04
5.226260387136107602e+04
5.236928029263831559e+04
5.227922572778540052e+04
5.237341624752324424e+04
5.234742996494437102e+04
5.184030727023319923e+04
5.229292120103642810e+04
5.232511141594269429e+04
5.249609023014784179e+04
5.251419478737997269e+04
5.262258802011888474e+04
5.275622618503277045e+04
5.259336320682822407e+04
5.259184148757811636e+04
5.248840359701264970e+04
5.256386526444139599e+04
5.237404054260021076e+04
5.252215454961133946e+04
5.247275720164609083e+04
5.243760158512421913e+04
5.245437951531778526e+04
5.259866971498246858e+04
5.260370309404054569e+04
5.257174698978814558e+04
5.246881633897271968e+04
5.261349672306051070e+04
5.253729370522786485e+04
5.247583965858862939e+04
5.254271726870903512e+04
5.251680902301478636e+04
5.244614662399024382e+04
5.250256729157140944e+04
5.252250571559213859e+04
5.256023654930650810e+04
5.261486236854138406e+04
5.249999207437890436e+04
5.236639292790733452e+04
5.259468983386678883e+04
5.221004602956866438e+04
5.222842371589696995e+04
5.236967047706142330e+04
5.239690534979423683e+04
5.246343179393385071e+04
5.212865355890869978e+04
5.209076665142508864e+04
5.209076665142508864e+04
4.500731961591220897e+04
4.590330010669105104e+04
4.720760859625057492e+04
4.851094162475232588e+04
4.988751226947111718e+04
5.137130559365950467e+04
5.248703795153177634e+04
5.346511324493217398e+04
5.466446212467611622e+04
5.576513336381649424e+04
5.652786587410455832e+04
5.741787654320987349e+04
5.777981161408322077e+04
5.854246608748666040e+04
5.899297302240512363e+04
5.933590611187319155e+04
5.956381283340953814e+04
5.986452796829751605e+04
5.997557445511355036e+04
6.002981008992531861e+04
6.005244078646547860e+04
6.020391037951532053e+04
6.005649870446578279e+04
6.023387654320987349e+04
6.014998689224203554e+04
6.017905563176344731e+04
6.012759030635574163e+04
5.988622222222221899e+04
5.974236122542295197e+04
5.967798079561042687e+04
5.942943331809175288e+04
5.921393446121018496e+04
5.892980216430422297e+04
5.887252309099222475e+04
5.888020972412741685e+04
5.856892059137326578e+04
5.855690291114159481e+04
5.825696814509983233e+04
5.804630757506477676e+04
5.801751196463953966e+04
5.773068739521414682e+04
5.765631824417009921e+04
5.739029050449626811e+04
5.733667916476146638e+04
5.710861636945587816e+04
5.685655723212924931e+04
5.695823929279073491e+04
5.643461179698216438e+04
5.644971193415638118e+04
5.617170553269318771e+04
5.601965066300868784e+04
5.584640877914951852e+04
5.577808748666361498e+04
5.567234750800183247e+04
5.542220027434841904e+04
5.506014814814814599e+04
5.506299649443682574e+04
5.492892912665752374e+04
5.495881725346745952e+04
5.495647614692882053e+04
5.480730864197530900e+04
5.467796250571559358e+04
5.482572534674592316e+04
5.469567687852461677e+04
5.460566133211401029e+04
5.441770949550373189e+04
5.442508398110044072e+04
5.418453528425544937e+04
5.417727785398567357e+04
5.376020972412741685e+04
5.378451821368694073e+04
5.383582746532540477e+04
5.364799268404206668e+04
5.349734247828074876e+04
5.336725499161713378e+04
5.320833287608596584e+04
5.306689102270995500e+04
5.306501813747904089e+04
5.299806249047401070e+04
5.313314433775339421e+04
5.281686084438347461e+04
5.283523853071178019e+04
5.264482853223593702e+04
5.287624691358024575e+04
5.278283676268861745e+04
5.263749306508154405e+04
5.267159518366102566e+04
5.250623502514860593e+04
5.244567840268251894e+04
5.264119981710104912e+04
5.221605486968449986e+04
5.231652735863435373e+04
5.235394604481023998e+04
5.217114464258497173e+04
5.210223807346441026e+04
5.199017710714830173e+04
5.214078829446730379e+04
5.208300198140527209e+04
5.199544459686023765e+04
5.188432007315957890e+04
5.167744429202865285e+04
5.157100198140527209e+04
5.146569120560889860e+04
5.129361987501905242e+04
5.143474958085658000e+04
5.137672915714068222e+04
5.140973875933546515e+04
5.173460631001371803e+04
5.179957201646090834e+04
5.181592074378905818e+04
5.198904557232129446e+04
5.227864045115074259e+04
5.195002713001066877e+04
5.191838317329675192e+04
5.185579759183051647e+04
5.185361255906111910e+04
5.187948178631305927e+04
5.194530589849108219e+04
5.186110409998476098e+04
5.183695168419448601e+04
5.182427069044353266e+04
5.206177594878829404e+04
5.192642097241274314e+04
5.194245755220240972e+04
5.189263100137174479e+04
5.189567443987196748e+04
5.211390458771528938e+04
5.191850022862368496e+04
5.178966133211401029e+04
5.182454381953970733e+04
5.160108520042676537e+04
5.193114220393232972e+04
5.173425514403291891e+04
5.176886450236244127e+04
5.194374516079865862e+04
5.173589391860996693e+04
5.182551928059747297e+04
5.182934308794391109e+04
5.183160615759792563e+04
5.199322054564853170e+04
5.183055265965554281e+04
5.188131565310166479e+04
5.178849077884468716e+04
5.153280292638317042e+04
5.177179088553573820e+04
5.175977320530406723e+04
5.169285657674135291e+04
5.166932845602804446e+04
5.167646883097088721e+04
5.150693369913123024e+04
5.165266758116141136e+04
5.172485169943606161e+04
5.149401859472641081e+04
5.146221856424325233e+04
5.148992165828379802e+04
5.160494802621551935e+04
5.140977777777778101e+04
5.139834537418076798e+04
5.147536777930193784e+04
5.151817101051669306e+04
5.158497058375247434e+04
5.144345069349184632e+04
5.140884133516232396e+04
5.134691906721536361e+04
5.130271117207742645e+04
5.129951165980795486e+04
5.122073342478280392e+04
5.111327663465934893e+04
5.123575552507239627e+04
5.109099710409998806e+04
5.101662795305593318e+04
5.113099100746837212e+04
5.088716476146928471e+04
5.085275049535131984e+04
5.064333851547020458e+04
5.082325255296448449e+04
5.066116994360616081e+04
5.054294406340496789e+04
5.050240390184423450e+04
5.071720042676421144e+04
5.058964913885078568e+04
5.051641152263374534e+04
5.066893461362597009e+04
5.065227373875933699e+04
5.053471117207742645e+04
5.033645846669714956e+04
5.059901356500533439e+04
5.054130528882791987e+04
5.058430361225423258e+04
5.043256089010821597e+04
5.031531047096478869e+04
5.043560432860844594e+04
5.033825331504343922e+04
5.035940131077579281e+04
5.025951409846060415e+04
5.030824813290657039e+04
5.021655479347660730e+04
5.020367870751409646e+04
5.017675598231976619e+04
5.026782502667276276e+04
5.011756500533455255e+04
5.002384270690443373e+04
4.992496997408931202e+04
4.991903917085810099e+04
4.988470294162475329e+04
4.991552751105014613e+04
5.006407072092669114e+04
5.000253863740283850e+04
5.007171833561956737e+04
5.013360158512421913e+04
5.011616034141137061e+04
5.011982807498856710e+04
5.018253071178174287e+04
5.018015058680079528e+04
4.998634598384392302e+04
5.000546502057612815e+04
4.990155890870294388e+04
5.000382624599908740e+04
4.994588385916780680e+04
5.015537387593354651e+04
5.012162292333485675e+04
5.010944916933394416e+04
5.025229568663313694e+04
5.013629385764364997e+04
5.011335101356500672e+04
5.025096905959457217e+04
5.034558878219783219e+04
5.036728303612254240e+04
5.014479987806736608e+04
5.012774881877762527e+04
5.033493674744703458e+04
5.031152568206065916e+04
5.032853772290809138e+04
5.031566163694558782e+04
5.039291815272062377e+04
5.028553939948178595e+04
5.018736899862825521e+04
5.015642737387593661e+04
5.006695808565767220e+04
5.022724584666971350e+04
5.010527419600670692e+04
5.011405334552659770e+04
4.993733882030178211e+04
5.009809480262154830e+04
4.996991921963115601e+04
5.002774455113549629e+04
5.007702484377381188e+04
5.001252735863435373e+04
5.020976558451455639e+04
5.020629294314891013e+04
5.009212498094802868e+04
4.982363907940862555e+04
4.990323670172230050e+04
4.990577290047248971e+04
5.008260448102423106e+04
5.022818228928517055e+04
5.012443225118122064e+04
5.012735863435451756e+04
5.017433683889651002e+04
5.012240329218107217e+04
5.011452156683432258e+04
5.009407590306355996e+04
5.030286358786770143e+04
5.016571376314586087e+04
5.005880323121475521e+04
5.016473830208809522e+04
5.034075049535131984e+04
5.008810608139003307e+04
5.052160097546105681e+04
5.037493065081542591e+04
5.043615058680079528e+04
5.037692059137326578e+04
5.040606736777930200e+04
5.032803048315805790e+04
5.025631458619113255e+04
5.041578295991464984e+04
5.042062124676116218e+04
5.036599542752629350e+04
5.053779362901996501e+04
5.058305502210029226e+04
5.044126200274348230e+04
5.064782563633592508e+04
5.068965340649291466e+04
5.085520865721688460e+04
5.069456973022405145e+04
5.064205090687395568e+04
5.046022496570644580e+04
5.039635177564395417e+04
5.037297972869989462e+04
5.031570065538789640e+04
5.054224173144337692e+04
5.054388050602042495e+04
5.035319737844840711e+04
5.076605151653711073e+04
5.058235269013870129e+04
5.011889163237311732e+04
5.043993537570492481e+04
5.038577777777778101e+04
5.021456485291876015e+04
5.029236762688614544e+04
5.034012620027434605e+04
5.014600944977899780e+04
5.027410699588477291e+04
5.063268648071939970e+04
5.069367230605091027e+04
5.079597866178936238e+04
5.116177655845145637e+04
5.116774638012498326e+04
5.122557171162932354e+04
5.122576680384088104e+04
5.140969974089315656e+04
5.155016613321140176e+04
5.137306142356347846e+04
5.113699984758420760e+04
5.127176954732510058e+04
5.138035787227557012e+04
5.143389117512574012e+04
5.167342539247065724e+04
5.139202438652644196e+04
5.155562871513488790e+04
5.144758664837677497e+04
5.131379240969364764e+04
5.120095107453132368e+04
5.125803505563176441e+04
5.108034506934918318e+04
5.113028867550678115e+04
5.138749824721841287e+04
5.132487364730986155e+04
5.154466453284559975e+04
5.150732388355433795e+04
5.148488827922572818e+04
5.137688523090992385e+04
5.130946136259716150e+04
5.140997286998933123e+04
5.135581527206218743e+04
5.114047248894985387e+04
5.106149916171315272e+04
5.123419478737997269e+04
5.116571742112482752e+04
5.120953513183965697e+04
5.139885261393080145e+04
5.112529431489101989e+04
5.122701539399482135e+04
5.131859167809785140e+04
5.134188568815729377e+04
5.125924462734339613e+04
5.130165767413504364e+04
5.126747751867093757e+04
5.133174089315652964e+04
5.143849535131839366e+04
5.111366681908245664e+04
5.123716018899557821e+04
5.130950038103947736e+04
5.128327998780673806e+04
5.149214570949550398e+04
5.140080353604633274e+04
5.125019234872733068e+04
5.140236427373875631e+04
5.132635634811766795e+04
5.141270416095107794e+04
5.151126474622770911e+04
5.129541472336534207e+04
5.129260539551897818e+04
5.123076116445663502e+04
5.135901478433165903e+04
5.149140435909160442e+04
5.129014723365340615e+04
5.141469410150891781e+04
5.122607895137936430e+04
5.119638591678097873e+04
5.116306416704770527e+04
5.115483127572016383e+04
5.113590733119950892e+04
5.096925956409084029e+04
5.103855631763450947e+04
5.074985886297820252e+04
5.089563176345069223e+04
5.080951806127114833e+04
5.088388721231519594e+04
5.084326901386983809e+04
5.091564822435604583e+04
5.045725956409084029e+04
5.072012680993750837e+04
5.070190519737845170e+04
5.060482731290961965e+04
5.074537174211248202e+04
5.066955890870294388e+04
5.047466178936138022e+04
5.049011309251638158e+04
5.064634293552811869e+04
5.055566407559822983e+04
5.055566407559822983e+04
4.566126870903825329e+04
4.657991891479957121e+04
4.775183782959914970e+04
4.927414235634811484e+04
5.019634324035970349e+04
5.169110074683737184e+04
5.292431763450693688e+04
5.367019417771681037e+04
5.492089132754153252e+04
5.634042127724432066e+04
5.686681908245693921e+04
5.763314128943758260e+04
5.815704191434232780e+04
5.873154945892394608e+04
5.931058314281359344e+04
5.940052065233958274e+04
5.976042676421277429e+04
6.013430147843316809e+04
6.038589239445206476e+04
6.006867245846669539e+04
6.031995122694710881e+04
6.032654534369760950e+04
6.035327297668038227e+04
6.051761865569272777e+04
6.026212589544276852e+04
6.004018899557994155e+04
5.997768145099832327e+04
5.990647279378143867e+04
5.977260051821368688e+04
5.952627709190671885e+04
5.944496265813138598e+04
5.942865294924554473e+04
5.909473311995122640e+04
5.900651242188690958e+04
5.890763968907178787e+04
5.877431367169638543e+04
5.868663923182441795e+04
5.841284682213077031e+04
5.831284255448864860e+04
5.785433683889651002e+04
5.788800975461057533e+04
5.762069440634049533e+04
5.749981527206218743e+04
5.733562566681908356e+04
5.718095656149977003e+04
5.692850723975004075e+04
5.689003505563176441e+04
5.667637006553878746e+04
5.656856210943454062e+04
5.640928882792257355e+04
5.628345435147081298e+04
5.596998018594726454e+04
5.576934735558604007e+04
5.553597805212620005e+04
5.537541716201798408e+04
5.507797957628410222e+04
5.478744825483920431e+04
5.497848254839201400e+04
5.487586404511507135e+04
5.492670507544581778e+04
5.471253284560280736e+04
5.462887730528882821e+04
5.437373571101966081e+04
5.447163298277701688e+04
5.434177960676726070e+04
5.421161408321902127e+04
5.391292790733119909e+04
5.379817466849565972e+04
5.378170888584056956e+04
5.372973632068282313e+04
5.367710044200579432e+04
5.353148361530254624e+04
5.348489559518366150e+04
5.355793811918915162e+04
5.338969059594574355e+04
5.329916780978509632e+04
5.333248955951836251e+04
5.307598231976832903e+04
5.326787501905197132e+04
5.322550099070263968e+04
5.309143362292333768e+04
5.296973510135649849e+04
5.285470873342478444e+04
5.301343575674440217e+04
5.280952537722908164e+04
5.275220728547477484e+04
5.271646639231824520e+04
5.283075140984605969e+04
5.266328425544886704e+04
5.240022191739064147e+04
5.252949001676573971e+04
5.254369272976680077e+04
5.268443225118122064e+04
5.232370675201951235e+04
5.238305380277396762e+04
5.255610059442157944e+04
5.245629141899100796e+04
5.242484255448864860e+04
5.252156927297668153e+04
5.236342752629172173e+04
5.228047431793934084e+04
5.208444566377076990e+04
5.214125651577503595e+04
5.194436945587562514e+04
5.199087943910989270e+04
5.206243926230757643e+04
5.224894741655235703e+04
5.237794238683127332e+04
5.266367443987196748e+04
5.267163420210334152e+04
5.277300411522633658e+04
5.266285505258345074e+04
5.270343423258649273e+04
5.270877975918305310e+04
5.280078524615149945e+04
5.262446090534979157e+04
5.251598963572626235e+04
5.257170797134582972e+04
5.250256729157140944e+04
5.262118335619570280e+04
5.273129340039628005e+04
5.261451120256058493e+04
5.263831245237006806e+04
5.255824660874866822e+04
5.239468129858253087e+04
5.239257430269775796e+04
5.232171681146166520e+04
5.231071361073006847e+04
5.233751928059747297e+04
5.221137265660722187e+04
5.228168388965096528e+04
5.231761987501905242e+04
5.201198841639993771e+04
5.220528577960676921e+04
5.222811156835847942e+04
5.215959518366102566e+04
5.212018655692729953e+04
5.214625087639079720e+04
5.186801036427373765e+04
5.183632738911751221e+04
5.181478920896205091e+04
5.176691358024690999e+04
5.163538241121780447e+04
5.159718335619570280e+04
5.140014022252705035e+04
5.143701265051059454e+04
5.151969272976680077e+04
5.141266514250876207e+04
5.122643011736015615e+04
5.126248315805517632e+04
5.126061027282426221e+04
5.122888827922572818e+04
5.106247462277091836e+04
5.094190763603109372e+04
5.086293430879439256e+04
5.098763725041914586e+04
5.109739612863892398e+04
5.114195518975766026e+04
5.104987166590458946e+04
5.099415333028501482e+04
5.113239567139155406e+04
5.114964182289285236e+04
5.119622984301173710e+04
5.105190062490473792e+04
5.114449138850784948e+04
5.123450693491845595e+04
5.110317085810090066e+04
5.126057125438195362e+04
5.110664349946654693e+04
5.122276238378295966e+04
5.118097363206827868e+04
5.115572869989331230e+04
5.100020118884316616e+04
5.136986191129400686e+04
5.111284743179393263e+04
5.124102301478433219e+04
5.105073007163542206e+04
5.095891967687852593e+04
5.101042402072854748e+04
5.091564822435604583e+04
5.097632190214906586e+04
5.133942752629172173e+04
5.109216765736930392e+04
5.104518945282731147e+04
5.090768846212467906e+04
5.108506630086876976e+04
5.098806645328456216e+04
5.091818442310623504e+04
5.101963237311385456e+04
5.096504557232129446e+04
5.079695412284712802e+04
5.050373052888279199e+04
5.073764609053498134e+04
5.066698369151043880e+04
5.081474653254076838e+04
5.073163725041914586e+04
5.063565188233501249e+04
5.066694467306813021e+04
5.072949123609205708e+04
5.065426367931717687e+04
5.070448041457094951e+04
5.054462185642432451e+04
5.037208230452674616e+04
5.051258771528730722e+04
5.064681115683585085e+04
5.086890413046791946e+04
5.089340771223898628e+04
5.110734583142813790e+04
5.094288309708885936e+04
5.098205761316872668e+04
5.112611370217954391e+04
5.115752354823959467e+04
5.104261423563481367e+04
5.101643286084438296e+04
5.103188416399939160e+04
5.113555616521871707e+04
5.116337631458618853e+04
5.125272854747751990e+04
5.150260265203475137e+04
5.129162993446121254e+04
5.140923151958543167e+04
5.103235238530711649e+04
5.120028776101204130e+04
5.107472641365645541e+04
5.102884072549916164e+04
5.093227008078037034e+04
5.092029141899100796e+04
5.084291784788903897e+04
5.084518091754306079e+04
5.105178356957780488e+04
5.098794939795762912e+04
5.089543667123914202e+04
5.107226825179088337e+04
5.084475171467763721e+04
5.088771101966163405e+04
5.122483036122542399e+04
5.087744916933394416e+04
5.088158512421886553e+04
5.089609998475842440e+04
5.072683798201493482e+04
5.087534217344917124e+04
5.108998262459990656e+04
5.102802133821063762e+04
5.093621094345374149e+04
5.087834659350708534e+04
5.100535162322816905e+04
5.111858314281359344e+04
5.106672763298278005e+04
5.086207590306355996e+04
5.101225788751714572e+04
5.106060173754001153e+04
5.089750464868160634e+04
5.101354549611339462e+04
5.100745861911294196e+04
5.114511568358481600e+04
5.129596098155769141e+04
5.125116780978509632e+04
5.126498033836305694e+04
5.129549276024995925e+04
5.139717482091144484e+04
5.136408718183203746e+04
5.138749824721841287e+04
5.145749733272367303e+04
5.133572077427221666e+04
5.146612040847431490e+04
5.138952720621856133e+04
5.150989910074683576e+04
5.142858466697149561e+04
5.151282548392013268e+04
5.158824813290657039e+04
5.166031519585428759e+04
5.156893400396280776e+04
5.175879774424630159e+04
5.182852370065538707e+04
5.171408260935833096e+04
5.169941167504953773e+04
5.163440695016003883e+04
5.155656515775034495e+04
5.178170156988263625e+04
5.184456028044505365e+04
5.185575857338820060e+04
5.179344612101813982e+04
5.179648955951836251e+04
5.196891205608900782e+04
5.202494253924706572e+04
5.196251303155007190e+04
5.194893461362597009e+04
5.205627434842249932e+04
5.195810394756896858e+04
5.180956073769242357e+04
5.174502423411065683e+04
5.177296143880506133e+04
5.178201371742112678e+04
5.193953116902911279e+04
5.207114037494284275e+04
5.204804145709495788e+04
5.178146745922877744e+04
5.188517847889041150e+04
5.189345038866026880e+04
5.184600396281054418e+04
5.198725072397500480e+04
5.193125925925926276e+04
5.217769974089315656e+04
5.265610486206370842e+04
5.285845450388660538e+04
5.300656851089772681e+04
5.306021886907483713e+04
5.319393507087334001e+04
5.322440847431794100e+04
5.333966895290352113e+04
5.344010242341106641e+04
5.360655509830818482e+04
5.352087059899405722e+04
5.347518000304831367e+04
5.359445938119188941e+04
5.379403871361073107e+04
5.377886053955189709e+04
5.373672062185642426e+04
5.381417222984301043e+04
5.375704923030026112e+04
5.379520926688004693e+04
5.371849900929736032e+04
5.383836366407560126e+04
5.377882152110958850e+04
5.367198902606310003e+04
5.362255265965554281e+04
5.346694711172077223e+04
5.344252156683432258e+04
5.357120438957476290e+04
5.364732937052278430e+04
5.353128852309098875e+04
5.349507940862673422e+04
5.335558847736625466e+04
5.340525895442767796e+04
5.341177503429355420e+04
5.315234141137021652e+04
5.290949062642889476e+04
5.303298399634202360e+04
5.301222618503277045e+04
5.312483340954122832e+04
5.286680445054107258e+04
5.296204846822130639e+04
5.293118488035360497e+04
5.322202834933699341e+04
5.300824630391708342e+04
5.288061697911903320e+04
5.264767687852461677e+04
5.286325377229080914e+04
5.285615241579027497e+04
5.278041761926535401e+04
5.283289742417314119e+04
5.260553696082914394e+04
5.275427526291723916e+04
5.297059350708733109e+04
5.312171193415638118e+04
5.292482487425697036e+04
5.302166864807194361e+04
5.298705928974241397e+04
5.312225819234873052e+04
5.301823502514860593e+04
5.312947660417619045e+04
5.288350434385002154e+04
5.303762719097698573e+04
5.298046517299192055e+04
5.314590336838896474e+04
5.315160006096631696e+04
5.310688492607833905e+04
5.304320682822740491e+04
5.293707666514250741e+04
5.279758573388202785e+04
5.282189422344155173e+04
5.284046700198140752e+04
5.275388507849413145e+04
5.278154915409236128e+04
5.252613443072702648e+04
5.264728669410150906e+04
5.274467672610882437e+04
5.304566499009297695e+04
5.280655997561347613e+04
5.280218991007468139e+04
5.276266422801402223e+04
5.248099009297363227e+04
5.278576314586191438e+04
5.300528090230147791e+04
5.282603017832647311e+04
5.299400457247370650e+04
5.286902850175277854e+04
5.276352263374485483e+04
5.299341929583904857e+04
5.287819783569577703e+04
5.280347751867093757e+04
5.275860631001371803e+04
4.426288675506782602e+04
4.548595884773662692e+04
4.682355006858710840e+04
4.765522816643804254e+04
4.912961804602956545e+04
5.051442158207590546e+04
5.160744520652339270e+04
5.281526108824874245e+04
5.410599115988416452e+04
5.527494467306813021e+04
5.603837951531778526e+04
5.710030544124371227e+04
5.738155037341868592e+04
5.803971345831428334e+04
5.876159365950312349e+04
5.906461088248742453e+04
5.929037158969668963e+04
5.971883310470965080e+04
5.976374333180917893e+04
5.980849748513945815e+04
5.999063557384545129e+04
6.007042828837067646e+04
6.015896113397347654e+04
6.015427892089620582e+04
6.000745252248132601e+04
5.983112818167962541e+04
5.986413778387440834e+04
5.980459564090839558e+04
5.971173174820911663e+04
5.946072610882487788e+04
5.945787776253619813e+04
5.898087730528882821e+04
5.871641030330742069e+04
5.873353939948178595e+04
5.863326200274348230e+04
5.855854168571864284e+04
5.858885901539399492e+04
5.838440237768632505e+04
5.835931351928060030e+04
5.786100899253162788e+04
5.768312391403749643e+04
5.747835512879134330e+04
5.723456790123456449e+04
5.705789239445206476e+04
5.688410425240054610e+04
5.662334400243865093e+04
5.653438195397043455e+04
5.651889163237311732e+04
5.620541746684956888e+04
5.599971223898795870e+04
5.577032281664380571e+04
5.568967169638774794e+04
5.558451699436061608e+04
5.563153421734491712e+04
5.544327023319616274e+04
5.530850053345526248e+04
5.507204877305289119e+04
5.507996951684194210e+04
5.511816857186404377e+04
5.495273037646699959e+04
5.491800396281054418e+04
5.482642767870751413e+04
5.486841152263374534e+04
5.486076390794086183e+04
5.473535863435451756e+04
5.470906020423716109e+04
5.460460783417162020e+04
5.441279317177259509e+04
5.432863039170858247e+04
5.443171711629325000e+04
5.446039567139155406e+04
5.432324584666971350e+04
5.422909434537417837e+04
5.415979759183051647e+04
5.410388416399939160e+04
5.385034232586495636e+04
5.403763084895595239e+04
5.389899832342630543e+04
5.373769608291418990e+04
5.378264532845602662e+04
5.358263679317177593e+04
5.356765371132449218e+04
5.337739978661789064e+04
5.351786617893613584e+04
5.346889803383630351e+04
5.347443865264441411e+04
5.338918335619570280e+04
5.329358817253467714e+04
5.341641822892851633e+04
5.340057674135040725e+04
5.322292577351013460e+04
5.319557384545038803e+04
5.282275262917238433e+04
5.285704983996342344e+04
5.273745831428135716e+04
5.285502088096326770e+04
5.286333180917543359e+04
5.272649413199207629e+04
5.281853863740283850e+04
5.269949336991312157e+04
5.271451547020271391e+04
5.263647858558146982e+04
5.247131351928060030e+04
5.257756073769242357e+04
5.229674500838286622e+04
5.231153299801859248e+04
5.244809754610577511e+04
5.270187349489406915e+04
5.283317055326931586e+04
5.280382868465172942e+04
5.274846151501295390e+04
5.279462033226642234e+04
5.301000213382106449e+04
5.303442767870751413e+04
5.307633348574912088e+04
5.296497485139460332e+04
5.298027008078037034e+04
5.290434019204389915e+04
5.296091693339429912e+04
5.301784484072549822e+04
5.279653223593964503e+04
5.303965614997713419e+04
5.281182746532540477e+04
5.286614113702179748e+04
5.275973784484072530e+04
5.293376009754610277e+04
5.280687212315195939e+04
5.294199298887364421e+04
5.272387989635726262e+04
5.249468556622465985e+04
5.268095960981557437e+04
5.266765432098765450e+04
5.287800274348422681e+04
5.258957841792409454e+04
5.256160219478738145e+04
5.266835665294924547e+04
5.225979454351470486e+04
5.264935467154397338e+04
5.260643438500228513e+04
5.264276055479347997e+04
5.242644231062338076e+04
5.243116354214296734e+04
5.228866819082456641e+04
5.249031550068587239e+04
5.269180673677792947e+04
5.249101783264746336e+04
5.243697729004724533e+04
5.247396677335772256e+04
5.236526139308031998e+04
5.250572778539856517e+04
5.260194726413656463e+04
5.271521780216430489e+04
5.217020819996951468e+04
5.196879500076208205e+04
5.196867794543514901e+04
5.218710318549001386e+04
5.242769090077732108e+04
5.235285352842554130e+04
5.222108824874256970e+04
5.239905136412132561e+04
5.241887273281512171e+04
5.258875903063557053e+04
5.250627404359091452e+04
5.236892912665752374e+04
5.251548239597622160e+04
5.242655936595031380e+04
5.212401036427373765e+04
5.211456790123456449e+04
5.222136137783874437e+04
5.216654046639231819e+04
5.218050906873952044e+04
5.198951379362901935e+04
5.208612345679012651e+04
5.196899009297363227e+04
5.200898399634202360e+04
5.206688736473098834e+04
5.211433379058070568e+04
5.245359914647157711e+04
5.211527023319616274e+04
5.222920408474317810e+04
5.226951013565005269e+04
5.223810028959000192e+04
5.252882670324645733e+04
5.227298277701569896e+04
5.207437890565462294e+04
5.209408321902149328e+04
5.223490077732053032e+04
5.210216003657979309e+04
5.213563786008230090e+04
5.211655784179241164e+04
5.201514891022710071e+04
5.211367047706142330e+04
5.189270903825636196e+04
5.195143179393385071e+04
5.190121505868007807e+04
5.182633866788598971e+04
5.171544825483920431e+04
5.175040877914951852e+04
5.171544825483920431e+04
5.174069318701417797e+04
5.170218198445358576e+04
5.155785276634659385e+04
5.148551257430269470e+04
5.126419996951684152e+04
5.150599725651577319e+04
5.149678890413046611e+04
5.172766102728242549e+04
5.173565980795610085e+04
5.161770705685108987e+04
5.145090321597317234e+04
5.167896601127876784e+04
5.159226703246456600e+04
5.168161926535589009e+04
5.147357293095564819e+04
5.177608291418990848e+04
5.155664319463496213e+04
5.167467398262459756e+04
5.152218991007468139e+04
5.159940740740740875e+04
5.147743575674440217e+04
5.119681511964639503e+04
5.153436366407560126e+04
5.172578814205151866e+04
5.148141563786008192e+04
5.137165675964029651e+04
5.140345679012345499e+04
5.155597988111568702e+04
5.122900533455266122e+04
5.141789361377838941e+04
5.129923853071178019e+04
5.144641609510745184e+04
5.133626703246456600e+04
5.147895747599450988e+04
5.139229751562261663e+04
5.140337875323883782e+04
5.141001188843163982e+04
5.147279256210943277e+04
5.149433074226490135e+04
5.166125163846974465e+04
5.149089711934156367e+04
5.126548757811309042e+04
5.134286114921505941e+04
5.147025636335924355e+04
5.142378539856729185e+04
5.136256546258192247e+04
5.134625575369608123e+04
5.124671970736168441e+04
5.126739948178631312e+04
5.121468556622465985e+04
5.117332601737540244e+04
5.096898643499466561e+04
5.102747508001828828e+04
5.088064868160341575e+04
5.094717512574302964e+04
5.089091053193110565e+04
5.105244688309708727e+04
5.123918914799573395e+04
5.132151806127114833e+04
5.128035360463344114e+04
5.119189879591525823e+04
5.120953513183965697e+04
5.109645968602347421e+04
5.111737357110196899e+04
5.102439262307574973e+04
5.098061393080322887e+04
5.090796159122085373e+04
5.089477335771985963e+04
5.100738058222831751e+04
5.100129370522786485e+04
5.097632190214906586e+04
5.078013717421124602e+04
5.064653802773967618e+04
5.076031580551744992e+04
5.065964822435604583e+04
5.049038622161255626e+04
5.058488888888889051e+04
5.054032982777015422e+04
5.048269958847736416e+04
5.059440938881268085e+04
5.066284773662551743e+04
5.051414845297973079e+04
5.054957719859777717e+04
5.044887059899405722e+04
5.037738881268099067e+04
5.045269440634049533e+04
5.046178570339886937e+04
5.018151623228166136e+04
5.021940313976527978e+04
5.018229660112787678e+04
5.046689711934156367e+04
5.040930589849108219e+04
5.038047126962353650e+04
5.035897210791037651e+04
5.031503734186861402e+04
5.022685566224660579e+04
5.008240938881268085e+04
5.007682975156226166e+04
4.990350983081847517e+04
4.993808017070568167e+04
5.000585520499923587e+04
4.994284042066758411e+04
4.998634598384392302e+04
5.025572930955646734e+04
5.045589391860996693e+04
5.055086480719402607e+04
5.048859137326627388e+04
5.060385185185185401e+04
5.069968114616674575e+04
5.077565005334552552e+04
5.073261271147691150e+04
5.080577229080932739e+04
5.117906172839506326e+04
5.093593781435756682e+04
5.099099283645785908e+04
5.108385672915713803e+04
5.100983874409388955e+04
5.118390001524157560e+04
5.115920134125895129e+04
5.108003292181069992e+04
5.088544795000761951e+04
5.101132144490168866e+04
5.098802743484224629e+04
5.108198384392623120e+04
5.090035299497027881e+04
5.097542447797591740e+04
5.085661332114006655e+04
5.067201707056850864e+04
5.079543240359701304e+04
5.101924218869074684e+04
5.085470141746685113e+04
5.092637829599146789e+04
5.079301326017375686e+04
5.075551653711324616e+04
5.082216003657979309e+04
5.064786465477823367e+04
5.062070781893004460e+04
5.066518884316414915e+04
5.070912360920591163e+04
5.038413900320073299e+04
5.050646181984453870e+04
5.071325956409084029e+04
5.074623014784331463e+04
5.068844383478128293e+04
5.023945861911294196e+04
5.026880048773052840e+04
5.032151440329218167e+04
5.013098734948940546e+04
5.020270324645633082e+04
5.023684438347812829e+04
5.017987745770462061e+04
5.002173571101966081e+04
5.026723975003810483e+04
5.041289559518366150e+04
5.035487517146776372e+04
5.032865477823502442e+04
5.021050693491845595e+04
5.011865752171925124e+04
5.007909282121627621e+04
5.021062399024538900e+04
5.027484834628867247e+04
5.013894711172077223e+04
5.032315317786922969e+04
5.016278737997256394e+04
5.029092394452065491e+04
5.038940649291266891e+04
5.016181191891479830e+04
5.026622527053803060e+04
5.014920896204846940e+04
5.019685048010973696e+04
5.026563999390336539e+04
5.009774363664075645e+04
5.005923243408017152e+04
5.011280475537265738e+04
4.998365371132449218e+04
5.003262185642432451e+04
5.008092668800487445e+04
5.019470446578265546e+04
5.024815973174820829e+04
5.019528974241731339e+04
5.020164974851394800e+04
5.019564090839811251e+04
5.030458039932937390e+04
5.038690931260478828e+04
5.036154732510288159e+04
5.025358329522938584e+04
5.037770096021948120e+04
5.015818320377991040e+04
5.038086145404663694e+04
5.016520652339582739e+04
5.043603353147386224e+04
5.018178936137783603e+04
5.017558542905045033e+04
5.017558542905045033e+04
4.490200884011583548e+04
4.617787288523090683e+04
4.731748452979728609e+04
4.875258283798201592e+04
4.970845663770766987e+04
5.135156226185032574e+04
5.299049291266575165e+04
5.382501935680536553e+04
5.487652735863435373e+04
5.615165005334552552e+04
5.699460448102423106e+04
5.794790306355738721e+04
5.875812101813747722e+04
5.922821521109587047e+04
5.989562566681908356e+04
6.010800304831580434e+04
6.039420332266423065e+04
6.090971498247218551e+04
6.102037235177564435e+04
6.118854351470812253e+04
6.145390519737845170e+04
6.144329218106995540e+04
6.169562459990855132e+04
6.160798917847889243e+04
6.170615942691663076e+04
6.170931992074378650e+04
6.149346989788141946e+04
6.127746380124981079e+04
6.128698430117360112e+04
6.127406919676878169e+04
6.076160097546105681e+04
6.101229446730681229e+04
6.081848986434994731e+04
6.065886541685718839e+04
6.049639262307574973e+04
6.032728669410150906e+04
6.028709769852156751e+04
5.992719158664837596e+04
5.981364791952446103e+04
5.933672549916171556e+04
5.944851333638164942e+04
5.915006127114769333e+04
5.896566011278768565e+04
5.871785398567291850e+04
5.868937052278615738e+04
5.848311903673220513e+04
5.821588172534674231e+04
5.814174668495656078e+04
5.801454656302392686e+04
5.793701691815272352e+04
5.766533150434384879e+04
5.757008748666361498e+04
5.724787319006249163e+04
5.709281390032007039e+04
5.675752842554488598e+04
5.651537997256515519e+04
5.653629385764364997e+04
5.659751379362901935e+04
5.661105319311080530e+04
5.646399268404206668e+04
5.635993049839963351e+04
5.632918396585886512e+04
5.614677274805669731e+04
5.587735040390184440e+04
5.570313305898490944e+04
5.564839018442310771e+04
5.546753970431336347e+04
5.535836610272824328e+04
5.516346898338667961e+04
5.510919433013260277e+04
5.493950312452370417e+04
5.465693156531016575e+04
5.468026459381191671e+04
5.433495137936290121e+04
5.408792562109434220e+04
5.422047126962353650e+04
5.408480414570949506e+04
5.388171315348269854e+04
5.370097972869989462e+04
5.356894131992074108e+04
5.377484163999390148e+04
5.349480627953055955e+04
5.330911751257430296e+04
5.313665599756134907e+04
5.330673738759335538e+04
5.313166163694558782e+04
5.303021368693796830e+04
5.296052674897119141e+04
5.302373662551440066e+04
5.279684438347812829e+04
5.280086328303612390e+04
5.275271452522481559e+04
5.256675262917238433e+04
5.265075933546715532e+04
5.263780521262002731e+04
5.253011431184270623e+04
5.236151562261850631e+04
5.218905410760554514e+04
5.195732357872275315e+04
5.205206035665294621e+04
5.211698704465782794e+04
5.213466239902454254e+04
5.215986831275720033e+04
5.204835360463344114e+04
5.190535101356500672e+04
5.235577991159883823e+04
5.232975461057765642e+04
5.215947812833409262e+04
5.231207925621094182e+04
5.227469958847736416e+04
5.237872275567748875e+04
5.222210272824264393e+04
5.256093888126809907e+04
5.239682731290961965e+04
5.217590489254686690e+04
5.213083859167809715e+04
5.197893979576283891e+04
5.233010577655844827e+04
5.214660204237158905e+04
5.201784118274653156e+04
5.201144215820758836e+04
5.217399298887364421e+04
5.201116902911141369e+04
5.205471361073006847e+04
5.202537174211248202e+04
5.195041731443377648e+04
5.194948087181831943e+04
5.201526596555403376e+04
5.200601859472641081e+04
5.187737479042828636e+04
5.195677732053040381e+04
5.192154366712391493e+04
5.210715439719554706e+04
5.207246700198140752e+04
5.203563359244017920e+04
5.197972016460905434e+04
5.217145679012345499e+04
5.216501874714220321e+04
5.192829385764364997e+04
5.190308794391099218e+04
5.191268648071939970e+04
5.194694467306813021e+04
5.210676421277244663e+04
5.199751257430269470e+04
5.197070690443529747e+04
5.207153055936595047e+04
5.191241335162322503e+04
5.180538576436518633e+04
5.188018411827465025e+04
5.192782563633592508e+04
5.185907514098460524e+04
5.181038012498094758e+04
5.187202926383173326e+04
5.184748666361835058e+04
5.183398628257887322e+04
5.188720743789056723e+04
5.175552019509221282e+04
5.173632312147538323e+04
5.178470598994055763e+04
5.185751440329218167e+04
5.184420911446426180e+04
5.182001768023167097e+04
5.182509007773205667e+04
5.185532937052278430e+04
5.200894497789970774e+04
5.183878555098308425e+04
5.192361164456637925e+04
5.179110501447950082e+04
5.175427160493827250e+04
5.182727511050144676e+04
5.181873007163542206e+04
5.173351379362901935e+04
5.168501386983691191e+04
5.185388568815729377e+04
5.163241700960219168e+04
5.169160798658741260e+04
5.152562353299801907e+04
5.161860448102423106e+04
5.136502362444749451e+04
5.157853254077122256e+04
5.168345313214448834e+04
5.177920438957476290e+04
5.168337509525987116e+04
5.170686419753086375e+04
5.189774241731443180e+04
5.180913153482700727e+04
5.178841274196006998e+04
5.197047279378143867e+04
5.194140405426001962e+04
5.175934400243865093e+04
5.171302911141594086e+04
5.167483005639383919e+04
5.175747111720774410e+04
5.168095595183660771e+04
5.171135131839658425e+04
5.140903642737387418e+04
5.142967718335619429e+04
5.123548239597622160e+04
5.145652187166590738e+04
5.116123030025910703e+04
5.116602956866331078e+04
5.106079682975156175e+04
5.104636000609663461e+04
5.120001463191586663e+04
5.150837738149672077e+04
5.136795000762079144e+04
5.145008382868464832e+04
5.128394330132602045e+04
5.151980978509373381e+04
5.135284987044657464e+04
5.140158390489254816e+04
5.143888553574150137e+04
5.147579698216735414e+04
5.138589849108367343e+04
5.125791800030483137e+04
5.156998750190519786e+04
5.154411827465325769e+04
5.167748331047096144e+04
5.143978295991464984e+04
5.155945252248132601e+04
5.155847706142356037e+04
5.141063618350861361e+04
5.158524371284864901e+04
5.150689468068892165e+04
5.158227831123304350e+04
5.131851364121322695e+04
5.134535832952294004e+04
5.157880566986739723e+04
5.175583234263069608e+04
5.166839201341258740e+04
5.165594513031550014e+04
5.161497576588934317e+04
5.182672885230909742e+04
5.175942203932327538e+04
5.171509708885840519e+04
5.182871879286694457e+04
5.159136960829141753e+04
5.143779301935680269e+04
5.140353482700807945e+04
5.138734217344917124e+04
5.149487700045725069e+04
5.153572930955646734e+04
5.146814936747447064e+04
5.141836183508611430e+04
5.125709861301630735e+04
5.126498033836305694e+04
5.132487364730986155e+04
5.127953421734491712e+04
5.119958542905045033e+04
5.113536107300716685e+04
5.098642767870751413e+04
5.097850693491845595e+04
5.087990733119950892e+04
5.120543819539704418e+04
5.113083493369913049e+04
5.109247980490778718e+04
5.110075171467763721e+04
5.108857796067672462e+04
5.118116872427983617e+04
5.115369974089315656e+04
5.101296021947873669e+04
5.108701722298430104e+04
5.103758085657674383e+04
5.107960371894528362e+04
5.091100502972107643e+04
5.121425636335924355e+04
5.115943545191281737e+04
5.117898369151043880e+04
5.098104313366864517e+04
5.118311964639536745e+04
5.087569333942996309e+04
5.099910867245846748e+04
5.088318488035360497e+04
5.077654747751867399e+04
5.088513580246913625e+04
5.055004541990550206e+04
5.078130772748056916e+04
5.095470568510898011e+04
5.081462947721384262e+04
5.070354397195549245e+04
5.097936534064928856e+04
