0.000000000000000000e+00
1.434886666666666679e+04
1.409073333333333358e+04
1.374939999999999964e+04
1.344006666666666752e+04
1.354566666666666606e+04
1.340379999999999927e+04
1.317553333333333285e+04
1.279900000000000000e+04
1.278193333333333248e+04
1.261020000000000073e+04
1.235100000000000000e+04
1.227739999999999964e+04
1.236273333333333358e+04
1.208113333333333321e+04
1.183579999999999927e+04
1.168646666666666715e+04
1.145713333333333321e+04
1.122353333333333285e+04
1.117660000000000036e+04
1.092913333333333321e+04
1.087366666666666606e+04
1.104860000000000036e+04
1.092379999999999927e+04
1.055046666666666715e+04
1.034779999999999927e+04
1.034993333333333248e+04
1.023473333333333358e+04
1.003953333333333285e+04
9.957399999999999636e+03
9.759000000000000000e+03
9.807000000000000000e+03
9.852866666666666788e+03
1.015793333333333248e+04
9.595799999999999272e+03
9.482733333333333576e+03
9.479533333333332848e+03
9.285399999999999636e+03
9.218200000000000728e+03
9.168066666666667516e+03
9.113666666666666060e+03
8.848066666666667516e+03
8.688066666666667516e+03
8.504600000000000364e+03
8.570733333333333576e+03
8.376600000000000364e+03
8.365933333333332484e+03
8.293399999999999636e+03
8.098199999999999818e+03
7.913666666666666970e+03
7.912600000000000364e+03
7.644866666666666788e+03
7.601133333333333212e+03
7.560600000000000364e+03
7.527533333333333758e+03
7.639533333333333758e+03
7.653399999999999636e+03
7.860333333333333030e+03
7.778199999999999818e+03
7.955266666666666424e+03
7.505133333333333212e+03
7.399533333333333758e+03
7.404866666666666788e+03
7.221399999999999636e+03
7.089133333333333212e+03
7.024066666666666606e+03
7.148866666666666788e+03
6.867266666666666424e+03
6.913133333333333212e+03
6.776600000000000364e+03
6.669933333333333394e+03
6.680600000000000364e+03
6.611266666666666424e+03
6.533399999999999636e+03
6.599533333333333758e+03
6.441666666666666970e+03
6.345666666666666970e+03
6.403266666666666424e+03
6.154733333333333576e+03
6.042733333333333576e+03
6.165399999999999636e+03
6.077933333333333394e+03
6.151533333333333758e+03
6.058733333333333576e+03
5.976600000000000364e+03
5.947800000000000182e+03
5.891266666666666424e+03
6.008600000000000364e+03
6.269933333333333394e+03
5.857133333333333212e+03
5.955266666666666424e+03
5.730199999999999818e+03
5.803800000000000182e+03
5.850733333333333576e+03
5.800600000000000364e+03
5.924333333333333030e+03
5.786733333333333576e+03
5.878466666666666242e+03
5.812333333333333030e+03
5.798466666666666242e+03
5.744066666666666606e+03
5.940333333333333030e+03
5.496600000000000364e+03
5.447533333333333758e+03
5.446466666666666242e+03
5.812333333333333030e+03
5.392066666666666606e+03
5.562733333333333576e+03
5.548866666666666788e+03
5.590466666666666242e+03
5.637399999999999636e+03
5.448600000000000364e+03
5.394199999999999818e+03
5.271533333333333758e+03
5.399533333333333758e+03
5.259800000000000182e+03
5.122199999999999818e+03
5.089133333333333212e+03
5.120066666666666606e+03
5.065666666666666970e+03
4.939800000000000182e+03
4.897133333333333212e+03
4.726466666666666242e+03
4.592066666666666606e+03
4.555800000000000182e+03
4.210199999999999818e+03
4.340333333333333030e+03
4.227266666666666424e+03
4.118466666666666242e+03
4.211266666666666424e+03
4.010733333333333121e+03
3.899800000000000182e+03
3.989400000000000091e+03
3.864599999999999909e+03
3.791000000000000000e+03
3.491266666666666879e+03
3.604333333333333485e+03
3.537133333333333212e+03
3.530733333333333121e+03
3.346199999999999818e+03
3.432599999999999909e+03
3.471000000000000000e+03
3.059266666666666879e+03
2.954733333333333121e+03
3.050733333333333121e+03
3.020866666666666788e+03
2.658199999999999818e+03
2.669933333333333394e+03
2.669933333333333394e+03
2.362733333333333121e+03
2.404333333333333485e+03
2.351000000000000000e+03
2.357400000000000091e+03
2.247533333333333303e+03
2.626199999999999818e+03
2.740333333333333485e+03
2.852333333333333485e+03
2.964333333333333485e+03
2.807533333333333303e+03
2.788333333333333485e+03
2.952599999999999909e+03
2.836333333333333485e+03
2.932333333333333485e+03
2.907800000000000182e+03
2.919533333333333303e+03
2.698733333333333121e+03
2.829933333333333394e+03
2.609133333333333212e+03
2.424599999999999909e+03
2.562199999999999818e+03
2.550466666666666697e+03
2.657133333333333212e+03
2.475800000000000182e+03
2.485400000000000091e+03
2.557933333333333394e+03
2.303000000000000000e+03
2.054466666666666697e+03
2.059800000000000182e+03
2.032066666666666606e+03
2.055533333333333303e+03
2.034200000000000045e+03
2.133400000000000091e+03
2.052333333333333485e+03
2.099266666666666879e+03
1.905133333333333439e+03
1.922200000000000045e+03
1.970200000000000045e+03
1.661933333333333394e+03
2.168595833333333303e+03
2.775516666666666879e+03
1.943529166666666697e+03
1.561666666666666742e+03
3.112574999999999818e+03
1.992591666666666697e+03
1.733395833333333258e+03
2.026724999999999909e+03
2.972841666666666697e+03
2.235787499999999909e+03
2.574983333333333121e+03
4.669883333333333212e+03
4.244287500000000364e+03
4.049091666666666697e+03
6.839445833333333212e+03
4.728545833333333576e+03
1.884862499999999955e+03
3.737633333333333212e+03
1.535000000000000000e+03
2.313654166666666697e+03
2.061925000000000182e+03
3.572300000000000182e+03
2.723245833333333394e+03
4.142958333333333030e+03
4.798945833333333212e+03
6.369054166666666788e+03
3.668295833333333121e+03
3.293904166666666697e+03
2.905641666666666879e+03
3.798429166666666788e+03
4.045891666666666879e+03
3.852824999999999818e+03
4.062954166666666879e+03
2.404316666666666606e+03
2.917375000000000000e+03
2.897108333333333121e+03
4.170687500000000000e+03
3.522166666666666515e+03
5.988258333333333212e+03
8.233558333333332484e+03
6.354116666666666788e+03
5.851725000000000364e+03
4.276283333333333758e+03
7.413300000000000182e+03
7.580762499999999818e+03
8.943941666666667516e+03
7.818625000000000000e+03
9.769529166666667152e+03
5.975454166666666424e+03
6.327449999999999818e+03
1.071564583333333394e+04
6.991970833333333758e+03
8.855408333333332848e+03
1.170336249999999927e+04
1.635609166666666715e+04
1.154870000000000073e+04
1.286494583333333321e+04
1.574063333333333321e+04
1.199029166666666606e+04
1.862698749999999927e+04
2.632713333333333503e+04
2.977987916666666570e+04
3.081452916666666715e+04
3.101825833333333503e+04
3.143745416666666642e+04
2.419809999999999854e+04
2.895002500000000146e+04
2.417463333333333503e+04
2.603060416666666788e+04
3.326142500000000291e+04
3.242943750000000000e+04
3.215744166666666570e+04
3.346408750000000146e+04
2.949508333333333212e+04
3.878880416666666861e+04
3.878880416666666861e+04
5.235426666666667006e+04
5.346466666666666424e+04
5.453026666666667006e+04
5.573559999999999854e+04
5.724066666666666424e+04
5.825613333333333139e+04
5.960226666666667006e+04
6.058466666666666424e+04
6.153613333333333139e+04
6.248653333333333285e+04
6.315319999999999709e+04
6.173137083333333430e+04
5.875328749999999854e+04
4.736787083333333430e+04
2.638259999999999854e+04
2.036029583333333358e+04
8.117287500000000364e+03
4.617612500000000182e+03
6.164254166666666606e+03
4.794679166666666788e+03
3.222437500000000000e+03
2.813912499999999909e+03
2.052324999999999818e+03
2.432050000000000182e+03
3.592566666666666606e+03
4.937612500000000182e+03
5.531733333333333576e+03
7.438904166666666242e+03
7.025041666666666970e+03
1.403399583333333248e+04
1.426865833333333285e+04
2.267279166666666788e+04
3.271423333333333358e+04
3.580644999999999709e+04
4.273327500000000146e+04
4.943823333333332994e+04
5.260725000000000000e+04
6.052712500000000000e+04
5.834049166666666861e+04
5.966313749999999709e+04
6.035219166666666570e+04
6.182096666666666715e+04
6.157137083333333430e+04
6.352759999999999854e+04
6.317666666666666424e+04
6.310626666666667006e+04
6.293559999999999854e+04
6.272013333333333139e+04
6.260280000000000291e+04
6.229346666666666715e+04
6.204173333333332994e+04
6.184119999999999709e+04
6.163959999999999854e+04
6.153186666666666861e+04
6.134946666666666715e+04
6.112546666666666715e+04
6.100280000000000291e+04
6.088546666666666715e+04
6.086413333333333139e+04
6.062626666666667006e+04
6.041293333333333430e+04
6.051746666666666715e+04
6.046733333333333576e+04
6.031480000000000291e+04
6.017186666666666861e+04
6.026253333333333285e+04
6.012173333333332994e+04
5.982306666666666570e+04
5.964919999999999709e+04
5.951373333333332994e+04
5.947213333333333139e+04
5.923533333333333576e+04
5.927159999999999854e+04
5.910519999999999709e+04
5.891746666666666715e+04
5.886946666666666715e+04
5.883426666666667006e+04
5.883213333333333139e+04
5.857400000000000000e+04
5.862519999999999709e+04
5.856653333333333285e+04
5.826680000000000291e+04
5.848440000000000146e+04
5.837453333333333285e+04
5.793400000000000000e+04
5.830626666666667006e+04
5.847906666666666570e+04
5.867106666666666570e+04
5.833826666666667006e+04
5.844493333333333430e+04
5.838413333333333139e+04
5.832653333333333285e+04
5.845559999999999854e+04
5.836919999999999709e+04
5.827853333333333285e+04
5.815906666666666570e+04
5.820493333333333430e+04
5.815266666666666424e+04
5.826786666666666861e+04
5.811533333333333576e+04
5.792759999999999854e+04
5.798733333333333576e+04
5.757240000000000146e+04
5.794893333333333430e+04
5.816013333333333139e+04
5.786146666666666715e+04
5.772813333333333139e+04
5.761506666666666570e+04
5.754680000000000291e+04
5.739959999999999854e+04
5.724919999999999709e+04
5.728013333333333139e+04
5.715959999999999854e+04
5.710840000000000146e+04
5.722146666666666715e+04
5.709133333333333576e+04
5.717453333333333285e+04
5.709559999999999854e+04
5.674466666666666424e+04
5.684386666666666861e+04
5.676280000000000291e+04
5.659746666666666715e+04
5.665506666666666570e+04
5.672226666666667006e+04
5.658893333333333430e+04
5.662840000000000146e+04
5.659426666666667006e+04
5.662733333333333576e+04
5.663373333333332994e+04
5.651426666666667006e+04
5.625826666666667006e+04
5.638626666666667006e+04
5.641293333333333430e+04
5.615800000000000000e+04
5.634466666666666424e+04
5.628493333333333430e+04
5.628173333333332994e+04
5.620706666666666570e+04
5.626359999999999854e+04
5.622733333333333576e+04
5.625293333333333430e+04
5.592119999999999709e+04
5.610466666666666424e+04
5.584653333333333285e+04
5.592866666666666424e+04
5.575266666666666424e+04
5.548919999999999709e+04
5.631586666666666861e+04
5.574306666666666570e+04
5.558200000000000000e+04
5.549346666666666715e+04
5.543159999999999854e+04
5.538573333333332994e+04
5.546786666666666861e+04
5.555000000000000000e+04
5.541026666666667006e+04
5.525453333333333285e+04
5.529719999999999709e+04
5.508813333333333139e+04
5.519266666666666424e+04
5.529186666666666861e+04
5.512013333333333139e+04
5.513186666666666861e+04
5.515106666666666570e+04
5.523959999999999854e+04
5.502946666666666715e+04
5.494413333333333139e+04
5.507640000000000146e+04
5.496759999999999854e+04
5.491533333333333576e+04
5.481613333333333139e+04
5.493240000000000146e+04
5.489826666666667006e+04
5.498359999999999854e+04
5.465506666666666570e+04
5.400546666666666715e+04
5.122466666666666424e+04
5.108386666666666861e+04
5.108386666666666861e+04
5.109346666666666715e+04
5.090466666666666424e+04
5.099533333333333576e+04
5.074040000000000146e+04
5.085773333333332994e+04
5.108386666666666861e+04
5.116386666666666861e+04
5.122146666666666715e+04
5.142306666666666570e+04
5.142519999999999709e+04
5.146893333333333430e+04
5.153613333333333139e+04
5.154146666666666715e+04
5.147533333333333576e+04
5.163746666666666715e+04
5.162146666666666715e+04
5.171533333333333576e+04
5.172280000000000291e+04
5.182093333333333430e+04
5.186146666666666715e+04
5.186146666666666715e+04
5.185293333333333430e+04
5.184119999999999709e+04
5.163319999999999709e+04
5.185400000000000000e+04
5.171853333333333285e+04
5.209400000000000000e+04
5.195746666666666715e+04
5.190519999999999709e+04
5.187746666666666715e+04
5.196066666666666424e+04
5.199906666666666570e+04
5.201293333333333430e+04
5.199800000000000000e+04
5.196919999999999709e+04
5.184973333333332994e+04
5.188386666666666861e+04
5.177826666666667006e+04
5.182413333333333139e+04
5.190093333333333430e+04
5.188600000000000000e+04
5.172600000000000000e+04
5.167586666666666861e+04
5.163319999999999709e+04
5.174946666666666715e+04
5.193400000000000000e+04
5.165453333333333285e+04
5.166413333333333139e+04
5.160119999999999709e+04
5.149880000000000291e+04
5.148600000000000000e+04
5.132706666666666570e+04
5.148280000000000291e+04
5.151586666666666861e+04
5.152546666666666715e+04
5.164706666666666570e+04
5.175480000000000291e+04
5.182413333333333139e+04
5.168013333333333139e+04
5.164600000000000000e+04
5.173346666666666715e+04
5.175053333333333285e+04
5.174946666666666715e+04
5.178253333333333285e+04
5.171106666666666570e+04
5.159053333333333285e+04
5.167373333333332994e+04
5.162146666666666715e+04
5.165133333333333576e+04
5.155533333333333576e+04
5.150840000000000146e+04
5.155959999999999854e+04
5.170573333333332994e+04
5.155319999999999709e+04
5.157666666666666424e+04
5.160013333333333139e+04
5.161186666666666861e+04
5.169613333333333139e+04
5.164386666666666861e+04
5.170680000000000291e+04
5.167053333333333285e+04
5.227853333333333285e+04
5.171533333333333576e+04
5.177080000000000291e+04
5.184546666666666715e+04
5.187533333333333576e+04
5.176973333333332994e+04
5.165133333333333576e+04
5.165986666666666861e+04
5.157773333333332994e+04
5.171426666666667006e+04
5.196280000000000291e+04
5.189773333333332994e+04
5.197346666666666715e+04
5.188813333333333139e+04
5.146466666666666424e+04
5.163426666666667006e+04
5.164173333333332994e+04
5.165773333333332994e+04
5.161186666666666861e+04
5.157346666666666715e+04
5.146893333333333430e+04
5.189986666666666861e+04
5.221453333333333285e+04
5.220493333333333430e+04
5.237133333333333576e+04
5.273400000000000000e+04
5.275959999999999854e+04
5.289506666666666570e+04
5.301880000000000291e+04
5.304653333333333285e+04
5.306146666666666715e+04
5.307000000000000000e+04
5.331319999999999709e+04
5.322359999999999854e+04
5.340600000000000000e+04
5.325453333333333285e+04
5.299000000000000000e+04
5.322573333333332994e+04
5.316813333333333139e+04
5.316706666666666570e+04
5.304653333333333285e+04
5.310519999999999709e+04
5.316173333333332994e+04
5.329613333333333139e+04
5.319480000000000291e+04
5.314893333333333430e+04
5.318306666666666570e+04
5.325880000000000291e+04
5.326413333333333139e+04
5.343373333333332994e+04
5.335693333333333430e+04
5.342413333333333139e+04
5.338040000000000146e+04
5.327266666666666424e+04
5.329933333333333576e+04
5.320226666666667006e+04
5.309026666666667006e+04
5.302413333333333139e+04
5.293453333333333285e+04
5.307000000000000000e+04
5.274680000000000291e+04
5.306253333333333285e+04
5.278840000000000146e+04
5.294413333333333139e+04
5.269026666666667006e+04
5.280440000000000146e+04
5.303800000000000000e+04
5.261666666666666424e+04
5.261346666666666715e+04
5.259533333333333576e+04
5.268493333333333430e+04
5.288759999999999854e+04
5.288546666666666715e+04
5.318200000000000000e+04
5.308280000000000291e+04
5.314253333333333285e+04
5.288440000000000146e+04
5.310093333333333430e+04
5.331426666666667006e+04
5.333133333333333576e+04
5.309773333333332994e+04
5.286946666666666715e+04
5.288973333333332994e+04
5.318413333333333139e+04
5.303693333333333430e+04
5.315319999999999709e+04
5.309133333333333576e+04
5.294946666666666715e+04
5.304759999999999854e+04
5.305613333333333139e+04
5.305186666666666861e+04
5.282573333333332994e+04
5.294946666666666715e+04
5.262093333333333430e+04
5.263480000000000291e+04
5.266359999999999854e+04
5.285026666666667006e+04
5.287053333333333285e+04
5.291853333333333285e+04
5.276813333333333139e+04
5.270200000000000000e+04
5.252386666666666861e+04
5.277986666666666861e+04
5.265400000000000000e+04
5.244280000000000291e+04
5.248866666666666424e+04
5.247586666666666861e+04
5.230946666666666715e+04
5.234466666666666424e+04
5.245986666666666861e+04
5.244706666666666570e+04
5.223693333333333430e+04
5.216226666666667006e+04
5.210573333333332994e+04
5.217506666666666570e+04
5.201293333333333430e+04
5.221346666666666715e+04
5.222733333333333576e+04
5.190626666666667006e+04
5.216973333333332994e+04
5.246306666666666570e+04
5.243533333333333576e+04
5.266253333333333285e+04
5.276813333333333139e+04
5.271800000000000000e+04
5.280226666666667006e+04
5.276493333333333430e+04
5.293240000000000146e+04
5.277559999999999854e+04
5.282786666666666861e+04
5.266040000000000146e+04
5.273293333333333430e+04
4.611533333333333576e+04
4.695800000000000000e+04
4.834146666666666715e+04
4.948493333333333430e+04
5.070093333333333430e+04
5.216546666666666715e+04
5.332066666666666424e+04
5.457613333333333139e+04
5.576440000000000146e+04
5.674893333333333430e+04
5.740813333333333139e+04
5.832119999999999709e+04
5.907213333333333139e+04
5.983159999999999854e+04
6.032119999999999709e+04
6.060919999999999709e+04
6.090466666666666424e+04
6.111373333333332994e+04
6.107426666666667006e+04
6.145719999999999709e+04
6.151053333333333285e+04
6.163213333333333139e+04
6.164706666666666570e+04
6.150200000000000000e+04
6.165240000000000146e+04
6.175266666666666424e+04
6.154573333333332994e+04
6.152759999999999854e+04
6.163853333333333285e+04
6.136440000000000146e+04
6.124919999999999709e+04
6.118733333333333576e+04
6.106786666666666861e+04
6.065400000000000000e+04
6.054733333333333576e+04
6.029133333333333576e+04
6.027213333333333139e+04
6.020280000000000291e+04
6.003106666666666570e+04
5.984226666666667006e+04
5.973240000000000146e+04
5.945400000000000000e+04
5.939319999999999709e+04
5.911480000000000291e+04
5.896333333333333576e+04
5.877880000000000291e+04
5.875106666666666570e+04
5.817933333333333576e+04
5.815159999999999854e+04
5.784119999999999709e+04
5.757240000000000146e+04
5.752759999999999854e+04
5.727373333333332994e+04
5.697826666666667006e+04
5.683959999999999854e+04
5.678946666666666715e+04
5.657080000000000291e+04
5.629986666666666861e+04
5.616653333333333285e+04
5.598519999999999709e+04
5.596919999999999709e+04
5.568119999999999709e+04
5.579959999999999854e+04
5.558733333333333576e+04
5.559266666666666424e+04
5.532706666666666570e+04
5.544973333333332994e+04
5.501453333333333285e+04
5.521826666666667006e+04
5.492813333333333139e+04
5.482680000000000291e+04
5.470946666666666715e+04
5.451640000000000146e+04
5.443640000000000146e+04
5.418893333333333430e+04
5.396493333333333430e+04
5.414093333333333430e+04
5.384759999999999854e+04
5.361506666666666570e+04
5.355000000000000000e+04
5.364600000000000000e+04
5.368226666666667006e+04
5.338893333333333430e+04
5.363959999999999854e+04
5.330680000000000291e+04
5.346359999999999854e+04
5.356600000000000000e+04
5.365986666666666861e+04
5.358200000000000000e+04
5.391586666666666861e+04
5.365240000000000146e+04
5.368653333333333285e+04
5.368973333333332994e+04
5.372600000000000000e+04
5.376226666666667006e+04
5.364386666666666861e+04
5.346573333333332994e+04
5.363106666666666570e+04
5.353933333333333576e+04
5.367906666666666570e+04
5.377506666666666570e+04
5.390306666666666570e+04
5.360653333333333285e+04
5.345400000000000000e+04
5.378786666666666861e+04
5.348066666666666424e+04
5.351373333333332994e+04
5.360866666666666424e+04
5.342840000000000146e+04
5.349133333333333576e+04
5.336653333333333285e+04
5.347319999999999709e+04
5.322146666666666715e+04
5.328546666666666715e+04
5.313826666666667006e+04
5.329933333333333576e+04
5.312333333333333576e+04
5.271053333333333285e+04
5.282680000000000291e+04
5.273080000000000291e+04
5.283000000000000000e+04
5.267746666666666715e+04
5.248546666666666715e+04
5.267640000000000146e+04
5.251853333333333285e+04
5.254093333333333430e+04
5.252919999999999709e+04
5.224866666666666424e+04
5.216440000000000146e+04
5.234359999999999854e+04
5.208973333333332994e+04
5.205453333333333285e+04
5.190200000000000000e+04
5.183906666666666570e+04
5.178040000000000146e+04
5.176440000000000146e+04
5.205559999999999854e+04
5.184759999999999854e+04
5.198946666666666715e+04
5.184440000000000146e+04
5.202680000000000291e+04
5.189133333333333576e+04
5.204706666666666570e+04
5.186253333333333285e+04
5.186359999999999854e+04
5.190733333333333576e+04
5.191053333333333285e+04
5.168973333333332994e+04
5.176119999999999709e+04
5.178040000000000146e+04
5.179746666666666715e+04
5.182626666666667006e+04
5.178466666666666424e+04
5.182840000000000146e+04
5.178786666666666861e+04
5.177826666666667006e+04
5.192226666666667006e+04
5.176013333333333139e+04
5.198306666666666570e+04
5.175159999999999854e+04
5.188280000000000291e+04
5.177506666666666570e+04
5.174946666666666715e+04
5.173880000000000291e+04
5.165559999999999854e+04
5.180706666666666570e+04
5.189666666666666424e+04
5.139959999999999854e+04
5.165240000000000146e+04
5.185719999999999709e+04
5.165133333333333576e+04
5.209933333333333576e+04
5.165240000000000146e+04
5.161400000000000000e+04
5.163000000000000000e+04
5.164706666666666570e+04
5.159906666666666570e+04
5.148600000000000000e+04
5.156600000000000000e+04
5.157026666666667006e+04
5.138680000000000291e+04
5.153826666666667006e+04
5.155533333333333576e+04
5.144866666666666424e+04
5.161293333333333430e+04
5.159800000000000000e+04
5.178466666666666424e+04
5.181880000000000291e+04
5.167159999999999854e+04
5.164919999999999709e+04
5.156493333333333430e+04
5.149453333333333285e+04
5.150733333333333576e+04
5.166733333333333576e+04
5.139533333333333576e+04
5.145506666666666570e+04
5.153293333333333430e+04
5.199693333333333430e+04
5.177400000000000000e+04
5.161186666666666861e+04
5.136759999999999854e+04
5.164919999999999709e+04
5.143480000000000291e+04
5.145186666666666861e+04
5.136546666666666715e+04
5.123213333333333139e+04
5.141559999999999854e+04
5.146040000000000146e+04
5.123106666666666570e+04
5.138040000000000146e+04
5.165986666666666861e+04
5.144333333333333576e+04
5.142626666666667006e+04
5.141666666666666424e+04
5.153293333333333430e+04
5.154359999999999854e+04
5.144440000000000146e+04
5.134946666666666715e+04
5.132280000000000291e+04
5.118200000000000000e+04
5.132493333333333430e+04
5.129933333333333576e+04
5.121400000000000000e+04
5.120333333333333576e+04
5.116813333333333139e+04
5.125346666666666715e+04
5.128973333333332994e+04
5.125026666666667006e+04
5.103586666666666861e+04
5.101346666666666715e+04
5.100706666666666570e+04
5.086519999999999709e+04
5.103266666666666424e+04
5.138146666666666715e+04
5.136013333333333139e+04
5.127159999999999854e+04
5.129719999999999709e+04
5.126519999999999709e+04
5.120653333333333285e+04
5.133880000000000291e+04
5.130040000000000146e+04
5.140706666666666570e+04
5.123213333333333139e+04
5.119266666666666424e+04
5.119480000000000291e+04
5.129080000000000291e+04
5.116493333333333430e+04
5.130359999999999854e+04
5.118946666666666715e+04
5.122573333333332994e+04
5.110306666666666570e+04
5.119693333333333430e+04
5.121506666666666570e+04
5.101026666666667006e+04
5.116919999999999709e+04
5.111053333333333285e+04
5.115853333333333285e+04
5.128226666666667006e+04
5.137613333333333139e+04
5.107213333333333139e+04
5.117453333333333285e+04
5.122893333333333430e+04
5.105613333333333139e+04
5.105613333333333139e+04
5.113293333333333430e+04
5.111373333333332994e+04
5.111480000000000291e+04
5.114893333333333430e+04
5.109346666666666715e+04
5.124600000000000000e+04
5.106466666666666424e+04
5.107000000000000000e+04
5.116600000000000000e+04
5.130680000000000291e+04
5.094733333333333576e+04
5.113506666666666570e+04
5.112759999999999854e+04
5.094946666666666715e+04
5.104119999999999709e+04
5.093773333333332994e+04
5.090040000000000146e+04
5.105933333333333576e+04
5.126519999999999709e+04
5.135586666666666861e+04
5.154893333333333430e+04
5.154466666666666424e+04
5.142626666666667006e+04
5.159693333333333430e+04
5.146146666666666715e+04
5.160333333333333576e+04
5.181133333333333576e+04
5.165986666666666861e+04
5.155319999999999709e+04
5.175480000000000291e+04
5.176653333333333285e+04
5.164706666666666570e+04
5.189133333333333576e+04
5.176226666666667006e+04
5.170146666666666715e+04
5.154893333333333430e+04
5.149880000000000291e+04
5.161293333333333430e+04
5.160013333333333139e+04
5.146146666666666715e+04
5.159373333333332994e+04
5.168759999999999854e+04
5.168973333333332994e+04
5.169400000000000000e+04
5.170893333333333430e+04
5.169826666666667006e+04
5.165133333333333576e+04
5.169613333333333139e+04
5.169933333333333576e+04
5.158413333333333139e+04
5.182626666666667006e+04
5.171640000000000146e+04
5.177933333333333576e+04
5.163426666666667006e+04
5.157453333333333285e+04
5.171533333333333576e+04
5.178466666666666424e+04
5.181986666666666861e+04
5.168759999999999854e+04
5.157133333333333576e+04
5.187106666666666570e+04
5.194253333333333285e+04
5.164280000000000291e+04
5.152333333333333576e+04
5.154893333333333430e+04
5.154786666666666861e+04
5.169613333333333139e+04
5.162359999999999854e+04
5.173986666666666861e+04
5.186573333333332994e+04
5.188066666666666424e+04
5.175906666666666570e+04
5.168973333333332994e+04
5.193186666666666861e+04
5.192226666666667006e+04
5.183266666666666424e+04
5.195106666666666570e+04
5.165346666666666715e+04
5.163000000000000000e+04
5.156493333333333430e+04
5.140706666666666570e+04
5.119480000000000291e+04
5.126306666666666570e+04
5.115000000000000000e+04
5.099213333333333139e+04
5.093773333333332994e+04
5.078519999999999709e+04
5.081826666666667006e+04
5.089400000000000000e+04
5.076066666666666424e+04
5.073719999999999709e+04
5.029240000000000146e+04
4.813666666666666424e+04
4.628600000000000000e+04
4.512440000000000146e+04
4.427106666666666570e+04
4.396813333333333139e+04
4.414840000000000146e+04
4.421453333333333285e+04
4.461026666666667006e+04
4.493133333333333576e+04
4.565773333333332994e+04
4.630840000000000146e+04
4.748813333333333139e+04
4.801719999999999709e+04
4.927906666666666570e+04
5.006626666666667006e+04
5.109346666666666715e+04
5.229346666666666715e+04
5.356280000000000291e+04
5.471053333333333285e+04
5.523533333333333576e+04
5.659853333333333285e+04
5.757773333333332994e+04
5.840653333333333285e+04
5.963746666666666715e+04
6.066466666666666424e+04
6.152226666666667006e+04
6.268066666666666424e+04
5.964179583333332994e+04
4.962702916666666715e+04
2.511648749999999927e+04
5.880524999999999636e+03
5.880524999999999636e+03
3.609393333333333430e+04
3.826246666666666715e+04
4.040113333333333139e+04
4.355206666666666570e+04
4.626459999999999854e+04
4.817926666666667006e+04
5.033073333333332994e+04
5.195100000000000000e+04
5.295900000000000000e+04
5.426353333333333285e+04
5.550940000000000146e+04
5.634459999999999854e+04
5.697073333333332994e+04
5.738459999999999854e+04
5.764486666666666861e+04
5.802033333333333576e+04
5.838300000000000000e+04
5.861019999999999709e+04
5.870300000000000000e+04
5.880113333333333139e+04
5.875313333333333139e+04
5.896433333333333576e+04
5.901340000000000146e+04
5.876913333333333139e+04
5.884913333333333139e+04
5.880540000000000146e+04
5.859313333333333139e+04
5.834673333333332994e+04
5.852486666666666861e+04
5.847686666666666861e+04
5.874033333333333576e+04
5.862726666666667006e+04
5.859740000000000146e+04
5.834566666666666424e+04
5.845340000000000146e+04
5.840859999999999854e+04
5.816859999999999854e+04
5.791686666666666861e+04
5.797019999999999709e+04
5.760966666666666424e+04
5.763953333333333285e+04
5.763953333333333285e+04
4.332380000000000291e+04
4.574086666666666861e+04
4.735793333333333430e+04
4.963313333333333139e+04
5.154459999999999854e+04
5.339953333333333285e+04
5.475419999999999709e+04
5.592859999999999854e+04
5.680433333333333576e+04
5.738353333333333285e+04
5.785926666666667006e+04
5.800859999999999854e+04
5.821553333333333285e+04
5.857926666666667006e+04
5.848326666666667006e+04
5.839259999999999854e+04
5.833286666666666861e+04
5.826780000000000291e+04
5.790940000000000146e+04
5.773980000000000291e+04
5.739740000000000146e+04
5.706886666666666861e+04
5.679686666666666861e+04
5.666673333333332994e+04
5.637233333333333576e+04
5.609713333333333139e+04
5.561180000000000291e+04
5.526833333333333576e+04
5.480966666666666424e+04
5.434246666666666715e+04
5.383366666666666424e+04
5.406513333333333139e+04
5.404700000000000000e+04
5.363953333333333285e+04
5.346993333333333430e+04
5.364380000000000291e+04
5.336433333333333576e+04
5.296219999999999709e+04
5.279686666666666861e+04
5.247580000000000291e+04
5.231153333333333285e+04
5.241713333333333139e+04
5.214726666666667006e+04
5.181233333333333576e+04
5.210993333333333430e+04
5.192753333333333285e+04
5.183153333333333285e+04
5.215153333333333285e+04
5.224646666666666715e+04
5.213659999999999854e+04
5.232966666666666424e+04
5.219953333333333285e+04
5.226246666666666715e+04
5.226566666666666424e+04
5.225713333333333139e+04
5.222513333333333139e+04
5.232540000000000146e+04
5.226566666666666424e+04
5.243740000000000146e+04
5.231900000000000000e+04
5.242459999999999854e+04
5.224006666666666570e+04
5.214726666666667006e+04
5.171526666666667006e+04
5.188380000000000291e+04
5.180059999999999854e+04
5.176646666666666715e+04
5.167793333333333430e+04
5.157126666666667006e+04
5.152326666666667006e+04
5.139206666666666570e+04
5.157446666666666715e+04
5.153073333333332994e+04
5.155419999999999709e+04
5.163740000000000146e+04
5.154459999999999854e+04
5.180486666666666861e+04
5.152326666666667006e+04
5.154673333333332994e+04
5.160006666666666570e+04
5.156273333333332994e+04
5.180166666666666424e+04
5.167259999999999854e+04
5.171740000000000146e+04
5.177713333333333139e+04
5.177606666666666570e+04
5.171526666666667006e+04
5.182619999999999709e+04
5.167900000000000000e+04
5.164166666666666424e+04
5.158726666666667006e+04
5.179313333333333139e+04
5.167153333333333285e+04
5.166619999999999709e+04
5.152326666666667006e+04
5.158513333333333139e+04
5.175900000000000000e+04
5.177926666666667006e+04
5.193500000000000000e+04
5.167259999999999854e+04
5.166940000000000146e+04
5.197980000000000291e+04
5.173233333333333576e+04
5.168753333333333285e+04
5.168646666666666715e+04
5.152540000000000146e+04
5.150833333333333576e+04
5.152540000000000146e+04
5.135046666666666715e+04
5.140273333333332994e+04
5.146886666666666861e+04
5.164166666666666424e+04
5.128326666666667006e+04
5.139740000000000146e+04
5.106459999999999854e+04
5.128219999999999709e+04
5.175046666666666715e+04
5.157019999999999709e+04
5.143259999999999854e+04
5.132273333333332994e+04
5.139740000000000146e+04
5.124913333333333139e+04
5.127046666666666715e+04
5.135046666666666715e+04
5.142619999999999709e+04
5.145393333333333430e+04
5.151259999999999854e+04
5.138993333333333430e+04
5.109873333333332994e+04
5.130993333333333430e+04
5.105713333333333139e+04
5.107100000000000000e+04
5.096326666666667006e+04
5.121926666666667006e+04
5.116166666666666424e+04
5.105819999999999709e+04
5.120113333333333139e+04
5.106993333333333430e+04
5.096646666666666715e+04
5.083206666666666570e+04
5.077873333333332994e+04
5.073713333333333139e+04
5.086193333333333430e+04
5.098353333333333285e+04
5.103259999999999854e+04
5.117766666666666424e+04
5.139419999999999709e+04
5.119580000000000291e+04
5.112113333333333139e+04
5.103473333333332994e+04
5.106886666666666861e+04
5.108593333333333430e+04
5.113819999999999709e+04
5.136753333333333285e+04
5.162886666666666861e+04
5.124059999999999854e+04
5.093340000000000146e+04
5.109553333333333285e+04
5.091526666666667006e+04
5.093340000000000146e+04
5.094300000000000000e+04
5.113606666666666570e+04
5.092913333333333139e+04
5.130566666666666424e+04
5.090353333333333285e+04
5.080006666666666570e+04
5.090566666666666424e+04
5.116380000000000291e+04
5.117873333333332994e+04
5.100806666666666570e+04
5.117659999999999854e+04
5.107526666666667006e+04
5.120753333333333285e+04
5.120006666666666570e+04
5.126833333333333576e+04
5.116700000000000000e+04
5.123526666666667006e+04
5.116913333333333139e+04
5.147526666666667006e+04
5.118940000000000146e+04
5.117659999999999854e+04
5.124380000000000291e+04
5.122140000000000146e+04
5.143366666666666424e+04
5.147846666666666715e+04
5.137180000000000291e+04
5.117340000000000146e+04
5.109980000000000291e+04
5.114673333333332994e+04
5.106140000000000146e+04
5.088113333333333139e+04
5.058673333333332994e+04
5.072433333333333576e+04
5.054086666666666861e+04
5.076486666666666861e+04
5.069980000000000291e+04
5.066353333333333285e+04
5.047900000000000000e+04
5.064966666666666424e+04
5.075526666666667006e+04
5.095046666666666715e+04
5.106246666666666715e+04
5.093019999999999709e+04
5.100273333333332994e+04
5.089180000000000291e+04
5.086300000000000000e+04
5.117340000000000146e+04
5.098353333333333285e+04
5.097713333333333139e+04
5.091846666666666715e+04
5.091313333333333139e+04
5.109980000000000291e+04
5.075633333333333576e+04
5.102193333333333430e+04
5.110300000000000000e+04
5.110406666666666570e+04
5.100913333333333139e+04
5.076593333333333430e+04
5.055046666666666715e+04
5.086086666666666861e+04
5.086086666666666861e+04
5.078619999999999709e+04
5.105606666666666570e+04
5.079686666666666861e+04
5.061340000000000146e+04
5.080966666666666424e+04
5.089286666666666861e+04
5.077233333333333576e+04
5.089500000000000000e+04
5.121180000000000291e+04
5.088966666666666424e+04
5.095046666666666715e+04
5.103366666666666424e+04
5.079686666666666861e+04
5.072326666666667006e+04
5.059526666666667006e+04
5.062833333333333576e+04
5.053126666666667006e+04
5.037873333333332994e+04
5.029340000000000146e+04
5.029659999999999854e+04
5.023580000000000291e+04
5.008326666666667006e+04
5.042033333333333576e+04
5.085553333333333285e+04
5.114459999999999854e+04
5.108380000000000291e+04
5.142193333333333430e+04
5.147526666666667006e+04
5.152966666666666424e+04
5.165340000000000146e+04
5.173659999999999854e+04
5.195740000000000146e+04
5.189233333333333576e+04
5.176646666666666715e+04
5.200113333333333139e+04
5.191046666666666715e+04
5.202033333333333576e+04
5.204273333333332994e+04
5.193500000000000000e+04
5.204913333333333139e+04
5.239900000000000000e+04
5.204806666666666570e+04
5.196059999999999854e+04
5.200219999999999709e+04
5.198193333333333430e+04
5.211100000000000000e+04
5.227419999999999709e+04
5.215366666666666424e+04
5.225073333333332994e+04
5.227100000000000000e+04
5.236700000000000000e+04
5.246513333333333139e+04
5.221233333333333576e+04
5.239153333333333285e+04
5.236700000000000000e+04
5.226780000000000291e+04
5.216966666666666424e+04
5.237659999999999854e+04
5.210886666666666861e+04
5.201500000000000000e+04
5.229446666666666715e+04
5.206086666666666861e+04
5.209606666666666570e+04
5.208540000000000146e+04
5.205553333333333285e+04
5.189873333333332994e+04
5.189446666666666715e+04
5.172806666666666570e+04
5.187633333333333576e+04
5.187100000000000000e+04
5.175900000000000000e+04
5.159580000000000291e+04
5.164166666666666424e+04
5.192753333333333285e+04
5.198086666666666861e+04
5.192753333333333285e+04
5.221126666666667006e+04
5.210459999999999854e+04
5.211633333333333576e+04
5.204166666666666424e+04
5.208219999999999709e+04
5.236593333333333430e+04
5.202993333333333430e+04
5.181659999999999854e+04
5.178353333333333285e+04
5.198940000000000146e+04
5.175366666666666424e+04
5.190300000000000000e+04
5.189873333333332994e+04
5.180913333333333139e+04
5.192006666666666570e+04
5.174300000000000000e+04
5.178246666666666715e+04
5.158193333333333430e+04
5.184326666666667006e+04
5.161286666666666861e+04
5.167580000000000291e+04
5.153180000000000291e+04
5.146353333333333285e+04
5.159686666666666861e+04
5.141873333333332994e+04
5.159153333333333285e+04
5.164380000000000291e+04
5.160540000000000146e+04
5.165446666666666715e+04
5.138246666666666715e+04
5.151366666666666424e+04
5.158406666666666570e+04
5.142833333333333576e+04
5.155953333333333285e+04
5.148166666666666424e+04
5.148486666666666861e+04
5.125766666666666424e+04
5.127686666666666861e+04
5.163953333333333285e+04
5.126193333333333430e+04
5.140273333333332994e+04
5.146246666666666715e+04
5.125340000000000146e+04
5.117659999999999854e+04
5.146886666666666861e+04
5.139846666666666715e+04
5.169073333333332994e+04
5.185500000000000000e+04
5.191046666666666715e+04
5.180166666666666424e+04
5.209500000000000000e+04
5.210140000000000146e+04
5.177713333333333139e+04
5.199473333333332994e+04
5.181980000000000291e+04
5.182193333333333430e+04
5.167793333333333430e+04
5.200753333333333285e+04
5.180273333333332994e+04
5.199793333333333430e+04
5.196486666666666861e+04
5.197553333333333285e+04
5.187526666666667006e+04
5.180166666666666424e+04
5.181019999999999709e+04
5.164806666666666570e+04
5.185073333333332994e+04
5.176859999999999854e+04
5.171206666666666570e+04
5.191046666666666715e+04
5.168433333333333576e+04
5.158193333333333430e+04
5.156273333333332994e+04
5.127046666666666715e+04
5.139846666666666715e+04
5.138459999999999854e+04
5.135153333333333285e+04
5.119259999999999854e+04
5.137926666666667006e+04
5.132806666666666570e+04
5.134193333333333430e+04
5.146780000000000291e+04
5.140273333333332994e+04
5.120219999999999709e+04
5.122993333333333430e+04
5.127259999999999854e+04
5.134406666666666570e+04
5.127580000000000291e+04
5.138140000000000146e+04
5.133766666666666424e+04
5.133446666666666715e+04
5.148166666666666424e+04
5.136646666666666715e+04
5.140166666666666424e+04
5.149873333333332994e+04
4.877766666666666424e+04
5.033393333333333430e+04
5.261446666666666715e+04
5.457926666666667006e+04
5.659206666666666570e+04
5.841500000000000000e+04
6.040219999999999709e+04
6.130780000000000291e+04
6.083529166666666424e+04
5.867213333333333139e+04
5.748495833333333576e+04
5.165359166666666715e+04
5.250691249999999854e+04
4.852724583333333430e+04
4.660300833333333139e+04
4.761845833333333576e+04
4.766859166666666715e+04
5.011975000000000000e+04
5.772602500000000146e+04
5.691857083333333139e+04
6.215261666666666861e+04
6.182408333333333576e+04
6.241393333333333430e+04
6.200540416666666715e+04
6.180380416666666861e+04
6.193819999999999709e+04
6.159900000000000000e+04
6.124593333333333430e+04
6.060273333333332994e+04
6.032006666666666570e+04
5.990406666666666570e+04
5.983900000000000000e+04
5.974300000000000000e+04
5.918193333333333430e+04
5.877659999999999854e+04
5.831473333333332994e+04
5.833393333333333430e+04
5.805873333333332994e+04
5.800859999999999854e+04
5.762673333333332994e+04
5.766193333333333430e+04
5.768219999999999709e+04
5.738886666666666861e+04
5.724380000000000291e+04
5.709873333333332994e+04
5.699633333333333576e+04
5.685980000000000291e+04
5.701233333333333576e+04
5.687686666666666861e+04
5.694086666666666861e+04
5.712219999999999709e+04
5.688433333333333576e+04
5.656966666666666424e+04
5.671580000000000291e+04
5.673286666666666861e+04
5.670833333333333576e+04
5.656646666666666715e+04
5.644166666666666424e+04
5.657819999999999709e+04
5.661659999999999854e+04
5.670086666666666861e+04
5.643313333333333139e+04
5.664113333333333139e+04
5.676806666666666570e+04
5.691633333333333576e+04
5.672753333333333285e+04
5.682993333333333430e+04
5.657713333333333139e+04
5.650353333333333285e+04
5.647259999999999854e+04
5.642566666666666424e+04
5.622940000000000146e+04
5.640966666666666424e+04
5.669553333333333285e+04
5.660700000000000000e+04
5.666033333333333576e+04
5.652166666666666424e+04
5.659740000000000146e+04
5.648113333333333139e+04
5.661659999999999854e+04
5.650459999999999854e+04
5.661659999999999854e+04
5.648113333333333139e+04
5.643206666666666570e+04
5.631259999999999854e+04
5.650246666666666715e+04
5.638940000000000146e+04
5.647473333333332994e+04
5.635953333333333285e+04
5.631259999999999854e+04
5.645446666666666715e+04
5.632753333333333285e+04
5.641819999999999709e+04
5.647259999999999854e+04
5.648859999999999854e+04
5.634673333333332994e+04
5.639580000000000291e+04
5.652913333333333139e+04
5.638300000000000000e+04
5.657606666666666570e+04
5.661340000000000146e+04
5.674459999999999854e+04
5.660806666666666570e+04
5.668486666666666861e+04
5.687793333333333430e+04
5.681500000000000000e+04
5.664326666666667006e+04
5.675953333333333285e+04
5.680006666666666570e+04
5.694406666666666570e+04
5.673500000000000000e+04
5.677659999999999854e+04
5.678619999999999709e+04
5.680540000000000146e+04
5.627419999999999709e+04
5.646619999999999709e+04
5.644806666666666570e+04
5.644273333333332994e+04
5.620486666666666861e+04
5.623259999999999854e+04
5.614619999999999709e+04
5.630513333333333139e+04
5.646300000000000000e+04
5.644700000000000000e+04
5.659206666666666570e+04
5.655473333333332994e+04
5.635953333333333285e+04
5.631153333333333285e+04
5.645873333333332994e+04
5.634140000000000146e+04
5.645019999999999709e+04
5.628059999999999854e+04
5.612593333333333430e+04
5.613019999999999709e+04
5.619313333333333139e+04
5.634353333333333285e+04
5.602780000000000291e+04
5.595419999999999709e+04
5.606513333333333139e+04
5.590726666666667006e+04
5.612059999999999854e+04
5.610246666666666715e+04
5.600966666666666424e+04
5.588700000000000000e+04
5.592966666666666424e+04
5.594780000000000291e+04
5.590619999999999709e+04
5.601606666666666570e+04
5.603740000000000146e+04
5.601606666666666570e+04
5.603313333333333139e+04
5.629233333333333576e+04
5.628380000000000291e+04
5.620380000000000291e+04
5.627740000000000146e+04
5.616646666666666715e+04
5.632753333333333285e+04
5.612486666666666861e+04
5.632859999999999854e+04
5.613446666666666715e+04
5.623686666666666861e+04
5.638833333333333576e+04
5.634140000000000146e+04
5.628913333333333139e+04
5.638193333333333430e+04
5.663046666666666715e+04
5.645340000000000146e+04
5.662086666666666861e+04
5.648219999999999709e+04
5.635419999999999709e+04
5.632646666666666715e+04
5.657073333333332994e+04
5.658780000000000291e+04
5.662086666666666861e+04
5.651100000000000000e+04
5.662406666666666570e+04
5.699206666666666570e+04
5.638940000000000146e+04
5.663473333333332994e+04
5.652380000000000291e+04
5.626246666666666715e+04
5.626566666666666424e+04
5.626033333333333576e+04
5.602459999999999854e+04
5.613873333333332994e+04
5.594353333333333285e+04
5.589553333333333285e+04
5.562886666666666861e+04
5.559473333333332994e+04
5.568006666666666570e+04
5.568540000000000146e+04
5.547313333333333139e+04
5.569819999999999709e+04
5.541980000000000291e+04
5.542619999999999709e+04
5.557126666666667006e+04
5.574193333333333430e+04
5.579206666666666570e+04
5.575366666666666424e+04
5.593393333333333430e+04
5.582086666666666861e+04
5.587526666666667006e+04
5.595206666666666570e+04
5.577180000000000291e+04
5.588273333333332994e+04
5.578886666666666861e+04
5.564806666666666570e+04
5.602459999999999854e+04
5.651526666666667006e+04
5.617500000000000000e+04
5.627419999999999709e+04
5.628806666666666570e+04
5.604806666666666570e+04
5.594140000000000146e+04
5.592966666666666424e+04
5.582726666666667006e+04
5.563953333333333285e+04
5.575366666666666424e+04
5.572059999999999854e+04
5.572380000000000291e+04
5.585393333333333430e+04
5.588273333333332994e+04
5.576326666666667006e+04
5.582193333333333430e+04
5.610140000000000146e+04
5.595526666666667006e+04
5.603846666666666715e+04
5.576966666666666424e+04
5.576006666666666570e+04
5.576540000000000146e+04
5.564273333333332994e+04
5.600433333333333576e+04
5.608966666666666424e+04
5.620059999999999854e+04
5.595633333333333576e+04
5.617926666666667006e+04
5.611846666666666715e+04
5.599366666666666424e+04
5.562459999999999854e+04
5.577073333333332994e+04
5.600113333333333139e+04
5.592113333333333139e+04
5.588913333333333139e+04
5.589873333333332994e+04
5.617073333333332994e+04
5.631259999999999854e+04
5.632113333333333139e+04
5.634780000000000291e+04
5.665819999999999709e+04
5.668700000000000000e+04
5.643419999999999709e+04
5.634886666666666861e+04
5.650353333333333285e+04
5.649286666666666861e+04
5.676380000000000291e+04
5.649819999999999709e+04
5.691526666666667006e+04
5.688219999999999709e+04
5.677446666666666715e+04
5.695153333333333285e+04
5.680006666666666570e+04
5.669553333333333285e+04
5.684700000000000000e+04
5.721073333333332994e+04
5.697393333333333430e+04
5.702940000000000146e+04
5.708380000000000291e+04
5.686300000000000000e+04
5.697500000000000000e+04
5.713500000000000000e+04
5.727366666666666424e+04
5.719153333333333285e+04
5.735046666666666715e+04
5.717233333333333576e+04
5.711900000000000000e+04
5.723740000000000146e+04
5.711900000000000000e+04
5.719793333333333430e+04
5.706566666666666424e+04
5.690993333333333430e+04
5.697819999999999709e+04
5.703686666666666861e+04
5.704540000000000146e+04
5.703046666666666715e+04
5.689819999999999709e+04
5.692913333333333139e+04
5.654940000000000146e+04
5.676806666666666570e+04
5.678300000000000000e+04
5.693446666666666715e+04
5.681606666666666570e+04
5.649713333333333139e+04
5.650993333333333430e+04
5.683206666666666570e+04
5.695686666666666861e+04
5.701233333333333576e+04
5.703580000000000291e+04
5.720859999999999854e+04
5.696006666666666570e+04
5.715419999999999709e+04
5.721393333333333430e+04
5.713286666666666861e+04
5.714780000000000291e+04
5.717980000000000291e+04
5.701340000000000146e+04
5.727793333333333430e+04
5.730459999999999854e+04
5.695793333333333430e+04
5.695153333333333285e+04
5.707526666666667006e+04
5.696113333333333139e+04
5.673393333333333430e+04
5.670193333333333430e+04
5.697180000000000291e+04
5.686940000000000146e+04
5.682886666666666861e+04
5.670619999999999709e+04
5.686086666666666861e+04
5.706033333333333576e+04
5.699526666666667006e+04
5.669446666666666715e+04
5.670406666666666570e+04
5.668486666666666861e+04
5.703046666666666715e+04
5.672753333333333285e+04
5.669233333333333576e+04
5.690353333333333285e+04
5.682780000000000291e+04
5.678086666666666861e+04
5.653126666666667006e+04
5.672753333333333285e+04
5.671259999999999854e+04
5.669446666666666715e+04
5.653446666666666715e+04
5.629233333333333576e+04
5.640646666666666715e+04
5.651633333333333576e+04
5.645340000000000146e+04
5.629766666666666424e+04
5.646833333333333576e+04
5.598193333333333430e+04
5.606193333333333430e+04
5.603633333333333576e+04
5.631900000000000000e+04
5.624646666666666715e+04
5.639900000000000000e+04
5.634459999999999854e+04
5.638619999999999709e+04
5.632540000000000146e+04
5.651846666666666715e+04
5.647580000000000291e+04
5.665073333333332994e+04
5.663473333333332994e+04
5.662193333333333430e+04
5.666993333333333430e+04
5.682886666666666861e+04
5.688326666666667006e+04
5.674353333333333285e+04
5.684273333333332994e+04
5.703259999999999854e+04
5.683846666666666715e+04
5.685766666666666424e+04
5.676593333333333430e+04
5.678406666666666570e+04
5.676486666666666861e+04
5.677233333333333576e+04
5.648006666666666570e+04
5.671473333333332994e+04
5.677659999999999854e+04
5.656646666666666715e+04
5.655366666666666424e+04
5.635846666666666715e+04
5.632433333333333576e+04
5.640646666666666715e+04
5.634246666666666715e+04
5.637553333333333285e+04
5.663366666666666424e+04
5.657073333333332994e+04
5.626780000000000291e+04
5.638086666666666861e+04
5.634886666666666861e+04
5.639366666666666424e+04
5.643526666666667006e+04
5.624326666666667006e+04
5.625073333333332994e+04
5.604486666666666861e+04
5.586140000000000146e+04
5.601500000000000000e+04
5.607046666666666715e+04
5.618780000000000291e+04
5.600753333333333285e+04
5.588380000000000291e+04
5.588380000000000291e+04
4.963100000000000000e+04
5.179419999999999709e+04
5.354459999999999854e+04
5.589126666666667006e+04
5.792006666666666570e+04
5.941980000000000291e+04
6.092166666666666424e+04
6.118941249999999854e+04
5.965771250000000146e+04
5.692283333333333576e+04
5.184025416666666570e+04
4.495823333333332994e+04
4.666914166666667006e+04
4.439291249999999854e+04
4.577529166666666424e+04
4.598862083333333430e+04
4.596835416666666424e+04
4.697953749999999854e+04
4.875337500000000000e+04
4.893470416666667006e+04
5.538686250000000291e+04
5.766735833333332994e+04
6.044171250000000146e+04
6.207581666666666570e+04
6.193075000000000000e+04
6.208220416666667006e+04
6.190300000000000000e+04
6.175153333333333285e+04
6.139953333333333285e+04
6.113713333333333139e+04
6.083740000000000146e+04
6.036486666666666861e+04
6.018140000000000146e+04
5.978886666666666861e+04
5.960113333333333139e+04
5.948486666666666861e+04
5.940913333333333139e+04
5.905926666666667006e+04
5.886619999999999709e+04
5.866993333333333430e+04
5.840006666666666570e+04
5.832113333333333139e+04
5.808433333333333576e+04
5.783046666666666715e+04
5.785926666666667006e+04
5.768540000000000146e+04
5.760006666666666570e+04
5.793606666666666570e+04
5.775153333333333285e+04
5.784433333333333576e+04
5.769713333333333139e+04
5.764166666666666424e+04
5.778246666666666715e+04
5.769713333333333139e+04
5.778780000000000291e+04
5.742940000000000146e+04
5.752326666666667006e+04
5.769606666666666570e+04
5.740806666666666570e+04
5.758193333333333430e+04
5.799793333333333430e+04
5.768753333333333285e+04
5.771100000000000000e+04
5.769819999999999709e+04
5.751686666666666861e+04
5.755633333333333576e+04
5.762780000000000291e+04
5.737713333333333139e+04
5.726406666666666570e+04
5.730033333333333576e+04
5.737286666666666861e+04
5.725340000000000146e+04
5.700380000000000291e+04
5.734086666666666861e+04
5.737286666666666861e+04
5.739633333333333576e+04
5.725766666666666424e+04
5.731633333333333576e+04
5.750086666666666861e+04
5.728646666666666715e+04
5.709873333333332994e+04
5.694726666666667006e+04
5.689393333333333430e+04
5.678300000000000000e+04
5.718300000000000000e+04
5.724059999999999854e+04
5.701980000000000291e+04
5.680753333333333285e+04
5.670300000000000000e+04
5.708486666666666861e+04
5.695793333333333430e+04
5.687793333333333430e+04
5.674459999999999854e+04
5.685019999999999709e+04
5.687900000000000000e+04
5.683846666666666715e+04
5.700273333333332994e+04
5.704006666666666570e+04
5.719580000000000291e+04
5.696966666666666424e+04
5.698566666666666424e+04
5.736966666666666424e+04
5.717340000000000146e+04
5.702193333333333430e+04
5.728646666666666715e+04
5.719793333333333430e+04
5.720433333333333576e+04
5.712113333333333139e+04
5.722673333333332994e+04
5.695259999999999854e+04
5.725980000000000291e+04
5.709766666666666424e+04
5.688006666666666570e+04
5.696540000000000146e+04
5.702833333333333576e+04
5.704433333333333576e+04
5.693766666666666424e+04
5.721180000000000291e+04
5.707313333333333139e+04
5.695686666666666861e+04
5.715100000000000000e+04
5.707100000000000000e+04
5.704326666666667006e+04
5.704433333333333576e+04
5.688859999999999854e+04
5.686940000000000146e+04
5.671686666666666861e+04
5.673393333333333430e+04
5.662833333333333576e+04
5.668806666666666570e+04
5.644273333333332994e+04
5.666246666666666715e+04
5.672326666666667006e+04
5.668806666666666570e+04
5.643846666666666715e+04
5.642566666666666424e+04
5.671900000000000000e+04
5.679473333333332994e+04
5.722566666666666424e+04
5.778353333333333285e+04
5.788806666666666570e+04
5.795526666666667006e+04
5.787526666666667006e+04
5.796806666666666570e+04
5.809286666666666861e+04
5.798193333333333430e+04
5.811206666666666570e+04
5.800646666666666715e+04
5.793606666666666570e+04
5.787206666666666570e+04
5.744540000000000146e+04
5.728433333333333576e+04
5.704326666666667006e+04
5.657926666666667006e+04
5.642353333333333285e+04
5.609819999999999709e+04
5.579100000000000000e+04
5.536859999999999854e+04
5.496540000000000146e+04
5.494513333333333139e+04
5.464113333333333139e+04
5.435206666666666570e+04
5.408326666666667006e+04
5.397340000000000146e+04
5.368859999999999854e+04
5.333766666666666424e+04
5.305180000000000291e+04
5.291846666666666715e+04
5.267526666666667006e+04
5.249180000000000291e+04
5.246086666666666861e+04
5.229126666666667006e+04
5.205233333333333576e+04
5.165126666666667006e+04
5.176113333333333139e+04
5.138246666666666715e+04
5.144433333333333576e+04
5.101980000000000291e+04
5.101553333333333285e+04
5.082140000000000146e+04
5.062726666666667006e+04
5.033393333333333430e+04
5.019953333333333285e+04
5.015686666666666861e+04
4.999473333333332994e+04
4.960219999999999709e+04
4.954886666666666861e+04
4.930886666666666861e+04
4.891846666666666715e+04
4.877233333333333576e+04
4.858780000000000291e+04
4.839686666666666861e+04
4.823900000000000000e+04
4.809286666666666861e+04
4.792433333333333576e+04
4.797446666666666715e+04
4.805766666666666424e+04
4.777286666666666861e+04
4.761073333333332994e+04
4.766086666666666861e+04
4.744859999999999854e+04
4.723846666666666715e+04
4.713926666666667006e+04
4.686513333333333139e+04
4.664966666666666424e+04
4.648113333333333139e+04
4.649926666666667006e+04
4.630406666666666570e+04
4.647686666666666861e+04
4.619846666666666715e+04
4.592540000000000146e+04
4.590833333333333576e+04
4.567900000000000000e+04
4.599046666666666715e+04
4.547846666666666715e+04
4.519686666666666861e+04
4.527366666666666424e+04
4.501446666666666715e+04
4.500380000000000291e+04
4.470726666666667006e+04
4.484806666666666570e+04
4.479580000000000291e+04
4.474886666666666861e+04
4.456966666666666424e+04
4.454193333333333430e+04
4.418140000000000146e+04
4.425606666666666570e+04
4.394140000000000146e+04
4.372273333333332994e+04
4.376966666666666424e+04
4.347206666666666570e+04
4.353606666666666570e+04
4.368433333333333576e+04
4.325126666666667006e+04
4.321286666666666861e+04
1.661873333333333358e+04
1.799793333333333430e+04
1.885766666666666788e+04
2.020059999999999854e+04
2.139206666666666570e+04
2.259846666666666715e+04
2.372273333333333358e+04
2.498353333333333285e+04
2.655473333333333358e+04
2.749659999999999854e+04
2.839153333333333285e+04
2.938566666666666788e+04
3.006726666666666642e+04
3.046726666666666642e+04
3.114459999999999854e+04
3.133979999999999927e+04
3.192220000000000073e+04
3.213766666666666788e+04
3.225606666666666570e+04
3.227740000000000146e+04
3.237020000000000073e+04
3.260273333333333358e+04
3.256113333333333503e+04
3.239473333333333358e+04
3.243526666666666642e+04
3.213553333333333285e+04
3.233073333333333358e+04
3.204166666666666788e+04
3.188806666666666570e+04
3.166726666666666642e+04
3.159686666666666497e+04
3.115526666666666642e+04
3.132486666666666497e+04
3.100700000000000000e+04
3.078620000000000073e+04
3.048326666666666642e+04
3.033073333333333358e+04
2.998300000000000000e+04
2.982620000000000073e+04
2.967793333333333430e+04
2.931633333333333212e+04
2.885020000000000073e+04
2.875846666666666715e+04
2.860486666666666497e+04
2.829233333333333212e+04
2.807793333333333430e+04
2.786673333333333358e+04
2.747526666666666642e+04
2.744113333333333503e+04
2.711900000000000000e+04
2.693659999999999854e+04
2.659740000000000146e+04
2.661126666666666642e+04
2.615579999999999927e+04
2.607153333333333285e+04
2.571420000000000073e+04
2.547846666666666715e+04
2.541126666666666642e+04
2.539420000000000073e+04
2.509020000000000073e+04
2.497393333333333430e+04
2.482353333333333285e+04
2.456540000000000146e+04
2.437446666666666715e+04
2.423366666666666788e+04
2.424540000000000146e+04
2.414406666666666570e+04
2.397233333333333212e+04
2.366833333333333212e+04
2.355206666666666570e+04
2.344646666666666715e+04
2.334193333333333430e+04
2.306993333333333430e+04
2.284059999999999854e+04
2.264220000000000073e+04
2.267633333333333212e+04
2.243740000000000146e+04
2.224540000000000146e+04
2.205979999999999927e+04
2.182833333333333212e+04
2.160113333333333503e+04
2.150406666666666570e+04
2.150620000000000073e+04
2.127686666666666497e+04
2.133020000000000073e+04
2.132379999999999927e+04
2.125873333333333358e+04
2.092166666666666788e+04
2.077446666666666715e+04
2.064326666666666642e+04
2.083953333333333285e+04
2.038620000000000073e+04
2.038406666666666570e+04
2.013979999999999927e+04
2.001073333333333358e+04
1.997979999999999927e+04
1.982086666666666497e+04
1.959153333333333285e+04
1.953926666666666642e+04
1.933553333333333285e+04
1.919900000000000000e+04
1.916166666666666788e+04
1.915526666666666642e+04
1.900166666666666788e+04
1.890459999999999854e+04
1.862833333333333212e+04
1.874353333333333285e+04
1.884166666666666788e+04
1.899420000000000073e+04
1.875740000000000146e+04
1.884486666666666497e+04
1.894406666666666570e+04
1.883313333333333503e+04
1.874140000000000146e+04
1.871900000000000000e+04
1.898993333333333430e+04
1.860593333333333430e+04
1.842779999999999927e+04
1.856113333333333503e+04
1.853553333333333285e+04
1.856113333333333503e+04
1.846620000000000073e+04
1.826673333333333358e+04
1.813766666666666788e+04
1.811420000000000073e+04
1.798833333333333212e+04
1.824006666666666570e+04
1.790940000000000146e+04
1.781446666666666715e+04
1.771846666666666715e+04
1.775579999999999927e+04
1.767473333333333358e+04
1.774086666666666497e+04
1.764700000000000000e+04
1.754140000000000146e+04
1.728113333333333503e+04
1.720859999999999854e+04
1.694726666666666642e+04
1.681393333333333430e+04
1.662726666666666642e+04
1.664966666666666788e+04
1.636166666666666606e+04
1.601820000000000073e+04
1.613553333333333285e+04
1.599473333333333358e+04
1.588913333333333321e+04
1.577926666666666642e+04
1.567793333333333248e+04
1.548379999999999927e+04
1.539526666666666642e+04
1.512433333333333394e+04
1.531953333333333285e+04
1.516593333333333248e+04
1.492913333333333321e+04
1.501233333333333394e+04
1.495686666666666679e+04
1.504113333333333321e+04
1.470620000000000073e+04
1.472220000000000073e+04
1.461660000000000036e+04
1.449073333333333358e+04
1.463473333333333358e+04
1.460700000000000000e+04
1.462513333333333321e+04
1.461873333333333358e+04
1.469873333333333358e+04
1.451526666666666642e+04
1.461339999999999964e+04
1.458460000000000036e+04
1.439793333333333248e+04
1.462726666666666642e+04
1.458886666666666679e+04
1.454620000000000073e+04
1.451100000000000000e+04
1.464646666666666715e+04
1.457286666666666679e+04
1.460806666666666752e+04
1.438513333333333321e+04
1.445339999999999964e+04
1.437126666666666642e+04
1.458886666666666679e+04
1.432433333333333394e+04
1.432433333333333394e+04
5.931426666666667006e+04
6.036600000000000000e+04
6.153186666666666861e+04
6.288333333333333576e+04
5.647385416666666424e+04
2.795804166666666788e+04
6.173858333333333576e+03
2.557933333333333394e+03
3.863533333333333303e+03
4.832066666666666606e+03
5.338733333333333576e+03
6.034199999999999818e+03
6.722199999999999818e+03
7.366466666666666242e+03
7.665133333333333212e+03
7.940333333333333030e+03
8.336066666666667516e+03
8.659266666666666424e+03
8.845933333333332484e+03
9.105133333333333212e+03
9.029399999999999636e+03
9.197933333333332484e+03
9.359000000000000000e+03
9.327000000000000000e+03
9.567000000000000000e+03
9.527533333333332848e+03
9.363266666666666424e+03
9.659799999999999272e+03
9.377133333333333212e+03
9.071000000000000000e+03
9.450733333333333576e+03
9.078466666666667152e+03
8.967533333333332848e+03
9.058200000000000728e+03
8.791533333333332848e+03
8.513133333333333212e+03
8.367000000000000000e+03
8.226200000000000728e+03
7.919000000000000000e+03
7.857133333333333212e+03
7.489133333333333212e+03
7.205399999999999636e+03
7.126466666666666242e+03
6.781933333333333394e+03
6.527000000000000000e+03
6.384066666666666606e+03
6.231533333333333758e+03
6.156866666666666788e+03
5.948866666666666788e+03
5.766466666666666242e+03
5.466733333333333576e+03
5.275800000000000182e+03
4.995266666666666424e+03
4.727533333333333758e+03
4.612333333333333030e+03
4.460866666666666788e+03
4.099266666666666424e+03
4.157933333333333394e+03
3.949933333333333394e+03
3.880599999999999909e+03
3.733400000000000091e+03
3.699266666666666879e+03
3.471000000000000000e+03
3.341933333333333394e+03
3.400599999999999909e+03
3.068866666666666788e+03
2.947266666666666879e+03
2.848066666666666606e+03
2.475800000000000182e+03
2.610199999999999818e+03
2.564333333333333485e+03
2.618733333333333121e+03
2.602733333333333121e+03
2.347800000000000182e+03
2.399000000000000000e+03
2.298733333333333121e+03
2.303000000000000000e+03
2.761658333333333303e+03
2.087533333333333303e+03
2.294462500000000091e+03
2.995250000000000000e+03
2.172862500000000182e+03
2.176062500000000000e+03
3.174445833333333212e+03
3.172312500000000000e+03
4.712554166666666788e+03
4.912016666666666424e+03
3.838966666666666697e+03
5.268279166666666242e+03
4.371225000000000364e+03
3.070979166666666515e+03
3.175508333333333212e+03
5.026145833333333030e+03
6.786116666666666788e+03
6.411725000000000364e+03
3.074179166666666788e+03
2.352054166666666788e+03
3.499770833333333485e+03
3.808033333333333303e+03
4.055495833333333394e+03
4.916279166666666242e+03
3.753633333333333212e+03
7.609570833333333212e+03
9.786604166666666060e+03
1.077112083333333248e+04
1.090978333333333285e+04
9.373808333333332484e+03
1.011406250000000000e+04
1.507504999999999927e+04
1.265908749999999964e+04
1.185056666666666752e+04
1.575450416666666752e+04
1.502811666666666679e+04
1.599023333333333358e+04
1.820032916666666642e+04
2.184400416666666570e+04
2.157947499999999854e+04
2.684552500000000146e+04
2.838363333333333503e+04
2.815750416666666570e+04
3.004227500000000146e+04
2.553887916666666570e+04
3.505126249999999709e+04
3.759735416666666424e+04
3.964638749999999709e+04
4.363565833333333285e+04
4.889744166666666570e+04
4.863824583333333430e+04
5.439815416666666715e+04
5.689837916666666570e+04
5.734210416666666424e+04
5.956286666666666861e+04
5.733890416666666715e+04
5.993939583333333576e+04
5.937087083333333430e+04
5.932607083333333139e+04
6.159163333333333139e+04
6.250681666666666570e+04
6.274147916666666424e+04
6.279374583333333430e+04
6.316494166666666570e+04
6.315320416666667006e+04
6.336653333333333285e+04
6.339106666666666570e+04
6.267855000000000291e+04
6.253668333333333430e+04
6.319160416666666424e+04
6.336333750000000146e+04
6.315853749999999854e+04
6.304547499999999854e+04
6.320440416666666715e+04
6.284814166666667006e+04
6.320760416666666424e+04
6.331959999999999854e+04
6.144550000000000000e+04
6.239161666666666861e+04
6.283854166666666424e+04
6.318840000000000146e+04
6.330680000000000291e+04
6.298360416666666424e+04
6.336226666666667006e+04
6.285453749999999854e+04
6.302413333333333139e+04
6.298146666666666715e+04
6.291319999999999709e+04
6.272866666666666424e+04
6.260173333333332994e+04
6.277666666666666424e+04
6.271693750000000000e+04
6.289933333333333576e+04
6.280226666666667006e+04
6.272333333333333576e+04
6.265613333333333139e+04
6.288119999999999709e+04
6.260173333333332994e+04
6.234253333333333285e+04
6.254840000000000146e+04
6.267000000000000000e+04
6.243000000000000000e+04
6.245346666666666715e+04
6.242786666666666861e+04
6.249826666666667006e+04
6.231480000000000291e+04
6.238626666666667006e+04
6.231373333333332994e+04
6.202893333333333430e+04
6.195213333333333139e+04
6.200013333333333139e+04
6.168119999999999709e+04
6.191373333333332994e+04
6.168226666666667006e+04
6.171959999999999854e+04
6.156919999999999709e+04
6.166200000000000000e+04
6.164173333333332994e+04
6.160013333333333139e+04
6.184973333333332994e+04
6.161080000000000291e+04
6.159159999999999854e+04
6.175053333333333285e+04
6.186786666666666861e+04
6.164066666666666424e+04
6.158626666666667006e+04
6.177933333333333576e+04
6.189133333333333576e+04
6.179000000000000000e+04
6.178359999999999854e+04
6.190093333333333430e+04
6.157986666666666861e+04
6.165666666666666424e+04
6.177506666666666570e+04
