5.724858024691358150e+04
5.718537037037037226e+04
5.728334567901234550e+04
5.735287654320987349e+04
5.782062962962962774e+04
5.764048148148148175e+04
5.754566666666666424e+04
5.770369135802469100e+04
5.777954320987654501e+04
5.758359259259259125e+04
5.781430864197530900e+04
5.779850617283950851e+04
5.779850617283950851e+04
5.782379012345679075e+04
5.793756790123456449e+04
5.793756790123456449e+04
4.669569135802469100e+04
5.094023456790123601e+04
5.462853086419752799e+04
5.744769135802469100e+04
6.020680246913580049e+04
6.127190123456790025e+04
4.518525925925926276e+04
3.741058024691358150e+04
2.763533333333333212e+04
2.711702469135802312e+04
2.550519753086419587e+04
2.567902469135802312e+04
2.633955555555555475e+04
2.828638271604938200e+04
3.045760493827160462e+04
4.032450617283950851e+04
4.546338271604938200e+04
4.755559259259259125e+04
5.423044444444444525e+04
5.636058024691358150e+04
6.022264197530864476e+04
6.203672839506172750e+04
6.161006172839506326e+04
6.077253086419752799e+04
6.065875308641975425e+04
6.003297530864197324e+04
5.929025925925926276e+04
5.911011111111110949e+04
5.870556790123456449e+04
5.841164197530864476e+04
5.791860493827160826e+04
5.774793827160493674e+04
5.753934567901234550e+04
5.727702469135802676e+04
5.684719753086419951e+04
5.684719753086419951e+04
5.678082716049382725e+04
5.664176543209876399e+04
5.666388888888889051e+04
5.634467901234568126e+04
5.628779012345679075e+04
5.633203703703703650e+04
5.646477777777778101e+04
5.627514814814814599e+04
5.616453086419752799e+04
5.606971604938271776e+04
5.605391358024690999e+04
5.608867901234568126e+04
5.610448148148148175e+04
5.576630864197530900e+04
5.578527160493827250e+04
5.575366666666666424e+04
5.590220987654320925e+04
5.570309876543209975e+04
5.588640740740740875e+04
5.569361728395061800e+04
5.557035802469135524e+04
5.570941975308641850e+04
5.585164197530864476e+04
5.583267901234568126e+04
5.573154320987654501e+04
5.593381481481481751e+04
5.597490123456790025e+04
5.587060493827160826e+04
5.588640740740740875e+04
5.587060493827160826e+04
5.586428395061728224e+04
5.552611111111110949e+04
5.566833333333333576e+04
5.558616049382716301e+04
5.582951851851851825e+04
5.584532098765431874e+04
5.615820987654320925e+04
5.576314814814814599e+04
5.572206172839506326e+04
5.545341975308641850e+04
5.558300000000000000e+04
5.551979012345679075e+04
5.582951851851851825e+04
5.546290123456790025e+04
5.562724691358024575e+04
5.549450617283950851e+04
5.533648148148148175e+04
5.563356790123456449e+04
5.552927160493827250e+04
5.541865432098765450e+04
5.553875308641975425e+04
5.554191358024690999e+04
5.540601234567900974e+04
5.556087654320987349e+04
5.591169135802469100e+04
5.579791358024690999e+04
5.582951851851851825e+04
5.587060493827160826e+04
5.587692592592592700e+04
5.570309876543209975e+04
5.593381481481481751e+04
5.607287654320987349e+04
5.598438271604938200e+04
5.568097530864197324e+04
5.591169135802469100e+04
5.568729629629629926e+04
5.609500000000000000e+04
5.583900000000000000e+04
5.570309876543209975e+04
5.592117283950617275e+04
5.560512345679012651e+04
5.580423456790123601e+04
5.569677777777778101e+04
5.566517283950617275e+04
5.565885185185185401e+04
5.583900000000000000e+04
5.575998765432099026e+04
5.577895061728395376e+04
5.587692592592592700e+04
5.580107407407407300e+04
5.589588888888889051e+04
5.552295061728395376e+04
5.573470370370370074e+04
5.564620987654320925e+04
5.544393827160493674e+04
5.574734567901234550e+04
5.561776543209876399e+04
5.554191358024690999e+04
5.575366666666666424e+04
5.533964197530864476e+04
5.540285185185185401e+04
5.545974074074073724e+04
5.529855555555555475e+04
5.519425925925926276e+04
5.545658024691358150e+04
5.493509876543209975e+04
5.557035802469135524e+04
5.593381481481481751e+04
5.570309876543209975e+04
5.610132098765431874e+04
5.596858024691358150e+04
5.609500000000000000e+04
5.588324691358024575e+04
5.609183950617283699e+04
5.603179012345679075e+04
5.600018518518518249e+04
5.610132098765431874e+04
5.655011111111110949e+04
5.613924691358024575e+04
5.597490123456790025e+04
5.663544444444444525e+04
5.656275308641975425e+04
5.666704938271604624e+04
5.613608641975309001e+04
5.628146913580247201e+04
5.636048148148148175e+04
5.639208641975309001e+04
5.622141975308641850e+04
5.609183950617283699e+04
5.612344444444444525e+04
5.629095061728395376e+04
5.608235802469135524e+04
5.630675308641975425e+04
5.601282716049382725e+04
5.632887654320987349e+04
5.652798765432099026e+04
5.624038271604938200e+04
5.640156790123456449e+04
5.642369135802469100e+04
5.623090123456790025e+04
5.648690123456790025e+04
5.644897530864197324e+04
5.639840740740740875e+04
5.657539506172839174e+04
5.637944444444444525e+04
5.629095061728395376e+04
5.636680246913580049e+04
5.614556790123456449e+04
5.623090123456790025e+04
5.626882716049382725e+04
5.634467901234568126e+04
5.633519753086419951e+04
5.603495061728395376e+04
5.617401234567900974e+04
5.600650617283950851e+04
5.615820987654320925e+04
5.620245679012345499e+04
5.635100000000000000e+04
5.646793827160493674e+04
5.670497530864197324e+04
5.682507407407407300e+04
5.644581481481481751e+04
5.653114814814814599e+04
5.692937037037037226e+04
5.664808641975309001e+04
5.646793827160493674e+04
5.657855555555555475e+04
5.636048148148148175e+04
5.650586419753086375e+04
5.630043209876543551e+04
5.669233333333333576e+04
5.624038271604938200e+04
5.623090123456790025e+04
5.606655555555555475e+04
5.632571604938271776e+04
5.624354320987654501e+04
5.637312345679012651e+04
5.613292592592592700e+04
5.610132098765431874e+04
5.594645679012345499e+04
5.590853086419752799e+04
5.610132098765431874e+04
5.605391358024690999e+04
5.607287654320987349e+04
5.613924691358024575e+04
5.611396296296296350e+04
5.637628395061728224e+04
5.608235802469135524e+04
5.594961728395061800e+04
5.603811111111110949e+04
5.587376543209876399e+04
5.604759259259259125e+04
5.624354320987654501e+04
5.616137037037037226e+04
5.627514814814814599e+04
5.629727160493827250e+04
5.638260493827160826e+04
5.627830864197530900e+04
5.641737037037037226e+04
5.610132098765431874e+04
5.641737037037037226e+04
5.616453086419752799e+04
5.625302469135802676e+04
5.613924691358024575e+04
5.615188888888889051e+04
5.620245679012345499e+04
5.619613580246913625e+04
5.642369135802469100e+04
5.674922222222221899e+04
5.645845679012345499e+04
5.619613580246913625e+04
5.653430864197530900e+04
5.644897530864197324e+04
5.649322222222221899e+04
5.635100000000000000e+04
5.618349382716049149e+04
5.609500000000000000e+04
5.614556790123456449e+04
5.622774074074073724e+04
5.614872839506172750e+04
5.617085185185185401e+04
5.629411111111110949e+04
5.613292592592592700e+04
5.627514814814814599e+04
5.624038271604938200e+04
5.614556790123456449e+04
5.621193827160493674e+04
5.630359259259259125e+04
5.638576543209876399e+04
5.619297530864197324e+04
5.634467901234568126e+04
5.631623456790123601e+04
5.633835802469135524e+04
5.668285185185185401e+04
5.642685185185185401e+04
5.627830864197530900e+04
5.641104938271604624e+04
5.635732098765431874e+04
5.637312345679012651e+04
5.649638271604938200e+04
5.608867901234568126e+04
5.602546913580247201e+04
5.586744444444444525e+04
5.575050617283950851e+04
5.590220987654320925e+04
5.601598765432099026e+04
5.593065432098765450e+04
5.577579012345679075e+04
5.573154320987654501e+04
5.558616049382716301e+04
5.566201234567900974e+04
5.575050617283950851e+04
5.551030864197530900e+04
5.581687654320987349e+04
5.565885185185185401e+04
5.592433333333333576e+04
5.600966666666666424e+04
5.610132098765431874e+04
5.617717283950617275e+04
5.604443209876543551e+04
5.629727160493827250e+04
5.625302469135802676e+04
5.610448148148148175e+04
5.601914814814814599e+04
5.604443209876543551e+04
5.600650617283950851e+04
5.615820987654320925e+04
5.628779012345679075e+04
5.599386419753086375e+04
5.597806172839506326e+04
5.592117283950617275e+04
5.596541975308641850e+04
5.587692592592592700e+04
5.597806172839506326e+04
5.603811111111110949e+04
5.589904938271604624e+04
5.565253086419752799e+04
5.605075308641975425e+04
5.619613580246913625e+04
5.646161728395061800e+04
5.622774074074073724e+04
5.622458024691358150e+04
5.605075308641975425e+04
5.580423456790123601e+04
5.614872839506172750e+04
5.613292592592592700e+04
5.627830864197530900e+04
5.641420987654320925e+04
5.601282716049382725e+04
5.598438271604938200e+04
5.604759259259259125e+04
5.606971604938271776e+04
5.600334567901234550e+04
5.611080246913580049e+04
5.598122222222221899e+04
5.590537037037037226e+04
5.629727160493827250e+04
5.590853086419752799e+04
5.602546913580247201e+04
5.590220987654320925e+04
5.565885185185185401e+04
5.578843209876543551e+04
5.593697530864197324e+04
5.607603703703703650e+04
5.622774074074073724e+04
5.628462962962962774e+04
5.661332098765431874e+04
5.620561728395061800e+04
5.666072839506172750e+04
5.630359259259259125e+04
5.627514814814814599e+04
5.643633333333333576e+04
5.644897530864197324e+04
5.642685185185185401e+04
5.664808641975309001e+04
5.683771604938271776e+04
5.673341975308641850e+04
5.687564197530864476e+04
5.670497530864197324e+04
5.657223456790123601e+04
5.639524691358024575e+04
5.622458024691358150e+04
5.622774074074073724e+04
5.633519753086419951e+04
5.624986419753086375e+04
5.631939506172839174e+04
5.623406172839506326e+04
5.627198765432099026e+04
5.629095061728395376e+04
5.641104938271604624e+04
5.638576543209876399e+04
5.636996296296296350e+04
5.638260493827160826e+04
5.615820987654320925e+04
5.625618518518518249e+04
5.631939506172839174e+04
5.612660493827160826e+04
5.579791358024690999e+04
5.576946913580247201e+04
5.609183950617283699e+04
5.590537037037037226e+04
5.602230864197530900e+04
5.612344444444444525e+04
5.588008641975309001e+04
5.579475308641975425e+04
5.571258024691358150e+04
5.618033333333333576e+04
5.571574074074073724e+04
5.574734567901234550e+04
5.554191358024690999e+04
5.533964197530864476e+04
5.561460493827160826e+04
5.583900000000000000e+04
5.586428395061728224e+04
5.582319753086419951e+04
5.588640740740740875e+04
5.599070370370370074e+04
5.576946913580247201e+04
5.596858024691358150e+04
5.589904938271604624e+04
5.621193827160493674e+04
5.611396296296296350e+04
5.600018518518518249e+04
5.607603703703703650e+04
5.607603703703703650e+04
4.782082716049382725e+04
5.191682716049382725e+04
5.509312345679012651e+04
5.853174074074073724e+04
6.106329629629629926e+04
5.934087654320987349e+04
3.635498765432099026e+04
2.933565432098765450e+04
2.181696296296296350e+04
2.066972839506172750e+04
1.775896296296296350e+04
1.533806172839506144e+04
1.764202469135802312e+04
2.200659259259259125e+04
2.630795061728395012e+04
3.145946913580246837e+04
3.124771604938271776e+04
4.032766666666666424e+04
4.548550617283950851e+04
5.145558024691358150e+04
5.742565432098765450e+04
5.861397530864197324e+04
6.166380246913580049e+04
6.169223456790123601e+04
6.143623456790123601e+04
6.081993827160493674e+04
6.062714814814814599e+04
5.991287654320987349e+04
5.943248148148148175e+04
5.894892592592592700e+04
5.876245679012345499e+04
5.841796296296296350e+04
5.821885185185185401e+04
5.760887654320987349e+04
5.757095061728395376e+04
5.730230864197530900e+04
5.717588888888889051e+04
5.688512345679012651e+04
5.680927160493827250e+04
5.701786419753086375e+04
5.673341975308641850e+04
5.662596296296296350e+04
5.668917283950617275e+04
5.644581481481481751e+04
5.634467901234568126e+04
5.614556790123456449e+04
5.611396296296296350e+04
5.611396296296296350e+04
5.595277777777778101e+04
5.556087654320987349e+04
5.562408641975309001e+04
5.536492592592592700e+04
5.530803703703703650e+04
5.533332098765431874e+04
5.518793827160493674e+04
5.515317283950617275e+04
5.522586419753086375e+04
5.513104938271604624e+04
5.474862962962962774e+04
5.465381481481481751e+04
5.504887654320987349e+04
5.510576543209876399e+04
5.473282716049382725e+04
5.472650617283950851e+04
5.447366666666666424e+04
5.472018518518518249e+04
5.461588888888889051e+04
5.447366666666666424e+04
5.457164197530864476e+04
5.459376543209876399e+04
5.463801234567900974e+04
5.488769135802469100e+04
5.485608641975309001e+04
5.489717283950617275e+04
5.501095061728395376e+04
5.517529629629629926e+04
5.497934567901234550e+04
5.471386419753086375e+04
5.490033333333333576e+04
5.471070370370370074e+04
5.488769135802469100e+04
5.454319753086419951e+04
5.452739506172839174e+04
5.480551851851851825e+04
5.483712345679012651e+04
5.491929629629629926e+04
5.486872839506172750e+04
5.495406172839506326e+04
5.498882716049382725e+04
5.487504938271604624e+04
5.494458024691358150e+04
5.493825925925926276e+04
5.468858024691358150e+04
5.482764197530864476e+04
5.465697530864197324e+04
5.432828395061728224e+04
5.477075308641975425e+04
5.471386419753086375e+04
5.476759259259259125e+04
5.458112345679012651e+04
5.479603703703703650e+04
5.474546913580247201e+04
5.470438271604938200e+04
5.460008641975309001e+04
5.468541975308641850e+04
5.462537037037037226e+04
5.429667901234568126e+04
5.452107407407407300e+04
5.455583950617283699e+04
5.487188888888889051e+04
5.451475308641975425e+04
5.448630864197530900e+04
5.449262962962962774e+04
5.469806172839506326e+04
5.471386419753086375e+04
5.472966666666666424e+04
5.473598765432099026e+04
5.462853086419752799e+04
5.468225925925926276e+04
5.504887654320987349e+04
5.480867901234568126e+04
5.462853086419752799e+04
5.459060493827160826e+04
5.465697530864197324e+04
5.474862962962962774e+04
5.458744444444444525e+04
5.468858024691358150e+04
5.454951851851851825e+04
5.431248148148148175e+04
5.449895061728395376e+04
5.449262962962962774e+04
5.454635802469135524e+04
5.480235802469135524e+04
5.512472839506172750e+04
5.518161728395061800e+04
5.529223456790123601e+04
5.523850617283950851e+04
5.554191358024690999e+04
5.545974074074073724e+04
5.539969135802469100e+04
5.578843209876543551e+04
5.568413580246913625e+04
5.594013580246913625e+04
5.568097530864197324e+04
5.590537037037037226e+04
5.611712345679012651e+04
5.586112345679012651e+04
5.588324691358024575e+04
5.598438271604938200e+04
5.600018518518518249e+04
5.604759259259259125e+04
5.620561728395061800e+04
5.601282716049382725e+04
5.572838271604938200e+04
5.556403703703703650e+04
5.566201234567900974e+04
5.557351851851851825e+04
5.577895061728395376e+04
5.586112345679012651e+04
5.570309876543209975e+04
5.547238271604938200e+04
5.543129629629629926e+04
5.550714814814814599e+04
5.577895061728395376e+04
5.561776543209876399e+04
5.575050617283950851e+04
5.560828395061728224e+04
5.562092592592592700e+04
5.566517283950617275e+04
5.544393827160493674e+04
5.578843209876543551e+04
5.569677777777778101e+04
5.563356790123456449e+04
5.567149382716049149e+04
5.568413580246913625e+04
5.565253086419752799e+04
5.582951851851851825e+04
5.568413580246913625e+04
5.514685185185185401e+04
5.532700000000000000e+04
5.532700000000000000e+04
5.546606172839506326e+04
5.559564197530864476e+04
5.554823456790123601e+04
5.590220987654320925e+04
5.596541975308641850e+04
5.581055555555555475e+04
5.586112345679012651e+04
5.574418518518518249e+04
5.569045679012345499e+04
5.598438271604938200e+04
5.598754320987654501e+04
5.574418518518518249e+04
5.581687654320987349e+04
5.588008641975309001e+04
5.590853086419752799e+04
5.586744444444444525e+04
5.615504938271604624e+04
5.600018518518518249e+04
5.589272839506172750e+04
5.623722222222221899e+04
5.592433333333333576e+04
5.582951851851851825e+04
5.580423456790123601e+04
5.607287654320987349e+04
5.607603703703703650e+04
5.602546913580247201e+04
5.659119753086419951e+04
5.618981481481481751e+04
5.608551851851851825e+04
5.616453086419752799e+04
5.603495061728395376e+04
5.585480246913580049e+04
5.577579012345679075e+04
5.575682716049382725e+04
5.577895061728395376e+04
5.589904938271604624e+04
5.605075308641975425e+04
5.569993827160493674e+04
5.569361728395061800e+04
5.563040740740740875e+04
5.564304938271604624e+04
5.555771604938271776e+04
5.574102469135802676e+04
5.557035802469135524e+04
5.534596296296296350e+04
5.527011111111110949e+04
5.535228395061728224e+04
5.502043209876543551e+04
5.543445679012345499e+04
5.568729629629629926e+04
5.559248148148148175e+04
5.583900000000000000e+04
5.593381481481481751e+04
5.615188888888889051e+04
5.585480246913580049e+04
5.564937037037037226e+04
5.575366666666666424e+04
5.579791358024690999e+04
5.596225925925926276e+04
5.587376543209876399e+04
5.588640740740740875e+04
5.557351851851851825e+04
5.573154320987654501e+04
5.562092592592592700e+04
5.579791358024690999e+04
5.574102469135802676e+04
5.548186419753086375e+04
5.555455555555555475e+04
5.586112345679012651e+04
5.579791358024690999e+04
5.572522222222221899e+04
5.572206172839506326e+04
5.571258024691358150e+04
5.593697530864197324e+04
5.619929629629629926e+04
5.609816049382716301e+04
5.624038271604938200e+04
5.612976543209876399e+04
5.575366666666666424e+04
5.591485185185185401e+04
5.591485185185185401e+04
5.576314814814814599e+04
5.609500000000000000e+04
5.574734567901234550e+04
5.579791358024690999e+04
5.580739506172839174e+04
5.573470370370370074e+04
5.581055555555555475e+04
5.548186419753086375e+04
5.566517283950617275e+04
5.553875308641975425e+04
5.580423456790123601e+04
5.562092592592592700e+04
5.593697530864197324e+04
5.595593827160493674e+04
5.559564197530864476e+04
5.537124691358024575e+04
5.566517283950617275e+04
5.582319753086419951e+04
5.562724691358024575e+04
5.581371604938271776e+04
5.596541975308641850e+04
5.583900000000000000e+04
5.597806172839506326e+04
5.597806172839506326e+04
5.600018518518518249e+04
5.580107407407407300e+04
5.573470370370370074e+04
5.605707407407407300e+04
5.577895061728395376e+04
5.593065432098765450e+04
5.574102469135802676e+04
5.573154320987654501e+04
5.564937037037037226e+04
5.569045679012345499e+04
5.576946913580247201e+04
5.617717283950617275e+04
5.571258024691358150e+04
5.565253086419752799e+04
5.572838271604938200e+04
5.560196296296296350e+04
5.559248148148148175e+04
5.600334567901234550e+04
5.558300000000000000e+04
5.573470370370370074e+04
5.546290123456790025e+04
5.549450617283950851e+04
5.574418518518518249e+04
5.570625925925926276e+04
5.558616049382716301e+04
5.530803703703703650e+04
5.556087654320987349e+04
5.568097530864197324e+04
5.559564197530864476e+04
5.540285185185185401e+04
5.535228395061728224e+04
5.559880246913580049e+04
5.565569135802469100e+04
5.501727160493827250e+04
5.537756790123456449e+04
5.521322222222221899e+04
5.537756790123456449e+04
5.538704938271604624e+04
5.537124691358024575e+04
5.542181481481481751e+04
5.530487654320987349e+04
5.536176543209876399e+04
5.565253086419752799e+04
5.584848148148148175e+04
5.610764197530864476e+04
5.563356790123456449e+04
5.582635802469135524e+04
5.588324691358024575e+04
5.587692592592592700e+04
5.594961728395061800e+04
5.618033333333333576e+04
5.604443209876543551e+04
5.599702469135802676e+04
5.565569135802469100e+04
5.590220987654320925e+04
5.591485185185185401e+04
5.587376543209876399e+04
5.607919753086419951e+04
5.599386419753086375e+04
5.582635802469135524e+04
5.593697530864197324e+04
5.595909876543209975e+04
5.600018518518518249e+04
5.605391358024690999e+04
5.589272839506172750e+04
5.614556790123456449e+04
5.618033333333333576e+04
5.627198765432099026e+04
5.610448148148148175e+04
5.620245679012345499e+04
5.593697530864197324e+04
5.609816049382716301e+04
5.603495061728395376e+04
5.630043209876543551e+04
5.622458024691358150e+04
5.620245679012345499e+04
5.615504938271604624e+04
5.618349382716049149e+04
5.581371604938271776e+04
5.603179012345679075e+04
5.591801234567900974e+04
5.594645679012345499e+04
5.583267901234568126e+04
5.567781481481481751e+04
5.571574074074073724e+04
5.574734567901234550e+04
5.582951851851851825e+04
5.581687654320987349e+04
5.569993827160493674e+04
5.569361728395061800e+04
5.610132098765431874e+04
5.592433333333333576e+04
5.619297530864197324e+04
5.605707407407407300e+04
5.619613580246913625e+04
5.601282716049382725e+04
5.589904938271604624e+04
5.622774074074073724e+04
5.617717283950617275e+04
5.590220987654320925e+04
5.619613580246913625e+04
5.592117283950617275e+04
5.585796296296296350e+04
5.594961728395061800e+04
5.594961728395061800e+04
4.906606172839506326e+04
5.299455555555555475e+04
5.594961728395061800e+04
5.892364197530864476e+04
6.219791358024690999e+04
4.686029629629629926e+04
3.221797530864197688e+04
2.466767901234567762e+04
2.282830864197530900e+04
1.925385185185185037e+04
1.249050617283950669e+04
1.465224691358024756e+04
1.770523456790123601e+04
2.206348148148148175e+04
2.487627160493827250e+04
2.785024691358024575e+04
3.060930864197530900e+04
3.958180246913580049e+04
4.307724691358024575e+04
4.838679012345679075e+04
5.204974074074073724e+04
6.024792592592592700e+04
6.015311111111110949e+04
6.112651851851851825e+04
6.162270370370370074e+04
6.101588888888889051e+04
6.051337037037037226e+04
5.999504938271604624e+04
5.940087654320987349e+04
5.907534567901234550e+04
5.911327160493827250e+04
5.821569135802469100e+04
5.815248148148148175e+04
5.779218518518518249e+04
5.764364197530864476e+04
5.748561728395061800e+04
5.723277777777778101e+04
5.691356790123456449e+04
5.683771604938271776e+04
5.643001234567900974e+04
5.649638271604938200e+04
5.623090123456790025e+04
5.606023456790123601e+04
5.608235802469135524e+04
5.578843209876543551e+04
5.591801234567900974e+04
5.581687654320987349e+04
5.568413580246913625e+04
5.587376543209876399e+04
5.580107407407407300e+04
5.588956790123456449e+04
5.587060493827160826e+04
5.618033333333333576e+04
5.582635802469135524e+04
5.548502469135802676e+04
5.557667901234568126e+04
5.533964197530864476e+04
5.530487654320987349e+04
5.518793827160493674e+04
5.538704938271604624e+04
5.514685185185185401e+04
5.531119753086419951e+04
5.505835802469135524e+04
5.497302469135802676e+04
5.495722222222221899e+04
5.500146913580247201e+04
5.503307407407407300e+04
5.481183950617283699e+04
5.466645679012345499e+04
5.484976543209876399e+04
5.483712345679012651e+04
5.468225925925926276e+04
5.488453086419752799e+04
5.476127160493827250e+04
5.488137037037037226e+04
5.480235802469135524e+04
5.463485185185185401e+04
5.478971604938271776e+04
5.487504938271604624e+04
5.495090123456790025e+04
5.451159259259259125e+04
5.445470370370370074e+04
5.444522222222221899e+04
5.435672839506172750e+04
5.449579012345679075e+04
5.465065432098765450e+04
5.435356790123456449e+04
5.481500000000000000e+04
5.479287654320987349e+04
5.481500000000000000e+04
5.474546913580247201e+04
5.454635802469135524e+04
5.445470370370370074e+04
5.442941975308641850e+04
5.422714814814814599e+04
5.444838271604938200e+04
5.454319753086419951e+04
5.478655555555555475e+04
5.463169135802469100e+04
5.448630864197530900e+04
5.478971604938271776e+04
5.478339506172839174e+04
5.496038271604938200e+04
5.490033333333333576e+04
5.481183950617283699e+04
5.478023456790123601e+04
5.458112345679012651e+04
5.467593827160493674e+04
5.501095061728395376e+04
5.478971604938271776e+04
5.493825925925926276e+04
5.481816049382716301e+04
5.450843209876543551e+04
5.471702469135802676e+04
5.448314814814814599e+04
5.470754320987654501e+04
5.441361728395061800e+04
5.476759259259259125e+04
5.446102469135802676e+04
5.432828395061728224e+04
5.438201234567900974e+04
5.439781481481481751e+04
5.423346913580247201e+04
5.435356790123456449e+04
5.420186419753086375e+04
5.441361728395061800e+04
5.429035802469135524e+04
5.408808641975309001e+04
5.373727160493827250e+04
5.381944444444444525e+04
5.399959259259259125e+04
5.393006172839506326e+04
5.444206172839506326e+04
5.447050617283950851e+04
5.446418518518518249e+04
5.458428395061728224e+04
5.485924691358024575e+04
5.510576543209876399e+04
5.478655555555555475e+04
5.488453086419752799e+04
5.471070370370370074e+04
5.470438271604938200e+04
5.528275308641975425e+04
5.493193827160493674e+04
5.506151851851851825e+04
5.511840740740740875e+04
5.522270370370370074e+04
5.518477777777778101e+04
5.502043209876543551e+04
5.499198765432099026e+04
5.538704938271604624e+04
5.496354320987654501e+04
5.512156790123456449e+04
5.510260493827160826e+04
5.515317283950617275e+04
5.510576543209876399e+04
5.499198765432099026e+04
5.508364197530864476e+04
5.508680246913580049e+04
5.494458024691358150e+04
5.493193827160493674e+04
5.491297530864197324e+04
5.498566666666666424e+04
5.510576543209876399e+04
5.524482716049382725e+04
5.521954320987654501e+04
5.528907407407407300e+04
5.508996296296296350e+04
5.506467901234568126e+04
5.496670370370370074e+04
5.458112345679012651e+04
5.464433333333333576e+04
5.482764197530864476e+04
5.481500000000000000e+04
5.468858024691358150e+04
5.491929629629629926e+04
5.487820987654320925e+04
5.471386419753086375e+04
5.454319753086419951e+04
5.447998765432099026e+04
5.447366666666666424e+04
5.462853086419752799e+04
5.467909876543209975e+04
5.423979012345679075e+04
5.457796296296296350e+04
5.489401234567900974e+04
5.488769135802469100e+04
5.496670370370370074e+04
5.496354320987654501e+04
5.487188888888889051e+04
5.481816049382716301e+04
5.494458024691358150e+04
5.492877777777778101e+04
5.499830864197530900e+04
5.512156790123456449e+04
5.495722222222221899e+04
5.515317283950617275e+04
5.500146913580247201e+04
5.487820987654320925e+04
5.519425925925926276e+04
5.500462962962962774e+04
5.514369135802469100e+04
5.508680246913580049e+04
5.468225925925926276e+04
5.496670370370370074e+04
5.498250617283950851e+04
5.489401234567900974e+04
5.495090123456790025e+04
5.498882716049382725e+04
5.508364197530864476e+04
5.497618518518518249e+04
5.485924691358024575e+04
5.482132098765431874e+04
5.475179012345679075e+04
5.502991358024690999e+04
5.440413580246913625e+04
5.478023456790123601e+04
5.443574074074073724e+04
5.468541975308641850e+04
5.458744444444444525e+04
5.448630864197530900e+04
5.448946913580247201e+04
5.440729629629629926e+04
5.449262962962962774e+04
5.463169135802469100e+04
5.486556790123456449e+04
5.436304938271604624e+04
5.453371604938271776e+04
5.437253086419752799e+04
5.435672839506172750e+04
5.450843209876543551e+04
5.489085185185185401e+04
5.507732098765431874e+04
5.487504938271604624e+04
5.495406172839506326e+04
5.516581481481481751e+04
5.493193827160493674e+04
5.493193827160493674e+04
5.500462962962962774e+04
5.499514814814814599e+04
5.466645679012345499e+04
5.505519753086419951e+04
5.484028395061728224e+04
5.482448148148148175e+04
5.499198765432099026e+04
5.479287654320987349e+04
5.480867901234568126e+04
5.483396296296296350e+04
5.455583950617283699e+04
5.490665432098765450e+04
5.486556790123456449e+04
5.461588888888889051e+04
5.469806172839506326e+04
5.453687654320987349e+04
5.478023456790123601e+04
5.447682716049382725e+04
5.431248148148148175e+04
5.450843209876543551e+04
5.462853086419752799e+04
5.462853086419752799e+04
5.473282716049382725e+04
5.495090123456790025e+04
5.464433333333333576e+04
5.448946913580247201e+04
5.510576543209876399e+04
5.473282716049382725e+04
5.468858024691358150e+04
5.465065432098765450e+04
5.472650617283950851e+04
5.455900000000000000e+04
5.486872839506172750e+04
5.445786419753086375e+04
5.433460493827160826e+04
5.441361728395061800e+04
5.454319753086419951e+04
5.455583950617283699e+04
5.445786419753086375e+04
5.430300000000000000e+04
5.445786419753086375e+04
5.448314814814814599e+04
5.462853086419752799e+04
5.452739506172839174e+04
5.468858024691358150e+04
5.447682716049382725e+04
5.436620987654320925e+04
5.429983950617283699e+04
5.419554320987654501e+04
5.421766666666666424e+04
5.405648148148148175e+04
5.393954320987654501e+04
5.399643209876543551e+04
5.406912345679012651e+04
5.406280246913580049e+04
5.429035802469135524e+04
5.430616049382716301e+04
5.419554320987654501e+04
5.398379012345679075e+04
5.435672839506172750e+04
5.431564197530864476e+04
5.408176543209876399e+04
5.431248148148148175e+04
5.413865432098765450e+04
5.404700000000000000e+04
5.411337037037037226e+04
5.434724691358024575e+04
5.458112345679012651e+04
5.449895061728395376e+04
5.458112345679012651e+04
5.448946913580247201e+04
5.439149382716049149e+04
5.443574074074073724e+04
5.433460493827160826e+04
5.463485185185185401e+04
5.435988888888889051e+04
5.446734567901234550e+04
5.440097530864197324e+04
5.429983950617283699e+04
5.423030864197530900e+04
5.420502469135802676e+04
5.427139506172839174e+04
5.433144444444444525e+04
5.408492592592592700e+04
5.398695061728395376e+04
5.421766666666666424e+04
5.390477777777778101e+04
5.385737037037037226e+04
5.368038271604938200e+04
5.393006172839506326e+04
5.401223456790123601e+04
5.391425925925926276e+04
5.401223456790123601e+04
5.412917283950617275e+04
5.407544444444444525e+04
5.431564197530864476e+04
5.445154320987654501e+04
5.446102469135802676e+04
5.450843209876543551e+04
5.437253086419752799e+04
5.439781481481481751e+04
5.439781481481481751e+04
5.481816049382716301e+04
5.467909876543209975e+04
5.459692592592592700e+04
5.462537037037037226e+04
5.467909876543209975e+04
5.449579012345679075e+04
5.446102469135802676e+04
5.451475308641975425e+04
5.430300000000000000e+04
5.434408641975309001e+04
5.439465432098765450e+04
5.426507407407407300e+04
5.441677777777778101e+04
5.479919753086419951e+04
5.456216049382716301e+04
5.464117283950617275e+04
5.458744444444444525e+04
5.444206172839506326e+04
5.457796296296296350e+04
5.466329629629629926e+04
5.447998765432099026e+04
5.441677777777778101e+04
5.413549382716049149e+04
5.401223456790123601e+04
5.423346913580247201e+04
5.420502469135802676e+04
5.384156790123456449e+04
5.428087654320987349e+04
5.417974074074073724e+04
5.468541975308641850e+04
5.429667901234568126e+04
5.416709876543209975e+04
5.441677777777778101e+04
5.416709876543209975e+04
5.421766666666666424e+04
5.411337037037037226e+04
5.422082716049382725e+04
5.430300000000000000e+04
5.439781481481481751e+04
5.422714814814814599e+04
5.413549382716049149e+04
5.442309876543209975e+04
5.429351851851851825e+04
5.455267901234568126e+04
5.474862962962962774e+04
5.476759259259259125e+04
5.434408641975309001e+04
5.461588888888889051e+04
5.447366666666666424e+04
5.472966666666666424e+04
5.461904938271604624e+04
4.686003703703703650e+04
5.063366666666666424e+04
5.410388888888889051e+04
5.761203703703703650e+04
6.060502469135802676e+04
4.938232098765431874e+04
3.869055555555555475e+04
2.485730864197530900e+04
2.080879012345679075e+04
1.476602469135802494e+04
1.392534567901234550e+04
1.099245679012345681e+04
1.327429629629629562e+04
1.623562962962962956e+04
2.039792592592592700e+04
2.624790123456790025e+04
2.845704938271604988e+04
3.190824691358024575e+04
3.945538271604938200e+04
4.378834567901234550e+04
5.282720987654320925e+04
5.812095061728395376e+04
6.219159259259259125e+04
6.168907407407407300e+04
6.137302469135802676e+04
6.089262962962962774e+04
6.028897530864197324e+04
5.955258024691358150e+04
5.960630864197530900e+04
5.914803703703703650e+04
5.853174074074073724e+04
5.795969135802469100e+04
5.760887654320987349e+04
5.762151851851851825e+04
5.758991358024690999e+04
5.743188888888889051e+04
5.710319753086419951e+04
5.710003703703703650e+04
5.671445679012345499e+04
5.675238271604938200e+04
5.674922222222221899e+04
5.654062962962962774e+04
5.665756790123456449e+04
5.622774074074073724e+04
5.628462962962962774e+04
5.610132098765431874e+04
5.603179012345679075e+04
5.611396296296296350e+04
5.610448148148148175e+04
5.600018518518518249e+04
5.560512345679012651e+04
5.555771604938271776e+04
5.546922222222221899e+04
5.521638271604938200e+04
5.548818518518518249e+04
5.530803703703703650e+04
5.541865432098765450e+04
5.521638271604938200e+04
5.529855555555555475e+04
5.522902469135802676e+04
5.551030864197530900e+04
5.524798765432099026e+04
5.547870370370370074e+04
5.551030864197530900e+04
5.535228395061728224e+04
5.534280246913580049e+04
5.509312345679012651e+04
5.521954320987654501e+04
5.510576543209876399e+04
5.507416049382716301e+04
5.531435802469135524e+04
5.497618518518518249e+04
5.479287654320987349e+04
5.479919753086419951e+04
5.484344444444444525e+04
5.511840740740740875e+04
5.518477777777778101e+04
5.510892592592592700e+04
5.529539506172839174e+04
5.511524691358024575e+04
5.529223456790123601e+04
5.506467901234568126e+04
5.524482716049382725e+04
5.536492592592592700e+04
5.519741975308641850e+04
5.552611111111110949e+04
5.548502469135802676e+04
5.527959259259259125e+04
5.568097530864197324e+04
5.542497530864197324e+04
5.558300000000000000e+04
5.542497530864197324e+04
5.560828395061728224e+04
5.515949382716049149e+04
5.532383950617283699e+04
5.504887654320987349e+04
5.528591358024690999e+04
5.511524691358024575e+04
5.514369135802469100e+04
5.500779012345679075e+04
5.493509876543209975e+04
5.486872839506172750e+04
5.502991358024690999e+04
5.482764197530864476e+04
5.497302469135802676e+04
5.492877777777778101e+04
5.498250617283950851e+04
5.490033333333333576e+04
5.538388888888889051e+04
5.493509876543209975e+04
5.505203703703703650e+04
5.492561728395061800e+04
5.479919753086419951e+04
5.506783950617283699e+04
5.517213580246913625e+04
5.515001234567900974e+04
5.485924691358024575e+04
5.481816049382716301e+04
5.483080246913580049e+04
5.475495061728395376e+04
5.484028395061728224e+04
5.482764197530864476e+04
5.457796296296296350e+04
5.494458024691358150e+04
5.457164197530864476e+04
5.491613580246913625e+04
5.482764197530864476e+04
5.457796296296296350e+04
5.457796296296296350e+04
5.464117283950617275e+04
5.450211111111110949e+04
5.463485185185185401e+04
5.468541975308641850e+04
5.498882716049382725e+04
5.527327160493827250e+04
5.534280246913580049e+04
5.554823456790123601e+04
5.551030864197530900e+04
5.559248148148148175e+04
5.596858024691358150e+04
5.593065432098765450e+04
5.589904938271604624e+04
5.574418518518518249e+04
5.578211111111110949e+04
5.605707407407407300e+04
5.586112345679012651e+04
5.596541975308641850e+04
5.625934567901234550e+04
5.676502469135802676e+04
5.642053086419752799e+04
5.637312345679012651e+04
5.638576543209876399e+04
5.633519753086419951e+04
5.627514814814814599e+04
5.625302469135802676e+04
5.613608641975309001e+04
5.619613580246913625e+04
5.612660493827160826e+04
5.626250617283950851e+04
5.608551851851851825e+04
5.616769135802469100e+04
5.601282716049382725e+04
5.621825925925926276e+04
5.616137037037037226e+04
5.619297530864197324e+04
5.614240740740740875e+04
5.614240740740740875e+04
5.624354320987654501e+04
5.630991358024690999e+04
5.621509876543209975e+04
5.623406172839506326e+04
5.601282716049382725e+04
5.622141975308641850e+04
5.607919753086419951e+04
5.605391358024690999e+04
5.604127160493827250e+04
5.608235802469135524e+04
5.606339506172839174e+04
5.618665432098765450e+04
5.602230864197530900e+04
5.612976543209876399e+04
5.615820987654320925e+04
5.604759259259259125e+04
5.615504938271604624e+04
5.605707407407407300e+04
5.621193827160493674e+04
5.632887654320987349e+04
5.624670370370370074e+04
5.605391358024690999e+04
5.623090123456790025e+04
5.621193827160493674e+04
5.617085185185185401e+04
5.619297530864197324e+04
5.626882716049382725e+04
5.623406172839506326e+04
5.599070370370370074e+04
5.630675308641975425e+04
5.585480246913580049e+04
5.587692592592592700e+04
5.619929629629629926e+04
5.612028395061728224e+04
5.664176543209876399e+04
5.642685185185185401e+04
5.620877777777778101e+04
5.628462962962962774e+04
5.631623456790123601e+04
5.620877777777778101e+04
5.638576543209876399e+04
5.633835802469135524e+04
5.609816049382716301e+04
5.604759259259259125e+04
5.624354320987654501e+04
5.609183950617283699e+04
5.601598765432099026e+04
5.615188888888889051e+04
5.608235802469135524e+04
5.610764197530864476e+04
5.620245679012345499e+04
5.617401234567900974e+04
5.597174074074073724e+04
5.610764197530864476e+04
5.593697530864197324e+04
5.614872839506172750e+04
5.611396296296296350e+04
5.610132098765431874e+04
5.612344444444444525e+04
5.605707407407407300e+04
5.595593827160493674e+04
5.590853086419752799e+04
5.577895061728395376e+04
5.624986419753086375e+04
5.613608641975309001e+04
5.611080246913580049e+04
5.626250617283950851e+04
5.669233333333333576e+04
5.637628395061728224e+04
5.666388888888889051e+04
5.662596296296296350e+04
5.643317283950617275e+04
5.645529629629629926e+04
5.626566666666666424e+04
5.631623456790123601e+04
5.630043209876543551e+04
5.627514814814814599e+04
5.634467901234568126e+04
5.650270370370370074e+04
5.618665432098765450e+04
5.630043209876543551e+04
5.630043209876543551e+04
5.604127160493827250e+04
5.597490123456790025e+04
5.605707407407407300e+04
5.624986419753086375e+04
5.595909876543209975e+04
5.629411111111110949e+04
5.607919753086419951e+04
5.627198765432099026e+04
5.626250617283950851e+04
5.618981481481481751e+04
5.639524691358024575e+04
5.630991358024690999e+04
5.643001234567900974e+04
5.635100000000000000e+04
5.621193827160493674e+04
5.611712345679012651e+04
5.607603703703703650e+04
5.610448148148148175e+04
5.609500000000000000e+04
5.633203703703703650e+04
5.631939506172839174e+04
5.592749382716049149e+04
5.612660493827160826e+04
5.566201234567900974e+04
5.586112345679012651e+04
5.571574074074073724e+04
5.592749382716049149e+04
5.571574074074073724e+04
5.583900000000000000e+04
5.640472839506172750e+04
5.592749382716049149e+04
5.592749382716049149e+04
5.621509876543209975e+04
5.619297530864197324e+04
5.600334567901234550e+04
5.604443209876543551e+04
5.583900000000000000e+04
5.604759259259259125e+04
5.603179012345679075e+04
5.601282716049382725e+04
5.603179012345679075e+04
5.575998765432099026e+04
5.586428395061728224e+04
5.573154320987654501e+04
5.586112345679012651e+04
5.581371604938271776e+04
5.579475308641975425e+04
5.560196296296296350e+04
5.558932098765431874e+04
5.545658024691358150e+04
5.520058024691358150e+04
5.517845679012345499e+04
5.538072839506172750e+04
5.533016049382716301e+04
5.533648148148148175e+04
5.558616049382716301e+04
5.569677777777778101e+04
5.569993827160493674e+04
5.570941975308641850e+04
5.561144444444444525e+04
5.570625925925926276e+04
5.557667901234568126e+04
5.582003703703703650e+04
5.568729629629629926e+04
5.575366666666666424e+04
5.550714814814814599e+04
5.526695061728395376e+04
5.556719753086419951e+04
5.547238271604938200e+04
5.581371604938271776e+04
5.541865432098765450e+04
5.544709876543209975e+04
5.559248148148148175e+04
5.540601234567900974e+04
5.533332098765431874e+04
5.526695061728395376e+04
5.515949382716049149e+04
5.528907407407407300e+04
5.552927160493827250e+04
5.537124691358024575e+04
5.560512345679012651e+04
5.598754320987654501e+04
5.601598765432099026e+04
5.601914814814814599e+04
5.596225925925926276e+04
5.597806172839506326e+04
5.621825925925926276e+04
5.572522222222221899e+04
5.572206172839506326e+04
5.593381481481481751e+04
5.595909876543209975e+04
5.606971604938271776e+04
5.588324691358024575e+04
5.586112345679012651e+04
5.602862962962962774e+04
5.604759259259259125e+04
5.595909876543209975e+04
5.579791358024690999e+04
5.594329629629629926e+04
5.596541975308641850e+04
5.619297530864197324e+04
5.599070370370370074e+04
5.597490123456790025e+04
5.619929629629629926e+04
5.645529629629629926e+04
5.622141975308641850e+04
5.624354320987654501e+04
5.625618518518518249e+04
5.632887654320987349e+04
5.595593827160493674e+04
5.604127160493827250e+04
5.583900000000000000e+04
5.571574074074073724e+04
5.571890123456790025e+04
5.580107407407407300e+04
5.568413580246913625e+04
5.608867901234568126e+04
5.592749382716049149e+04
5.585164197530864476e+04
5.588956790123456449e+04
5.568097530864197324e+04
5.573786419753086375e+04
5.550082716049382725e+04
5.560512345679012651e+04
5.559880246913580049e+04
5.539653086419752799e+04
5.568729629629629926e+04
5.564304938271604624e+04
5.564937037037037226e+04
5.583583950617283699e+04
5.568729629629629926e+04
5.549766666666666424e+04
5.581687654320987349e+04
5.558932098765431874e+04
5.564937037037037226e+04
5.595277777777778101e+04
5.569993827160493674e+04
5.615188888888889051e+04
5.576946913580247201e+04
5.582635802469135524e+04
5.576630864197530900e+04
5.567465432098765450e+04
5.577579012345679075e+04
4.639228395061728224e+04
5.035870370370370074e+04
5.454635802469135524e+04
5.721381481481481751e+04
6.029845679012345499e+04
5.623732098765431874e+04
4.123155555555555475e+04
2.623525925925925912e+04
2.042004938271604988e+04
1.296772839506172750e+04
1.085339506172839538e+04
1.162454320987654319e+04
1.231667901234567944e+04
1.289819753086419769e+04
1.588797530864197506e+04
1.894096296296296350e+04
2.777755555555555475e+04
3.281213580246913625e+04
3.809639506172839174e+04
4.406646913580247201e+04
5.131335802469135524e+04
5.432525925925926276e+04
6.096534567901234550e+04
6.075043209876543551e+04
6.180917283950617275e+04
6.116759259259259125e+04
6.070932098765431874e+04
6.011830864197530900e+04
6.008354320987654501e+04
5.928393827160493674e+04
5.926497530864197324e+04
5.869608641975309001e+04
5.830734567901234550e+04
5.788700000000000000e+04
5.783959259259259125e+04
5.752038271604938200e+04
5.724858024691358150e+04
5.713480246913580049e+04
5.709687654320987349e+04
5.695149382716049149e+04
5.705262962962962774e+04
5.675870370370370074e+04
5.658803703703703650e+04
5.645529629629629926e+04
5.627198765432099026e+04
5.602546913580247201e+04
5.607919753086419951e+04
5.602230864197530900e+04
5.585164197530864476e+04
5.581687654320987349e+04
5.585480246913580049e+04
5.581055555555555475e+04
5.541865432098765450e+04
5.531119753086419951e+04
5.546922222222221899e+04
5.549450617283950851e+04
5.569045679012345499e+04
5.509628395061728224e+04
5.517213580246913625e+04
5.565885185185185401e+04
5.565885185185185401e+04
5.549450617283950851e+04
5.555139506172839174e+04
5.539969135802469100e+04
5.561144444444444525e+04
5.557035802469135524e+04
5.542497530864197324e+04
5.531119753086419951e+04
5.537124691358024575e+04
5.529855555555555475e+04
5.557667901234568126e+04
5.533332098765431874e+04
5.540601234567900974e+04
5.518793827160493674e+04
5.557983950617283699e+04
5.520690123456790025e+04
5.498250617283950851e+04
5.533016049382716301e+04
5.557035802469135524e+04
5.568729629629629926e+04
5.511840740740740875e+04
5.525114814814814599e+04
5.548186419753086375e+04
5.518477777777778101e+04
5.553243209876543551e+04
5.530171604938271776e+04
5.477075308641975425e+04
5.509628395061728224e+04
5.550398765432099026e+04
5.532383950617283699e+04
5.525746913580247201e+04
5.495090123456790025e+04
5.524482716049382725e+04
5.539337037037037226e+04
5.528591358024690999e+04
5.508048148148148175e+04
5.543761728395061800e+04
5.546922222222221899e+04
5.522270370370370074e+04
5.525746913580247201e+04
5.521006172839506326e+04
5.509628395061728224e+04
5.521006172839506326e+04
5.517845679012345499e+04
5.487820987654320925e+04
5.485292592592592700e+04
5.507416049382716301e+04
5.511840740740740875e+04
5.512788888888889051e+04
5.510892592592592700e+04
5.499514814814814599e+04
5.498250617283950851e+04
5.497302469135802676e+04
5.493193827160493674e+04
5.488137037037037226e+04
5.492245679012345499e+04
5.504887654320987349e+04
5.514685185185185401e+04
5.472334567901234550e+04
5.499198765432099026e+04
5.511524691358024575e+04
5.516581481481481751e+04
5.524798765432099026e+04
5.502991358024690999e+04
5.502043209876543551e+04
5.495406172839506326e+04
5.496354320987654501e+04
5.469490123456790025e+04
5.495406172839506326e+04
5.462220987654320925e+04
5.452739506172839174e+04
5.480235802469135524e+04
5.488453086419752799e+04
5.531435802469135524e+04
5.522586419753086375e+04
5.515633333333333576e+04
5.497302469135802676e+04
5.480551851851851825e+04
5.522902469135802676e+04
5.527327160493827250e+04
5.542813580246913625e+04
5.558616049382716301e+04
5.561776543209876399e+04
5.541233333333333576e+04
5.555455555555555475e+04
5.538704938271604624e+04
5.539969135802469100e+04
5.558932098765431874e+04
5.569361728395061800e+04
5.584848148148148175e+04
5.568729629629629926e+04
5.565253086419752799e+04
5.571574074074073724e+04
5.575998765432099026e+04
5.562408641975309001e+04
5.545341975308641850e+04
5.550714814814814599e+04
5.606023456790123601e+04
5.553559259259259125e+04
5.595593827160493674e+04
5.572206172839506326e+04
5.554191358024690999e+04
5.558616049382716301e+04
5.575998765432099026e+04
5.565569135802469100e+04
5.560828395061728224e+04
5.544393827160493674e+04
5.546606172839506326e+04
5.547554320987654501e+04
5.566833333333333576e+04
5.567465432098765450e+04
5.586112345679012651e+04
5.561144444444444525e+04
5.555771604938271776e+04
5.544393827160493674e+04
5.557351851851851825e+04
5.538072839506172750e+04
5.551662962962962774e+04
5.534596296296296350e+04
5.549766666666666424e+04
5.521638271604938200e+04
5.544077777777778101e+04
5.545974074074073724e+04
5.546606172839506326e+04
5.543129629629629926e+04
5.565885185185185401e+04
5.524798765432099026e+04
5.508680246913580049e+04
5.538388888888889051e+04
5.547870370370370074e+04
5.534596296296296350e+04
5.544393827160493674e+04
5.533964197530864476e+04
5.521006172839506326e+04
5.551030864197530900e+04
5.533332098765431874e+04
5.524166666666666424e+04
5.509944444444444525e+04
5.526695061728395376e+04
5.502675308641975425e+04
5.506467901234568126e+04
5.520690123456790025e+04
5.513104938271604624e+04
5.559880246913580049e+04
5.509628395061728224e+04
5.522902469135802676e+04
5.540601234567900974e+04
5.527011111111110949e+04
5.528907407407407300e+04
5.520374074074073724e+04
5.508680246913580049e+04
5.538388888888889051e+04
5.520058024691358150e+04
5.501095061728395376e+04
5.512472839506172750e+04
5.492245679012345499e+04
5.518161728395061800e+04
5.498250617283950851e+04
5.502991358024690999e+04
5.487820987654320925e+04
5.478339506172839174e+04
5.467277777777778101e+04
5.472650617283950851e+04
5.475495061728395376e+04
5.496038271604938200e+04
5.483080246913580049e+04
5.481816049382716301e+04
5.485608641975309001e+04
5.517213580246913625e+04
5.470122222222221899e+04
5.502043209876543551e+04
5.506467901234568126e+04
5.489401234567900974e+04
5.519425925925926276e+04
5.532067901234568126e+04
5.550714814814814599e+04
5.539337037037037226e+04
5.541233333333333576e+04
5.511524691358024575e+04
5.511524691358024575e+04
5.527011111111110949e+04
5.514369135802469100e+04
5.535228395061728224e+04
5.522902469135802676e+04
5.529223456790123601e+04
5.539020987654320925e+04
5.533016049382716301e+04
5.517845679012345499e+04
5.540285185185185401e+04
5.511840740740740875e+04
5.517213580246913625e+04
5.537124691358024575e+04
5.524482716049382725e+04
5.507732098765431874e+04
5.516897530864197324e+04
5.520058024691358150e+04
5.521638271604938200e+04
5.515001234567900974e+04
5.529855555555555475e+04
5.545974074074073724e+04
5.539653086419752799e+04
5.541865432098765450e+04
5.578527160493827250e+04
5.545658024691358150e+04
5.533648148148148175e+04
5.511524691358024575e+04
5.523534567901234550e+04
5.509944444444444525e+04
5.490349382716049149e+04
5.488769135802469100e+04
5.513737037037037226e+04
5.492245679012345499e+04
5.504255555555555475e+04
5.465697530864197324e+04
5.472966666666666424e+04
5.496670370370370074e+04
5.493509876543209975e+04
5.498250617283950851e+04
5.484976543209876399e+04
5.503623456790123601e+04
5.511524691358024575e+04
5.505835802469135524e+04
5.506151851851851825e+04
5.510260493827160826e+04
5.507732098765431874e+04
5.516897530864197324e+04
5.500146913580247201e+04
5.504887654320987349e+04
5.516265432098765450e+04
5.517529629629629926e+04
5.515633333333333576e+04
5.519425925925926276e+04
5.541865432098765450e+04
5.517529629629629926e+04
5.495090123456790025e+04
5.520374074074073724e+04
5.490349382716049149e+04
5.487504938271604624e+04
5.485292592592592700e+04
5.498250617283950851e+04
5.484028395061728224e+04
5.481816049382716301e+04
5.462853086419752799e+04
5.456532098765431874e+04
5.474862962962962774e+04
5.489717283950617275e+04
5.508364197530864476e+04
5.483712345679012651e+04
5.486240740740740875e+04
5.490349382716049149e+04
5.520058024691358150e+04
5.513737037037037226e+04
5.496986419753086375e+04
5.511840740740740875e+04
5.487188888888889051e+04
5.487504938271604624e+04
5.464749382716049149e+04
5.460640740740740875e+04
5.454003703703703650e+04
5.485924691358024575e+04
5.434408641975309001e+04
5.450527160493827250e+04
5.425559259259259125e+04
5.419238271604938200e+04
5.414497530864197324e+04
5.389213580246913625e+04
5.421134567901234550e+04
5.429667901234568126e+04
5.449895061728395376e+04
5.516265432098765450e+04
5.480235802469135524e+04
5.491929629629629926e+04
5.501411111111110949e+04
5.509312345679012651e+04
5.537440740740740875e+04
5.538388888888889051e+04
5.524798765432099026e+04
5.511208641975309001e+04
5.528275308641975425e+04
5.531119753086419951e+04
5.541233333333333576e+04
5.520374074074073724e+04
5.539020987654320925e+04
5.545658024691358150e+04
5.547554320987654501e+04
5.550714814814814599e+04
5.504887654320987349e+04
5.514053086419752799e+04
5.520058024691358150e+04
5.525114814814814599e+04
5.513420987654320925e+04
5.505519753086419951e+04
5.522270370370370074e+04
5.518793827160493674e+04
5.523534567901234550e+04
5.524166666666666424e+04
5.536808641975309001e+04
5.565253086419752799e+04
5.536176543209876399e+04
5.558300000000000000e+04
5.575050617283950851e+04
5.542497530864197324e+04
5.526062962962962774e+04
5.514369135802469100e+04
5.484344444444444525e+04
5.468541975308641850e+04
5.517845679012345499e+04
5.505203703703703650e+04
5.483080246913580049e+04
5.484976543209876399e+04
5.497302469135802676e+04
5.454635802469135524e+04
5.469490123456790025e+04
5.443574074074073724e+04
5.459692592592592700e+04
5.452739506172839174e+04
5.480867901234568126e+04
5.491297530864197324e+04
5.474230864197530900e+04
5.494458024691358150e+04
5.497302469135802676e+04
5.503623456790123601e+04
5.523534567901234550e+04
5.531435802469135524e+04
5.528275308641975425e+04
5.510260493827160826e+04
5.498250617283950851e+04
5.496670370370370074e+04
5.521006172839506326e+04
5.512472839506172750e+04
5.504571604938271776e+04
5.508680246913580049e+04
5.508680246913580049e+04
4.815583950617283699e+04
5.232137037037037226e+04
5.538704938271604624e+04
5.867712345679012651e+04
6.088630864197530900e+04
4.586791358024690999e+04
3.558383950617283699e+04
2.696216049382715937e+04
2.051170370370370438e+04
1.641261728395061800e+04
1.107146913580246837e+04
1.475970370370370438e+04
1.359981481481481569e+04
2.047693827160493674e+04
2.342562962962963138e+04
2.555260493827160462e+04
3.222745679012345499e+04
3.355483950617283699e+04
4.019808641975309001e+04
4.707520987654320925e+04
4.836150617283950851e+04
5.902483950617283699e+04
6.084208641975309001e+04
6.177756790123456449e+04
6.170171604938271776e+04
6.107909876543209975e+04
6.057658024691358150e+04
6.001085185185185401e+04
5.940403703703703650e+04
5.899001234567900974e+04
5.867080246913580049e+04
5.789648148148148175e+04
5.780482716049382725e+04
5.788383950617283699e+04
5.738448148148148175e+04
5.754882716049382725e+04
5.707159259259259125e+04
5.706527160493827250e+04
5.677766666666666424e+04
5.647425925925926276e+04
5.624354320987654501e+04
5.612976543209876399e+04
5.587692592592592700e+04
5.595277777777778101e+04
5.584532098765431874e+04
5.558932098765431874e+04
5.588956790123456449e+04
5.562408641975309001e+04
5.553559259259259125e+04
5.546606172839506326e+04
5.530487654320987349e+04
5.525114814814814599e+04
5.492245679012345499e+04
5.496986419753086375e+04
5.493825925925926276e+04
5.466013580246913625e+04
5.483080246913580049e+04
5.464749382716049149e+04
5.496670370370370074e+04
5.510576543209876399e+04
5.512156790123456449e+04
5.520374074074073724e+04
5.513420987654320925e+04
5.517213580246913625e+04
5.529855555555555475e+04
5.508680246913580049e+04
5.489085185185185401e+04
5.501727160493827250e+04
5.460324691358024575e+04
5.459060493827160826e+04
5.488137037037037226e+04
5.449262962962962774e+04
5.457164197530864476e+04
5.490349382716049149e+04
5.446734567901234550e+04
5.427771604938271776e+04
5.452107407407407300e+04
5.407860493827160826e+04
5.411653086419752799e+04
5.414813580246913625e+04
5.423030864197530900e+04
5.431248148148148175e+04
5.439465432098765450e+04
5.447050617283950851e+04
5.413233333333333576e+04
5.441993827160493674e+04
5.438517283950617275e+04
5.449579012345679075e+04
5.450843209876543551e+04
5.456848148148148175e+04
5.433144444444444525e+04
5.455583950617283699e+04
5.472650617283950851e+04
5.466329629629629926e+04
5.446734567901234550e+04
5.439781481481481751e+04
5.432828395061728224e+04
5.454951851851851825e+04
5.454003703703703650e+04
5.415129629629629926e+04
5.430616049382716301e+04
5.418922222222221899e+04
5.425875308641975425e+04
5.425243209876543551e+04
5.415129629629629926e+04
5.420818518518518249e+04
5.405648148148148175e+04
5.420818518518518249e+04
5.429667901234568126e+04
5.412917283950617275e+04
5.429035802469135524e+04
5.408176543209876399e+04
5.450843209876543551e+04
5.431248148148148175e+04
5.438833333333333576e+04
5.434408641975309001e+04
5.428719753086419951e+04
5.441677777777778101e+04
5.414497530864197324e+04
5.422398765432099026e+04
5.427139506172839174e+04
5.442941975308641850e+04
5.416077777777778101e+04
5.424927160493827250e+04
5.402803703703703650e+04
5.396798765432099026e+04
5.404383950617283699e+04
5.413233333333333576e+04
5.427139506172839174e+04
5.423346913580247201e+04
5.431248148148148175e+04
5.464433333333333576e+04
5.480867901234568126e+04
5.497618518518518249e+04
5.525114814814814599e+04
5.513737037037037226e+04
5.550082716049382725e+04
5.565253086419752799e+04
5.573154320987654501e+04
5.581687654320987349e+04
5.607603703703703650e+04
5.582951851851851825e+04
5.594645679012345499e+04
5.564620987654320925e+04
5.578843209876543551e+04
5.562724691358024575e+04
5.579791358024690999e+04
5.560828395061728224e+04
5.559248148148148175e+04
5.566833333333333576e+04
5.579475308641975425e+04
5.569677777777778101e+04
5.551979012345679075e+04
5.585480246913580049e+04
5.583583950617283699e+04
5.595909876543209975e+04
5.571258024691358150e+04
5.567465432098765450e+04
5.592749382716049149e+04
5.579791358024690999e+04
5.592117283950617275e+04
5.582319753086419951e+04
5.596858024691358150e+04
5.618665432098765450e+04
5.597174074074073724e+04
5.617401234567900974e+04
5.629411111111110949e+04
5.610448148148148175e+04
5.589904938271604624e+04
5.566517283950617275e+04
5.551662962962962774e+04
5.560512345679012651e+04
5.564304938271604624e+04
5.570941975308641850e+04
5.587692592592592700e+04
5.544077777777778101e+04
5.563672839506172750e+04
5.554507407407407300e+04
5.563040740740740875e+04
5.559564197530864476e+04
5.549134567901234550e+04
5.572206172839506326e+04
5.595909876543209975e+04
5.606023456790123601e+04
5.626250617283950851e+04
5.631307407407407300e+04
5.617085185185185401e+04
5.622458024691358150e+04
5.605075308641975425e+04
5.583900000000000000e+04
5.586744444444444525e+04
5.585796296296296350e+04
5.591169135802469100e+04
5.580107407407407300e+04
5.613292592592592700e+04
5.576946913580247201e+04
5.607287654320987349e+04
5.548186419753086375e+04
5.560512345679012651e+04
5.575366666666666424e+04
5.585796296296296350e+04
5.534596296296296350e+04
5.530803703703703650e+04
5.533964197530864476e+04
5.536492592592592700e+04
5.533016049382716301e+04
5.533648148148148175e+04
5.576946913580247201e+04
5.528907407407407300e+04
5.544709876543209975e+04
5.542181481481481751e+04
5.531435802469135524e+04
5.540285185185185401e+04
5.542813580246913625e+04
5.521954320987654501e+04
5.552927160493827250e+04
5.507100000000000000e+04
5.538704938271604624e+04
5.507416049382716301e+04
5.527959259259259125e+04
5.511840740740740875e+04
5.513737037037037226e+04
5.543129629629629926e+04
5.516897530864197324e+04
5.540601234567900974e+04
5.515001234567900974e+04
5.489717283950617275e+04
5.490349382716049149e+04
5.493509876543209975e+04
5.512788888888889051e+04
5.536176543209876399e+04
5.502359259259259125e+04
5.564620987654320925e+04
5.539020987654320925e+04
5.570941975308641850e+04
5.556719753086419951e+04
5.555139506172839174e+04
5.567781481481481751e+04
5.549766666666666424e+04
5.547238271604938200e+04
5.529539506172839174e+04
5.539969135802469100e+04
5.537124691358024575e+04
5.549766666666666424e+04
5.575998765432099026e+04
5.594645679012345499e+04
5.560828395061728224e+04
5.567781481481481751e+04
5.571258024691358150e+04
5.588008641975309001e+04
5.551662962962962774e+04
5.540917283950617275e+04
5.584848148148148175e+04
5.567149382716049149e+04
5.541549382716049149e+04
5.545341975308641850e+04
5.571574074074073724e+04
5.565885185185185401e+04
5.572838271604938200e+04
5.569361728395061800e+04
5.559248148148148175e+04
5.564620987654320925e+04
5.535860493827160826e+04
5.517845679012345499e+04
5.532067901234568126e+04
5.543129629629629926e+04
5.546922222222221899e+04
5.564304938271604624e+04
5.550082716049382725e+04
5.556719753086419951e+04
5.562092592592592700e+04
5.546290123456790025e+04
5.570941975308641850e+04
5.548502469135802676e+04
5.557667901234568126e+04
5.528591358024690999e+04
5.540917283950617275e+04
5.534912345679012651e+04
5.542497530864197324e+04
5.531751851851851825e+04
5.505519753086419951e+04
5.536492592592592700e+04
5.559248148148148175e+04
5.560828395061728224e+04
5.547870370370370074e+04
5.585796296296296350e+04
5.541865432098765450e+04
5.533964197530864476e+04
5.520374074074073724e+04
5.520690123456790025e+04
5.523534567901234550e+04
5.543445679012345499e+04
5.533016049382716301e+04
5.514053086419752799e+04
5.529223456790123601e+04
5.510576543209876399e+04
5.508680246913580049e+04
5.515949382716049149e+04
5.505835802469135524e+04
5.527959259259259125e+04
5.533648148148148175e+04
5.525746913580247201e+04
5.545025925925926276e+04
5.531435802469135524e+04
5.515949382716049149e+04
5.538072839506172750e+04
5.512472839506172750e+04
5.530803703703703650e+04
5.533648148148148175e+04
5.535544444444444525e+04
5.533016049382716301e+04
5.547554320987654501e+04
5.515633333333333576e+04
5.505519753086419951e+04
5.500462962962962774e+04
5.520058024691358150e+04
5.477075308641975425e+04
5.511524691358024575e+04
5.507416049382716301e+04
5.513104938271604624e+04
5.484976543209876399e+04
5.497302469135802676e+04
5.465697530864197324e+04
5.455900000000000000e+04
5.457796296296296350e+04
5.450527160493827250e+04
5.472650617283950851e+04
5.476127160493827250e+04
5.492877777777778101e+04
5.515001234567900974e+04
5.507100000000000000e+04
5.526062962962962774e+04
5.508996296296296350e+04
5.532700000000000000e+04
5.523534567901234550e+04
5.555139506172839174e+04
5.548502469135802676e+04
5.545974074074073724e+04
5.536176543209876399e+04
5.525746913580247201e+04
5.520690123456790025e+04
5.530487654320987349e+04
5.546922222222221899e+04
5.586744444444444525e+04
5.535544444444444525e+04
5.548186419753086375e+04
5.542813580246913625e+04
5.545658024691358150e+04
5.544077777777778101e+04
5.559248148148148175e+04
5.546606172839506326e+04
5.527959259259259125e+04
5.561144444444444525e+04
5.569677777777778101e+04
5.564620987654320925e+04
5.550714814814814599e+04
5.541549382716049149e+04
5.562408641975309001e+04
5.557983950617283699e+04
5.560196296296296350e+04
5.538388888888889051e+04
5.546290123456790025e+04
5.572838271604938200e+04
5.571890123456790025e+04
5.558932098765431874e+04
5.565253086419752799e+04
5.520690123456790025e+04
5.521322222222221899e+04
5.588956790123456449e+04
5.521006172839506326e+04
5.525114814814814599e+04
5.506151851851851825e+04
5.525746913580247201e+04
5.485292592592592700e+04
5.515949382716049149e+04
5.486872839506172750e+04
5.515949382716049149e+04
5.496038271604938200e+04
5.497934567901234550e+04
5.504255555555555475e+04
5.559880246913580049e+04
5.504255555555555475e+04
5.522586419753086375e+04
5.502359259259259125e+04
5.507732098765431874e+04
5.505203703703703650e+04
5.469174074074073724e+04
5.490981481481481751e+04
5.481500000000000000e+04
5.481816049382716301e+04
5.514685185185185401e+04
5.490981481481481751e+04
5.490981481481481751e+04
4.929993827160493674e+04
5.332324691358024575e+04
5.728334567901234550e+04
5.955574074074073724e+04
6.210309876543209975e+04
4.249572839506172750e+04
2.682941975308641850e+04
2.138398765432098662e+04
9.516530864197531628e+03
7.294740740740740875e+03
8.833876543209877127e+03
6.454061728395061436e+03
8.106975308641975062e+03
1.618506172839506144e+04
1.594802469135802494e+04
2.272401234567901338e+04
2.699692592592592700e+04
3.057138271604938200e+04
4.190788888888889051e+04
4.474280246913580049e+04
5.152511111111110949e+04
5.601293827160493674e+04
6.198617283950617275e+04
6.234961728395061800e+04
6.190082716049382725e+04
6.137934567901234550e+04
6.083258024691358150e+04
6.053865432098765450e+04
5.990971604938271776e+04
5.934714814814814599e+04
5.887307407407407300e+04
5.858230864197530900e+04
5.812719753086419951e+04
5.823465432098765450e+04
5.785855555555555475e+04
5.765944444444444525e+04
5.762151851851851825e+04
5.751406172839506326e+04
5.739080246913580049e+04
5.727702469135802676e+04
5.711583950617283699e+04
5.681559259259259125e+04
5.697361728395061800e+04
5.676186419753086375e+04
5.678714814814814599e+04
5.670181481481481751e+04
5.636996296296296350e+04
5.645529629629629926e+04
5.634783950617283699e+04
5.604127160493827250e+04
5.598754320987654501e+04
5.603179012345679075e+04
5.589272839506172750e+04
5.584216049382716301e+04
5.572206172839506326e+04
5.561460493827160826e+04
5.548186419753086375e+04
5.579475308641975425e+04
5.575366666666666424e+04
5.588640740740740875e+04
5.608235802469135524e+04
5.589904938271604624e+04
5.564620987654320925e+04
5.560828395061728224e+04
5.565569135802469100e+04
5.582003703703703650e+04
5.553243209876543551e+04
5.535860493827160826e+04
5.562092592592592700e+04
5.547554320987654501e+04
5.533332098765431874e+04
5.532067901234568126e+04
5.555771604938271776e+04
5.540601234567900974e+04
5.523218518518518249e+04
5.544077777777778101e+04
5.525746913580247201e+04
5.526062962962962774e+04
5.521322222222221899e+04
5.527643209876543551e+04
5.534280246913580049e+04
5.545341975308641850e+04
5.571890123456790025e+04
5.598438271604938200e+04
5.574102469135802676e+04
5.575366666666666424e+04
5.570625925925926276e+04
5.566201234567900974e+04
5.574418518518518249e+04
5.581055555555555475e+04
5.571890123456790025e+04
5.551979012345679075e+04
5.550082716049382725e+04
5.558932098765431874e+04
5.551662962962962774e+04
5.580739506172839174e+04
5.576630864197530900e+04
5.557983950617283699e+04
5.541233333333333576e+04
5.546606172839506326e+04
5.564304938271604624e+04
5.583900000000000000e+04
5.534280246913580049e+04
5.548818518518518249e+04
5.565569135802469100e+04
5.559564197530864476e+04
5.565569135802469100e+04
5.568729629629629926e+04
5.570309876543209975e+04
5.562092592592592700e+04
5.542181481481481751e+04
5.540601234567900974e+04
5.544393827160493674e+04
5.544077777777778101e+04
5.528591358024690999e+04
5.540285185185185401e+04
5.542181481481481751e+04
5.536808641975309001e+04
5.543761728395061800e+04
5.529855555555555475e+04
5.512156790123456449e+04
5.525114814814814599e+04
5.501095061728395376e+04
5.522902469135802676e+04
5.468541975308641850e+04
5.490981481481481751e+04
5.495090123456790025e+04
5.485924691358024575e+04
5.461904938271604624e+04
5.480867901234568126e+04
5.520374074074073724e+04
5.531435802469135524e+04
5.518477777777778101e+04
5.522902469135802676e+04
5.542813580246913625e+04
5.598438271604938200e+04
5.587692592592592700e+04
5.588324691358024575e+04
5.577895061728395376e+04
5.596541975308641850e+04
5.581055555555555475e+04
5.598438271604938200e+04
5.602230864197530900e+04
5.591169135802469100e+04
5.591801234567900974e+04
5.591801234567900974e+04
5.619613580246913625e+04
5.577895061728395376e+04
5.589588888888889051e+04
5.573154320987654501e+04
5.574734567901234550e+04
5.586112345679012651e+04
5.593697530864197324e+04
5.573470370370370074e+04
5.603811111111110949e+04
5.583267901234568126e+04
5.597174074074073724e+04
5.574102469135802676e+04
5.617717283950617275e+04
5.617401234567900974e+04
5.632887654320987349e+04
5.649006172839506326e+04
5.612344444444444525e+04
5.603179012345679075e+04
5.572838271604938200e+04
5.562724691358024575e+04
5.565569135802469100e+04
5.571574074074073724e+04
5.566517283950617275e+04
5.550082716049382725e+04
5.574418518518518249e+04
5.562408641975309001e+04
5.567781481481481751e+04
5.563672839506172750e+04
5.544393827160493674e+04
5.537756790123456449e+04
5.569045679012345499e+04
5.551346913580247201e+04
5.574102469135802676e+04
5.582003703703703650e+04
5.575050617283950851e+04
5.575998765432099026e+04
5.571890123456790025e+04
5.565885185185185401e+04
5.550714814814814599e+04
5.551346913580247201e+04
5.586428395061728224e+04
5.554507407407407300e+04
5.548818518518518249e+04
5.545974074074073724e+04
5.539337037037037226e+04
5.531435802469135524e+04
5.532700000000000000e+04
5.512788888888889051e+04
5.545341975308641850e+04
5.528907407407407300e+04
5.533648148148148175e+04
5.549134567901234550e+04
5.534596296296296350e+04
5.507416049382716301e+04
5.553559259259259125e+04
5.542497530864197324e+04
5.527959259259259125e+04
5.565253086419752799e+04
5.542813580246913625e+04
5.562724691358024575e+04
5.561144444444444525e+04
5.561144444444444525e+04
5.543129629629629926e+04
5.538704938271604624e+04
5.553875308641975425e+04
5.547238271604938200e+04
5.540917283950617275e+04
5.532067901234568126e+04
5.542497530864197324e+04
5.544393827160493674e+04
5.579475308641975425e+04
5.561460493827160826e+04
5.553243209876543551e+04
5.571574074074073724e+04
5.559564197530864476e+04
5.526379012345679075e+04
5.530487654320987349e+04
5.533964197530864476e+04
5.562408641975309001e+04
5.527327160493827250e+04
5.513737037037037226e+04
5.487820987654320925e+04
5.505519753086419951e+04
5.529539506172839174e+04
5.539020987654320925e+04
5.574418518518518249e+04
5.545341975308641850e+04
5.523218518518518249e+04
5.534596296296296350e+04
5.550398765432099026e+04
5.541865432098765450e+04
5.538388888888889051e+04
5.522270370370370074e+04
5.519109876543209975e+04
5.520058024691358150e+04
5.553559259259259125e+04
5.543761728395061800e+04
5.532383950617283699e+04
5.523850617283950851e+04
5.514053086419752799e+04
5.517845679012345499e+04
5.542497530864197324e+04
5.510892592592592700e+04
5.502991358024690999e+04
5.501727160493827250e+04
5.485292592592592700e+04
5.516581481481481751e+04
5.521954320987654501e+04
5.508048148148148175e+04
5.520058024691358150e+04
5.529539506172839174e+04
5.516897530864197324e+04
5.501727160493827250e+04
5.533332098765431874e+04
5.545025925925926276e+04
5.526695061728395376e+04
5.538388888888889051e+04
5.524482716049382725e+04
5.546922222222221899e+04
5.546606172839506326e+04
5.529223456790123601e+04
5.516265432098765450e+04
5.503307407407407300e+04
5.521638271604938200e+04
5.497934567901234550e+04
5.477075308641975425e+04
5.501095061728395376e+04
5.493509876543209975e+04
5.510260493827160826e+04
5.492561728395061800e+04
5.474862962962962774e+04
5.497934567901234550e+04
5.515001234567900974e+04
5.519109876543209975e+04
5.523218518518518249e+04
5.514685185185185401e+04
5.503307407407407300e+04
5.496986419753086375e+04
5.500462962962962774e+04
5.531435802469135524e+04
5.515949382716049149e+04
5.527327160493827250e+04
5.521954320987654501e+04
5.518161728395061800e+04
5.523534567901234550e+04
5.509628395061728224e+04
5.498250617283950851e+04
5.526695061728395376e+04
5.513737037037037226e+04
5.524798765432099026e+04
5.489717283950617275e+04
5.532383950617283699e+04
5.515317283950617275e+04
5.511524691358024575e+04
5.497934567901234550e+04
5.502991358024690999e+04
5.517845679012345499e+04
5.533332098765431874e+04
5.518161728395061800e+04
5.522270370370370074e+04
5.522586419753086375e+04
5.529223456790123601e+04
5.541865432098765450e+04
5.533648148148148175e+04
5.533016049382716301e+04
5.520058024691358150e+04
5.526379012345679075e+04
5.527959259259259125e+04
5.509944444444444525e+04
5.515949382716049149e+04
5.509312345679012651e+04
5.502359259259259125e+04
5.486872839506172750e+04
5.510892592592592700e+04
5.513737037037037226e+04
5.530487654320987349e+04
5.503623456790123601e+04
5.521638271604938200e+04
5.505519753086419951e+04
5.500146913580247201e+04
5.502991358024690999e+04
5.557983950617283699e+04
5.576946913580247201e+04
5.580107407407407300e+04
5.579791358024690999e+04
5.589588888888889051e+04
5.567781481481481751e+04
5.557035802469135524e+04
5.565253086419752799e+04
5.585796296296296350e+04
5.577579012345679075e+04
5.588956790123456449e+04
5.560512345679012651e+04
5.561144444444444525e+04
5.573786419753086375e+04
5.605391358024690999e+04
5.600334567901234550e+04
5.595593827160493674e+04
5.627830864197530900e+04
5.602862962962962774e+04
5.597174074074073724e+04
5.584532098765431874e+04
5.594961728395061800e+04
5.583583950617283699e+04
5.572838271604938200e+04
5.574418518518518249e+04
5.584848148148148175e+04
5.587060493827160826e+04
5.576630864197530900e+04
5.593065432098765450e+04
5.563672839506172750e+04
5.577895061728395376e+04
5.563356790123456449e+04
5.559564197530864476e+04
5.552295061728395376e+04
5.562724691358024575e+04
5.564937037037037226e+04
5.546922222222221899e+04
5.539969135802469100e+04
5.530487654320987349e+04
5.540601234567900974e+04
5.553559259259259125e+04
5.532383950617283699e+04
5.536176543209876399e+04
5.515001234567900974e+04
5.524798765432099026e+04
5.490033333333333576e+04
5.522586419753086375e+04
5.508996296296296350e+04
5.534596296296296350e+04
5.524798765432099026e+04
5.534280246913580049e+04
5.526695061728395376e+04
5.538704938271604624e+04
5.506467901234568126e+04
5.545974074074073724e+04
5.554507407407407300e+04
5.571890123456790025e+04
5.554191358024690999e+04
5.551662962962962774e+04
5.554507407407407300e+04
5.542813580246913625e+04
5.535544444444444525e+04
5.545025925925926276e+04
5.538704938271604624e+04
5.539969135802469100e+04
4.695801234567900974e+04
5.076956790123456449e+04
5.405016049382716301e+04
5.717588888888889051e+04
5.971692592592592700e+04
6.127822222222221899e+04
4.696459259259259125e+04
2.982867901234567762e+04
2.556524691358024575e+04
1.969314814814814963e+04
1.367566666666666606e+04
1.612501234567901156e+04
1.287607407407407482e+04
1.818561728395061800e+04
2.033471604938271776e+04
2.553364197530864112e+04
2.684206172839506326e+04
3.187664197530864112e+04
3.874744444444444525e+04
4.634514814814814599e+04
5.148086419753086375e+04
5.667346913580247201e+04
6.036170370370370074e+04
6.248867901234568126e+04
6.170487654320987349e+04
6.086734567901234550e+04
6.098744444444444525e+04
6.028581481481481751e+04
5.974853086419752799e+04
5.941667901234568126e+04
5.877193827160493674e+04
5.835475308641975425e+04
5.832314814814814599e+04
5.820937037037037226e+04
5.799445679012345499e+04
5.802922222222221899e+04
5.767840740740740875e+04
5.740976543209876399e+04
5.732127160493827250e+04
5.674922222222221899e+04
5.684087654320987349e+04
5.660067901234568126e+04
5.663228395061728224e+04
5.642369135802469100e+04
5.685983950617283699e+04
5.666072839506172750e+04
5.643001234567900974e+04
5.624986419753086375e+04
5.595593827160493674e+04
5.553243209876543551e+04
5.564620987654320925e+04
5.571890123456790025e+04
5.569045679012345499e+04
5.575050617283950851e+04
5.541233333333333576e+04
5.532383950617283699e+04
5.539020987654320925e+04
5.553559259259259125e+04
5.548502469135802676e+04
5.563040740740740875e+04
5.561144444444444525e+04
5.551346913580247201e+04
5.562408641975309001e+04
5.543761728395061800e+04
5.534912345679012651e+04
5.537756790123456449e+04
5.557351851851851825e+04
5.524482716049382725e+04
5.525430864197530900e+04
5.546290123456790025e+04
5.556087654320987349e+04
5.562408641975309001e+04
5.558300000000000000e+04
5.539337037037037226e+04
5.544077777777778101e+04
5.556403703703703650e+04
5.522270370370370074e+04
5.509312345679012651e+04
5.500462962962962774e+04
5.494141975308641850e+04
5.517529629629629926e+04
5.543129629629629926e+04
5.559880246913580049e+04
5.561144444444444525e+04
5.545974074074073724e+04
5.568097530864197324e+04
5.536808641975309001e+04
5.550714814814814599e+04
5.537440740740740875e+04
5.537124691358024575e+04
5.525746913580247201e+04
5.535228395061728224e+04
5.525114814814814599e+04
5.506783950617283699e+04
5.507100000000000000e+04
5.516897530864197324e+04
5.529539506172839174e+04
5.508996296296296350e+04
5.517213580246913625e+04
5.512156790123456449e+04
5.513420987654320925e+04
5.501411111111110949e+04
5.490033333333333576e+04
5.490349382716049149e+04
5.500462962962962774e+04
5.503307407407407300e+04
5.531435802469135524e+04
5.530803703703703650e+04
5.513104938271604624e+04
5.501727160493827250e+04
5.518161728395061800e+04
5.537440740740740875e+04
5.521954320987654501e+04
5.508048148148148175e+04
5.534912345679012651e+04
5.529223456790123601e+04
5.537756790123456449e+04
5.537756790123456449e+04
5.524798765432099026e+04
5.518477777777778101e+04
5.529539506172839174e+04
5.485292592592592700e+04
5.503307407407407300e+04
5.502359259259259125e+04
5.543761728395061800e+04
5.533964197530864476e+04
5.508364197530864476e+04
5.507100000000000000e+04
5.514369135802469100e+04
5.517213580246913625e+04
5.575682716049382725e+04
5.592433333333333576e+04
5.596858024691358150e+04
5.634783950617283699e+04
5.640472839506172750e+04
5.618349382716049149e+04
5.637628395061728224e+04
5.667337037037037226e+04
5.637312345679012651e+04
5.620245679012345499e+04
5.657855555555555475e+04
5.630359259259259125e+04
5.655959259259259125e+04
5.682823456790123601e+04
5.692304938271604624e+04
5.691672839506172750e+04
5.681875308641975425e+04
5.671761728395061800e+04
5.685351851851851825e+04
5.677134567901234550e+04
5.663228395061728224e+04
5.659751851851851825e+04
5.656275308641975425e+04
5.621825925925926276e+04
5.629727160493827250e+04
5.650902469135802676e+04
5.682507407407407300e+04
5.672709876543209975e+04
5.640472839506172750e+04
5.674606172839506326e+04
5.658171604938271776e+04
5.651534567901234550e+04
5.664492592592592700e+04
5.652482716049382725e+04
5.624038271604938200e+04
5.639524691358024575e+04
5.659751851851851825e+04
5.656907407407407300e+04
5.655327160493827250e+04
5.675238271604938200e+04
5.674922222222221899e+04
5.676186419753086375e+04
5.655011111111110949e+04
5.662280246913580049e+04
5.650902469135802676e+04
5.631939506172839174e+04
5.663228395061728224e+04
5.636364197530864476e+04
5.641420987654320925e+04
5.642053086419752799e+04
5.643317283950617275e+04
5.652798765432099026e+04
5.651850617283950851e+04
5.646793827160493674e+04
5.632571604938271776e+04
5.644265432098765450e+04
5.625934567901234550e+04
5.627514814814814599e+04
5.610764197530864476e+04
5.605707407407407300e+04
5.611080246913580049e+04
5.603179012345679075e+04
5.623722222222221899e+04
5.599070370370370074e+04
5.624670370370370074e+04
5.624038271604938200e+04
5.640156790123456449e+04
5.635732098765431874e+04
5.635732098765431874e+04
5.638576543209876399e+04
5.624670370370370074e+04
5.639208641975309001e+04
5.621825925925926276e+04
5.620245679012345499e+04
5.624986419753086375e+04
5.614240740740740875e+04
5.631307407407407300e+04
5.630991358024690999e+04
5.620561728395061800e+04
5.641104938271604624e+04
5.654379012345679075e+04
5.645845679012345499e+04
5.652798765432099026e+04
5.617085185185185401e+04
5.617085185185185401e+04
5.596225925925926276e+04
5.616453086419752799e+04
5.586428395061728224e+04
5.593697530864197324e+04
5.593697530864197324e+04
5.579159259259259125e+04
5.585796296296296350e+04
5.562408641975309001e+04
5.557035802469135524e+04
5.552927160493827250e+04
5.559564197530864476e+04
5.553243209876543551e+04
5.545658024691358150e+04
5.580423456790123601e+04
5.588008641975309001e+04
5.634467901234568126e+04
5.629727160493827250e+04
5.600334567901234550e+04
5.644265432098765450e+04
5.658487654320987349e+04
5.648374074074073724e+04
5.681243209876543551e+04
5.636996296296296350e+04
5.637944444444444525e+04
5.629727160493827250e+04
5.630991358024690999e+04
