0.000000000000000000e+00
4.494140000000000146e+04
4.507900000000000000e+04
4.460219999999999709e+04
4.461500000000000000e+04
4.466459999999999854e+04
4.492700000000000000e+04
4.470780000000000291e+04
4.485819999999999709e+04
4.457980000000000291e+04
4.440540000000000146e+04
4.427419999999999709e+04
4.443740000000000146e+04
4.463740000000000146e+04
4.432700000000000000e+04
4.429980000000000291e+04
4.419580000000000291e+04
4.432059999999999854e+04
4.429340000000000146e+04
4.429180000000000291e+04
4.421819999999999709e+04
4.415740000000000146e+04
4.383740000000000146e+04
4.401340000000000146e+04
4.363900000000000000e+04
4.406780000000000291e+04
4.385340000000000146e+04
4.410619999999999709e+04
4.378459999999999854e+04
4.419580000000000291e+04
4.380219999999999709e+04
4.413819999999999709e+04
4.445500000000000000e+04
4.437340000000000146e+04
4.454140000000000146e+04
4.442940000000000146e+04
4.476700000000000000e+04
4.468219999999999709e+04
4.461180000000000291e+04
4.465500000000000000e+04
4.488380000000000291e+04
4.449500000000000000e+04
4.454780000000000291e+04
4.464540000000000146e+04
4.451580000000000291e+04
4.453819999999999709e+04
4.460859999999999854e+04
4.459580000000000291e+04
4.466140000000000146e+04
4.449019999999999709e+04
4.455419999999999709e+04
4.455100000000000000e+04
4.449659999999999854e+04
4.449659999999999854e+04
4.457659999999999854e+04
4.437980000000000291e+04
4.461819999999999709e+04
4.451259999999999854e+04
4.447100000000000000e+04
4.426780000000000291e+04
4.448700000000000000e+04
4.448540000000000146e+04
4.430780000000000291e+04
4.443100000000000000e+04
4.435419999999999709e+04
4.416540000000000146e+04
4.415100000000000000e+04
4.437019999999999709e+04
4.429180000000000291e+04
4.421340000000000146e+04
4.423259999999999854e+04
4.413180000000000291e+04
4.430940000000000146e+04
4.389500000000000000e+04
4.426780000000000291e+04
4.417019999999999709e+04
4.417340000000000146e+04
4.404859999999999854e+04
4.429659999999999854e+04
4.410300000000000000e+04
4.423419999999999709e+04
4.422140000000000146e+04
4.414780000000000291e+04
4.415100000000000000e+04
4.405500000000000000e+04
4.411900000000000000e+04
4.423419999999999709e+04
4.408540000000000146e+04
4.447419999999999709e+04
4.403419999999999709e+04
4.419259999999999854e+04
4.425659999999999854e+04
4.419740000000000146e+04
4.441180000000000291e+04
4.446780000000000291e+04
4.424380000000000291e+04
4.422300000000000000e+04
4.416700000000000000e+04
4.424380000000000291e+04
4.401019999999999709e+04
4.369819999999999709e+04
4.401180000000000291e+04
4.384859999999999854e+04
4.385019999999999709e+04
4.384700000000000000e+04
4.380380000000000291e+04
4.385019999999999709e+04
4.392540000000000146e+04
4.376859999999999854e+04
4.380059999999999854e+04
4.364380000000000291e+04
4.358459999999999854e+04
4.388859999999999854e+04
4.390619999999999709e+04
4.383419999999999709e+04
4.373659999999999854e+04
4.366140000000000146e+04
4.384540000000000146e+04
4.376700000000000000e+04
4.372219999999999709e+04
4.371100000000000000e+04
4.383580000000000291e+04
4.375419999999999709e+04
4.353019999999999709e+04
4.338140000000000146e+04
4.359100000000000000e+04
4.344540000000000146e+04
4.389180000000000291e+04
4.434780000000000291e+04
4.457500000000000000e+04
4.461819999999999709e+04
4.496059999999999854e+04
4.523580000000000291e+04
4.480059999999999854e+04
4.477980000000000291e+04
4.506459999999999854e+04
4.515259999999999854e+04
4.513019999999999709e+04
4.543740000000000146e+04
4.535259999999999854e+04
4.528059999999999854e+04
4.555259999999999854e+04
4.554459999999999854e+04
4.548859999999999854e+04
4.552059999999999854e+04
4.571100000000000000e+04
4.557019999999999709e+04
4.554940000000000146e+04
4.547740000000000146e+04
4.533659999999999854e+04
4.541019999999999709e+04
4.532380000000000291e+04
4.521659999999999854e+04
4.514300000000000000e+04
4.526140000000000146e+04
4.515419999999999709e+04
4.509180000000000291e+04
4.497340000000000146e+04
4.500219999999999709e+04
4.543740000000000146e+04
4.538780000000000291e+04
4.558780000000000291e+04
4.569340000000000146e+04
4.530459999999999854e+04
4.537980000000000291e+04
4.559900000000000000e+04
4.547740000000000146e+04
4.535900000000000000e+04
4.553340000000000146e+04
4.537659999999999854e+04
4.557180000000000291e+04
4.539900000000000000e+04
4.530459999999999854e+04
4.531259999999999854e+04
4.555259999999999854e+04
4.554780000000000291e+04
4.538940000000000146e+04
4.549819999999999709e+04
4.561019999999999709e+04
4.564540000000000146e+04
4.591259999999999854e+04
4.575580000000000291e+04
4.574140000000000146e+04
4.574940000000000146e+04
4.561659999999999854e+04
4.544380000000000291e+04
4.545819999999999709e+04
4.538140000000000146e+04
4.548059999999999854e+04
4.523900000000000000e+04
4.530780000000000291e+04
4.546140000000000146e+04
4.573659999999999854e+04
4.563900000000000000e+04
4.545819999999999709e+04
4.524540000000000146e+04
4.518140000000000146e+04
4.502780000000000291e+04
4.497819999999999709e+04
4.502940000000000146e+04
4.498780000000000291e+04
4.492219999999999709e+04
4.497180000000000291e+04
4.518619999999999709e+04
4.515900000000000000e+04
4.498940000000000146e+04
4.515900000000000000e+04
4.534300000000000000e+04
4.507900000000000000e+04
4.492380000000000291e+04
4.516540000000000146e+04
4.508700000000000000e+04
4.480859999999999854e+04
4.508540000000000146e+04
4.513180000000000291e+04
4.503259999999999854e+04
4.497019999999999709e+04
4.501980000000000291e+04
4.480219999999999709e+04
4.459900000000000000e+04
4.464540000000000146e+04
4.486940000000000146e+04
4.461019999999999709e+04
4.464380000000000291e+04
4.460700000000000000e+04
4.469180000000000291e+04
4.464059999999999854e+04
4.486140000000000146e+04
4.472859999999999854e+04
4.481340000000000146e+04
4.501019999999999709e+04
4.491580000000000291e+04
4.508540000000000146e+04
4.481500000000000000e+04
4.478140000000000146e+04
4.465500000000000000e+04
4.481180000000000291e+04
4.476059999999999854e+04
4.521659999999999854e+04
4.497819999999999709e+04
4.461980000000000291e+04
4.478619999999999709e+04
4.476059999999999854e+04
4.473340000000000146e+04
4.469180000000000291e+04
4.475100000000000000e+04
4.461340000000000146e+04
4.459419999999999709e+04
4.471259999999999854e+04
4.470619999999999709e+04
4.469340000000000146e+04
4.474619999999999709e+04
4.467580000000000291e+04
4.474940000000000146e+04
4.447419999999999709e+04
4.452219999999999709e+04
4.450619999999999709e+04
4.454140000000000146e+04
4.446459999999999854e+04
4.449019999999999709e+04
4.479740000000000146e+04
4.454459999999999854e+04
4.465340000000000146e+04
4.436859999999999854e+04
4.459259999999999854e+04
4.458780000000000291e+04
4.469819999999999709e+04
4.477819999999999709e+04
4.463100000000000000e+04
4.355419999999999709e+04
4.437819999999999709e+04
4.449500000000000000e+04
4.441500000000000000e+04
4.427100000000000000e+04
4.455259999999999854e+04
4.468380000000000291e+04
4.469019999999999709e+04
4.474300000000000000e+04
4.471900000000000000e+04
4.489019999999999709e+04
4.489019999999999709e+04
4.385019999999999709e+04
4.470780000000000291e+04
4.565180625000000146e+04
4.674300624999999854e+04
4.799740625000000000e+04
4.914460624999999709e+04
5.024860624999999709e+04
5.126620625000000291e+04
5.229820625000000291e+04
5.309500624999999854e+04
5.359100624999999854e+04
5.424700624999999854e+04
5.464380625000000146e+04
5.501820625000000291e+04
5.513340625000000000e+04
5.508860624999999709e+04
5.544060624999999709e+04
5.533180625000000146e+04
5.535900624999999854e+04
5.542460624999999709e+04
5.517180625000000146e+04
5.522780625000000146e+04
5.502140625000000000e+04
5.482140625000000000e+04
5.468380625000000146e+04
5.465820625000000291e+04
5.421660624999999709e+04
5.388860624999999709e+04
5.372860624999999709e+04
5.354460624999999709e+04
5.339100624999999854e+04
5.329180625000000146e+04
5.308060624999999709e+04
5.285500624999999854e+04
5.233180625000000146e+04
5.248700624999999854e+04
5.219580625000000146e+04
5.212700624999999854e+04
5.200060624999999709e+04
5.189660624999999709e+04
5.165180625000000146e+04
5.139900624999999854e+04
5.161660624999999709e+04
5.139260624999999709e+04
5.165180625000000146e+04
5.135740625000000000e+04
5.137820625000000291e+04
5.129820625000000291e+04
5.140540625000000000e+04
5.151420625000000291e+04
5.124380625000000146e+04
5.143740625000000000e+04
5.114460624999999709e+04
5.117340625000000000e+04
5.117660624999999709e+04
5.115740625000000000e+04
5.124700624999999854e+04
5.124700624999999854e+04
5.104060624999999709e+04
5.122780625000000146e+04
5.091740625000000000e+04
5.068380625000000146e+04
5.073020625000000291e+04
5.092540625000000000e+04
5.051260624999999709e+04
5.026620625000000291e+04
5.038460624999999709e+04
5.053340625000000000e+04
5.046300624999999854e+04
5.052540625000000000e+04
5.058300624999999854e+04
5.027100624999999854e+04
5.036060624999999709e+04
5.015580625000000146e+04
5.005500624999999854e+04
5.003740625000000000e+04
4.996540625000000000e+04
4.980060624999999709e+04
4.981340625000000000e+04
4.995580625000000146e+04
4.968700624999999854e+04
4.981820625000000291e+04
4.947100624999999854e+04
4.974780625000000146e+04
4.941500624999999854e+04
4.931260624999999709e+04
4.925820625000000291e+04
4.918780625000000146e+04
4.932540625000000000e+04
4.945020625000000291e+04
4.926940625000000000e+04
4.942460624999999709e+04
4.957820625000000291e+04
4.938460624999999709e+04
4.943100624999999854e+04
4.937980625000000146e+04
4.938940625000000000e+04
4.940540625000000000e+04
4.944380625000000146e+04
4.946140625000000000e+04
4.929980625000000146e+04
4.931100624999999854e+04
4.938460624999999709e+04
4.924060624999999709e+04
4.916860624999999709e+04
4.933020625000000291e+04
4.930460624999999709e+04
4.938620625000000291e+04
4.913660624999999709e+04
4.918140625000000000e+04
4.924220625000000291e+04
4.925660624999999709e+04
4.917980625000000146e+04
4.907580625000000146e+04
4.908700624999999854e+04
4.917020625000000291e+04
4.899580625000000146e+04
4.899260624999999709e+04
4.906300624999999854e+04
4.921340625000000000e+04
4.923580625000000146e+04
4.898300624999999854e+04
4.904700624999999854e+04
4.887260624999999709e+04
4.925660624999999709e+04
4.909020625000000291e+04
4.900540625000000000e+04
4.869500624999999854e+04
4.905020625000000291e+04
4.887100624999999854e+04
4.916700624999999854e+04
4.904540625000000000e+04
4.876060624999999709e+04
4.830780625000000146e+04
4.882620625000000291e+04
4.870140625000000000e+04
4.861660624999999709e+04
4.849660624999999709e+04
4.836540625000000000e+04
4.833820625000000291e+04
4.883260624999999709e+04
4.875580625000000146e+04
4.856220625000000291e+04
4.893180625000000146e+04
4.895100624999999854e+04
4.894460624999999709e+04
4.900540625000000000e+04
4.894780625000000146e+04
4.882940625000000000e+04
4.897820625000000291e+04
4.897660624999999709e+04
4.882620625000000291e+04
4.913820625000000291e+04
4.902780625000000146e+04
4.885660624999999709e+04
4.889820625000000291e+04
4.896060624999999709e+04
4.893180625000000146e+04
4.896220625000000291e+04
4.888540625000000000e+04
4.896540625000000000e+04
4.889340625000000000e+04
4.898940625000000000e+04
4.881660624999999709e+04
4.892860624999999709e+04
4.916700624999999854e+04
4.935740625000000000e+04
4.897020625000000291e+04
4.907900624999999854e+04
4.908380625000000146e+04
4.894140625000000000e+04
4.910620625000000291e+04
4.897180625000000146e+04
4.893820625000000291e+04
4.891420625000000291e+04
4.871580625000000146e+04
4.897820625000000291e+04
4.905020625000000291e+04
4.897340625000000000e+04
4.896860624999999709e+04
4.900380625000000146e+04
4.878620625000000291e+04
4.870780625000000146e+04
4.880700624999999854e+04
4.853340625000000000e+04
4.891580625000000146e+04
4.878140625000000000e+04
4.881500624999999854e+04
4.869020625000000291e+04
4.889500624999999854e+04
4.896540625000000000e+04
4.910620625000000291e+04
4.913180625000000146e+04
4.910620625000000291e+04
4.906140625000000000e+04
4.896540625000000000e+04
4.900380625000000146e+04
4.902140625000000000e+04
4.867420625000000291e+04
4.881500624999999854e+04
4.872060624999999709e+04
4.878300624999999854e+04
4.892060624999999709e+04
4.877340625000000000e+04
4.871260624999999709e+04
4.866140625000000000e+04
4.869340625000000000e+04
4.861340625000000000e+04
4.853500624999999854e+04
4.834620625000000291e+04
4.879580625000000146e+04
4.875420625000000291e+04
4.880380625000000146e+04
4.868540625000000000e+04
4.885820625000000291e+04
4.881340625000000000e+04
4.882140625000000000e+04
4.889180625000000146e+04
4.861500624999999854e+04
4.878620625000000291e+04
4.876540625000000000e+04
4.890140625000000000e+04
4.873980625000000146e+04
4.902140625000000000e+04
4.878140625000000000e+04
4.877020625000000291e+04
4.898140625000000000e+04
4.896700624999999854e+04
4.902300624999999854e+04
4.886460624999999709e+04
4.882460624999999709e+04
4.887100624999999854e+04
4.882780625000000146e+04
4.881180625000000146e+04
4.861820625000000291e+04
4.879740625000000000e+04
4.853980625000000146e+04
4.850300624999999854e+04
4.880380625000000146e+04
4.884380625000000146e+04
4.920060624999999709e+04
4.928380625000000146e+04
4.934460624999999709e+04
4.924380625000000146e+04
4.974780625000000146e+04
4.962780625000000146e+04
4.945820625000000291e+04
4.968540625000000000e+04
4.977180625000000146e+04
4.954780625000000146e+04
4.976060624999999709e+04
4.975100624999999854e+04
4.992060624999999709e+04
4.971100624999999854e+04
4.989500624999999854e+04
4.980700624999999854e+04
5.000540625000000000e+04
4.970780625000000146e+04
4.958940625000000000e+04
4.946620625000000291e+04
4.952860624999999709e+04
4.948700624999999854e+04
4.946780625000000146e+04
4.960860624999999709e+04
4.964700624999999854e+04
4.957180625000000146e+04
4.940700624999999854e+04
4.940220625000000291e+04
4.956540625000000000e+04
4.971420625000000291e+04
4.936060624999999709e+04
4.954140625000000000e+04
4.943900624999999854e+04
4.908220625000000291e+04
4.925020625000000291e+04
4.942940625000000000e+04
4.943740625000000000e+04
4.931420625000000291e+04
4.902300624999999854e+04
4.891740625000000000e+04
4.881980625000000146e+04
4.870460624999999709e+04
4.890780625000000146e+04
4.864220625000000291e+04
4.852540625000000000e+04
4.874620625000000291e+04
4.881180625000000146e+04
4.880380625000000146e+04
4.894140625000000000e+04
4.894460624999999709e+04
4.904540625000000000e+04
4.891580625000000146e+04
4.915580625000000146e+04
4.899740625000000000e+04
4.936540625000000000e+04
4.914620625000000291e+04
4.899580625000000146e+04
4.898300624999999854e+04
4.887420625000000291e+04
4.880540625000000000e+04
4.880220625000000291e+04
4.888860624999999709e+04
4.870300624999999854e+04
4.879420625000000291e+04
4.889660624999999709e+04
4.857180625000000146e+04
4.842940625000000000e+04
4.838300624999999854e+04
4.849980625000000146e+04
4.871260624999999709e+04
4.867740625000000000e+04
4.882460624999999709e+04
4.885660624999999709e+04
4.880540625000000000e+04
4.874460624999999709e+04
4.861020625000000291e+04
4.890780625000000146e+04
4.890780625000000146e+04
4.882620625000000291e+04
4.888860624999999709e+04
4.901820625000000291e+04
4.884380625000000146e+04
4.861980625000000146e+04
4.866460624999999709e+04
4.890780625000000146e+04
4.906140625000000000e+04
4.890780625000000146e+04
4.880380625000000146e+04
4.874460624999999709e+04
4.868060624999999709e+04
4.885660624999999709e+04
4.873500624999999854e+04
4.877340625000000000e+04
4.853500624999999854e+04
4.860860624999999709e+04
4.858940625000000000e+04
4.868540625000000000e+04
4.895900624999999854e+04
4.910780625000000146e+04
4.881180625000000146e+04
4.931260624999999709e+04
4.910620625000000291e+04
4.934460624999999709e+04
4.914940625000000000e+04
4.912060624999999709e+04
4.909820625000000291e+04
4.903740625000000000e+04
4.893660624999999709e+04
4.877020625000000291e+04
4.898460624999999709e+04
4.907900624999999854e+04
4.901340625000000000e+04
4.893340625000000000e+04
4.890140625000000000e+04
4.909180625000000146e+04
4.905660624999999709e+04
4.888060624999999709e+04
4.894780625000000146e+04
4.906460624999999709e+04
4.895740625000000000e+04
4.884540625000000000e+04
4.929820625000000291e+04
4.891740625000000000e+04
4.902140625000000000e+04
4.903580625000000146e+04
4.910140625000000000e+04
4.904860624999999709e+04
4.899100624999999854e+04
4.912700624999999854e+04
4.901500624999999854e+04
4.901020625000000291e+04
4.915420625000000291e+04
4.878460624999999709e+04
4.895900624999999854e+04
4.911100624999999854e+04
4.914460624999999709e+04
4.909340625000000000e+04
4.896060624999999709e+04
4.901980625000000146e+04
4.913980625000000146e+04
4.882940625000000000e+04
4.879900624999999854e+04
4.873500624999999854e+04
4.855900624999999854e+04
4.869340625000000000e+04
4.885980625000000146e+04
4.892700624999999854e+04
4.890300624999999854e+04
4.908220625000000291e+04
4.913980625000000146e+04
4.916700624999999854e+04
4.217980000000000291e+04
4.323100000000000000e+04
4.459100000000000000e+04
4.565180000000000291e+04
4.701180000000000291e+04
4.773500624999999854e+04
4.893980625000000146e+04
5.006940625000000000e+04
5.089020625000000291e+04
5.275420625000000291e+04
5.253180625000000146e+04
5.327900624999999854e+04
5.355740625000000000e+04
5.376860624999999709e+04
5.381340625000000000e+04
5.410460624999999709e+04
5.427740625000000000e+04
5.450780625000000146e+04
5.418780625000000146e+04
5.422620625000000291e+04
5.444060624999999709e+04
5.420220625000000291e+04
5.439420625000000291e+04
5.422300624999999854e+04
5.377020625000000291e+04
5.379100624999999854e+04
5.369180625000000146e+04
5.350620625000000291e+04
5.321340625000000000e+04
5.291740625000000000e+04
5.274300624999999854e+04
5.262780625000000146e+04
5.267260624999999709e+04
5.231740625000000000e+04
5.194780625000000146e+04
5.150300624999999854e+04
5.174140625000000000e+04
5.117980625000000146e+04
5.113500624999999854e+04
5.070300624999999854e+04
5.058300624999999854e+04
5.058300624999999854e+04
5.062620625000000291e+04
5.042780625000000146e+04
5.080380625000000146e+04
5.054620625000000291e+04
5.030140625000000000e+04
5.042780625000000146e+04
5.038940625000000000e+04
5.036220625000000291e+04
5.027260624999999709e+04
5.015260624999999709e+04
5.012380625000000146e+04
5.003900624999999854e+04
4.964060624999999709e+04
4.957180625000000146e+04
4.969660624999999709e+04
4.955260624999999709e+04
4.954140625000000000e+04
4.938140625000000000e+04
4.915100624999999854e+04
4.914780625000000146e+04
4.915260624999999709e+04
4.915260624999999709e+04
4.868860624999999709e+04
4.887260624999999709e+04
4.889340625000000000e+04
4.922140625000000000e+04
4.887900624999999854e+04
4.882780625000000146e+04
4.897820625000000291e+04
4.873340625000000000e+04
4.891100624999999854e+04
4.882780625000000146e+04
4.872540625000000000e+04
4.878460624999999709e+04
4.861820625000000291e+04
4.848220625000000291e+04
4.854300624999999854e+04
4.838140625000000000e+04
4.852220625000000291e+04
4.852380625000000146e+04
4.848380625000000146e+04
4.858780625000000146e+04
4.849660624999999709e+04
4.856540625000000000e+04
4.858780625000000146e+04
4.843260624999999709e+04
4.858460624999999709e+04
4.826780625000000146e+04
4.842300624999999854e+04
4.861820625000000291e+04
4.874780625000000146e+04
4.901660624999999709e+04
4.870300624999999854e+04
4.856220625000000291e+04
4.858780625000000146e+04
4.892540625000000000e+04
4.883420625000000291e+04
4.885180625000000146e+04
4.885820625000000291e+04
4.862940625000000000e+04
4.878460624999999709e+04
4.864220625000000291e+04
4.872700624999999854e+04
4.873180625000000146e+04
4.877980625000000146e+04
4.875580625000000146e+04
4.853020625000000291e+04
4.849980625000000146e+04
4.851740625000000000e+04
4.853340625000000000e+04
4.858300624999999854e+04
4.857980625000000146e+04
4.860860624999999709e+04
4.865500624999999854e+04
4.879100624999999854e+04
4.875260624999999709e+04
4.865340625000000000e+04
4.872220625000000291e+04
4.867420625000000291e+04
4.864220625000000291e+04
4.870300624999999854e+04
4.863740625000000000e+04
4.849500624999999854e+04
4.852060624999999709e+04
4.839420625000000291e+04
4.833820625000000291e+04
4.836540625000000000e+04
4.832220625000000291e+04
4.840380625000000146e+04
4.838140625000000000e+04
4.876860624999999709e+04
4.817820625000000291e+04
4.837180625000000146e+04
4.884220625000000291e+04
4.869820625000000291e+04
4.845020625000000291e+04
4.840220625000000291e+04
4.838140625000000000e+04
4.861020625000000291e+04
4.855900624999999854e+04
4.844060624999999709e+04
4.858780625000000146e+04
4.832060624999999709e+04
4.858780625000000146e+04
4.838300624999999854e+04
4.862940625000000000e+04
4.864860624999999709e+04
4.883420625000000291e+04
4.890460624999999709e+04
4.885180625000000146e+04
4.880060624999999709e+04
4.840220625000000291e+04
4.881180625000000146e+04
4.875420625000000291e+04
4.867420625000000291e+04
4.877020625000000291e+04
4.864220625000000291e+04
4.856220625000000291e+04
4.850780625000000146e+04
4.848220625000000291e+04
4.858620625000000291e+04
4.860380625000000146e+04
4.886140625000000000e+04
4.874140625000000000e+04
4.890620625000000291e+04
4.869340625000000000e+04
4.852700624999999854e+04
4.852540625000000000e+04
4.860700624999999854e+04
4.869980625000000146e+04
4.860220625000000291e+04
4.839580625000000146e+04
4.875420625000000291e+04
4.833180625000000146e+04
4.845180625000000146e+04
4.831740625000000000e+04
4.855900624999999854e+04
4.833500624999999854e+04
4.831740625000000000e+04
4.849500624999999854e+04
4.838620625000000291e+04
4.824860624999999709e+04
4.806940625000000000e+04
4.786940625000000000e+04
4.804540625000000000e+04
4.796380625000000146e+04
4.826780000000000291e+04
4.817820625000000291e+04
4.830940625000000000e+04
4.826940625000000000e+04
4.829340625000000000e+04
4.842140625000000000e+04
4.826780625000000146e+04
4.842140625000000000e+04
4.824700624999999854e+04
4.844060624999999709e+04
4.842460624999999709e+04
4.821980625000000146e+04
4.819260624999999709e+04
4.821020625000000291e+04
4.841980625000000146e+04
4.857180625000000146e+04
4.830940625000000000e+04
4.814460624999999709e+04
4.822140625000000000e+04
4.804380625000000146e+04
4.809660624999999709e+04
4.830780000000000291e+04
4.837019999999999709e+04
4.824060624999999709e+04
4.787740625000000000e+04
4.756700624999999854e+04
4.780860624999999709e+04
4.782140625000000000e+04
4.796380625000000146e+04
4.790940625000000000e+04
4.801820625000000291e+04
4.774940625000000000e+04
4.791260624999999709e+04
4.762140625000000000e+04
4.765180625000000146e+04
4.793020625000000291e+04
4.762140625000000000e+04
4.750140625000000000e+04
4.771900624999999854e+04
4.773980625000000146e+04
4.779100624999999854e+04
4.769980625000000146e+04
4.757340625000000000e+04
4.746620625000000291e+04
4.754780625000000146e+04
4.733660624999999709e+04
4.746780625000000146e+04
4.732860624999999709e+04
4.764540000000000146e+04
4.747740625000000000e+04
4.759260624999999709e+04
4.789500624999999854e+04
4.821980625000000146e+04
4.839740625000000000e+04
4.857500624999999854e+04
4.896060624999999709e+04
4.888700624999999854e+04
4.886300624999999854e+04
4.876700624999999854e+04
4.905340625000000000e+04
4.892860624999999709e+04
4.902140625000000000e+04
4.883100624999999854e+04
4.911740625000000000e+04
4.915420625000000291e+04
4.896220625000000291e+04
4.885820625000000291e+04
4.902940625000000000e+04
4.891420625000000291e+04
4.892380625000000146e+04
4.898140625000000000e+04
4.892220625000000291e+04
4.899900624999999854e+04
4.888700624999999854e+04
4.892860624999999709e+04
4.891580625000000146e+04
4.916220625000000291e+04
4.919260624999999709e+04
4.903740625000000000e+04
4.899420625000000291e+04
4.902300624999999854e+04
4.935420625000000291e+04
4.894780625000000146e+04
4.931259999999999854e+04
4.904060624999999709e+04
4.895580625000000146e+04
4.899260624999999709e+04
4.881180625000000146e+04
4.892860624999999709e+04
4.897500624999999854e+04
4.912220625000000291e+04
4.911900624999999854e+04
4.898620625000000291e+04
4.907900624999999854e+04
4.884540625000000000e+04
4.898620625000000291e+04
4.895420625000000291e+04
4.933500000000000000e+04
4.911900000000000000e+04
4.895580625000000146e+04
4.903740625000000000e+04
4.890140625000000000e+04
4.892700624999999854e+04
4.900220625000000291e+04
4.946300624999999854e+04
4.913020625000000291e+04
4.925180625000000146e+04
4.889500624999999854e+04
4.895740625000000000e+04
4.890140625000000000e+04
4.912859999999999854e+04
4.928380000000000291e+04
4.892540625000000000e+04
4.891580625000000146e+04
4.894620625000000291e+04
4.911100624999999854e+04
4.889340625000000000e+04
4.876060624999999709e+04
4.858620625000000291e+04
4.895900624999999854e+04
4.885180625000000146e+04
4.876700624999999854e+04
4.867420625000000291e+04
4.849660624999999709e+04
4.877820625000000291e+04
4.884220625000000291e+04
4.866620625000000291e+04
4.881820625000000291e+04
4.889820625000000291e+04
4.879260624999999709e+04
4.897500624999999854e+04
4.885180625000000146e+04
4.896220625000000291e+04
4.895900624999999854e+04
4.897180625000000146e+04
4.896220625000000291e+04
4.886940625000000000e+04
4.898940625000000000e+04
4.888380625000000146e+04
4.903260624999999709e+04
4.886460624999999709e+04
4.856540625000000000e+04
4.870940625000000000e+04
4.880220625000000291e+04
4.878780000000000291e+04
4.835580625000000146e+04
4.858940000000000146e+04
4.808220625000000291e+04
4.833180625000000146e+04
4.856860624999999709e+04
4.841500624999999854e+04
4.854780625000000146e+04
4.837500624999999854e+04
4.873500624999999854e+04
4.858300624999999854e+04
4.895740625000000000e+04
4.919260624999999709e+04
4.874140625000000000e+04
4.902460624999999709e+04
4.899580625000000146e+04
4.909500624999999854e+04
4.918300624999999854e+04
4.918620625000000291e+04
4.921020625000000291e+04
4.940380625000000146e+04
4.911740625000000000e+04
4.899580625000000146e+04
4.890620625000000291e+04
4.894140625000000000e+04
4.884220625000000291e+04
4.887100624999999854e+04
4.906140625000000000e+04
4.907740625000000000e+04
4.965660624999999709e+04
4.895740625000000000e+04
4.903580625000000146e+04
4.871580625000000146e+04
4.901660624999999709e+04
4.877180625000000146e+04
4.894780625000000146e+04
4.851580625000000146e+04
4.866460624999999709e+04
4.873020625000000291e+04
4.876700624999999854e+04
4.855740625000000000e+04
4.871100624999999854e+04
4.897980625000000146e+04
4.869180625000000146e+04
4.864060624999999709e+04
4.896380625000000146e+04
4.858460624999999709e+04
4.845020625000000291e+04
4.827260624999999709e+04
4.801340625000000000e+04
4.832060624999999709e+04
4.811900624999999854e+04
4.825820625000000291e+04
4.801820625000000291e+04
4.813180625000000146e+04
4.814140625000000000e+04
4.850460624999999709e+04
4.876380625000000146e+04
4.854300624999999854e+04
4.841660624999999709e+04
4.841660624999999709e+04
4.303100000000000000e+04
4.387740000000000146e+04
4.524859999999999854e+04
4.611900000000000000e+04
4.727100000000000000e+04
4.824380625000000146e+04
4.922460624999999709e+04
5.020860624999999709e+04
5.112700624999999854e+04
5.187740625000000000e+04
5.256700624999999854e+04
5.300380625000000146e+04
5.323260624999999709e+04
5.372380625000000146e+04
5.375420625000000291e+04
5.398620625000000291e+04
5.428060624999999709e+04
5.443100624999999854e+04
5.461180625000000146e+04
5.453980625000000146e+04
5.437020625000000291e+04
5.420380625000000146e+04
5.403100624999999854e+04
5.392380625000000146e+04
5.376700624999999854e+04
5.364860624999999709e+04
5.343580625000000146e+04
5.338140625000000000e+04
5.330460624999999709e+04
5.318460624999999709e+04
5.307740625000000000e+04
5.295740625000000000e+04
5.262300624999999854e+04
5.243100624999999854e+04
5.224220625000000291e+04
5.217980625000000146e+04
5.210620625000000291e+04
5.177180625000000146e+04
5.167100624999999854e+04
5.120700624999999854e+04
5.101180625000000146e+04
5.111420625000000291e+04
5.147900624999999854e+04
5.141980625000000146e+04
5.095260624999999709e+04
5.088380625000000146e+04
5.077660624999999709e+04
5.065020625000000291e+04
5.063740625000000000e+04
5.065980625000000146e+04
5.073980625000000146e+04
5.085820625000000291e+04
5.061660624999999709e+04
5.066940625000000000e+04
5.053820625000000291e+04
5.042780625000000146e+04
5.058300624999999854e+04
5.041500624999999854e+04
5.009820625000000291e+04
5.013340625000000000e+04
5.006460624999999709e+04
5.005340625000000000e+04
4.996860624999999709e+04
4.997180625000000146e+04
4.967100624999999854e+04
4.985180625000000146e+04
4.976700624999999854e+04
4.977660624999999709e+04
4.998140625000000000e+04
4.978300624999999854e+04
4.967740625000000000e+04
4.964060624999999709e+04
4.970460624999999709e+04
4.953980625000000146e+04
4.982300624999999854e+04
4.940860624999999709e+04
4.923740625000000000e+04
4.945820625000000291e+04
4.922620625000000291e+04
4.951420625000000291e+04
4.946300624999999854e+04
4.941340625000000000e+04
4.937500624999999854e+04
4.925340625000000000e+04
4.916220625000000291e+04
4.918620625000000291e+04
4.907740625000000000e+04
4.895260624999999709e+04
4.898780625000000146e+04
4.875420625000000291e+04
4.912380625000000146e+04
4.918140625000000000e+04
4.923260624999999709e+04
4.919580625000000146e+04
4.927740625000000000e+04
4.923580625000000146e+04
4.945500624999999854e+04
4.926300624999999854e+04
4.931420625000000291e+04
4.953660624999999709e+04
4.929180625000000146e+04
4.944060624999999709e+04
4.941820625000000291e+04
4.931900624999999854e+04
4.953500624999999854e+04
4.927900624999999854e+04
4.929020625000000291e+04
4.909980625000000146e+04
4.893020625000000291e+04
4.909500624999999854e+04
4.908540625000000000e+04
4.901980625000000146e+04
4.888220625000000291e+04
4.905660624999999709e+04
4.851100624999999854e+04
4.861660624999999709e+04
4.905340000000000146e+04
4.865660624999999709e+04
4.880700624999999854e+04
4.907580000000000291e+04
4.927580000000000291e+04
4.879740625000000000e+04
4.905819999999999709e+04
4.929019999999999709e+04
4.921340000000000146e+04
4.910459999999999854e+04
4.901980000000000291e+04
4.923580000000000291e+04
4.913980000000000291e+04
4.911580000000000291e+04
4.856540625000000000e+04
4.884860624999999709e+04
4.915580000000000291e+04
4.885820625000000291e+04
4.879580625000000146e+04
4.893340625000000000e+04
4.860380625000000146e+04
4.856220625000000291e+04
4.846140625000000000e+04
4.876860624999999709e+04
4.890460624999999709e+04
4.892860624999999709e+04
4.898460624999999709e+04
4.903740625000000000e+04
4.911900624999999854e+04
4.917020625000000291e+04
4.911580625000000146e+04
4.914140625000000000e+04
4.893660624999999709e+04
4.956380000000000291e+04
4.924860624999999709e+04
4.904380625000000146e+04
4.910780625000000146e+04
4.919260624999999709e+04
4.925500624999999854e+04
4.912220625000000291e+04
4.905500624999999854e+04
4.899420625000000291e+04
4.905020625000000291e+04
4.916540625000000000e+04
4.903740625000000000e+04
4.928859999999999854e+04
4.910300624999999854e+04
4.914780000000000291e+04
4.884060624999999709e+04
4.896860624999999709e+04
4.880860624999999709e+04
4.882940625000000000e+04
4.891740625000000000e+04
4.888860624999999709e+04
4.891260624999999709e+04
4.910619999999999709e+04
4.897019999999999709e+04
4.900540000000000146e+04
4.898780000000000291e+04
4.901980000000000291e+04
4.879100000000000000e+04
4.911580000000000291e+04
4.900380000000000291e+04
4.887740000000000146e+04
4.862460624999999709e+04
4.877180000000000291e+04
4.839100624999999854e+04
4.841660624999999709e+04
4.895900000000000000e+04
4.875740000000000146e+04
4.880219999999999709e+04
4.858300624999999854e+04
4.856060624999999709e+04
4.850620625000000291e+04
4.857500624999999854e+04
4.869500624999999854e+04
4.850140625000000000e+04
4.827260624999999709e+04
4.853660624999999709e+04
4.859100624999999854e+04
4.865660624999999709e+04
4.878620625000000291e+04
4.882620625000000291e+04
4.900380000000000291e+04
4.911580000000000291e+04
4.864060624999999709e+04
4.927100000000000000e+04
4.862780625000000146e+04
4.880060624999999709e+04
4.861660624999999709e+04
4.865980625000000146e+04
4.857660624999999709e+04
4.873660624999999709e+04
4.854780625000000146e+04
4.837180625000000146e+04
4.851740625000000000e+04
4.865820625000000291e+04
4.867580625000000146e+04
4.870460624999999709e+04
4.861980625000000146e+04
4.866780625000000146e+04
4.872060624999999709e+04
4.849500624999999854e+04
4.842940625000000000e+04
4.842620625000000291e+04
4.863740625000000000e+04
4.851740625000000000e+04
4.844220625000000291e+04
4.866459999999999854e+04
4.825500624999999854e+04
4.815900624999999854e+04
4.825500624999999854e+04
4.860219999999999709e+04
4.830620625000000291e+04
4.846780000000000291e+04
4.869659999999999854e+04
4.813500624999999854e+04
4.802620625000000291e+04
4.825660624999999709e+04
4.835100000000000000e+04
4.803420625000000291e+04
4.821500624999999854e+04
4.873020625000000291e+04
4.872540625000000000e+04
4.876860624999999709e+04
4.878620625000000291e+04
4.865180625000000146e+04
4.871260624999999709e+04
4.878620625000000291e+04
4.924700624999999854e+04
4.923420625000000291e+04
4.918620625000000291e+04
4.933660624999999709e+04
4.894620625000000291e+04
4.918460624999999709e+04
4.944859999999999854e+04
4.941340000000000146e+04
4.901340625000000000e+04
4.921980625000000146e+04
4.894940625000000000e+04
4.906300624999999854e+04
4.886460624999999709e+04
4.889340625000000000e+04
4.888860624999999709e+04
4.884860624999999709e+04
4.912540000000000146e+04
4.912059999999999854e+04
4.895420625000000291e+04
4.929340000000000146e+04
4.888860624999999709e+04
4.939900000000000000e+04
4.906780000000000291e+04
4.911259999999999854e+04
4.903259999999999854e+04
4.907419999999999709e+04
4.910940000000000146e+04
4.898459999999999854e+04
4.879259999999999854e+04
4.897659999999999854e+04
4.895580000000000291e+04
4.868859999999999854e+04
4.888059999999999854e+04
4.873659999999999854e+04
4.888219999999999709e+04
4.853980000000000291e+04
4.869180000000000291e+04
4.845500000000000000e+04
4.856859999999999854e+04
4.849019999999999709e+04
4.856059999999999854e+04
4.850459999999999854e+04
4.856219999999999709e+04
4.845819999999999709e+04
4.848219999999999709e+04
4.858300000000000000e+04
4.875740000000000146e+04
4.880059999999999854e+04
4.890300000000000000e+04
4.873500000000000000e+04
4.875419999999999709e+04
4.869019999999999709e+04
4.797180625000000146e+04
4.844700000000000000e+04
4.888859999999999854e+04
4.815740000000000146e+04
4.840219999999999709e+04
4.836219999999999709e+04
4.860540000000000146e+04
4.852219999999999709e+04
4.847740000000000146e+04
4.830940000000000146e+04
4.844540000000000146e+04
4.822940000000000146e+04
4.817980000000000291e+04
4.826940000000000146e+04
4.837340000000000146e+04
4.849659999999999854e+04
4.839740000000000146e+04
4.845819999999999709e+04
4.778460624999999709e+04
4.830300000000000000e+04
4.838140000000000146e+04
4.825180000000000291e+04
4.809659999999999854e+04
4.814780000000000291e+04
4.799580000000000291e+04
4.809180000000000291e+04
4.816700000000000000e+04
4.814619999999999709e+04
4.803259999999999854e+04
4.789020625000000291e+04
4.784700000000000000e+04
4.799580000000000291e+04
4.824859999999999854e+04
4.822140000000000146e+04
4.810780000000000291e+04
4.823900000000000000e+04
4.827740000000000146e+04
4.814140000000000146e+04
4.779900000000000000e+04
4.839900000000000000e+04
4.840540000000000146e+04
4.834940625000000000e+04
4.801020625000000291e+04
4.813659999999999854e+04
4.823100000000000000e+04
4.823100000000000000e+04
4.848540000000000146e+04
4.821340625000000000e+04
4.831419999999999709e+04
4.820700624999999854e+04
4.865980000000000291e+04
4.857980000000000291e+04
4.861340000000000146e+04
4.865659999999999854e+04
4.817660624999999709e+04
4.849340000000000146e+04
4.820700624999999854e+04
4.855900000000000000e+04
4.847259999999999854e+04
4.850140000000000146e+04
4.845659999999999854e+04
4.831900000000000000e+04
4.829019999999999709e+04
4.846940000000000146e+04
4.841019999999999709e+04
4.809340000000000146e+04
4.819580000000000291e+04
4.838780000000000291e+04
4.824859999999999854e+04
4.828219999999999709e+04
4.803259999999999854e+04
4.828059999999999854e+04
4.850780000000000291e+04
4.836219999999999709e+04
4.822780000000000291e+04
4.824059999999999854e+04
4.822619999999999709e+04
4.818140000000000146e+04
4.836700000000000000e+04
4.822619999999999709e+04
4.807100000000000000e+04
4.819259999999999854e+04
4.842780000000000291e+04
4.791740000000000146e+04
4.822940000000000146e+04
4.832219999999999709e+04
4.818300000000000000e+04
4.845980000000000291e+04
4.815900000000000000e+04
4.812700000000000000e+04
4.829980000000000291e+04
4.823740000000000146e+04
4.818780000000000291e+04
4.811740000000000146e+04
4.814780000000000291e+04
4.187740000000000146e+04
4.343580000000000291e+04
4.453180000000000291e+04
4.566300000000000000e+04
4.701340000000000146e+04
4.813180000000000291e+04
4.894300624999999854e+04
5.017660624999999709e+04
5.081180625000000146e+04
5.202140625000000000e+04
5.265660624999999709e+04
5.340860624999999709e+04
5.365820625000000291e+04
5.397020625000000291e+04
5.406140625000000000e+04
5.401020625000000291e+04
5.455100624999999854e+04
5.481340625000000000e+04
5.492220625000000291e+04
5.476060624999999709e+04
5.500380625000000146e+04
5.468060624999999709e+04
5.465180625000000146e+04
5.450300624999999854e+04
5.455100624999999854e+04
5.408380625000000146e+04
5.395580625000000146e+04
5.377340625000000000e+04
5.335420625000000291e+04
5.328060624999999709e+04
5.306300624999999854e+04
5.248540625000000000e+04
5.232700624999999854e+04
5.217660624999999709e+04
5.205500624999999854e+04
5.175260624999999709e+04
5.153020625000000291e+04
5.146620625000000291e+04
5.148220625000000291e+04
5.122300624999999854e+04
5.117020625000000291e+04
5.125660624999999709e+04
5.104540625000000000e+04
5.123420625000000291e+04
5.117660624999999709e+04
5.122300624999999854e+04
5.135580625000000146e+04
5.105500624999999854e+04
5.099900624999999854e+04
5.092540625000000000e+04
5.096860624999999709e+04
5.094780625000000146e+04
5.067420625000000291e+04
5.077340625000000000e+04
5.066300624999999854e+04
5.072060624999999709e+04
5.054940625000000000e+04
5.041340625000000000e+04
5.039100624999999854e+04
5.034940625000000000e+04
4.988060624999999709e+04
5.014940625000000000e+04
4.991580625000000146e+04
4.953340625000000000e+04
4.955740625000000000e+04
4.949980625000000146e+04
4.977980625000000146e+04
4.966620625000000291e+04
4.984860624999999709e+04
4.960860624999999709e+04
4.973980625000000146e+04
4.932700624999999854e+04
4.950460624999999709e+04
4.959580625000000146e+04
4.933820625000000291e+04
4.948860624999999709e+04
4.936380625000000146e+04
4.948380625000000146e+04
4.929340625000000000e+04
4.936860624999999709e+04
4.934940625000000000e+04
4.937020625000000291e+04
4.927420625000000291e+04
4.903100624999999854e+04
4.909660624999999709e+04
4.915260624999999709e+04
4.901980625000000146e+04
4.889180625000000146e+04
4.884860624999999709e+04
4.881820625000000291e+04
4.902940625000000000e+04
4.903260624999999709e+04
4.934620625000000291e+04
4.981340000000000146e+04
4.930620625000000291e+04
4.915580625000000146e+04
4.924540625000000000e+04
4.929820625000000291e+04
4.919100624999999854e+04
4.948540000000000146e+04
4.909180625000000146e+04
4.907900624999999854e+04
4.931740625000000000e+04
4.912220625000000291e+04
4.930140625000000000e+04
4.916060624999999709e+04
4.923740625000000000e+04
4.889500624999999854e+04
4.885660624999999709e+04
4.888380625000000146e+04
4.907420625000000291e+04
4.868700624999999854e+04
4.886460624999999709e+04
4.883260624999999709e+04
4.892540625000000000e+04
4.893020625000000291e+04
4.876540625000000000e+04
4.870460624999999709e+04
4.886620625000000291e+04
4.894780625000000146e+04
4.895580625000000146e+04
4.914620625000000291e+04
4.882460624999999709e+04
4.889980625000000146e+04
4.881820625000000291e+04
4.866940625000000000e+04
4.863900624999999854e+04
4.870940625000000000e+04
4.882460624999999709e+04
4.883740625000000000e+04
4.858620625000000291e+04
4.873020625000000291e+04
4.865500624999999854e+04
4.833020625000000291e+04
4.862780625000000146e+04
4.845500624999999854e+04
4.873500000000000000e+04
4.873659999999999854e+04
4.879419999999999709e+04
4.889980000000000291e+04
4.877180625000000146e+04
4.883100624999999854e+04
4.881020625000000291e+04
4.901180625000000146e+04
4.910460624999999709e+04
4.904540625000000000e+04
4.896540625000000000e+04
4.937180000000000291e+04
4.934619999999999709e+04
4.904700624999999854e+04
4.888700624999999854e+04
4.930940000000000146e+04
4.883100624999999854e+04
4.907260624999999709e+04
4.920220625000000291e+04
4.885660624999999709e+04
4.860060624999999709e+04
4.869340625000000000e+04
4.865340625000000000e+04
4.923580000000000291e+04
4.876380625000000146e+04
4.882620625000000291e+04
4.851740625000000000e+04
4.928700000000000000e+04
4.921980000000000291e+04
4.918940000000000146e+04
4.894300624999999854e+04
4.910940625000000000e+04
4.907100624999999854e+04
4.873980625000000146e+04
4.892540625000000000e+04
4.877020625000000291e+04
4.889020625000000291e+04
4.880380625000000146e+04
4.872860624999999709e+04
4.867260624999999709e+04
4.886140000000000146e+04
4.857180625000000146e+04
4.850620625000000291e+04
4.858620625000000291e+04
4.569819999999999709e+04
4.568540000000000146e+04
4.595419999999999709e+04
4.556059999999999854e+04
4.565659999999999854e+04
4.560380000000000291e+04
4.556859999999999854e+04
4.564540000000000146e+04
4.579259999999999854e+04
4.566140000000000146e+04
4.585019999999999709e+04
4.585019999999999709e+04
4.601980000000000291e+04
4.547419999999999709e+04
4.613340000000000146e+04
4.615900000000000000e+04
4.618459999999999854e+04
4.608540000000000146e+04
4.616700000000000000e+04
4.604700000000000000e+04
4.574459999999999854e+04
4.585340000000000146e+04
4.591900000000000000e+04
4.587419999999999709e+04
4.584859999999999854e+04
4.577980000000000291e+04
4.575580000000000291e+04
4.576380000000000291e+04
4.562459999999999854e+04
4.550619999999999709e+04
4.550300000000000000e+04
4.559900000000000000e+04
4.555900000000000000e+04
4.556380000000000291e+04
4.554300000000000000e+04
4.539900000000000000e+04
4.547740000000000146e+04
4.556059999999999854e+04
4.540540000000000146e+04
4.570780000000000291e+04
4.554459999999999854e+04
4.556059999999999854e+04
4.549340000000000146e+04
4.549180000000000291e+04
4.547580000000000291e+04
4.546780000000000291e+04
4.528059999999999854e+04
4.527259999999999854e+04
4.518780000000000291e+04
4.510459999999999854e+04
4.501340000000000146e+04
4.497180000000000291e+04
4.488700000000000000e+04
4.495100000000000000e+04
4.495419999999999709e+04
4.485180000000000291e+04
4.484219999999999709e+04
4.495419999999999709e+04
4.524380000000000291e+04
4.558619999999999709e+04
4.597019999999999709e+04
4.617500000000000000e+04
4.606459999999999854e+04
4.613819999999999709e+04
4.637180000000000291e+04
4.628859999999999854e+04
4.626300000000000000e+04
4.636700000000000000e+04
4.625180000000000291e+04
4.645500000000000000e+04
4.661019999999999709e+04
4.675580000000000291e+04
4.672540000000000146e+04
4.661980000000000291e+04
4.678459999999999854e+04
4.661980000000000291e+04
4.660540000000000146e+04
4.658300000000000000e+04
4.642459999999999854e+04
4.651259999999999854e+04
4.658300000000000000e+04
4.640380000000000291e+04
4.640380000000000291e+04
4.660059999999999854e+04
4.662619999999999709e+04
4.684219999999999709e+04
4.688540000000000146e+04
4.698780000000000291e+04
4.653180000000000291e+04
4.675259999999999854e+04
4.675740000000000146e+04
4.650940000000000146e+04
4.649659999999999854e+04
4.637659999999999854e+04
4.642300000000000000e+04
4.665819999999999709e+04
4.651740000000000146e+04
4.665500000000000000e+04
4.659580000000000291e+04
4.652219999999999709e+04
4.663419999999999709e+04
4.659580000000000291e+04
4.640540000000000146e+04
4.650619999999999709e+04
4.661500000000000000e+04
4.642459999999999854e+04
4.637340000000000146e+04
4.665500000000000000e+04
4.654300000000000000e+04
4.654619999999999709e+04
4.677500000000000000e+04
4.666140000000000146e+04
4.666140000000000146e+04
4.652059999999999854e+04
4.666940000000000146e+04
4.671580000000000291e+04
4.684219999999999709e+04
4.661819999999999709e+04
4.650940000000000146e+04
4.658140000000000146e+04
4.642140000000000146e+04
4.637340000000000146e+04
4.640219999999999709e+04
4.657659999999999854e+04
4.629659999999999854e+04
4.667900000000000000e+04
4.644059999999999854e+04
4.631740000000000146e+04
4.629180000000000291e+04
4.622619999999999709e+04
4.621659999999999854e+04
4.617819999999999709e+04
4.614140000000000146e+04
4.620219999999999709e+04
4.641819999999999709e+04
4.638619999999999709e+04
4.633180000000000291e+04
4.633819999999999709e+04
4.625019999999999709e+04
4.621180000000000291e+04
4.622619999999999709e+04
4.634619999999999709e+04
4.617659999999999854e+04
4.632380000000000291e+04
4.613980000000000291e+04
4.603100000000000000e+04
4.621819999999999709e+04
4.615259999999999854e+04
4.585500000000000000e+04
4.585980000000000291e+04
4.608540000000000146e+04
4.586940000000000146e+04
4.604219999999999709e+04
4.597659999999999854e+04
4.585980000000000291e+04
4.599900000000000000e+04
4.607100000000000000e+04
4.635900000000000000e+04
4.658940000000000146e+04
4.633180000000000291e+04
4.643419999999999709e+04
4.646780000000000291e+04
4.651100000000000000e+04
4.660380000000000291e+04
4.673980000000000291e+04
4.659580000000000291e+04
4.645980000000000291e+04
4.652700000000000000e+04
4.660059999999999854e+04
4.654780000000000291e+04
4.665819999999999709e+04
4.687580000000000291e+04
4.699419999999999709e+04
4.708380000000000291e+04
4.707740000000000146e+04
4.668859999999999854e+04
4.687900000000000000e+04
4.679100000000000000e+04
4.672059999999999854e+04
4.651740000000000146e+04
4.659580000000000291e+04
4.654619999999999709e+04
4.685980000000000291e+04
4.677980000000000291e+04
4.674780000000000291e+04
4.644700000000000000e+04
4.658619999999999709e+04
4.653019999999999709e+04
4.642300000000000000e+04
4.645340000000000146e+04
4.639419999999999709e+04
4.642619999999999709e+04
4.643900000000000000e+04
4.639580000000000291e+04
4.645980000000000291e+04
4.647259999999999854e+04
4.637180000000000291e+04
4.647900000000000000e+04
4.657180000000000291e+04
4.674300000000000000e+04
4.690140000000000146e+04
4.666140000000000146e+04
4.665019999999999709e+04
4.641980000000000291e+04
4.634140000000000146e+04
4.648219999999999709e+04
4.659580000000000291e+04
4.671100000000000000e+04
4.672540000000000146e+04
4.691900000000000000e+04
4.686940000000000146e+04
4.694940000000000146e+04
4.694940000000000146e+04
4.273180000000000291e+04
4.420219999999999709e+04
4.523259999999999854e+04
4.666140000000000146e+04
4.813019999999999709e+04
4.894300624999999854e+04
5.045820625000000291e+04
5.108380625000000146e+04
5.162940625000000000e+04
5.257020625000000291e+04
5.325980625000000146e+04
5.356380625000000146e+04
5.383580625000000146e+04
5.423260624999999709e+04
5.447740625000000000e+04
5.454300624999999854e+04
5.476700624999999854e+04
5.486140625000000000e+04
5.477820625000000291e+04
5.470620625000000291e+04
5.441180625000000146e+04
5.451100624999999854e+04
5.432220625000000291e+04
5.418140625000000000e+04
5.399420625000000291e+04
5.359260624999999709e+04
5.348540625000000000e+04
5.338140625000000000e+04
5.300700624999999854e+04
5.265660624999999709e+04
5.261500624999999854e+04
5.227580625000000146e+04
5.205660624999999709e+04
5.191420625000000291e+04
5.158300624999999854e+04
5.145820625000000291e+04
5.145500624999999854e+04
5.121500624999999854e+04
5.106300624999999854e+04
5.128860624999999709e+04
5.142140625000000000e+04
5.117820625000000291e+04
5.123740625000000000e+04
5.103580625000000146e+04
5.095420625000000291e+04
5.092700624999999854e+04
5.081980625000000146e+04
5.073180625000000146e+04
5.065340625000000000e+04
5.070620625000000291e+04
5.037020625000000291e+04
5.047740625000000000e+04
5.034300624999999854e+04
5.029180625000000146e+04
5.013500624999999854e+04
5.011420625000000291e+04
4.986940625000000000e+04
4.964540625000000000e+04
4.989020625000000291e+04
4.969340625000000000e+04
4.968380625000000146e+04
4.940220625000000291e+04
4.958300624999999854e+04
4.980860624999999709e+04
4.951100624999999854e+04
4.937660624999999709e+04
4.940700624999999854e+04
4.925340625000000000e+04
4.899260624999999709e+04
4.909660624999999709e+04
4.907260624999999709e+04
4.920380625000000146e+04
4.917500624999999854e+04
4.922620625000000291e+04
4.902300624999999854e+04
4.900220625000000291e+04
4.899900624999999854e+04
4.887580625000000146e+04
4.879740625000000000e+04
4.882140625000000000e+04
4.861660624999999709e+04
4.869340625000000000e+04
4.860540625000000000e+04
4.839740625000000000e+04
4.844700624999999854e+04
4.842780625000000146e+04
4.850620625000000291e+04
4.848060624999999709e+04
4.890940625000000000e+04
4.868700624999999854e+04
4.849660624999999709e+04
4.885500624999999854e+04
4.857500624999999854e+04
4.871260624999999709e+04
4.871260624999999709e+04
4.850780625000000146e+04
4.872059999999999854e+04
4.843580625000000146e+04
4.883580625000000146e+04
4.845020625000000291e+04
4.842940625000000000e+04
4.826620625000000291e+04
4.821340625000000000e+04
4.839580625000000146e+04
4.886940000000000146e+04
4.849500624999999854e+04
4.816700624999999854e+04
4.818140625000000000e+04
4.844700624999999854e+04
4.847260624999999709e+04
4.844060624999999709e+04
4.837820625000000291e+04
4.871420625000000291e+04
4.827580625000000146e+04
4.859900624999999854e+04
4.850460624999999709e+04
4.875580625000000146e+04
4.839100624999999854e+04
4.869980000000000291e+04
4.878459999999999854e+04
4.858460624999999709e+04
4.845820625000000291e+04
4.835260624999999709e+04
4.837180625000000146e+04
4.819740625000000000e+04
4.813500624999999854e+04
4.808380625000000146e+04
4.853980000000000291e+04
4.842780625000000146e+04
4.833980625000000146e+04
4.848540000000000146e+04
4.836540625000000000e+04
4.841820625000000291e+04
4.847900624999999854e+04
4.859580625000000146e+04
4.863900624999999854e+04
4.847260624999999709e+04
4.846300624999999854e+04
4.843580625000000146e+04
4.849340625000000000e+04
4.861660624999999709e+04
4.856380625000000146e+04
4.838300624999999854e+04
4.835740625000000000e+04
4.841020625000000291e+04
4.900859999999999854e+04
4.848380625000000146e+04
4.853820625000000291e+04
4.848700624999999854e+04
4.854300624999999854e+04
4.852380625000000146e+04
4.835580625000000146e+04
4.793660624999999709e+04
4.820540625000000000e+04
4.824380625000000146e+04
4.815260624999999709e+04
4.839100624999999854e+04
4.821020625000000291e+04
4.827580625000000146e+04
4.820220625000000291e+04
4.846300624999999854e+04
4.837180625000000146e+04
4.838940625000000000e+04
4.869019999999999709e+04
4.869819999999999709e+04
4.837660624999999709e+04
4.886300000000000000e+04
4.877180000000000291e+04
4.855900624999999854e+04
4.869659999999999854e+04
4.881019999999999709e+04
4.873659999999999854e+04
4.842140000000000146e+04
4.815260624999999709e+04
4.808540625000000000e+04
4.828860624999999709e+04
4.811740625000000000e+04
4.864059999999999854e+04
4.865340000000000146e+04
4.861180000000000291e+04
4.834619999999999709e+04
4.864700000000000000e+04
4.836540000000000146e+04
4.861500000000000000e+04
4.844219999999999709e+04
4.844380000000000291e+04
4.806460624999999709e+04
4.827420625000000291e+04
4.827260624999999709e+04
4.835580000000000291e+04
4.839100000000000000e+04
4.818300624999999854e+04
4.781820625000000291e+04
4.787580625000000146e+04
4.803900624999999854e+04
4.785020625000000291e+04
4.825340000000000146e+04
4.823580000000000291e+04
4.816540000000000146e+04
4.800540000000000146e+04
4.808380000000000291e+04
4.787259999999999854e+04
4.803580000000000291e+04
4.787100000000000000e+04
4.813180000000000291e+04
4.819580000000000291e+04
4.825340000000000146e+04
4.801019999999999709e+04
4.801019999999999709e+04
4.798140000000000146e+04
4.802140000000000146e+04
4.816380000000000291e+04
4.808059999999999854e+04
4.789180625000000146e+04
4.801819999999999709e+04
4.801659999999999854e+04
4.794459999999999854e+04
4.814940000000000146e+04
4.796540000000000146e+04
4.777980000000000291e+04
4.771259999999999854e+04
4.776380000000000291e+04
4.783419999999999709e+04
4.794619999999999709e+04
4.773659999999999854e+04
4.813340000000000146e+04
4.804059999999999854e+04
4.785180000000000291e+04
4.789180625000000146e+04
4.794460624999999709e+04
4.818460624999999709e+04
4.829020625000000291e+04
4.813660624999999709e+04
4.826940625000000000e+04
4.809500624999999854e+04
4.843100624999999854e+04
4.841980625000000146e+04
4.836060624999999709e+04
4.842140625000000000e+04
4.845180625000000146e+04
4.852860624999999709e+04
4.860220625000000291e+04
4.876060624999999709e+04
4.843740625000000000e+04
4.892220625000000291e+04
4.849020625000000291e+04
4.852700624999999854e+04
4.878300624999999854e+04
4.845820625000000291e+04
4.857180625000000146e+04
4.826300624999999854e+04
4.807580625000000146e+04
4.825020625000000291e+04
4.869500000000000000e+04
4.835580625000000146e+04
4.822780625000000146e+04
4.835100624999999854e+04
4.878780000000000291e+04
4.839100624999999854e+04
4.870459999999999854e+04
4.815580625000000146e+04
4.857980625000000146e+04
4.839420625000000291e+04
4.818140625000000000e+04
4.870619999999999709e+04
4.839580625000000146e+04
4.825020625000000291e+04
4.822940625000000000e+04
4.837980625000000146e+04
4.808060624999999709e+04
4.829500624999999854e+04
4.854459999999999854e+04
4.813020625000000291e+04
4.832219999999999709e+04
4.845500000000000000e+04
4.841500000000000000e+04
4.783580625000000146e+04
4.787900624999999854e+04
4.809340625000000000e+04
4.820220625000000291e+04
4.853340625000000000e+04
4.829980625000000146e+04
4.849020625000000291e+04
4.867100624999999854e+04
4.850780625000000146e+04
4.849500624999999854e+04
4.824380625000000146e+04
4.829980625000000146e+04
4.857340000000000146e+04
4.885980000000000291e+04
4.885819999999999709e+04
4.846300624999999854e+04
4.850300624999999854e+04
4.863259999999999854e+04
4.826140625000000000e+04
4.865980000000000291e+04
4.872859999999999854e+04
4.869659999999999854e+04
4.853659999999999854e+04
4.866940000000000146e+04
4.856859999999999854e+04
4.864059999999999854e+04
4.882940000000000146e+04
4.863740000000000146e+04
4.835740625000000000e+04
4.828540625000000000e+04
4.831580625000000146e+04
4.812060624999999709e+04
4.824540625000000000e+04
4.871419999999999709e+04
4.871419999999999709e+04
4.827740625000000000e+04
4.882940000000000146e+04
4.808060624999999709e+04
4.860219999999999709e+04
4.850780000000000291e+04
4.865019999999999709e+04
4.839419999999999709e+04
4.805500624999999854e+04
4.843259999999999854e+04
4.856380000000000291e+04
4.837819999999999709e+04
4.853819999999999709e+04
4.837980000000000291e+04
4.841340000000000146e+04
4.835419999999999709e+04
4.838460624999999709e+04
4.870300000000000000e+04
4.830780625000000146e+04
4.853500624999999854e+04
4.884219999999999709e+04
4.866619999999999709e+04
4.834460624999999709e+04
4.839580625000000146e+04
4.841980625000000146e+04
4.864540625000000000e+04
4.893180625000000146e+04
4.862300624999999854e+04
4.866300624999999854e+04
4.854940625000000000e+04
4.859100624999999854e+04
4.849020625000000291e+04
4.880060624999999709e+04
4.843740625000000000e+04
4.841020625000000291e+04
4.837500624999999854e+04
4.861340625000000000e+04
4.859100624999999854e+04
4.842620625000000291e+04
4.828220625000000291e+04
4.868380000000000291e+04
4.845660624999999709e+04
4.847580625000000146e+04
4.855900624999999854e+04
4.865980625000000146e+04
4.868380625000000146e+04
4.851900624999999854e+04
4.843100624999999854e+04
4.826300624999999854e+04
4.804860624999999709e+04
4.811900624999999854e+04
4.808220625000000291e+04
4.816700624999999854e+04
4.807420625000000291e+04
4.876219999999999709e+04
4.847900000000000000e+04
4.846300000000000000e+04
4.853500000000000000e+04
4.838140000000000146e+04
4.830780000000000291e+04
4.829980000000000291e+04
4.830619999999999709e+04
4.816380000000000291e+04
4.826300000000000000e+04
4.818459999999999854e+04
4.849019999999999709e+04
4.833180000000000291e+04
4.852219999999999709e+04
4.812700624999999854e+04
4.863580000000000291e+04
4.843900000000000000e+04
4.853340000000000146e+04
4.859259999999999854e+04
4.859259999999999854e+04
4.333980000000000291e+04
4.448859999999999854e+04
4.551259999999999854e+04
4.686780000000000291e+04
4.811100000000000000e+04
4.890140625000000000e+04
5.013660624999999709e+04
5.100380625000000146e+04
5.186140625000000000e+04
5.256540625000000000e+04
5.337500624999999854e+04
5.387260624999999709e+04
5.405180625000000146e+04
5.406140625000000000e+04
5.460700624999999854e+04
5.457020625000000291e+04
5.508380625000000146e+04
5.488380625000000146e+04
5.495580625000000146e+04
5.482140625000000000e+04
5.479900624999999854e+04
5.473820625000000291e+04
5.469340625000000000e+04
5.452540625000000000e+04
5.433180625000000146e+04
5.400220625000000291e+04
5.364060624999999709e+04
5.349820625000000291e+04
5.320220625000000291e+04
5.289980625000000146e+04
5.283900624999999854e+04
5.254460624999999709e+04
5.245020625000000291e+04
5.231900624999999854e+04
5.194300624999999854e+04
5.199260624999999709e+04
5.204700624999999854e+04
5.155740625000000000e+04
5.135900624999999854e+04
5.117660624999999709e+04
5.132700624999999854e+04
5.134140625000000000e+04
5.116380625000000146e+04
5.144060624999999709e+04
5.128060624999999709e+04
5.129500624999999854e+04
5.087420625000000291e+04
5.071580625000000146e+04
5.065500624999999854e+04
5.084380625000000146e+04
5.105500624999999854e+04
5.083260624999999709e+04
5.099580625000000146e+04
5.092700624999999854e+04
5.088860624999999709e+04
5.072380625000000146e+04
5.046620625000000291e+04
5.038780625000000146e+04
5.032540625000000000e+04
5.021340625000000000e+04
4.993660624999999709e+04
5.023740625000000000e+04
4.989500624999999854e+04
5.001660624999999709e+04
5.017500624999999854e+04
4.996540625000000000e+04
4.996860624999999709e+04
5.036540625000000000e+04
4.987260624999999709e+04
5.041340000000000146e+04
4.989500624999999854e+04
5.001020625000000291e+04
4.982620625000000291e+04
4.984860624999999709e+04
4.977180625000000146e+04
4.990780625000000146e+04
4.984860624999999709e+04
4.956380625000000146e+04
4.993180000000000291e+04
4.948860624999999709e+04
4.948860624999999709e+04
4.950300624999999854e+04
4.938940625000000000e+04
4.925500624999999854e+04
4.957019999999999709e+04
4.967580000000000291e+04
4.908380625000000146e+04
4.952700000000000000e+04
5.004540000000000146e+04
4.989980000000000291e+04
4.994780000000000291e+04
4.944060624999999709e+04
4.962140000000000146e+04
4.930460624999999709e+04
4.975900000000000000e+04
4.984540000000000146e+04
4.985019999999999709e+04
4.991419999999999709e+04
4.979740000000000146e+04
4.979259999999999854e+04
4.970780000000000291e+04
4.988859999999999854e+04
4.954619999999999709e+04
4.986940000000000146e+04
4.956059999999999854e+04
4.966459999999999854e+04
4.946300000000000000e+04
4.958780000000000291e+04
4.938140000000000146e+04
4.942780000000000291e+04
4.938780000000000291e+04
4.918140000000000146e+04
4.939580000000000291e+04
4.959580000000000291e+04
4.955900000000000000e+04
4.965500000000000000e+04
4.978300000000000000e+04
4.936700624999999854e+04
4.950460624999999709e+04
4.940859999999999854e+04
4.945980000000000291e+04
4.926780000000000291e+04
4.931100000000000000e+04
4.936059999999999854e+04
4.913340000000000146e+04
4.918780000000000291e+04
4.945659999999999854e+04
4.937819999999999709e+04
4.925659999999999854e+04
4.944700000000000000e+04
4.945659999999999854e+04
4.963419999999999709e+04
4.930459999999999854e+04
4.934140000000000146e+04
4.922300000000000000e+04
4.939900000000000000e+04
4.890780000000000291e+04
4.937500000000000000e+04
4.939100000000000000e+04
4.947740000000000146e+04
4.956059999999999854e+04
4.933500624999999854e+04
4.971259999999999854e+04
4.957500624999999854e+04
4.964380000000000291e+04
4.965980000000000291e+04
4.977180000000000291e+04
4.933660624999999709e+04
5.009980000000000291e+04
4.978459999999999854e+04
4.972219999999999709e+04
4.933980625000000146e+04
4.928380625000000146e+04
4.937340625000000000e+04
4.905980625000000146e+04
4.920380625000000146e+04
4.936380625000000146e+04
4.895100624999999854e+04
4.913660624999999709e+04
4.932219999999999709e+04
4.942300000000000000e+04
4.948380000000000291e+04
4.917820625000000291e+04
4.960700000000000000e+04
4.931260624999999709e+04
4.949819999999999709e+04
4.921980000000000291e+04
4.949340000000000146e+04
4.946940000000000146e+04
4.949500000000000000e+04
4.906940000000000146e+04
4.914140000000000146e+04
4.921500000000000000e+04
4.904059999999999854e+04
4.904540000000000146e+04
4.915900000000000000e+04
4.933659999999999854e+04
4.892859999999999854e+04
4.887900000000000000e+04
4.893659999999999854e+04
4.909180000000000291e+04
4.909659999999999854e+04
4.888540000000000146e+04
4.893019999999999709e+04
4.878619999999999709e+04
4.886780000000000291e+04
4.890140000000000146e+04
4.877819999999999709e+04
4.885019999999999709e+04
4.909980000000000291e+04
4.915900000000000000e+04
4.924859999999999854e+04
4.924859999999999854e+04
4.916219999999999709e+04
4.923900000000000000e+04
4.940700000000000000e+04
4.906780000000000291e+04
4.923419999999999709e+04
4.894780000000000291e+04
4.964380000000000291e+04
4.915580000000000291e+04
4.906780000000000291e+04
4.907100000000000000e+04
4.902940000000000146e+04
4.904219999999999709e+04
4.870300000000000000e+04
4.870940000000000146e+04
4.886780000000000291e+04
4.898140000000000146e+04
4.865980000000000291e+04
4.861980000000000291e+04
4.861819999999999709e+04
4.882619999999999709e+04
4.886619999999999709e+04
4.884540000000000146e+04
4.878780000000000291e+04
4.857659999999999854e+04
4.896059999999999854e+04
4.868540000000000146e+04
4.856219999999999709e+04
4.845019999999999709e+04
4.857019999999999709e+04
4.856219999999999709e+04
4.875900000000000000e+04
4.879419999999999709e+04
4.866780000000000291e+04
4.857019999999999709e+04
4.850619999999999709e+04
4.883740000000000146e+04
4.883900000000000000e+04
4.860059999999999854e+04
4.860219999999999709e+04
4.847740000000000146e+04
4.853019999999999709e+04
4.866780000000000291e+04
4.892540000000000146e+04
4.917180000000000291e+04
4.909660624999999709e+04
4.954140000000000146e+04
4.941020625000000291e+04
4.981340000000000146e+04
4.960380625000000146e+04
4.965820625000000291e+04
4.971260624999999709e+04
4.982140625000000000e+04
4.989340625000000000e+04
4.985660624999999709e+04
4.980060624999999709e+04
4.984220625000000291e+04
5.010140625000000000e+04
5.009820625000000291e+04
5.005500624999999854e+04
4.984220625000000291e+04
5.004060624999999709e+04
5.004700624999999854e+04
5.022300624999999854e+04
4.989820625000000291e+04
5.005020625000000291e+04
4.999900624999999854e+04
5.019580625000000146e+04
5.022940625000000000e+04
5.027260624999999709e+04
5.017820625000000291e+04
5.032700624999999854e+04
5.021020625000000291e+04
5.032220625000000291e+04
5.020380625000000146e+04
5.019420625000000291e+04
5.048860624999999709e+04
5.035260624999999709e+04
5.036700624999999854e+04
5.050780625000000146e+04
5.027740625000000000e+04
5.031420625000000291e+04
5.015100624999999854e+04
5.022620625000000291e+04
5.003580625000000146e+04
4.986300624999999854e+04
5.013340625000000000e+04
4.994460624999999709e+04
5.049980000000000291e+04
5.045500000000000000e+04
4.984060624999999709e+04
4.988540625000000000e+04
4.985980625000000146e+04
5.009820625000000291e+04
5.011900624999999854e+04
4.993340625000000000e+04
5.002140625000000000e+04
4.995260624999999709e+04
4.999580625000000146e+04
4.993180625000000146e+04
4.980700624999999854e+04
4.985660624999999709e+04
5.012380625000000146e+04
5.001180625000000146e+04
4.978300624999999854e+04
5.011580625000000146e+04
4.991420625000000291e+04
5.019740625000000000e+04
5.005660624999999709e+04
4.989020625000000291e+04
5.018940625000000000e+04
4.993340625000000000e+04
4.997500624999999854e+04
4.990460624999999709e+04
4.966300624999999854e+04
5.014459999999999854e+04
4.990620625000000291e+04
5.021340625000000000e+04
5.005980625000000146e+04
5.014940625000000000e+04
5.012380625000000146e+04
4.983580625000000146e+04
5.026459999999999854e+04
5.011260624999999709e+04
5.007900624999999854e+04
5.004220625000000291e+04
4.999260624999999709e+04
4.961980625000000146e+04
4.966620625000000291e+04
4.985820625000000291e+04
5.007100000000000000e+04
4.994140625000000000e+04
5.000700624999999854e+04
4.975420625000000291e+04
4.971740625000000000e+04
4.975580625000000146e+04
5.003100624999999854e+04
5.032059999999999854e+04
4.994300624999999854e+04
4.976540625000000000e+04
4.984540625000000000e+04
5.002620625000000291e+04
5.014940000000000146e+04
5.005500624999999854e+04
4.996540625000000000e+04
4.994940625000000000e+04
5.010140625000000000e+04
5.008220625000000291e+04
4.999580625000000146e+04
5.013500624999999854e+04
4.963740625000000000e+04
5.008220625000000291e+04
4.983740625000000000e+04
4.994300624999999854e+04
4.997500624999999854e+04
4.999580625000000146e+04
5.031100624999999854e+04
5.013980625000000146e+04
5.017020625000000291e+04
4.995100624999999854e+04
5.010940625000000000e+04
4.987260624999999709e+04
5.001980625000000146e+04
4.986460624999999709e+04
4.989340625000000000e+04
4.989980625000000146e+04
4.987260624999999709e+04
5.008860624999999709e+04
4.998300624999999854e+04
4.996380625000000146e+04
4.998780625000000146e+04
5.023580625000000146e+04
5.009340625000000000e+04
4.990780625000000146e+04
5.020700624999999854e+04
5.011740625000000000e+04
5.006300624999999854e+04
4.987740625000000000e+04
5.009020625000000291e+04
4.994460624999999709e+04
4.968380625000000146e+04
4.981340625000000000e+04
4.960380625000000146e+04
4.945180625000000146e+04
4.949500624999999854e+04
4.959900624999999854e+04
4.961980625000000146e+04
4.957180625000000146e+04
4.955900624999999854e+04
4.964220625000000291e+04
4.993180625000000146e+04
4.960380625000000146e+04
5.078460624999999709e+04
4.971260624999999709e+04
4.959260624999999709e+04
4.972700624999999854e+04
4.952060624999999709e+04
5.016219999999999709e+04
5.010619999999999709e+04
4.210940000000000146e+04
4.331259999999999854e+04
4.478780000000000291e+04
4.571419999999999709e+04
4.679259999999999854e+04
4.831100000000000000e+04
4.901820625000000291e+04
4.999900624999999854e+04
5.110300624999999854e+04
5.206140625000000000e+04
5.265980625000000146e+04
5.310300624999999854e+04
5.367420625000000291e+04
5.373180625000000146e+04
5.403420625000000291e+04
5.442460624999999709e+04
5.456220625000000291e+04
5.464540625000000000e+04
5.469820625000000291e+04
5.470140625000000000e+04
5.458940625000000000e+04
5.469020625000000291e+04
5.443740625000000000e+04
5.401340625000000000e+04
5.403100624999999854e+04
5.375420625000000291e+04
5.349980625000000146e+04
5.331260624999999709e+04
5.312540625000000000e+04
5.293180625000000146e+04
5.242780625000000146e+04
5.276380625000000146e+04
5.229500624999999854e+04
5.219100624999999854e+04
5.193660624999999709e+04
5.166460624999999709e+04
5.126620625000000291e+04
5.136700624999999854e+04
5.089020625000000291e+04
5.091580625000000146e+04
5.080380625000000146e+04
5.092380625000000146e+04
5.083900624999999854e+04
5.074460624999999709e+04
5.063900624999999854e+04
5.071740625000000000e+04
5.089980625000000146e+04
5.058620625000000291e+04
5.053180625000000146e+04
5.037020625000000291e+04
5.013660624999999709e+04
5.005500624999999854e+04
5.004220625000000291e+04
4.985180625000000146e+04
4.982140625000000000e+04
4.961980625000000146e+04
4.958460624999999709e+04
4.952860624999999709e+04
4.952380625000000146e+04
4.933020625000000291e+04
4.928220625000000291e+04
4.933659999999999854e+04
4.933500000000000000e+04
4.944059999999999854e+04
4.936700000000000000e+04
4.938619999999999709e+04
4.926940000000000146e+04
4.907900000000000000e+04
4.918619999999999709e+04
4.881500000000000000e+04
4.891419999999999709e+04
4.879419999999999709e+04
4.886619999999999709e+04
4.877659999999999854e+04
4.868700000000000000e+04
4.854619999999999709e+04
4.871900000000000000e+04
4.855900000000000000e+04
4.830460624999999709e+04
4.857980000000000291e+04
4.872380000000000291e+04
4.819740625000000000e+04
4.839740000000000146e+04
4.837980000000000291e+04
4.830940000000000146e+04
4.841500000000000000e+04
4.824380000000000291e+04
4.830300000000000000e+04
4.859580000000000291e+04
4.866459999999999854e+04
4.878300000000000000e+04
4.877819999999999709e+04
4.883900000000000000e+04
4.878140000000000146e+04
4.869340000000000146e+04
4.870780000000000291e+04
4.864219999999999709e+04
4.872380000000000291e+04
4.872700000000000000e+04
4.854940000000000146e+04
4.825500000000000000e+04
4.822619999999999709e+04
4.834459999999999854e+04
4.834940000000000146e+04
4.825500000000000000e+04
4.826300000000000000e+04
4.817980000000000291e+04
4.835259999999999854e+04
4.827900000000000000e+04
4.824219999999999709e+04
4.822940000000000146e+04
4.823419999999999709e+04
4.800540000000000146e+04
4.812219999999999709e+04
4.810459999999999854e+04
4.822140000000000146e+04
4.826140000000000146e+04
4.803740000000000146e+04
4.801019999999999709e+04
4.816380000000000291e+04
4.831740000000000146e+04
4.818459999999999854e+04
4.810619999999999709e+04
4.804059999999999854e+04
4.805659999999999854e+04
4.811259999999999854e+04
4.813980000000000291e+04
4.811740000000000146e+04
4.785340000000000146e+04
4.806140000000000146e+04
4.796380000000000291e+04
4.810940000000000146e+04
4.809500000000000000e+04
4.788059999999999854e+04
4.783740000000000146e+04
4.781980000000000291e+04
4.774459999999999854e+04
4.764700000000000000e+04
4.805659999999999854e+04
4.831259999999999854e+04
4.811900000000000000e+04
4.822300000000000000e+04
4.834459999999999854e+04
4.834140000000000146e+04
4.831900000000000000e+04
4.831419999999999709e+04
4.821659999999999854e+04
4.817659999999999854e+04
4.839419999999999709e+04
4.827100000000000000e+04
4.833340000000000146e+04
4.833500000000000000e+04
4.818140000000000146e+04
4.814940000000000146e+04
4.800859999999999854e+04
4.818140000000000146e+04
4.802780000000000291e+04
4.797340000000000146e+04
4.787259999999999854e+04
4.773819999999999709e+04
4.769659999999999854e+04
4.777659999999999854e+04
4.784219999999999709e+04
4.803580000000000291e+04
4.789659999999999854e+04
4.792380000000000291e+04
4.797180000000000291e+04
4.784059999999999854e+04
4.803259999999999854e+04
4.788700000000000000e+04
4.802940000000000146e+04
4.815900000000000000e+04
4.808059999999999854e+04
4.777819999999999709e+04
4.809180000000000291e+04
4.789500000000000000e+04
4.800059999999999854e+04
4.789500000000000000e+04
4.771900000000000000e+04
4.765659999999999854e+04
4.797659999999999854e+04
4.805340000000000146e+04
4.791900000000000000e+04
4.762940000000000146e+04
4.769819999999999709e+04
4.741180000000000291e+04
4.761659999999999854e+04
4.788380000000000291e+04
4.785019999999999709e+04
4.778140000000000146e+04
4.823419999999999709e+04
4.806780000000000291e+04
4.795900000000000000e+04
4.802140000000000146e+04
4.790300000000000000e+04
4.784859999999999854e+04
4.827419999999999709e+04
4.793500000000000000e+04
4.761180000000000291e+04
4.752540000000000146e+04
4.757659999999999854e+04
4.756059999999999854e+04
4.761819999999999709e+04
4.732540000000000146e+04
4.744700000000000000e+04
4.753180000000000291e+04
4.719259999999999854e+04
4.722140000000000146e+04
4.712059999999999854e+04
4.705659999999999854e+04
4.709659999999999854e+04
4.743740000000000146e+04
4.709659999999999854e+04
4.729180000000000291e+04
4.725019999999999709e+04
4.697819999999999709e+04
4.697819999999999709e+04
4.727900000000000000e+04
4.722300000000000000e+04
4.712859999999999854e+04
4.716059999999999854e+04
4.706459999999999854e+04
4.712380000000000291e+04
4.704380000000000291e+04
4.706140000000000146e+04
4.715740000000000146e+04
4.695419999999999709e+04
4.677980000000000291e+04
4.683900000000000000e+04
4.673019999999999709e+04
4.680059999999999854e+04
4.668540000000000146e+04
4.677019999999999709e+04
4.645180000000000291e+04
4.646140000000000146e+04
4.658300000000000000e+04
4.714619999999999709e+04
4.702619999999999709e+04
4.703580000000000291e+04
4.729340000000000146e+04
4.730300000000000000e+04
4.750140000000000146e+04
4.739580000000000291e+04
4.745340000000000146e+04
4.725659999999999854e+04
4.747740000000000146e+04
4.752380000000000291e+04
4.758619999999999709e+04
4.758940000000000146e+04
4.737819999999999709e+04
4.789500000000000000e+04
4.759900000000000000e+04
4.765500000000000000e+04
4.762140000000000146e+04
4.781340000000000146e+04
4.761980000000000291e+04
4.737980000000000291e+04
4.769819999999999709e+04
4.765500000000000000e+04
4.746140000000000146e+04
4.769340000000000146e+04
4.754780000000000291e+04
4.803740000000000146e+04
4.754140000000000146e+04
4.765500000000000000e+04
4.774619999999999709e+04
4.757819999999999709e+04
4.771580000000000291e+04
4.764059999999999854e+04
4.768859999999999854e+04
4.773500000000000000e+04
4.823900000000000000e+04
4.749819999999999709e+04
4.740700000000000000e+04
4.765180000000000291e+04
4.770140000000000146e+04
4.767100000000000000e+04
4.745340000000000146e+04
4.765980000000000291e+04
4.748380000000000291e+04
4.745980000000000291e+04
4.753659999999999854e+04
4.745180000000000291e+04
4.756859999999999854e+04
4.727900000000000000e+04
4.753659999999999854e+04
4.775100000000000000e+04
4.765500000000000000e+04
4.771900000000000000e+04
4.757340000000000146e+04
4.801340000000000146e+04
4.771419999999999709e+04
4.775900000000000000e+04
4.752540000000000146e+04
4.774780000000000291e+04
4.780540000000000146e+04
4.765659999999999854e+04
4.765180000000000291e+04
4.740540000000000146e+04
4.777980000000000291e+04
4.780059999999999854e+04
4.775580000000000291e+04
4.761980000000000291e+04
4.766619999999999709e+04
4.760859999999999854e+04
4.756540000000000146e+04
4.741819999999999709e+04
4.756219999999999709e+04
4.730780000000000291e+04
4.731259999999999854e+04
4.754940000000000146e+04
4.730940000000000146e+04
4.714300000000000000e+04
4.747100000000000000e+04
4.747900000000000000e+04
4.725340000000000146e+04
4.763580000000000291e+04
4.743580000000000291e+04
4.731580000000000291e+04
4.723740000000000146e+04
4.705659999999999854e+04
4.728859999999999854e+04
4.733180000000000291e+04
4.720540000000000146e+04
4.737819999999999709e+04
4.734140000000000146e+04
4.756059999999999854e+04
4.718940000000000146e+04
4.721980000000000291e+04
4.731100000000000000e+04
4.704700000000000000e+04
4.713500000000000000e+04
4.707259999999999854e+04
4.704859999999999854e+04
4.760540000000000146e+04
4.746780000000000291e+04
4.753659999999999854e+04
4.728059999999999854e+04
4.748859999999999854e+04
4.732700000000000000e+04
4.727259999999999854e+04
4.729980000000000291e+04
4.735580000000000291e+04
4.744219999999999709e+04
4.759580000000000291e+04
4.757659999999999854e+04
4.747259999999999854e+04
4.773500000000000000e+04
4.748219999999999709e+04
4.735580000000000291e+04
4.761500000000000000e+04
4.734940000000000146e+04
4.758780000000000291e+04
4.763900000000000000e+04
4.777340000000000146e+04
4.738619999999999709e+04
4.739900000000000000e+04
4.715259999999999854e+04
4.748059999999999854e+04
4.737340000000000146e+04
4.731900000000000000e+04
4.744540000000000146e+04
4.745340000000000146e+04
4.741180000000000291e+04
4.733980000000000291e+04
4.722940000000000146e+04
4.746780000000000291e+04
4.745180000000000291e+04
4.743740000000000146e+04
4.741340000000000146e+04
4.739259999999999854e+04
4.736219999999999709e+04
4.734140000000000146e+04
4.738940000000000146e+04
4.720700000000000000e+04
