0.000000000000000000e+00
5.227180000000000291e+04
5.340619999999999709e+04
5.393419999999999709e+04
5.449740000000000146e+04
5.449740000000000146e+04
5.274162500000000000e+04
5.422803125000000000e+04
5.291768750000000000e+04
5.024415000000000146e+04
4.645223750000000291e+04
4.027956874999999854e+04
3.575325624999999854e+04
2.640143125000000146e+04
1.826238124999999854e+04
1.409286874999999964e+04
6.982600000000000364e+03
8.334600000000000364e+03
9.702600000000000364e+03
1.127700000000000000e+04
1.236660000000000036e+04
1.318420000000000073e+04
1.417620000000000073e+04
1.532979999999999927e+04
1.618100000000000000e+04
1.670900000000000000e+04
1.757940000000000146e+04
1.798259999999999854e+04
1.863220000000000073e+04
1.952179999999999927e+04
2.017459999999999854e+04
2.078100000000000000e+04
2.140340000000000146e+04
2.180820000000000073e+04
2.213459999999999854e+04
2.264500000000000000e+04
2.329620000000000073e+04
2.370740000000000146e+04
2.389140000000000146e+04
2.414420000000000073e+04
2.470259999999999854e+04
2.535859999999999854e+04
2.592179999999999927e+04
2.622740000000000146e+04
2.643540000000000146e+04
2.685779999999999927e+04
2.723540000000000146e+04
2.769620000000000073e+04
2.824820000000000073e+04
2.873620000000000073e+04
2.890100000000000000e+04
2.934740000000000146e+04
2.986259999999999854e+04
3.023059999999999854e+04
3.074579999999999927e+04
3.103700000000000000e+04
3.151379999999999927e+04
3.151379999999999927e+04
3.228820000000000073e+04
3.273940000000000146e+04
3.300980000000000291e+04
3.343059999999999854e+04
3.386259999999999854e+04
3.439380000000000291e+04
3.470740000000000146e+04
3.505780000000000291e+04
3.604019999999999709e+04
3.630259999999999854e+04
3.692819999999999709e+04
3.719700000000000000e+04
3.782100000000000000e+04
3.826580000000000291e+04
3.908180000000000291e+04
3.923540000000000146e+04
3.963219999999999709e+04
4.009619999999999709e+04
4.083059999999999854e+04
4.079059999999999854e+04
4.127859999999999854e+04
4.185140000000000146e+04
4.221300000000000000e+04
4.248180000000000291e+04
4.313780000000000291e+04
4.366100000000000000e+04
4.395219999999999709e+04
4.437619999999999709e+04
4.469940000000000146e+04
4.524180000000000291e+04
4.573300000000000000e+04
4.606580000000000291e+04
4.667859999999999854e+04
4.711059999999999854e+04
4.750580000000000291e+04
4.772019999999999709e+04
4.833780000000000291e+04
4.885940000000000146e+04
4.904340000000000146e+04
