0.000000000000000000e+00
1.671683593750000085e+01
1.728397460937497954e+01
1.620875000000001620e+01
1.454433593749999964e+01
1.433246093749999339e+01
1.444234375000000981e+01
1.379452148437501080e+01
1.396483398437501400e+01
1.619996093750000199e+01
1.423139648437500071e+01
1.315875000000001727e+01
1.211500000000000909e+01
1.220609374999999019e+01
1.249897460937500071e+01
1.384964843749997954e+01
1.325639648437499929e+01
4.965405273437500000e+01
1.611187500000001904e+01
1.426402343750000945e+01
1.420777343750000377e+01
1.541562500000000036e+01
1.640277343749997740e+01
1.549756835937501265e+01
1.465288085937499929e+01
1.548902343750001442e+01
1.423178710937500036e+01
1.209312499999998991e+01
1.283277343750001265e+01
1.465663085937501720e+01
1.166538085937500036e+01
1.092714843749999964e+01
1.250811523437501549e+01
1.354663085937500000e+01
1.321006835937500590e+01
1.374077148437499929e+01
1.334795898437500306e+01
1.442139648437501265e+01
1.456371093749999623e+01
1.447402343749999964e+01
1.448881835937499929e+01
1.516444335937501720e+01
1.451084960937500945e+01
1.397577148437500583e+01
1.263319335937501187e+01
1.181866210937500483e+01
1.329746093750000036e+01
1.399683593750000909e+01
1.487089843749999929e+01
1.660889648437500909e+01
1.544683593750001727e+01
1.434819335937499929e+01
1.313663085937501229e+01
1.283062500000000838e+01
1.485694335937501975e+01
1.479996093750000341e+01
1.352464843749998558e+01
2.622171777343747294e+02
1.676186523437500142e+01
1.418944335937498735e+01
1.860609374999997456e+01
2.690152343750002117e+01
2.959808593749998451e+01
4.086812499999994941e+01
4.367246093749999858e+01
4.475687500000002217e+01
4.341558593749997641e+01
4.640875000000001904e+01
5.018624023437494941e+01
4.728233398437497215e+01
4.321625000000005912e+01
4.238121093749997925e+01
4.814717773437503467e+01
5.254014648437502899e+01
4.762577148437506480e+01
4.157999023437496788e+01
4.425937499999999858e+01
5.108866210937504349e+01
5.188964843750000000e+01
4.875194335937504775e+01
4.395624999999999716e+01
3.960811523437500625e+01
3.688741210937497783e+01
3.483334960937499858e+01
3.618670898437500938e+01
3.718670898437500227e+01
3.488609375000000057e+01
3.454209960937497925e+01
3.678359375000000142e+01
3.786558593749997925e+01
3.516241210937501194e+01
3.459092773437500767e+01
3.203819335937495794e+01
3.091241210937500838e+01
2.770484374999997357e+01
2.369984374999997812e+01
2.392874999999997243e+01
2.534375000000000000e+01
2.912484374999998948e+01
2.768061523437500071e+01
2.380433593749998522e+01
2.197558593750000000e+01
2.306152343750000000e+01
2.428109374999998593e+01
1.955694335937502970e+01
1.984608398437497812e+01
2.086475585937502331e+01
1.779371093750000199e+01
1.606795898437500725e+01
1.437538085937501009e+01
1.681749023437501833e+01
1.878858398437501620e+01
1.459959960937499979e+01
1.400577148437501229e+01
1.333746093750002615e+01
1.359053710937502402e+01
1.269687500000000036e+01
1.282256835937500838e+01
1.306371093750002288e+01
1.256678710937501720e+01
1.257187500000000036e+01
1.239859375000001407e+01
1.288984375000000071e+01
1.526312499999999694e+01
1.215772460937499666e+01
1.043402343749999872e+01
1.201234374999999766e+01
1.193402343749998984e+01
1.071913085937501364e+01
1.087655273437499659e+01
1.166562500000000036e+01
1.258858398437500270e+01
1.213246093750002608e+01
1.123319335937501862e+01
1.122108398437500121e+01
1.140311523437497598e+01
1.096538085937499929e+01
1.077303710937500014e+01
1.058155273437501265e+01
1.232530273437500590e+01
1.189625000000001620e+01
1.202808593750001620e+01
1.213359374999999929e+01
1.102308593750000831e+01
1.111225585937500071e+01
1.078780273437500981e+01
1.116234374999999268e+01
1.156124023437500803e+01
1.108702148437502544e+01
1.030374999999998131e+01
1.269027343750001080e+01
1.347725585937500270e+01
1.280859375000000000e+01
1.136592773437501158e+01
1.102558593750000071e+01
1.265484375000000838e+01
1.220250000000002188e+01
1.098858398437501016e+01
1.064359374999998664e+01
1.033116210937500057e+01
9.838818359375000711e+00
9.844960937499994458e+00
1.073089843749998984e+01
1.129746093750000036e+01
1.250811523437500128e+01
1.334858398437500071e+01
1.294053710937501478e+01
1.288714843749999339e+01
1.304764648437498842e+01
1.268663085937500412e+01
1.316991210937498735e+01
1.319545898437499964e+01
1.308631835937499055e+01
1.353109374999999126e+01
1.113687500000000341e+01
1.177777343749998096e+01
1.259496093749998735e+01
1.276402343750000767e+01
1.119808593749999126e+01
1.084183593749999197e+01
1.275250000000000483e+01
1.352484374999997385e+01
1.389496093749998806e+01
1.274984374999998593e+01
1.150062499999998167e+01
1.269859375000000767e+01
1.188277343750000625e+01
1.108272460937501513e+01
1.254749999999998344e+01
1.348734374999997421e+01
1.257984375000000554e+01
1.129881835937498735e+01
1.162733398437498344e+01
1.263714843749998273e+01
1.325484375000001513e+01
1.203100585937500000e+01
1.024234375000001407e+01
9.918710937499998437e+00
1.100996093750000071e+01
1.156839843749998487e+01
1.077125000000001975e+01
9.680380859375008029e+00
8.728085937500011937e+00
9.146474609374994458e+00
9.420273437499997016e+00
1.085308593750000661e+01
1.230194335937499339e+01
1.148124023437499197e+01
1.094678710937500021e+01
1.084124999999998629e+01
9.675585937499999289e+00
9.595302734374998366e+00
9.805625000000004476e+00
1.008858398437498849e+01
1.023734374999999730e+01
9.788193359375009450e+00
9.096396484375002700e+00
9.676210937499989839e+00
9.501210937499987352e+00
8.883583984374997300e+00
9.608740234375000355e+00
9.690927734375000213e+00
9.371787109375008029e+00
1.028277343750000838e+01
1.006874999999999964e+01
9.881093749999994458e+00
1.075121093749998380e+01
1.089467773437499964e+01
9.450771484374996589e+00
9.085458984374996660e+00
9.554843750000006963e+00
9.494960937499989484e+00
9.448593750000016556e+00
9.001162109374996945e+00
9.100537109375000711e+00
9.907724609375010871e+00
9.775537109374999645e+00
1.029233398437500036e+01
1.068842773437500071e+01
1.070975585937498309e+01
1.015433593749999375e+01
1.075639648437499929e+01
1.112183593750000909e+01
9.653818359374996660e+00
1.005522460937499929e+01
1.079839843750001194e+01
1.035746093749999730e+01
9.840585937500012648e+00
1.010811523437500625e+01
1.006109375000001549e+01
9.153085937499996660e+00
8.906875000000001208e+00
9.891249999999990550e+00
9.753085937500012292e+00
1.067530273437501265e+01
1.026163085937501407e+01
1.003589843750000732e+01
1.060746093749998309e+01
9.472958984375001279e+00
1.027933593749998487e+01
1.091991210937498025e+01
1.008277343750000732e+01
1.031937499999998664e+01
9.853818359375004832e+00
9.103896484374990550e+00
9.374843749999987708e+00
9.361875000000004832e+00
8.847255859374994813e+00
9.235898437500003055e+00
9.451162109374994458e+00
9.699130859375006963e+00
1.025746093749998522e+01
9.228505859374990905e+00
9.262148437500000497e+00
3.890215905183556515e+02
7.642695381522178195e+02
5.782208547101911336e+02
2.015478754900395870e+02
1.043272460937501123e+01
1.105116210937498700e+01
1.107808593750001336e+01
1.062027343750001407e+01
1.024295898437498131e+01
1.084625000000001194e+01
1.133272460937501158e+01
1.196053710937498593e+01
1.119936523437499964e+01
9.972802734374999645e+00
1.149496093749998948e+01
1.308812499999998735e+01
1.222420898437498060e+01
1.257464843749998451e+01
1.359183593749998842e+01
1.222889648437496923e+01
1.147670898437499964e+01
1.101170898437498025e+01
1.079121093750000071e+01
1.160464843750002295e+01
1.022621093749997989e+01
1.019984374999999588e+01
1.094639648437501478e+01
1.059600585937501016e+01
1.012933593749999162e+01
1.023631835937498558e+01
1.022186523437499872e+01
1.992838425157962661e+02
2.001736681841313725e+02
1.006600585937499837e+01
9.804677734374990905e+00
1.016558593750000838e+01
1.978463577745853570e+02
7.616495833182332262e+02
5.774608840070665110e+02
1.106045898437500696e+01
1.051562500000000000e+01
5.811957256971302286e+02
7.732501695609107628e+02
3.959671978181597751e+02
7.755284669852258048e+02
1.344400063955636369e+03
1.529718014287948563e+03
2.613861561917664858e+03
3.147808459400973334e+03
2.259740052735805421e+03
3.151805669026228315e+03
3.327621880387669989e+03
1.708451622426360245e+03
1.524153637456893875e+03
2.072855418521015963e+03
1.703535889546721592e+03
1.337410756246893015e+03
2.256058452699183817e+03
2.438025227187724340e+03
1.523738089361188941e+03
2.605984798306822086e+03
4.977248130490786934e+03
3.817923762303434160e+03
1.336295537054391389e+03
1.709060002629606970e+03
1.898310852665301809e+03
2.621140124387140986e+03
3.667431871011262501e+03
3.324556959123014622e+03
3.663996601846219619e+03
5.311330610274680112e+03
5.639336175689693846e+03
6.404706847797485352e+03
1.011807580218301518e+04
1.034783201126918357e+04
1.038157860512598381e+04
1.060820723028765133e+04
8.641086700945954362e+03
8.386187849410624040e+03
9.049005077886580693e+03
1.059995666670426726e+04
1.103168537538275086e+04
1.037817666642056065e+04
1.102837317865118348e+04
1.078406285328133163e+04
1.024339892827929179e+04
1.340262107114658284e+04
1.367445435849414753e+04
1.332386063281953648e+04
1.343888487531529609e+04
1.477912401236532969e+04
1.566088242658376657e+04
1.561142961308820850e+04
1.571403876952590690e+04
1.571456154532656001e+04
1.567248664411965547e+04
1.566241367781100234e+04
1.568988488921982571e+04
1.544690922541009422e+04
1.505356032104492260e+04
1.448957157945396284e+04
1.552679684947964779e+04
1.566753950469431584e+04
1.565042505508426075e+04
1.556726967900618911e+04
1.557707484624248536e+04
1.565198099074945821e+04
1.538168348076280927e+04
1.528473085378870019e+04
1.561418144264206967e+04
1.531437454521594009e+04
1.486319631077633858e+04
1.528049627570149278e+04
1.542075939157245739e+04
1.503081278686523365e+04
1.454282742388832048e+04
1.354173941796882355e+04
1.274462384152995401e+04
1.285652224984988607e+04
1.370058674019562386e+04
1.265211679448708855e+04
1.156083399178967557e+04
1.195017882670746985e+04
1.029127447106228647e+04
9.936284206542975880e+03
9.954446901855477336e+03
1.040575517223119641e+04
1.113649612227543184e+04
1.116759174979315139e+04
1.162292078721509824e+04
1.189342420441569629e+04
9.947103171386701433e+03
8.726909701389669863e+03
9.233454485296597340e+03
8.358121112426370019e+03
7.666079470872287857e+03
6.347463146167840932e+03
6.938955661036819038e+03
7.768637441181982467e+03
7.488830212186428071e+03
6.776338608846653187e+03
5.714863833427276404e+03
5.088757848471248508e+03
4.771113387638180029e+03
5.228461368331312769e+03
5.216759230422382643e+03
4.735289355503178740e+03
3.577826776101592259e+03
2.033005293017474060e+03
2.383042179244609542e+03
2.899389656486514014e+03
1.675279354009629969e+03
2.629022460937494543e+01
2.060702148437500014e+01
3.270308593750000625e+01
3.011558593750001478e+01
3.559375000000000000e+01
3.809619951814412957e+02
1.576029088246675201e+03
4.293929872965220056e+03
7.403961035881044154e+03
9.793755866506095117e+03
1.284393623927533554e+04
1.489356649031862617e+04
1.398582214039266182e+04
1.154421363437040782e+04
8.094163382934175388e+03
3.254027605027548816e+03
4.260943363374473734e+02
2.427820896624027682e+02
2.358839127062256580e+02
4.723984374999999858e+01
4.622655273437506906e+01
4.897108398437505627e+01
5.089234374999993804e+01
4.559209960937494088e+01
4.123702148437496362e+01
3.856405273437502501e+01
3.611812499999994941e+01
3.653402343750002501e+01
3.911734374999998920e+01
4.014678710937494088e+01
2.236795086382327611e+02
4.063659214204545833e+02
2.214664524553712397e+02
9.676403461514422588e+02
2.232161566102504821e+03
3.612949232766625755e+03
5.225524181136488551e+03
6.280353493915655235e+03
9.222033949895947444e+03
1.031178131847143413e+04
1.130494320423468162e+04
1.402691441256031430e+04
1.516881011207327174e+04
1.546449794845567703e+04
1.536793847777112023e+04
1.503964722341759261e+04
1.456078338601527867e+04
1.428644583827120914e+04
1.380631365363461919e+04
1.335423409886583613e+04
1.134779961488234039e+04
9.434222326420389436e+03
9.070545831579573132e+03
9.558260351962457207e+03
8.210220684264748343e+03
5.827758531569843399e+03
5.367312030296179728e+03
5.353505938606113887e+03
4.394564251053180669e+03
3.908157715973257837e+03
3.242037479447727492e+03
1.840562437748313414e+03
1.479938919439315214e+03
1.302389811575264957e+03
1.116198779272436013e+03
1.291136620199531762e+03
1.288448931219428687e+03
7.486186088919639587e+02
3.826196804231399256e+02
1.979501395128667411e+02
1.201000000000001222e+01
1.167652343750001265e+01
1.199959960937502856e+01
1.940189847277104889e+02
1.929906260393559876e+02
1.211527343749999375e+01
1.293062500000001513e+01
