6.000562068965517392e+04
6.235375862068965216e+04
5.718972413793103624e+04
2.707048275862068840e+04
1.442958620689655254e+04
1.462379310344827536e+04
1.029834482758620652e+04
7.976724137931034420e+03
1.028951724137930978e+04
2.067058620689655072e+04
2.934796551724138044e+04
4.679100000000000000e+04
4.858296551724137680e+04
5.686310344827586232e+04
5.880513793103448552e+04
6.104731034482758696e+04
6.255679310344827536e+04
6.219486206896551448e+04
6.157693103448276088e+04
6.105610344827586232e+04
6.075596551724137680e+04
6.019982758620689856e+04
5.992617241379310144e+04
5.939651724137931160e+04
5.918465517241378984e+04
5.830189655172413768e+04
5.840782758620689856e+04
5.813417241379310144e+04
5.794879310344827536e+04
5.758686206896551448e+04
5.782520689655172464e+04
5.778989655172413768e+04
5.754272413793103624e+04
5.748975862068965216e+04
5.725141379310344928e+04
5.698658620689655072e+04
5.697775862068965216e+04
5.698658620689655072e+04
5.687182758620689856e+04
5.721610344827586232e+04
5.725141379310344928e+04
5.713665517241378984e+04
5.711900000000000000e+04
5.710134482758621016e+04
5.734851724137931160e+04
5.739265517241378984e+04
5.739265517241378984e+04
5.724258620689655072e+04
5.723375862068965216e+04
5.726024137931034784e+04
5.735734482758621016e+04
5.732203448275862320e+04
5.707486206896551448e+04
5.745444827586207248e+04
5.742796551724137680e+04
5.744562068965517392e+04
5.729555172413792752e+04
5.748093103448276088e+04
5.794879310344827536e+04
5.738382758620689856e+04
5.734851724137931160e+04
5.711017241379310144e+04
5.744562068965517392e+04
5.737500000000000000e+04
5.756920689655172464e+04
5.743679310344827536e+04
5.750741379310344928e+04
5.736617241379310144e+04
5.769279310344827536e+04
5.777224137931034784e+04
5.753389655172413768e+04
5.763982758620689856e+04
5.749858620689655072e+04
5.787817241379310144e+04
5.756037931034482608e+04
5.763100000000000000e+04
5.748093103448276088e+04
5.786051724137931160e+04
5.779872413793103624e+04
5.766631034482758696e+04
5.764865517241378984e+04
5.754272413793103624e+04
5.756037931034482608e+04
5.747210344827586232e+04
5.741913793103448552e+04
5.754272413793103624e+04
5.752506896551723912e+04
5.763100000000000000e+04
5.771927586206896376e+04
5.760451724137931160e+04
5.793996551724137680e+04
5.758686206896551448e+04
5.796644827586207248e+04
5.765748275862068840e+04
5.801941379310344928e+04
5.757803448275862320e+04
5.764865517241378984e+04
5.775458620689655072e+04
5.769279310344827536e+04
5.791348275862068840e+04
5.766631034482758696e+04
5.789582758620689856e+04
5.770162068965517392e+04
5.805472413793103624e+04
5.784286206896551448e+04
5.793113793103448552e+04
5.778989655172413768e+04
5.795762068965517392e+04
5.797527586206896376e+04
5.776341379310344928e+04
5.748975862068965216e+04
5.757803448275862320e+04
5.790465517241378984e+04
5.806355172413792752e+04
5.802824137931034784e+04
5.801941379310344928e+04
5.793113793103448552e+04
5.802824137931034784e+04
5.810768965517241304e+04
5.825775862068965216e+04
5.838134482758621016e+04
5.864617241379310144e+04
5.831072413793103624e+04
5.854906896551723912e+04
5.834603448275862320e+04
5.834603448275862320e+04
5.861968965517241304e+04
5.811651724137931160e+04
5.800175862068965216e+04
5.793113793103448552e+04
5.789582758620689856e+04
5.779872413793103624e+04
5.757803448275862320e+04
5.766631034482758696e+04
5.777224137931034784e+04
5.780755172413792752e+04
5.771044827586207248e+04
5.786934482758621016e+04
5.810768965517241304e+04
5.848727586206896376e+04
5.817831034482758696e+04
5.825775862068965216e+04
5.833720689655172464e+04
5.844313793103448552e+04
5.863734482758621016e+04
5.845196551724137680e+04
5.839900000000000000e+04
5.877858620689655072e+04
5.875210344827586232e+04
5.894631034482758696e+04
5.868148275862068840e+04
5.861968965517241304e+04
5.869031034482758696e+04
5.859320689655172464e+04
5.843431034482758696e+04
5.857555172413792752e+04
5.869913793103448552e+04
5.858437931034482608e+04
5.856672413793103624e+04
5.857555172413792752e+04
5.895513793103448552e+04
5.881389655172413768e+04
5.900810344827586232e+04
5.905224137931034784e+04
5.885803448275862320e+04
5.913168965517241304e+04
5.894631034482758696e+04
5.898162068965517392e+04
5.890217241379310144e+04
5.856672413793103624e+04
5.876975862068965216e+04
5.878741379310344928e+04
5.895513793103448552e+04
5.933472413793103624e+04
5.876975862068965216e+04
5.872562068965517392e+04
5.878741379310344928e+04
5.858437931034482608e+04
5.857555172413792752e+04
5.838134482758621016e+04
5.852258620689655072e+04
5.846962068965517392e+04
5.849610344827586232e+04
5.866382758620689856e+04
5.839900000000000000e+04
5.854024137931034784e+04
5.867265517241378984e+04
5.869913793103448552e+04
5.890217241379310144e+04
5.914934482758621016e+04
5.891100000000000000e+04
5.914051724137931160e+04
5.920231034482758696e+04
5.922879310344827536e+04
5.884920689655172464e+04
5.864617241379310144e+04
5.871679310344827536e+04
5.835486206896551448e+04
5.858437931034482608e+04
5.853141379310344928e+04
5.872562068965517392e+04
5.859320689655172464e+04
5.850493103448276088e+04
5.851375862068965216e+04
5.859320689655172464e+04
5.852258620689655072e+04
5.863734482758621016e+04
5.833720689655172464e+04
5.834603448275862320e+04
5.837251724137931160e+04
5.843431034482758696e+04
5.850493103448276088e+04
5.880506896551723912e+04
5.827541379310344928e+04
5.825775862068965216e+04
5.859320689655172464e+04
5.864617241379310144e+04
5.834603448275862320e+04
5.863734482758621016e+04
5.527403448275862320e+04
5.547706896551723912e+04
5.517693103448276088e+04
5.524755172413792752e+04
5.524755172413792752e+04
5.518575862068965216e+04
5.505334482758621016e+04
5.498272413793103624e+04
5.537113793103448552e+04
5.505334482758621016e+04
5.511513793103448552e+04
5.507982758620689856e+04
5.506217241379310144e+04
5.504451724137931160e+04
5.530934482758621016e+04
5.501803448275862320e+04
5.526520689655172464e+04
5.533582758620689856e+04
5.531817241379310144e+04
5.545058620689655072e+04
5.536231034482758696e+04
5.512396551724137680e+04
5.568010344827586232e+04
5.558300000000000000e+04
5.525637931034482608e+04
5.548589655172413768e+04
5.560948275862068840e+04
5.522989655172413768e+04
5.530934482758621016e+04
5.525637931034482608e+04
5.499155172413792752e+04
5.484148275862068840e+04
5.476203448275862320e+04
5.457665517241378984e+04
5.479734482758621016e+04
5.470024137931034784e+04
5.467375862068965216e+04
5.457665517241378984e+04
5.470906896551723912e+04
5.478851724137931160e+04
5.447072413793103624e+04
5.451486206896551448e+04
5.437362068965517392e+04
5.477968965517241304e+04
5.466493103448276088e+04
5.453251724137931160e+04
5.461196551724137680e+04
5.478851724137931160e+04
5.449720689655172464e+04
5.459431034482758696e+04
5.451486206896551448e+04
5.445306896551723912e+04
5.425886206896551448e+04
5.477968965517241304e+04
5.458548275862068840e+04
5.471789655172413768e+04
5.457665517241378984e+04
5.460313793103448552e+04
5.496506896551723912e+04
5.475320689655172464e+04
5.431182758620689856e+04
5.446189655172413768e+04
5.438244827586207248e+04
5.461196551724137680e+04
5.476203448275862320e+04
5.477086206896551448e+04
5.492975862068965216e+04
5.436479310344827536e+04
5.451486206896551448e+04
5.435596551724137680e+04
5.436479310344827536e+04
5.459431034482758696e+04
5.448837931034482608e+04
5.432065517241378984e+04
5.442658620689655072e+04
5.443541379310344928e+04
5.462079310344827536e+04
5.450603448275862320e+04
5.462962068965517392e+04
5.467375862068965216e+04
5.454134482758621016e+04
5.415293103448276088e+04
5.421472413793103624e+04
5.454134482758621016e+04
5.462079310344827536e+04
5.450603448275862320e+04
5.434713793103448552e+04
5.441775862068965216e+04
5.444424137931034784e+04
5.405582758620689856e+04
5.439127586206896376e+04
5.426768965517241304e+04
5.440010344827586232e+04
5.433831034482758696e+04
5.410879310344827536e+04
5.435596551724137680e+04
5.417058620689655072e+04
5.437362068965517392e+04
5.404700000000000000e+04
5.409113793103448552e+04
5.441775862068965216e+04
5.400286206896551448e+04
5.428534482758621016e+04
5.433831034482758696e+04
5.426768965517241304e+04
5.415293103448276088e+04
5.401168965517241304e+04
5.409996551724137680e+04
5.403817241379310144e+04
5.421472413793103624e+04
5.402934482758621016e+04
5.425003448275862320e+04
5.440893103448276088e+04
5.479734482758621016e+04
5.456782758620689856e+04
5.455017241379310144e+04
5.447955172413792752e+04
5.440893103448276088e+04
5.467375862068965216e+04
5.464727586206896376e+04
5.475320689655172464e+04
5.472672413793103624e+04
5.455017241379310144e+04
5.451486206896551448e+04
5.469141379310344928e+04
5.458548275862068840e+04
5.440010344827586232e+04
5.475320689655172464e+04
5.477086206896551448e+04
5.487679310344827536e+04
5.475320689655172464e+04
5.512396551724137680e+04
5.439127586206896376e+04
5.465610344827586232e+04
5.466493103448276088e+04
5.453251724137931160e+04
5.443541379310344928e+04
5.459431034482758696e+04
5.454134482758621016e+04
5.455017241379310144e+04
5.427651724137931160e+04
5.446189655172413768e+04
5.401168965517241304e+04
5.416175862068965216e+04
5.408231034482758696e+04
5.450603448275862320e+04
5.420589655172413768e+04
5.414410344827586232e+04
5.403817241379310144e+04
5.401168965517241304e+04
5.396755172413792752e+04
5.402934482758621016e+04
5.423237931034482608e+04
5.417941379310344928e+04
5.419706896551723912e+04
5.423237931034482608e+04
5.443541379310344928e+04
5.432065517241378984e+04
5.424120689655172464e+04
5.419706896551723912e+04
5.424120689655172464e+04
5.418824137931034784e+04
5.438244827586207248e+04
5.426768965517241304e+04
5.410879310344827536e+04
5.470024137931034784e+04
5.425886206896551448e+04
5.435596551724137680e+04
5.450603448275862320e+04
4.865334482758621016e+04
5.168120689655172464e+04
5.612148275862068840e+04
5.965251724137931160e+04
6.242437931034482608e+04
4.401034482758621016e+04
1.216093103448275906e+04
4.357482758620689310e+03
4.843000000000000000e+03
5.222586206896551630e+03
5.125482758620689310e+03
5.010724137931034420e+03
4.728241379310345110e+03
4.136793103448276270e+03
8.250379310344827900e+03
1.220506896551724094e+04
1.842841379310344928e+04
3.136944827586206884e+04
4.424868965517241304e+04
5.732213793103448552e+04
5.928182758620689856e+04
6.110027586206896376e+04
6.250382758620689856e+04
6.211541379310344928e+04
6.146217241379310144e+04
6.101196551724137680e+04
6.059706896551723912e+04
6.009389655172413768e+04
5.974962068965517392e+04
5.917582758620689856e+04
5.875210344827586232e+04
5.836368965517241304e+04
5.802824137931034784e+04
5.767513793103448552e+04
5.781637931034482608e+04
5.783403448275862320e+04
5.762217241379310144e+04
5.718962068965517392e+04
5.669527586206896376e+04
5.675706896551723912e+04
5.672175862068965216e+04
5.663348275862068840e+04
5.670410344827586232e+04
5.660700000000000000e+04
5.662465517241378984e+04
5.676589655172413768e+04
5.677472413793103624e+04
5.649224137931034784e+04
5.663348275862068840e+04
5.648341379310344928e+04
5.627155172413792752e+04
5.618327586206896376e+04
5.642162068965517392e+04
5.622741379310344928e+04
5.637748275862068840e+04
5.660700000000000000e+04
5.672175862068965216e+04
5.643927586206896376e+04
5.642162068965517392e+04
5.626272413793103624e+04
5.628920689655172464e+04
5.630686206896551448e+04
5.624506896551723912e+04
5.646575862068965216e+04
5.650989655172413768e+04
5.618327586206896376e+04
5.624506896551723912e+04
5.613031034482758696e+04
5.595375862068965216e+04
5.590962068965517392e+04
5.605968965517241304e+04
5.586548275862068840e+04
5.612148275862068840e+04
5.627155172413792752e+04
5.619210344827586232e+04
5.611265517241378984e+04
5.620975862068965216e+04
5.613913793103448552e+04
5.628920689655172464e+04
5.628920689655172464e+04
5.633334482758621016e+04
5.633334482758621016e+04
5.647458620689655072e+04
5.631568965517241304e+04
5.625389655172413768e+04
5.627155172413792752e+04
5.604203448275862320e+04
5.594493103448276088e+04
5.635100000000000000e+04
5.612148275862068840e+04
5.613031034482758696e+04
5.618327586206896376e+04
5.622741379310344928e+04
5.608617241379310144e+04
5.651872413793103624e+04
5.597141379310344928e+04
5.597141379310344928e+04
5.619210344827586232e+04
5.613913793103448552e+04
5.634217241379310144e+04
5.618327586206896376e+04
5.646575862068965216e+04
5.602437931034482608e+04
5.613031034482758696e+04
5.593610344827586232e+04
5.605086206896551448e+04
5.620975862068965216e+04
5.602437931034482608e+04
5.602437931034482608e+04
5.614796551724137680e+04
5.603320689655172464e+04
5.608617241379310144e+04
5.613031034482758696e+04
5.621858620689655072e+04
5.633334482758621016e+04
5.566244827586207248e+04
5.618327586206896376e+04
5.598906896551723912e+04
5.615679310344827536e+04
5.608617241379310144e+04
5.620975862068965216e+04
5.607734482758621016e+04
5.591844827586207248e+04
5.567127586206896376e+04
5.576837931034482608e+04
5.556534482758621016e+04
5.585665517241378984e+04
5.578603448275862320e+04
5.609500000000000000e+04
5.606851724137931160e+04
5.625389655172413768e+04
5.596258620689655072e+04
5.575955172413792752e+04
5.555651724137931160e+04
5.523872413793103624e+04
5.528286206896551448e+04
5.583017241379310144e+04
5.610382758620689856e+04
5.637748275862068840e+04
5.667762068965517392e+04
5.692479310344827536e+04
5.656286206896551448e+04
5.682768965517241304e+04
5.676589655172413768e+04
5.697775862068965216e+04
5.704837931034482608e+04
5.729555172413792752e+04
5.725141379310344928e+04
5.728672413793103624e+04
5.747210344827586232e+04
5.758686206896551448e+04
5.718079310344827536e+04
5.709251724137931160e+04
5.708368965517241304e+04
5.716313793103448552e+04
5.746327586206896376e+04
5.754272413793103624e+04
5.747210344827586232e+04
5.757803448275862320e+04
5.706603448275862320e+04
5.733086206896551448e+04
5.747210344827586232e+04
5.744562068965517392e+04
5.732203448275862320e+04
5.763100000000000000e+04
5.743679310344827536e+04
5.728672413793103624e+04
5.745444827586207248e+04
5.735734482758621016e+04
5.737500000000000000e+04
5.719844827586207248e+04
5.709251724137931160e+04
5.713665517241378984e+04
5.726906896551723912e+04
5.718079310344827536e+04
5.721610344827586232e+04
5.694244827586207248e+04
5.708368965517241304e+04
5.716313793103448552e+04
5.697775862068965216e+04
5.718962068965517392e+04
5.704837931034482608e+04
5.739265517241378984e+04
5.725141379310344928e+04
5.697775862068965216e+04
5.706603448275862320e+04
5.727789655172413768e+04
5.745444827586207248e+04
5.751624137931034784e+04
5.747210344827586232e+04
5.748975862068965216e+04
5.751624137931034784e+04
5.741031034482758696e+04
5.763982758620689856e+04
5.740148275862068840e+04
5.716313793103448552e+04
5.718962068965517392e+04
5.717196551724137680e+04
5.713665517241378984e+04
5.721610344827586232e+04
5.720727586206896376e+04
5.688065517241378984e+04
5.706603448275862320e+04
5.739265517241378984e+04
5.734851724137931160e+04
5.687182758620689856e+04
5.667762068965517392e+04
5.685417241379310144e+04
5.674824137931034784e+04
5.689831034482758696e+04
5.718962068965517392e+04
5.717196551724137680e+04
5.704837931034482608e+04
5.684534482758621016e+04
5.689831034482758696e+04
5.692479310344827536e+04
5.670410344827586232e+04
5.686300000000000000e+04
5.713665517241378984e+04
5.663348275862068840e+04
5.702189655172413768e+04
5.700424137931034784e+04
5.705720689655172464e+04
5.715431034482758696e+04
5.721610344827586232e+04
5.717196551724137680e+04
5.726024137931034784e+04
5.715431034482758696e+04
5.715431034482758696e+04
5.702189655172413768e+04
5.712782758620689856e+04
5.652755172413792752e+04
5.697775862068965216e+04
5.660700000000000000e+04
5.691596551724137680e+04
5.688948275862068840e+04
5.702189655172413768e+04
5.704837931034482608e+04
5.710134482758621016e+04
5.728672413793103624e+04
5.734851724137931160e+04
5.736617241379310144e+04
5.711900000000000000e+04
5.692479310344827536e+04
5.706603448275862320e+04
5.702189655172413768e+04
5.714548275862068840e+04
5.715431034482758696e+04
5.692479310344827536e+04
5.688948275862068840e+04
5.691596551724137680e+04
5.675706896551723912e+04
5.647458620689655072e+04
5.650106896551723912e+04
5.673941379310344928e+04
5.665113793103448552e+04
5.665996551724137680e+04
5.635982758620689856e+04
5.676589655172413768e+04
5.681003448275862320e+04
5.644810344827586232e+04
5.661582758620689856e+04
5.669527586206896376e+04
5.657168965517241304e+04
5.673941379310344928e+04
5.665113793103448552e+04
5.647458620689655072e+04
5.681886206896551448e+04
5.657168965517241304e+04
5.664231034482758696e+04
5.650989655172413768e+04
5.658051724137931160e+04
5.628920689655172464e+04
5.645693103448276088e+04
5.654520689655172464e+04
5.650989655172413768e+04
5.661582758620689856e+04
5.638631034482758696e+04
5.650106896551723912e+04
5.676589655172413768e+04
5.629803448275862320e+04
5.634217241379310144e+04
5.655403448275862320e+04
5.624506896551723912e+04
5.608617241379310144e+04
5.646575862068965216e+04
5.660700000000000000e+04
5.668644827586207248e+04
5.677472413793103624e+04
5.670410344827586232e+04
5.648341379310344928e+04
5.674824137931034784e+04
5.680120689655172464e+04
5.648341379310344928e+04
5.662465517241378984e+04
5.663348275862068840e+04
5.646575862068965216e+04
5.643927586206896376e+04
5.660700000000000000e+04
5.630686206896551448e+04
5.656286206896551448e+04
5.655403448275862320e+04
5.652755172413792752e+04
5.645693103448276088e+04
5.624506896551723912e+04
5.653637931034482608e+04
5.632451724137931160e+04
5.649224137931034784e+04
5.633334482758621016e+04
5.639513793103448552e+04
5.649224137931034784e+04
5.627155172413792752e+04
5.662465517241378984e+04
5.676589655172413768e+04
5.653637931034482608e+04
5.629803448275862320e+04
5.625389655172413768e+04
5.621858620689655072e+04
5.624506896551723912e+04
5.616562068965517392e+04
5.620975862068965216e+04
5.615679310344827536e+04
5.635100000000000000e+04
5.606851724137931160e+04
5.613913793103448552e+04
5.609500000000000000e+04
5.594493103448276088e+04
5.623624137931034784e+04
5.625389655172413768e+04
5.639513793103448552e+04
5.619210344827586232e+04
5.665996551724137680e+04
5.625389655172413768e+04
5.639513793103448552e+04
5.671293103448276088e+04
5.683651724137931160e+04
5.691596551724137680e+04
5.655403448275862320e+04
5.664231034482758696e+04
5.696010344827586232e+04
5.681886206896551448e+04
5.699541379310344928e+04
5.712782758620689856e+04
5.676589655172413768e+04
5.679237931034482608e+04
5.703072413793103624e+04
5.691596551724137680e+04
5.711900000000000000e+04
5.726906896551723912e+04
5.683651724137931160e+04
5.692479310344827536e+04
5.683651724137931160e+04
5.682768965517241304e+04
5.676589655172413768e+04
5.688948275862068840e+04
5.696010344827586232e+04
5.675706896551723912e+04
5.709251724137931160e+04
5.698658620689655072e+04
5.705720689655172464e+04
5.701306896551723912e+04
5.709251724137931160e+04
5.707486206896551448e+04
5.681003448275862320e+04
5.679237931034482608e+04
5.711017241379310144e+04
5.664231034482758696e+04
5.658934482758621016e+04
5.680120689655172464e+04
5.673058620689655072e+04
5.657168965517241304e+04
5.628037931034482608e+04
5.676589655172413768e+04
5.649224137931034784e+04
5.668644827586207248e+04
5.667762068965517392e+04
5.659817241379310144e+04
5.643044827586207248e+04
5.665113793103448552e+04
5.648341379310344928e+04
5.647458620689655072e+04
5.695127586206896376e+04
5.692479310344827536e+04
5.692479310344827536e+04
5.741031034482758696e+04
5.702189655172413768e+04
5.670410344827586232e+04
5.650989655172413768e+04
5.664231034482758696e+04
5.641279310344827536e+04
5.636865517241378984e+04
4.995100000000000000e+04
5.358796551724137680e+04
5.756920689655172464e+04
6.079127586206896376e+04
5.896403448275862320e+04
4.463710344827586232e+04
9.971724137931034420e+03
4.639965517241379530e+03
4.931275862068965580e+03
4.931275862068965580e+03
5.257896551724137680e+03
5.046034482758620470e+03
4.781206896551723730e+03
6.458413793103448370e+03
8.056172413793103260e+03
1.412062068965517210e+04
2.295689655172413768e+04
3.793706896551723912e+04
4.659679310344827536e+04
5.289075862068965216e+04
6.146220689655172464e+04
6.075600000000000000e+04
6.227431034482758696e+04
6.198300000000000000e+04
6.117086206896551448e+04
6.080010344827586232e+04
6.022631034482758696e+04
6.010272413793103624e+04
5.973196551724137680e+04
5.935237931034482608e+04
5.876093103448276088e+04
5.852258620689655072e+04
5.845196551724137680e+04
5.789582758620689856e+04
5.764865517241378984e+04
5.702189655172413768e+04
5.705720689655172464e+04
5.683651724137931160e+04
5.678355172413792752e+04
5.669527586206896376e+04
5.679237931034482608e+04
5.645693103448276088e+04
5.644810344827586232e+04
5.658934482758621016e+04
5.638631034482758696e+04
5.629803448275862320e+04
5.620093103448276088e+04
5.635100000000000000e+04
5.599789655172413768e+04
5.620975862068965216e+04
5.616562068965517392e+04
5.621858620689655072e+04
5.615679310344827536e+04
5.619210344827586232e+04
5.592727586206896376e+04
5.642162068965517392e+04
5.635982758620689856e+04
5.619210344827586232e+04
5.614796551724137680e+04
5.591844827586207248e+04
5.603320689655172464e+04
5.629803448275862320e+04
5.611265517241378984e+04
5.613031034482758696e+04
5.590079310344827536e+04
5.588313793103448552e+04
5.595375862068965216e+04
5.597141379310344928e+04
5.609500000000000000e+04
5.581251724137931160e+04
5.560065517241378984e+04
5.605086206896551448e+04
5.585665517241378984e+04
5.566244827586207248e+04
5.574189655172413768e+04
5.550355172413792752e+04
5.588313793103448552e+04
5.585665517241378984e+04
5.589196551724137680e+04
5.591844827586207248e+04
5.605968965517241304e+04
5.588313793103448552e+04
5.577720689655172464e+04
5.607734482758621016e+04
5.591844827586207248e+04
5.583900000000000000e+04
5.583017241379310144e+04
5.613913793103448552e+04
5.599789655172413768e+04
5.583900000000000000e+04
5.622741379310344928e+04
5.601555172413792752e+04
5.578603448275862320e+04
5.571541379310344928e+04
5.591844827586207248e+04
5.614796551724137680e+04
5.579486206896551448e+04
5.606851724137931160e+04
5.634217241379310144e+04
5.590079310344827536e+04
5.590962068965517392e+04
5.579486206896551448e+04
5.569775862068965216e+04
5.574189655172413768e+04
5.579486206896551448e+04
5.575072413793103624e+04
5.584782758620689856e+04
5.580368965517241304e+04
5.556534482758621016e+04
5.557417241379310144e+04
5.587431034482758696e+04
5.552120689655172464e+04
5.585665517241378984e+04
5.575955172413792752e+04
5.572424137931034784e+04
5.564479310344827536e+04
5.553886206896551448e+04
5.568893103448276088e+04
5.569775862068965216e+04
5.598906896551723912e+04
5.558300000000000000e+04
5.542410344827586232e+04
5.526520689655172464e+04
5.550355172413792752e+04
5.572424137931034784e+04
5.552120689655172464e+04
5.563596551724137680e+04
5.587431034482758696e+04
5.549472413793103624e+04
5.546824137931034784e+04
5.528286206896551448e+04
5.533582758620689856e+04
5.533582758620689856e+04
5.511513793103448552e+04
5.515927586206896376e+04
5.521224137931034784e+04
5.568010344827586232e+04
5.591844827586207248e+04
5.585665517241378984e+04
5.560065517241378984e+04
5.569775862068965216e+04
5.645693103448276088e+04
5.598906896551723912e+04
5.610382758620689856e+04
5.609500000000000000e+04
5.620975862068965216e+04
5.620975862068965216e+04
5.612148275862068840e+04
5.633334482758621016e+04
5.642162068965517392e+04
5.664231034482758696e+04
5.666879310344827536e+04
5.616562068965517392e+04
5.619210344827586232e+04
5.596258620689655072e+04
5.647458620689655072e+04
5.665996551724137680e+04
5.634217241379310144e+04
5.608617241379310144e+04
5.628920689655172464e+04
5.644810344827586232e+04
5.631568965517241304e+04
5.674824137931034784e+04
5.665996551724137680e+04
5.667762068965517392e+04
5.656286206896551448e+04
5.630686206896551448e+04
5.650106896551723912e+04
5.658051724137931160e+04
5.639513793103448552e+04
5.638631034482758696e+04
5.621858620689655072e+04
5.610382758620689856e+04
5.632451724137931160e+04
5.642162068965517392e+04
5.618327586206896376e+04
5.575955172413792752e+04
5.642162068965517392e+04
5.623624137931034784e+04
5.603320689655172464e+04
5.591844827586207248e+04
5.606851724137931160e+04
5.613031034482758696e+04
5.598024137931034784e+04
5.614796551724137680e+04
5.583017241379310144e+04
5.623624137931034784e+04
5.620093103448276088e+04
5.639513793103448552e+04
5.650106896551723912e+04
5.624506896551723912e+04
5.639513793103448552e+04
5.595375862068965216e+04
5.620975862068965216e+04
5.644810344827586232e+04
5.619210344827586232e+04
5.606851724137931160e+04
5.596258620689655072e+04
5.598024137931034784e+04
5.585665517241378984e+04
5.595375862068965216e+04
5.608617241379310144e+04
5.606851724137931160e+04
5.648341379310344928e+04
5.627155172413792752e+04
5.599789655172413768e+04
5.599789655172413768e+04
5.601555172413792752e+04
5.615679310344827536e+04
5.603320689655172464e+04
5.605086206896551448e+04
5.588313793103448552e+04
5.608617241379310144e+04
5.600672413793103624e+04
5.613031034482758696e+04
5.601555172413792752e+04
5.587431034482758696e+04
5.592727586206896376e+04
5.594493103448276088e+04
5.586548275862068840e+04
5.577720689655172464e+04
5.596258620689655072e+04
5.609500000000000000e+04
5.607734482758621016e+04
5.605086206896551448e+04
5.591844827586207248e+04
5.591844827586207248e+04
5.590962068965517392e+04
5.590962068965517392e+04
5.580368965517241304e+04
5.583900000000000000e+04
5.572424137931034784e+04
5.563596551724137680e+04
5.573306896551723912e+04
5.593610344827586232e+04
5.596258620689655072e+04
5.609500000000000000e+04
5.635100000000000000e+04
5.628037931034482608e+04
5.635982758620689856e+04
5.641279310344827536e+04
5.617444827586207248e+04
5.616562068965517392e+04
5.633334482758621016e+04
5.622741379310344928e+04
5.620093103448276088e+04
5.637748275862068840e+04
5.627155172413792752e+04
5.626272413793103624e+04
5.641279310344827536e+04
5.632451724137931160e+04
5.612148275862068840e+04
5.604203448275862320e+04
5.583900000000000000e+04
5.599789655172413768e+04
5.612148275862068840e+04
5.670410344827586232e+04
5.647458620689655072e+04
5.635100000000000000e+04
5.664231034482758696e+04
5.663348275862068840e+04
5.652755172413792752e+04
5.668644827586207248e+04
5.658051724137931160e+04
5.662465517241378984e+04
5.688065517241378984e+04
5.646575862068965216e+04
5.628920689655172464e+04
5.629803448275862320e+04
5.615679310344827536e+04
5.619210344827586232e+04
5.603320689655172464e+04
5.631568965517241304e+04
5.611265517241378984e+04
5.596258620689655072e+04
5.597141379310344928e+04
5.629803448275862320e+04
5.621858620689655072e+04
5.577720689655172464e+04
5.582134482758621016e+04
5.590079310344827536e+04
5.621858620689655072e+04
5.641279310344827536e+04
5.607734482758621016e+04
5.650989655172413768e+04
5.647458620689655072e+04
5.670410344827586232e+04
5.675706896551723912e+04
5.677472413793103624e+04
5.644810344827586232e+04
5.637748275862068840e+04
5.648341379310344928e+04
5.639513793103448552e+04
5.635982758620689856e+04
5.628920689655172464e+04
5.632451724137931160e+04
5.606851724137931160e+04
5.608617241379310144e+04
5.599789655172413768e+04
5.617444827586207248e+04
5.650989655172413768e+04
5.606851724137931160e+04
5.595375862068965216e+04
5.620975862068965216e+04
5.606851724137931160e+04
5.602437931034482608e+04
5.587431034482758696e+04
5.605968965517241304e+04
5.639513793103448552e+04
5.650989655172413768e+04
5.631568965517241304e+04
5.631568965517241304e+04
5.624506896551723912e+04
5.635100000000000000e+04
5.643927586206896376e+04
5.590962068965517392e+04
5.640396551724137680e+04
5.613913793103448552e+04
5.590962068965517392e+04
5.575072413793103624e+04
5.588313793103448552e+04
5.605086206896551448e+04
5.563596551724137680e+04
5.584782758620689856e+04
5.578603448275862320e+04
5.606851724137931160e+04
5.562713793103448552e+04
5.552120689655172464e+04
5.574189655172413768e+04
5.537996551724137680e+04
5.586548275862068840e+04
5.586548275862068840e+04
5.566244827586207248e+04
5.605086206896551448e+04
5.607734482758621016e+04
5.593610344827586232e+04
5.634217241379310144e+04
5.639513793103448552e+04
5.665996551724137680e+04
5.658051724137931160e+04
5.677472413793103624e+04
5.661582758620689856e+04
5.644810344827586232e+04
5.643044827586207248e+04
5.662465517241378984e+04
5.632451724137931160e+04
5.602437931034482608e+04
5.655403448275862320e+04
5.652755172413792752e+04
5.638631034482758696e+04
5.641279310344827536e+04
5.638631034482758696e+04
5.635100000000000000e+04
5.641279310344827536e+04
5.636865517241378984e+04
5.643044827586207248e+04
5.663348275862068840e+04
5.663348275862068840e+04
5.671293103448276088e+04
5.676589655172413768e+04
5.656286206896551448e+04
5.665113793103448552e+04
5.672175862068965216e+04
5.664231034482758696e+04
5.647458620689655072e+04
5.643927586206896376e+04
5.638631034482758696e+04
5.627155172413792752e+04
5.632451724137931160e+04
5.663348275862068840e+04
5.614796551724137680e+04
5.647458620689655072e+04
5.649224137931034784e+04
5.635100000000000000e+04
5.668644827586207248e+04
5.646575862068965216e+04
5.664231034482758696e+04
5.608617241379310144e+04
5.617444827586207248e+04
5.621858620689655072e+04
5.623624137931034784e+04
5.628920689655172464e+04
5.658934482758621016e+04
5.651872413793103624e+04
5.649224137931034784e+04
5.637748275862068840e+04
5.661582758620689856e+04
5.675706896551723912e+04
5.648341379310344928e+04
5.616562068965517392e+04
5.681003448275862320e+04
5.681003448275862320e+04
5.057775862068965216e+04
5.517693103448276088e+04
5.796644827586207248e+04
6.137389655172413768e+04
4.845937931034482608e+04
1.416475862068965580e+04
6.546689655172413950e+03
5.293206896551723730e+03
5.213758620689654890e+03
5.372655172413793480e+03
5.796379310344827900e+03
5.222586206896551630e+03
4.851827586206896740e+03
6.361310344827586050e+03
1.062496551724137862e+04
1.237279310344827536e+04
2.716758620689655072e+04
2.487244827586206884e+04
3.765458620689655072e+04
4.815041379310344928e+04
6.125034482758621016e+04
6.295403448275862320e+04
6.209775862068965216e+04
6.200948275862068840e+04
6.121500000000000000e+04
6.089720689655172464e+04
6.088837931034482608e+04
6.022631034482758696e+04
5.931706896551723912e+04
5.910520689655172464e+04
5.879624137931034784e+04
5.836368965517241304e+04
5.790465517241378984e+04
5.771927586206896376e+04
5.759568965517241304e+04
5.734851724137931160e+04
5.751624137931034784e+04
5.765748275862068840e+04
5.720727586206896376e+04
5.693362068965517392e+04
5.674824137931034784e+04
5.652755172413792752e+04
5.669527586206896376e+04
5.679237931034482608e+04
5.690713793103448552e+04
5.631568965517241304e+04
5.641279310344827536e+04
5.678355172413792752e+04
5.644810344827586232e+04
5.677472413793103624e+04
5.677472413793103624e+04
5.646575862068965216e+04
5.643044827586207248e+04
5.656286206896551448e+04
5.625389655172413768e+04
5.643927586206896376e+04
5.626272413793103624e+04
5.605086206896551448e+04
5.588313793103448552e+04
5.597141379310344928e+04
5.620975862068965216e+04
5.643044827586207248e+04
5.623624137931034784e+04
5.603320689655172464e+04
5.611265517241378984e+04
5.622741379310344928e+04
5.605086206896551448e+04
5.608617241379310144e+04
5.614796551724137680e+04
5.592727586206896376e+04
5.591844827586207248e+04
5.605968965517241304e+04
5.610382758620689856e+04
5.599789655172413768e+04
5.600672413793103624e+04
5.595375862068965216e+04
5.608617241379310144e+04
5.618327586206896376e+04
5.590962068965517392e+04
5.563596551724137680e+04
5.553886206896551448e+04
5.552120689655172464e+04
5.576837931034482608e+04
5.556534482758621016e+04
5.565362068965517392e+04
5.575072413793103624e+04
5.572424137931034784e+04
5.568010344827586232e+04
5.577720689655172464e+04
5.566244827586207248e+04
5.607734482758621016e+04
5.605086206896551448e+04
5.598906896551723912e+04
5.620093103448276088e+04
5.602437931034482608e+04
5.589196551724137680e+04
5.600672413793103624e+04
5.598906896551723912e+04
5.634217241379310144e+04
5.633334482758621016e+04
5.633334482758621016e+04
5.597141379310344928e+04
5.580368965517241304e+04
5.583900000000000000e+04
5.574189655172413768e+04
5.581251724137931160e+04
5.556534482758621016e+04
5.587431034482758696e+04
5.583017241379310144e+04
5.590962068965517392e+04
5.597141379310344928e+04
5.568893103448276088e+04
5.609500000000000000e+04
5.568010344827586232e+04
5.566244827586207248e+04
5.597141379310344928e+04
5.575072413793103624e+04
5.553886206896551448e+04
5.602437931034482608e+04
5.572424137931034784e+04
5.583900000000000000e+04
5.573306896551723912e+04
5.578603448275862320e+04
5.587431034482758696e+04
5.557417241379310144e+04
5.553003448275862320e+04
5.575072413793103624e+04
5.582134482758621016e+04
5.583900000000000000e+04
5.545941379310344928e+04
5.560948275862068840e+04
5.570658620689655072e+04
5.555651724137931160e+04
5.600672413793103624e+04
5.603320689655172464e+04
5.636865517241378984e+04
5.655403448275862320e+04
5.700424137931034784e+04
5.703072413793103624e+04
5.682768965517241304e+04
5.711900000000000000e+04
5.694244827586207248e+04
5.698658620689655072e+04
5.710134482758621016e+04
5.700424137931034784e+04
5.658051724137931160e+04
5.704837931034482608e+04
5.721610344827586232e+04
5.693362068965517392e+04
5.717196551724137680e+04
5.688948275862068840e+04
5.685417241379310144e+04
5.684534482758621016e+04
5.689831034482758696e+04
5.718962068965517392e+04
5.736617241379310144e+04
5.694244827586207248e+04
5.702189655172413768e+04
5.665113793103448552e+04
5.653637931034482608e+04
5.685417241379310144e+04
5.692479310344827536e+04
5.690713793103448552e+04
5.704837931034482608e+04
5.703072413793103624e+04
5.712782758620689856e+04
5.710134482758621016e+04
5.704837931034482608e+04
5.723375862068965216e+04
5.722493103448276088e+04
5.686300000000000000e+04
5.690713793103448552e+04
5.717196551724137680e+04
5.682768965517241304e+04
5.696010344827586232e+04
5.699541379310344928e+04
5.672175862068965216e+04
5.693362068965517392e+04
5.690713793103448552e+04
5.697775862068965216e+04
5.694244827586207248e+04
5.654520689655172464e+04
5.658051724137931160e+04
5.689831034482758696e+04
5.675706896551723912e+04
5.689831034482758696e+04
5.665113793103448552e+04
5.691596551724137680e+04
5.641279310344827536e+04
5.691596551724137680e+04
5.697775862068965216e+04
5.688948275862068840e+04
5.660700000000000000e+04
5.666879310344827536e+04
5.665113793103448552e+04
5.665996551724137680e+04
5.678355172413792752e+04
5.690713793103448552e+04
5.741913793103448552e+04
5.693362068965517392e+04
5.661582758620689856e+04
5.686300000000000000e+04
5.693362068965517392e+04
5.696893103448276088e+04
5.680120689655172464e+04
5.675706896551723912e+04
5.685417241379310144e+04
5.698658620689655072e+04
5.673058620689655072e+04
5.706603448275862320e+04
5.697775862068965216e+04
5.711900000000000000e+04
5.683651724137931160e+04
5.695127586206896376e+04
5.682768965517241304e+04
5.693362068965517392e+04
5.673058620689655072e+04
5.679237931034482608e+04
5.706603448275862320e+04
5.696893103448276088e+04
5.686300000000000000e+04
5.670410344827586232e+04
5.678355172413792752e+04
5.655403448275862320e+04
5.673941379310344928e+04
5.656286206896551448e+04
5.646575862068965216e+04
5.658934482758621016e+04
5.659817241379310144e+04
5.655403448275862320e+04
5.651872413793103624e+04
5.643927586206896376e+04
5.677472413793103624e+04
5.700424137931034784e+04
5.713665517241378984e+04
5.700424137931034784e+04
5.695127586206896376e+04
5.692479310344827536e+04
5.719844827586207248e+04
5.703072413793103624e+04
5.703955172413792752e+04
5.716313793103448552e+04
5.695127586206896376e+04
5.663348275862068840e+04
5.650989655172413768e+04
5.682768965517241304e+04
5.718079310344827536e+04
5.713665517241378984e+04
5.699541379310344928e+04
5.700424137931034784e+04
5.700424137931034784e+04
5.688948275862068840e+04
5.702189655172413768e+04
5.669527586206896376e+04
5.655403448275862320e+04
5.671293103448276088e+04
5.673941379310344928e+04
5.654520689655172464e+04
5.689831034482758696e+04
5.650106896551723912e+04
5.658051724137931160e+04
5.702189655172413768e+04
5.683651724137931160e+04
5.667762068965517392e+04
5.661582758620689856e+04
5.666879310344827536e+04
5.662465517241378984e+04
5.651872413793103624e+04
5.653637931034482608e+04
5.670410344827586232e+04
5.663348275862068840e+04
5.653637931034482608e+04
5.660700000000000000e+04
5.682768965517241304e+04
5.691596551724137680e+04
5.672175862068965216e+04
5.670410344827586232e+04
5.676589655172413768e+04
5.673941379310344928e+04
5.658051724137931160e+04
5.685417241379310144e+04
5.674824137931034784e+04
5.677472413793103624e+04
5.718079310344827536e+04
5.708368965517241304e+04
5.667762068965517392e+04
5.668644827586207248e+04
5.678355172413792752e+04
5.668644827586207248e+04
5.710134482758621016e+04
5.668644827586207248e+04
5.672175862068965216e+04
5.684534482758621016e+04
5.711017241379310144e+04
5.682768965517241304e+04
5.676589655172413768e+04
5.661582758620689856e+04
5.662465517241378984e+04
5.700424137931034784e+04
5.701306896551723912e+04
5.681886206896551448e+04
5.652755172413792752e+04
5.670410344827586232e+04
5.653637931034482608e+04
5.693362068965517392e+04
5.681003448275862320e+04
5.669527586206896376e+04
5.678355172413792752e+04
5.688065517241378984e+04
5.678355172413792752e+04
5.659817241379310144e+04
5.664231034482758696e+04
5.676589655172413768e+04
5.657168965517241304e+04
5.688948275862068840e+04
5.637748275862068840e+04
5.650989655172413768e+04
5.662465517241378984e+04
5.653637931034482608e+04
5.681003448275862320e+04
5.680120689655172464e+04
5.665113793103448552e+04
5.633334482758621016e+04
5.651872413793103624e+04
5.628920689655172464e+04
5.615679310344827536e+04
5.623624137931034784e+04
5.613913793103448552e+04
5.639513793103448552e+04
5.663348275862068840e+04
5.652755172413792752e+04
5.669527586206896376e+04
5.664231034482758696e+04
5.669527586206896376e+04
5.713665517241378984e+04
5.722493103448276088e+04
5.706603448275862320e+04
5.695127586206896376e+04
5.715431034482758696e+04
5.697775862068965216e+04
5.697775862068965216e+04
5.715431034482758696e+04
5.724258620689655072e+04
5.727789655172413768e+04
5.717196551724137680e+04
5.728672413793103624e+04
5.692479310344827536e+04
5.684534482758621016e+04
5.709251724137931160e+04
5.698658620689655072e+04
5.696893103448276088e+04
5.673058620689655072e+04
5.680120689655172464e+04
5.690713793103448552e+04
5.655403448275862320e+04
5.693362068965517392e+04
5.673058620689655072e+04
5.665996551724137680e+04
5.663348275862068840e+04
5.678355172413792752e+04
5.689831034482758696e+04
5.699541379310344928e+04
5.672175862068965216e+04
5.668644827586207248e+04
5.660700000000000000e+04
5.679237931034482608e+04
5.684534482758621016e+04
5.678355172413792752e+04
5.667762068965517392e+04
5.666879310344827536e+04
5.697775862068965216e+04
5.709251724137931160e+04
5.674824137931034784e+04
5.674824137931034784e+04
5.663348275862068840e+04
5.672175862068965216e+04
5.670410344827586232e+04
5.660700000000000000e+04
5.705720689655172464e+04
5.699541379310344928e+04
5.699541379310344928e+04
5.692479310344827536e+04
5.719844827586207248e+04
5.721610344827586232e+04
5.703955172413792752e+04
5.720727586206896376e+04
5.706603448275862320e+04
5.713665517241378984e+04
5.671293103448276088e+04
5.696893103448276088e+04
5.703955172413792752e+04
5.692479310344827536e+04
4.938603448275862320e+04
5.298768965517241304e+04
5.664231034482758696e+04
6.015568965517241304e+04
6.119737931034482608e+04
2.278917241379310508e+04
6.052344827586206520e+03
4.710586206896551630e+03
5.160793103448276270e+03
5.619827586206896740e+03
5.266724137931034420e+03
5.107827586206896740e+03
4.719413793103448370e+03
4.551689655172413950e+03
8.223896551724137680e+03
1.666293103448275724e+04
2.315110344827586232e+04
3.162544827586206884e+04
4.216541379310344928e+04
5.064858620689655072e+04
5.916706896551723912e+04
6.067655172413792752e+04
6.239789655172413768e+04
6.208010344827586232e+04
6.125031034482758696e+04
6.088837931034482608e+04
6.043817241379310144e+04
6.024396551724137680e+04
5.982906896551723912e+04
5.945831034482758696e+04
5.891982758620689856e+04
5.883155172413792752e+04
5.827541379310344928e+04
5.816948275862068840e+04
5.783403448275862320e+04
5.786934482758621016e+04
5.749858620689655072e+04
5.702189655172413768e+04
5.716313793103448552e+04
5.691596551724137680e+04
5.698658620689655072e+04
5.696010344827586232e+04
5.691596551724137680e+04
5.691596551724137680e+04
5.650989655172413768e+04
5.656286206896551448e+04
5.656286206896551448e+04
5.655403448275862320e+04
5.644810344827586232e+04
5.658934482758621016e+04
5.641279310344827536e+04
5.629803448275862320e+04
5.618327586206896376e+04
5.634217241379310144e+04
5.635100000000000000e+04
5.618327586206896376e+04
5.613031034482758696e+04
5.598906896551723912e+04
5.607734482758621016e+04
5.605968965517241304e+04
5.627155172413792752e+04
5.620093103448276088e+04
5.619210344827586232e+04
5.651872413793103624e+04
5.633334482758621016e+04
5.620093103448276088e+04
5.627155172413792752e+04
5.661582758620689856e+04
5.628037931034482608e+04
5.615679310344827536e+04
5.594493103448276088e+04
5.608617241379310144e+04
5.628037931034482608e+04
5.627155172413792752e+04
5.607734482758621016e+04
5.654520689655172464e+04
5.629803448275862320e+04
5.640396551724137680e+04
5.625389655172413768e+04
5.605086206896551448e+04
5.598906896551723912e+04
5.598906896551723912e+04
5.549472413793103624e+04
5.583900000000000000e+04
5.621858620689655072e+04
5.609500000000000000e+04
5.646575862068965216e+04
5.652755172413792752e+04
5.670410344827586232e+04
5.673941379310344928e+04
5.627155172413792752e+04
5.655403448275862320e+04
5.659817241379310144e+04
5.658934482758621016e+04
5.602437931034482608e+04
5.616562068965517392e+04
5.628037931034482608e+04
5.620975862068965216e+04
5.605968965517241304e+04
5.608617241379310144e+04
5.621858620689655072e+04
5.620093103448276088e+04
5.629803448275862320e+04
5.599789655172413768e+04
5.617444827586207248e+04
5.606851724137931160e+04
5.613031034482758696e+04
5.576837931034482608e+04
5.583017241379310144e+04
5.603320689655172464e+04
5.635100000000000000e+04
5.630686206896551448e+04
5.617444827586207248e+04
5.577720689655172464e+04
5.628920689655172464e+04
5.646575862068965216e+04
5.647458620689655072e+04
5.644810344827586232e+04
5.612148275862068840e+04
5.622741379310344928e+04
5.633334482758621016e+04
5.643927586206896376e+04
5.618327586206896376e+04
5.617444827586207248e+04
5.642162068965517392e+04
5.611265517241378984e+04
5.605086206896551448e+04
5.585665517241378984e+04
5.592727586206896376e+04
5.567127586206896376e+04
5.551237931034482608e+04
5.541527586206896376e+04
5.563596551724137680e+04
5.596258620689655072e+04
5.597141379310344928e+04
5.625389655172413768e+04
5.642162068965517392e+04
5.642162068965517392e+04
5.678355172413792752e+04
5.669527586206896376e+04
5.666879310344827536e+04
5.673058620689655072e+04
5.665113793103448552e+04
5.677472413793103624e+04
5.652755172413792752e+04
5.650989655172413768e+04
5.651872413793103624e+04
5.672175862068965216e+04
5.695127586206896376e+04
5.656286206896551448e+04
5.676589655172413768e+04
5.659817241379310144e+04
5.685417241379310144e+04
5.717196551724137680e+04
5.678355172413792752e+04
5.663348275862068840e+04
5.682768965517241304e+04
5.632451724137931160e+04
5.668644827586207248e+04
5.654520689655172464e+04
5.668644827586207248e+04
5.678355172413792752e+04
5.673058620689655072e+04
5.659817241379310144e+04
5.684534482758621016e+04
5.660700000000000000e+04
5.686300000000000000e+04
5.683651724137931160e+04
5.656286206896551448e+04
5.646575862068965216e+04
5.649224137931034784e+04
5.635100000000000000e+04
5.668644827586207248e+04
5.664231034482758696e+04
5.672175862068965216e+04
5.655403448275862320e+04
5.651872413793103624e+04
5.636865517241378984e+04
5.641279310344827536e+04
5.635100000000000000e+04
5.641279310344827536e+04
5.647458620689655072e+04
5.623624137931034784e+04
5.661582758620689856e+04
5.654520689655172464e+04
5.658934482758621016e+04
5.669527586206896376e+04
5.665113793103448552e+04
5.657168965517241304e+04
5.674824137931034784e+04
5.691596551724137680e+04
5.689831034482758696e+04
5.681886206896551448e+04
5.661582758620689856e+04
5.653637931034482608e+04
5.688065517241378984e+04
5.676589655172413768e+04
5.688948275862068840e+04
5.681886206896551448e+04
5.684534482758621016e+04
5.675706896551723912e+04
5.675706896551723912e+04
5.711900000000000000e+04
5.699541379310344928e+04
5.681886206896551448e+04
5.680120689655172464e+04
5.671293103448276088e+04
5.669527586206896376e+04
5.664231034482758696e+04
5.665113793103448552e+04
5.627155172413792752e+04
5.620975862068965216e+04
5.663348275862068840e+04
5.648341379310344928e+04
5.634217241379310144e+04
5.661582758620689856e+04
5.680120689655172464e+04
5.654520689655172464e+04
5.654520689655172464e+04
5.635982758620689856e+04
5.634217241379310144e+04
5.622741379310344928e+04
5.613031034482758696e+04
5.618327586206896376e+04
5.623624137931034784e+04
5.626272413793103624e+04
5.609500000000000000e+04
5.605086206896551448e+04
5.607734482758621016e+04
5.583900000000000000e+04
5.657168965517241304e+04
5.635100000000000000e+04
5.667762068965517392e+04
5.659817241379310144e+04
5.659817241379310144e+04
5.670410344827586232e+04
5.696010344827586232e+04
5.656286206896551448e+04
5.658051724137931160e+04
5.663348275862068840e+04
5.688065517241378984e+04
5.677472413793103624e+04
5.665996551724137680e+04
5.652755172413792752e+04
5.661582758620689856e+04
5.687182758620689856e+04
5.689831034482758696e+04
5.669527586206896376e+04
5.688948275862068840e+04
5.663348275862068840e+04
5.680120689655172464e+04
5.665996551724137680e+04
5.665996551724137680e+04
5.660700000000000000e+04
5.646575862068965216e+04
5.692479310344827536e+04
5.667762068965517392e+04
5.674824137931034784e+04
5.653637931034482608e+04
5.657168965517241304e+04
5.662465517241378984e+04
5.650989655172413768e+04
5.678355172413792752e+04
5.668644827586207248e+04
5.652755172413792752e+04
5.626272413793103624e+04
5.678355172413792752e+04
5.689831034482758696e+04
5.637748275862068840e+04
5.653637931034482608e+04
5.643044827586207248e+04
5.605086206896551448e+04
5.616562068965517392e+04
5.620975862068965216e+04
5.584782758620689856e+04
5.603320689655172464e+04
5.608617241379310144e+04
5.611265517241378984e+04
5.613913793103448552e+04
5.612148275862068840e+04
5.637748275862068840e+04
5.628920689655172464e+04
5.632451724137931160e+04
5.638631034482758696e+04
5.626272413793103624e+04
5.649224137931034784e+04
5.659817241379310144e+04
5.695127586206896376e+04
5.634217241379310144e+04
5.630686206896551448e+04
5.630686206896551448e+04
5.627155172413792752e+04
5.618327586206896376e+04
5.613913793103448552e+04
5.623624137931034784e+04
5.611265517241378984e+04
5.606851724137931160e+04
5.599789655172413768e+04
5.613031034482758696e+04
5.618327586206896376e+04
5.622741379310344928e+04
5.603320689655172464e+04
5.599789655172413768e+04
5.581251724137931160e+04
5.608617241379310144e+04
5.597141379310344928e+04
5.589196551724137680e+04
5.590079310344827536e+04
5.597141379310344928e+04
5.589196551724137680e+04
5.560948275862068840e+04
5.567127586206896376e+04
5.548589655172413768e+04
5.567127586206896376e+04
5.577720689655172464e+04
5.561831034482758696e+04
5.566244827586207248e+04
5.538879310344827536e+04
5.571541379310344928e+04
5.552120689655172464e+04
5.550355172413792752e+04
5.545941379310344928e+04
5.544175862068965216e+04
5.530051724137931160e+04
5.529168965517241304e+04
5.527403448275862320e+04
5.550355172413792752e+04
5.538879310344827536e+04
5.568010344827586232e+04
5.569775862068965216e+04
5.584782758620689856e+04
5.594493103448276088e+04
5.592727586206896376e+04
5.576837931034482608e+04
5.609500000000000000e+04
5.610382758620689856e+04
5.606851724137931160e+04
5.593610344827586232e+04
5.601555172413792752e+04
5.605086206896551448e+04
5.594493103448276088e+04
5.618327586206896376e+04
5.577720689655172464e+04
5.582134482758621016e+04
5.590962068965517392e+04
5.611265517241378984e+04
5.601555172413792752e+04
5.571541379310344928e+04
5.594493103448276088e+04
5.597141379310344928e+04
5.603320689655172464e+04
5.578603448275862320e+04
5.595375862068965216e+04
5.604203448275862320e+04
5.610382758620689856e+04
5.644810344827586232e+04
5.605086206896551448e+04
5.616562068965517392e+04
5.638631034482758696e+04
5.652755172413792752e+04
5.652755172413792752e+04
5.605968965517241304e+04
5.615679310344827536e+04
5.622741379310344928e+04
5.636865517241378984e+04
5.628037931034482608e+04
5.612148275862068840e+04
5.607734482758621016e+04
5.612148275862068840e+04
5.588313793103448552e+04
5.598024137931034784e+04
5.583017241379310144e+04
5.577720689655172464e+04
5.562713793103448552e+04
5.563596551724137680e+04
5.622741379310344928e+04
5.615679310344827536e+04
5.611265517241378984e+04
5.632451724137931160e+04
5.627155172413792752e+04
5.598024137931034784e+04
5.570658620689655072e+04
5.602437931034482608e+04
5.604203448275862320e+04
5.606851724137931160e+04
5.614796551724137680e+04
5.627155172413792752e+04
5.618327586206896376e+04
5.620093103448276088e+04
5.634217241379310144e+04
5.642162068965517392e+04
5.658051724137931160e+04
5.658051724137931160e+04
5.039237931034482608e+04
5.435596551724137680e+04
5.836368965517241304e+04
6.143568965517241304e+04
4.632313793103448552e+04
2.083831034482758696e+04
8.382793103448275360e+03
4.966586206896551630e+03
5.540379310344827900e+03
5.646310344827586050e+03
5.381482758620689310e+03
5.240241379310345110e+03
6.988068965517240940e+03
8.568172413793103260e+03
1.465910344827586232e+04
1.876386206896551812e+04
2.725586206896551812e+04
2.936562068965517392e+04
3.764575862068965216e+04
4.837993103448276088e+04
5.679248275862068840e+04
6.077365517241378984e+04
6.223900000000000000e+04
6.193003448275862320e+04
6.157693103448276088e+04
6.062355172413792752e+04
6.014686206896551448e+04
5.992617241379310144e+04
5.920231034482758696e+04
5.872562068965517392e+04
5.882272413793103624e+04
5.874327586206896376e+04
5.838134482758621016e+04
5.819596551724137680e+04
5.798410344827586232e+04
5.764865517241378984e+04
5.764865517241378984e+04
5.747210344827586232e+04
5.716313793103448552e+04
5.723375862068965216e+04
5.711900000000000000e+04
5.685417241379310144e+04
5.684534482758621016e+04
5.653637931034482608e+04
5.671293103448276088e+04
5.694244827586207248e+04
5.667762068965517392e+04
5.665996551724137680e+04
5.680120689655172464e+04
5.652755172413792752e+04
5.636865517241378984e+04
5.635982758620689856e+04
5.648341379310344928e+04
5.614796551724137680e+04
5.620975862068965216e+04
5.635982758620689856e+04
5.650989655172413768e+04
5.655403448275862320e+04
5.640396551724137680e+04
5.623624137931034784e+04
5.608617241379310144e+04
5.642162068965517392e+04
5.652755172413792752e+04
5.646575862068965216e+04
5.648341379310344928e+04
5.623624137931034784e+04
5.628920689655172464e+04
5.625389655172413768e+04
5.611265517241378984e+04
5.639513793103448552e+04
5.665113793103448552e+04
5.617444827586207248e+04
5.647458620689655072e+04
5.626272413793103624e+04
5.606851724137931160e+04
5.633334482758621016e+04
5.635982758620689856e+04
5.636865517241378984e+04
5.627155172413792752e+04
5.625389655172413768e+04
5.626272413793103624e+04
5.625389655172413768e+04
5.658934482758621016e+04
5.656286206896551448e+04
5.662465517241378984e+04
5.645693103448276088e+04
5.634217241379310144e+04
5.616562068965517392e+04
5.640396551724137680e+04
5.634217241379310144e+04
5.652755172413792752e+04
5.632451724137931160e+04
5.618327586206896376e+04
5.645693103448276088e+04
5.636865517241378984e+04
5.641279310344827536e+04
5.648341379310344928e+04
5.646575862068965216e+04
5.641279310344827536e+04
5.643044827586207248e+04
5.620093103448276088e+04
5.632451724137931160e+04
5.664231034482758696e+04
5.657168965517241304e+04
5.646575862068965216e+04
5.640396551724137680e+04
5.673058620689655072e+04
5.644810344827586232e+04
5.619210344827586232e+04
5.634217241379310144e+04
5.627155172413792752e+04
5.645693103448276088e+04
5.650989655172413768e+04
5.635982758620689856e+04
5.647458620689655072e+04
5.653637931034482608e+04
5.635100000000000000e+04
5.639513793103448552e+04
5.631568965517241304e+04
5.616562068965517392e+04
5.612148275862068840e+04
5.602437931034482608e+04
5.590962068965517392e+04
5.590079310344827536e+04
5.598906896551723912e+04
5.625389655172413768e+04
5.586548275862068840e+04
5.588313793103448552e+04
5.577720689655172464e+04
5.610382758620689856e+04
5.604203448275862320e+04
5.628037931034482608e+04
5.674824137931034784e+04
5.669527586206896376e+04
5.678355172413792752e+04
5.681886206896551448e+04
5.724258620689655072e+04
5.722493103448276088e+04
5.769279310344827536e+04
5.774575862068965216e+04
5.709251724137931160e+04
5.680120689655172464e+04
5.699541379310344928e+04
5.723375862068965216e+04
5.712782758620689856e+04
5.715431034482758696e+04
5.734851724137931160e+04
5.714548275862068840e+04
5.728672413793103624e+04
5.748093103448276088e+04
5.742796551724137680e+04
5.730437931034482608e+04
5.725141379310344928e+04
5.713665517241378984e+04
5.728672413793103624e+04
5.720727586206896376e+04
5.713665517241378984e+04
5.750741379310344928e+04
5.726906896551723912e+04
5.748093103448276088e+04
5.754272413793103624e+04
5.757803448275862320e+04
5.760451724137931160e+04
5.716313793103448552e+04
5.732203448275862320e+04
5.711900000000000000e+04
5.739265517241378984e+04
5.724258620689655072e+04
5.728672413793103624e+04
5.736617241379310144e+04
5.760451724137931160e+04
5.734851724137931160e+04
5.703955172413792752e+04
5.724258620689655072e+04
5.733086206896551448e+04
5.706603448275862320e+04
5.718079310344827536e+04
5.697775862068965216e+04
5.702189655172413768e+04
5.737500000000000000e+04
5.727789655172413768e+04
5.751624137931034784e+04
5.710134482758621016e+04
5.738382758620689856e+04
5.732203448275862320e+04
5.742796551724137680e+04
5.724258620689655072e+04
5.706603448275862320e+04
5.704837931034482608e+04
5.704837931034482608e+04
5.685417241379310144e+04
5.703072413793103624e+04
5.703955172413792752e+04
5.725141379310344928e+04
5.768396551724137680e+04
5.713665517241378984e+04
5.694244827586207248e+04
5.725141379310344928e+04
5.719844827586207248e+04
5.723375862068965216e+04
5.688065517241378984e+04
5.690713793103448552e+04
5.706603448275862320e+04
5.712782758620689856e+04
5.705720689655172464e+04
5.713665517241378984e+04
5.705720689655172464e+04
5.704837931034482608e+04
5.688948275862068840e+04
5.715431034482758696e+04
5.709251724137931160e+04
5.714548275862068840e+04
5.708368965517241304e+04
5.688065517241378984e+04
5.685417241379310144e+04
5.692479310344827536e+04
5.667762068965517392e+04
5.716313793103448552e+04
5.693362068965517392e+04
5.683651724137931160e+04
5.679237931034482608e+04
5.703072413793103624e+04
5.716313793103448552e+04
5.705720689655172464e+04
5.669527586206896376e+04
5.707486206896551448e+04
5.694244827586207248e+04
5.675706896551723912e+04
5.726906896551723912e+04
5.737500000000000000e+04
5.722493103448276088e+04
5.707486206896551448e+04
5.786051724137931160e+04
5.726024137931034784e+04
5.748093103448276088e+04
5.727789655172413768e+04
5.678355172413792752e+04
5.716313793103448552e+04
5.736617241379310144e+04
5.717196551724137680e+04
5.728672413793103624e+04
5.711017241379310144e+04
5.721610344827586232e+04
5.745444827586207248e+04
5.695127586206896376e+04
5.709251724137931160e+04
5.697775862068965216e+04
5.742796551724137680e+04
5.720727586206896376e+04
5.681003448275862320e+04
5.685417241379310144e+04
5.718962068965517392e+04
5.708368965517241304e+04
5.716313793103448552e+04
5.705720689655172464e+04
5.713665517241378984e+04
5.691596551724137680e+04
5.710134482758621016e+04
5.698658620689655072e+04
5.696893103448276088e+04
5.702189655172413768e+04
5.709251724137931160e+04
5.696010344827586232e+04
5.694244827586207248e+04
5.700424137931034784e+04
5.692479310344827536e+04
5.690713793103448552e+04
5.681886206896551448e+04
5.703072413793103624e+04
5.699541379310344928e+04
5.716313793103448552e+04
5.678355172413792752e+04
5.719844827586207248e+04
5.690713793103448552e+04
5.685417241379310144e+04
5.677472413793103624e+04
5.681003448275862320e+04
5.676589655172413768e+04
5.671293103448276088e+04
5.688948275862068840e+04
5.696010344827586232e+04
5.688948275862068840e+04
5.666879310344827536e+04
5.685417241379310144e+04
5.691596551724137680e+04
5.699541379310344928e+04
5.669527586206896376e+04
5.694244827586207248e+04
5.691596551724137680e+04
5.688948275862068840e+04
5.673941379310344928e+04
5.664231034482758696e+04
5.666879310344827536e+04
5.688065517241378984e+04
5.682768965517241304e+04
5.632451724137931160e+04
5.650989655172413768e+04
5.621858620689655072e+04
5.650989655172413768e+04
5.655403448275862320e+04
5.657168965517241304e+04
5.665113793103448552e+04
5.643044827586207248e+04
5.660700000000000000e+04
5.673941379310344928e+04
5.649224137931034784e+04
5.643927586206896376e+04
5.696893103448276088e+04
5.688948275862068840e+04
5.650989655172413768e+04
5.688948275862068840e+04
5.692479310344827536e+04
5.711900000000000000e+04
5.672175862068965216e+04
5.664231034482758696e+04
5.661582758620689856e+04
5.673941379310344928e+04
5.677472413793103624e+04
5.653637931034482608e+04
5.692479310344827536e+04
5.677472413793103624e+04
5.646575862068965216e+04
5.643044827586207248e+04
5.612148275862068840e+04
5.631568965517241304e+04
5.647458620689655072e+04
5.646575862068965216e+04
5.666879310344827536e+04
5.677472413793103624e+04
5.703955172413792752e+04
5.696010344827586232e+04
5.698658620689655072e+04
5.711017241379310144e+04
5.723375862068965216e+04
5.719844827586207248e+04
5.707486206896551448e+04
5.718079310344827536e+04
5.716313793103448552e+04
5.716313793103448552e+04
5.734851724137931160e+04
5.703955172413792752e+04
5.722493103448276088e+04
5.728672413793103624e+04
5.726024137931034784e+04
5.724258620689655072e+04
5.760451724137931160e+04
5.762217241379310144e+04
5.747210344827586232e+04
5.723375862068965216e+04
5.742796551724137680e+04
5.747210344827586232e+04
5.756920689655172464e+04
5.736617241379310144e+04
5.734851724137931160e+04
5.734851724137931160e+04
5.735734482758621016e+04
5.747210344827586232e+04
5.744562068965517392e+04
5.716313793103448552e+04
5.733968965517241304e+04
5.710134482758621016e+04
5.702189655172413768e+04
5.713665517241378984e+04
5.679237931034482608e+04
5.688065517241378984e+04
5.688065517241378984e+04
5.673058620689655072e+04
5.675706896551723912e+04
5.677472413793103624e+04
5.698658620689655072e+04
5.689831034482758696e+04
5.676589655172413768e+04
5.675706896551723912e+04
5.688948275862068840e+04
5.700424137931034784e+04
5.678355172413792752e+04
5.733086206896551448e+04
5.717196551724137680e+04
5.716313793103448552e+04
5.720727586206896376e+04
5.734851724137931160e+04
5.740148275862068840e+04
5.724258620689655072e+04
5.738382758620689856e+04
5.707486206896551448e+04
5.699541379310344928e+04
5.729555172413792752e+04
5.703955172413792752e+04
5.733968965517241304e+04
5.719844827586207248e+04
5.748975862068965216e+04
5.714548275862068840e+04
5.714548275862068840e+04
5.181362068965517392e+04
5.577720689655172464e+04
5.946713793103448552e+04
5.622751724137931160e+04
3.542124137931034784e+04
1.021889655172413768e+04
5.072517241379310690e+03
5.416793103448276270e+03
5.619827586206896740e+03
5.884655172413793480e+03
5.407965517241379530e+03
5.107827586206896740e+03
4.560517241379310690e+03
4.472241379310345110e+03
1.041310344827586232e+04
1.849903448275861956e+04
4.027634482758621016e+04
5.289958620689655072e+04
4.815041379310344928e+04
5.886693103448276088e+04
6.281279310344827536e+04
6.224782758620689856e+04
6.175348275862068840e+04
6.109141379310344928e+04
6.073831034482758696e+04
6.048231034482758696e+04
5.986437931034482608e+04
5.927293103448276088e+04
5.891100000000000000e+04
5.854024137931034784e+04
5.855789655172413768e+04
5.806355172413792752e+04
5.792231034482758696e+04
5.803706896551723912e+04
5.785168965517241304e+04
5.744562068965517392e+04
5.742796551724137680e+04
5.739265517241378984e+04
5.713665517241378984e+04
5.702189655172413768e+04
5.641279310344827536e+04
5.650106896551723912e+04
5.678355172413792752e+04
5.670410344827586232e+04
5.656286206896551448e+04
5.658934482758621016e+04
5.664231034482758696e+04
5.642162068965517392e+04
5.635982758620689856e+04
5.627155172413792752e+04
5.648341379310344928e+04
5.646575862068965216e+04
5.635100000000000000e+04
5.616562068965517392e+04
5.615679310344827536e+04
5.614796551724137680e+04
5.611265517241378984e+04
5.628037931034482608e+04
5.594493103448276088e+04
5.613031034482758696e+04
5.600672413793103624e+04
5.588313793103448552e+04
5.562713793103448552e+04
5.604203448275862320e+04
5.591844827586207248e+04
5.586548275862068840e+04
5.610382758620689856e+04
5.590962068965517392e+04
5.591844827586207248e+04
5.601555172413792752e+04
5.593610344827586232e+04
5.647458620689655072e+04
5.566244827586207248e+04
5.608617241379310144e+04
5.613031034482758696e+04
5.580368965517241304e+04
5.582134482758621016e+04
5.588313793103448552e+04
5.583017241379310144e+04
5.565362068965517392e+04
5.603320689655172464e+04
5.573306896551723912e+04
5.611265517241378984e+04
5.599789655172413768e+04
5.603320689655172464e+04
5.630686206896551448e+04
5.628920689655172464e+04
5.596258620689655072e+04
5.598024137931034784e+04
5.609500000000000000e+04
5.600672413793103624e+04
5.625389655172413768e+04
5.616562068965517392e+04
5.605968965517241304e+04
5.633334482758621016e+04
5.617444827586207248e+04
5.629803448275862320e+04
5.614796551724137680e+04
5.610382758620689856e+04
5.616562068965517392e+04
5.621858620689655072e+04
5.636865517241378984e+04
5.596258620689655072e+04
5.588313793103448552e+04
5.587431034482758696e+04
5.564479310344827536e+04
5.576837931034482608e+04
5.604203448275862320e+04
5.588313793103448552e+04
5.592727586206896376e+04
5.591844827586207248e+04
5.596258620689655072e+04
5.615679310344827536e+04
5.615679310344827536e+04
5.624506896551723912e+04
5.579486206896551448e+04
5.595375862068965216e+04
5.620093103448276088e+04
5.602437931034482608e+04
5.598906896551723912e+04
5.593610344827586232e+04
5.633334482758621016e+04
5.615679310344827536e+04
5.612148275862068840e+04
5.610382758620689856e+04
5.598024137931034784e+04
5.577720689655172464e+04
5.589196551724137680e+04
5.622741379310344928e+04
5.617444827586207248e+04
5.632451724137931160e+04
5.606851724137931160e+04
5.634217241379310144e+04
5.635982758620689856e+04
5.630686206896551448e+04
5.636865517241378984e+04
5.622741379310344928e+04
5.638631034482758696e+04
5.635982758620689856e+04
5.621858620689655072e+04
5.637748275862068840e+04
5.651872413793103624e+04
5.670410344827586232e+04
5.661582758620689856e+04
5.645693103448276088e+04
5.657168965517241304e+04
5.636865517241378984e+04
5.618327586206896376e+04
5.609500000000000000e+04
5.633334482758621016e+04
5.636865517241378984e+04
5.634217241379310144e+04
5.617444827586207248e+04
5.640396551724137680e+04
5.635982758620689856e+04
5.621858620689655072e+04
5.618327586206896376e+04
5.609500000000000000e+04
5.616562068965517392e+04
5.615679310344827536e+04
5.635100000000000000e+04
5.663348275862068840e+04
5.637748275862068840e+04
5.635100000000000000e+04
5.665996551724137680e+04
5.635100000000000000e+04
5.642162068965517392e+04
5.633334482758621016e+04
5.601555172413792752e+04
5.635100000000000000e+04
5.625389655172413768e+04
5.611265517241378984e+04
5.619210344827586232e+04
5.625389655172413768e+04
5.619210344827586232e+04
5.605968965517241304e+04
5.590079310344827536e+04
5.597141379310344928e+04
5.577720689655172464e+04
5.568893103448276088e+04
5.597141379310344928e+04
5.618327586206896376e+04
5.617444827586207248e+04
5.597141379310344928e+04
5.627155172413792752e+04
5.616562068965517392e+04
5.601555172413792752e+04
5.614796551724137680e+04
5.613913793103448552e+04
5.595375862068965216e+04
5.605086206896551448e+04
5.629803448275862320e+04
5.604203448275862320e+04
5.620975862068965216e+04
5.610382758620689856e+04
5.639513793103448552e+04
5.613031034482758696e+04
5.605968965517241304e+04
5.591844827586207248e+04
5.596258620689655072e+04
5.590962068965517392e+04
5.592727586206896376e+04
5.587431034482758696e+04
5.587431034482758696e+04
5.625389655172413768e+04
5.608617241379310144e+04
5.591844827586207248e+04
5.586548275862068840e+04
5.601555172413792752e+04
5.584782758620689856e+04
5.588313793103448552e+04
5.588313793103448552e+04
5.587431034482758696e+04
5.590962068965517392e+04
5.612148275862068840e+04
5.606851724137931160e+04
5.587431034482758696e+04
5.591844827586207248e+04
5.574189655172413768e+04
5.561831034482758696e+04
5.560948275862068840e+04
5.567127586206896376e+04
5.550355172413792752e+04
5.563596551724137680e+04
5.545058620689655072e+04
5.559182758620689856e+04
5.601555172413792752e+04
5.576837931034482608e+04
5.605086206896551448e+04
5.622741379310344928e+04
5.616562068965517392e+04
5.639513793103448552e+04
5.604203448275862320e+04
5.644810344827586232e+04
5.625389655172413768e+04
5.590962068965517392e+04
5.595375862068965216e+04
5.596258620689655072e+04
5.613913793103448552e+04
5.654520689655172464e+04
5.620975862068965216e+04
5.652755172413792752e+04
5.611265517241378984e+04
5.598024137931034784e+04
5.588313793103448552e+04
5.587431034482758696e+04
5.607734482758621016e+04
5.611265517241378984e+04
5.610382758620689856e+04
5.580368965517241304e+04
5.598906896551723912e+04
5.631568965517241304e+04
5.642162068965517392e+04
5.671293103448276088e+04
5.606851724137931160e+04
5.594493103448276088e+04
5.570658620689655072e+04
5.572424137931034784e+04
5.537113793103448552e+04
5.559182758620689856e+04
5.549472413793103624e+04
5.551237931034482608e+04
5.525637931034482608e+04
5.537996551724137680e+04
5.540644827586207248e+04
5.549472413793103624e+04
5.583900000000000000e+04
5.556534482758621016e+04
5.545058620689655072e+04
5.545058620689655072e+04
5.550355172413792752e+04
5.546824137931034784e+04
5.510631034482758696e+04
5.540644827586207248e+04
5.563596551724137680e+04
5.566244827586207248e+04
5.551237931034482608e+04
5.561831034482758696e+04
5.588313793103448552e+04
5.575955172413792752e+04
5.576837931034482608e+04
5.569775862068965216e+04
5.567127586206896376e+04
5.567127586206896376e+04
5.566244827586207248e+04
5.546824137931034784e+04
5.548589655172413768e+04
5.553003448275862320e+04
5.529168965517241304e+04
5.527403448275862320e+04
5.532700000000000000e+04
5.529168965517241304e+04
5.518575862068965216e+04
5.547706896551723912e+04
5.530934482758621016e+04
5.543293103448276088e+04
5.533582758620689856e+04
5.566244827586207248e+04
5.539762068965517392e+04
5.534465517241378984e+04
5.531817241379310144e+04
5.523872413793103624e+04
5.537996551724137680e+04
5.564479310344827536e+04
5.557417241379310144e+04
5.542410344827586232e+04
5.540644827586207248e+04
5.569775862068965216e+04
5.549472413793103624e+04
5.532700000000000000e+04
5.539762068965517392e+04
5.556534482758621016e+04
5.575072413793103624e+04
5.556534482758621016e+04
5.576837931034482608e+04
5.587431034482758696e+04
5.568893103448276088e+04
5.548589655172413768e+04
5.540644827586207248e+04
5.533582758620689856e+04
5.534465517241378984e+04
5.549472413793103624e+04
5.545058620689655072e+04
5.555651724137931160e+04
5.579486206896551448e+04
5.585665517241378984e+04
5.576837931034482608e+04
5.588313793103448552e+04
5.605968965517241304e+04
5.582134482758621016e+04
5.597141379310344928e+04
5.619210344827586232e+04
5.601555172413792752e+04
5.618327586206896376e+04
5.617444827586207248e+04
5.626272413793103624e+04
5.605086206896551448e+04
5.610382758620689856e+04
5.620093103448276088e+04
5.628920689655172464e+04
5.656286206896551448e+04
5.658934482758621016e+04
5.643927586206896376e+04
5.635982758620689856e+04
5.658934482758621016e+04
5.642162068965517392e+04
5.664231034482758696e+04
5.647458620689655072e+04
5.643044827586207248e+04
5.627155172413792752e+04
5.674824137931034784e+04
5.667762068965517392e+04
5.663348275862068840e+04
5.662465517241378984e+04
5.638631034482758696e+04
5.645693103448276088e+04
5.621858620689655072e+04
5.647458620689655072e+04
5.633334482758621016e+04
5.601555172413792752e+04
5.616562068965517392e+04
5.639513793103448552e+04
5.617444827586207248e+04
5.615679310344827536e+04
5.629803448275862320e+04
5.613913793103448552e+04
5.630686206896551448e+04
5.659817241379310144e+04
5.613031034482758696e+04
5.632451724137931160e+04
5.626272413793103624e+04
5.606851724137931160e+04
5.605968965517241304e+04
5.635100000000000000e+04
5.632451724137931160e+04
5.669527586206896376e+04
5.635100000000000000e+04
5.622741379310344928e+04
5.627155172413792752e+04
5.620093103448276088e+04
5.650989655172413768e+04
5.615679310344827536e+04
5.592727586206896376e+04
5.601555172413792752e+04
5.626272413793103624e+04
5.625389655172413768e+04
5.609500000000000000e+04
5.635100000000000000e+04
5.618327586206896376e+04
5.609500000000000000e+04
5.628037931034482608e+04
5.639513793103448552e+04
4.943017241379310144e+04
5.313775862068965216e+04
5.733086206896551448e+04
6.004975862068965216e+04
6.333362068965517392e+04
1.840193103448275724e+04
8.329827586206896740e+03
4.737068965517240940e+03
5.151965517241379530e+03
5.416793103448276270e+03
5.540379310344827900e+03
5.134310344827586050e+03
4.666448275862068840e+03
6.405448275862068840e+03
8.073827586206896740e+03
1.877268965517241304e+04
2.714993103448275724e+04
4.438110344827586232e+04
4.643789655172413768e+04
4.830048275862068840e+04
6.098551724137931160e+04
6.274217241379310144e+04
6.194768965517241304e+04
6.147982758620689856e+04
6.116203448275862320e+04
6.057941379310344928e+04
6.004975862068965216e+04
5.967017241379310144e+04
5.888451724137931160e+04
5.869031034482758696e+04
5.872562068965517392e+04
5.837251724137931160e+04
5.805472413793103624e+04
5.796644827586207248e+04
5.769279310344827536e+04
5.748975862068965216e+04
5.746327586206896376e+04
5.725141379310344928e+04
5.693362068965517392e+04
5.690713793103448552e+04
5.712782758620689856e+04
5.684534482758621016e+04
5.703072413793103624e+04
5.691596551724137680e+04
5.665996551724137680e+04
5.654520689655172464e+04
5.678355172413792752e+04
5.670410344827586232e+04
5.659817241379310144e+04
5.653637931034482608e+04
5.650989655172413768e+04
5.628920689655172464e+04
5.639513793103448552e+04
5.674824137931034784e+04
5.598906896551723912e+04
5.601555172413792752e+04
5.605968965517241304e+04
5.600672413793103624e+04
5.616562068965517392e+04
5.605968965517241304e+04
5.583017241379310144e+04
5.605968965517241304e+04
5.604203448275862320e+04
5.603320689655172464e+04
5.601555172413792752e+04
5.618327586206896376e+04
5.611265517241378984e+04
5.583017241379310144e+04
5.618327586206896376e+04
5.634217241379310144e+04
5.608617241379310144e+04
5.595375862068965216e+04
5.598906896551723912e+04
5.558300000000000000e+04
5.584782758620689856e+04
5.572424137931034784e+04
5.613031034482758696e+04
5.597141379310344928e+04
5.607734482758621016e+04
5.590079310344827536e+04
5.600672413793103624e+04
5.614796551724137680e+04
5.601555172413792752e+04
5.580368965517241304e+04
5.587431034482758696e+04
5.606851724137931160e+04
5.563596551724137680e+04
5.573306896551723912e+04
5.574189655172413768e+04
5.565362068965517392e+04
5.581251724137931160e+04
5.564479310344827536e+04
5.562713793103448552e+04
5.589196551724137680e+04
5.585665517241378984e+04
5.601555172413792752e+04
5.583900000000000000e+04
5.578603448275862320e+04
5.570658620689655072e+04
5.591844827586207248e+04
5.605968965517241304e+04
5.600672413793103624e+04
5.595375862068965216e+04
5.581251724137931160e+04
5.575072413793103624e+04
5.574189655172413768e+04
5.574189655172413768e+04
5.599789655172413768e+04
5.601555172413792752e+04
5.568893103448276088e+04
5.575072413793103624e+04
5.582134482758621016e+04
5.581251724137931160e+04
5.565362068965517392e+04
5.569775862068965216e+04
5.586548275862068840e+04
5.577720689655172464e+04
5.575072413793103624e+04
5.562713793103448552e+04
5.560065517241378984e+04
5.562713793103448552e+04
5.596258620689655072e+04
5.572424137931034784e+04
5.555651724137931160e+04
5.558300000000000000e+04
5.536231034482758696e+04
5.509748275862068840e+04
5.536231034482758696e+04
5.587431034482758696e+04
5.583900000000000000e+04
5.614796551724137680e+04
5.598024137931034784e+04
5.621858620689655072e+04
5.628037931034482608e+04
5.665996551724137680e+04
5.654520689655172464e+04
5.660700000000000000e+04
5.678355172413792752e+04
5.713665517241378984e+04
5.697775862068965216e+04
5.708368965517241304e+04
5.711900000000000000e+04
5.702189655172413768e+04
5.694244827586207248e+04
5.642162068965517392e+04
5.686300000000000000e+04
5.724258620689655072e+04
5.714548275862068840e+04
5.681886206896551448e+04
5.701306896551723912e+04
5.691596551724137680e+04
5.683651724137931160e+04
5.662465517241378984e+04
5.694244827586207248e+04
5.710134482758621016e+04
5.747210344827586232e+04
5.701306896551723912e+04
5.711017241379310144e+04
5.732203448275862320e+04
5.705720689655172464e+04
5.748975862068965216e+04
5.718079310344827536e+04
5.706603448275862320e+04
5.713665517241378984e+04
5.740148275862068840e+04
5.706603448275862320e+04
5.718962068965517392e+04
5.699541379310344928e+04
5.681886206896551448e+04
5.687182758620689856e+04
5.670410344827586232e+04
5.660700000000000000e+04
5.677472413793103624e+04
5.652755172413792752e+04
5.653637931034482608e+04
5.665113793103448552e+04
5.688948275862068840e+04
5.674824137931034784e+04
5.720727586206896376e+04
5.735734482758621016e+04
5.712782758620689856e+04
5.725141379310344928e+04
5.726906896551723912e+04
5.683651724137931160e+04
5.691596551724137680e+04
5.718079310344827536e+04
5.726906896551723912e+04
5.698658620689655072e+04
5.691596551724137680e+04
5.730437931034482608e+04
5.702189655172413768e+04
5.688948275862068840e+04
5.703072413793103624e+04
5.673058620689655072e+04
5.687182758620689856e+04
5.726024137931034784e+04
5.711017241379310144e+04
5.726024137931034784e+04
5.700424137931034784e+04
5.697775862068965216e+04
5.702189655172413768e+04
5.713665517241378984e+04
5.688948275862068840e+04
5.674824137931034784e+04
5.726024137931034784e+04
5.681003448275862320e+04
5.690713793103448552e+04
5.699541379310344928e+04
5.689831034482758696e+04
5.683651724137931160e+04
5.687182758620689856e+04
5.700424137931034784e+04
5.673058620689655072e+04
5.696893103448276088e+04
5.710134482758621016e+04
5.695127586206896376e+04
5.689831034482758696e+04
5.707486206896551448e+04
5.683651724137931160e+04
5.668644827586207248e+04
5.676589655172413768e+04
5.691596551724137680e+04
5.679237931034482608e+04
5.670410344827586232e+04
5.650106896551723912e+04
5.655403448275862320e+04
5.688065517241378984e+04
5.685417241379310144e+04
5.710134482758621016e+04
5.699541379310344928e+04
5.691596551724137680e+04
5.672175862068965216e+04
5.681003448275862320e+04
5.724258620689655072e+04
5.711017241379310144e+04
5.704837931034482608e+04
5.689831034482758696e+04
5.692479310344827536e+04
5.739265517241378984e+04
5.721610344827586232e+04
5.726024137931034784e+04
5.741031034482758696e+04
5.714548275862068840e+04
5.733968965517241304e+04
5.696010344827586232e+04
5.704837931034482608e+04
5.720727586206896376e+04
5.706603448275862320e+04
5.704837931034482608e+04
5.705720689655172464e+04
5.698658620689655072e+04
5.721610344827586232e+04
5.711017241379310144e+04
5.717196551724137680e+04
5.699541379310344928e+04
5.684534482758621016e+04
5.665113793103448552e+04
5.689831034482758696e+04
5.688065517241378984e+04
