0.000000000000000000e+00
1.813433593749999773e+01
1.638714843750000227e+01
1.116500000000000448e+01
1.799964843749999233e+01
1.306859375000000512e+01
1.420371093750000036e+01
1.300996093750000071e+01
1.407183593749999417e+01
1.236996093750000192e+01
1.125687500000000263e+01
1.113652343749999929e+01
1.067152343750000298e+01
1.000621093749998813e+01
1.050609374999999979e+01
9.960898437499995595e+00
1.223984375000000036e+01
8.452773437499992326e+00
1.213871093750000263e+01
9.656874999999999432e+00
8.859023437500004761e+00
7.783593749999999645e+00
8.893398437499996589e+00
9.251210937500008669e+00
8.062343750000001918e+00
1.025589843750000085e+01
8.148398437500002700e+00
9.870898437499999289e+00
1.064234374999999488e+01
1.010527343749999929e+01
8.763085937499999645e+00
9.516835937500003340e+00
9.072500000000001563e+00
1.027558593750000071e+01
7.414843750000000178e+00
8.073593749999993463e+00
7.553085937499996128e+00
8.465273437499995168e+00
8.458593750000000355e+00
8.812343749999993037e+00
8.973593750000002700e+00
8.149648437499998010e+00
9.184374999999999289e+00
6.765273437499992326e+00
8.396523437500004405e+00
1.077734375000000000e+01
1.174750000000000227e+01
9.318710937500002345e+00
8.326523437500000568e+00
8.277499999999990976e+00
8.313710937500003340e+00
9.289843749999999289e+00
8.775000000000000355e+00
7.298398437499999503e+00
6.604648437500000746e+00
8.269374999999993037e+00
8.253085937499999858e+00
6.809999999999995168e+00
7.385000000000012221e+00
7.869335937499999822e+00
7.419374999999995168e+00
8.485898437499995950e+00
8.269960937499998721e+00
8.352343749999999289e+00
7.844960937500000675e+00
6.792343750000005009e+00
8.182460937500005471e+00
8.954335937500005116e+00
8.060898437500004121e+00
1.023496093750000036e+01
1.180152343749999666e+01
1.000433593750000050e+01
9.004843750000002700e+00
9.023593750000001634e+00
8.336875000000000924e+00
9.111523437500000711e+00
8.888710937500006182e+00
1.028121093749999559e+01
9.286875000000001990e+00
8.263710937499997300e+00
8.961093749999999858e+00
7.718593750000001918e+00
9.329648437499988844e+00
8.163710937499999432e+00
9.084374999999999645e+00
9.289999999999993818e+00
8.281093750000003695e+00
8.699843749999997655e+00
9.698593749999993463e+00
8.899960937499999503e+00
8.462500000000000355e+00
9.717148437500000568e+00
8.694335937500000000e+00
1.004234374999999702e+01
9.674843750000007958e+00
9.114999999999994884e+00
7.952499999999997904e+00
9.081093750000007958e+00
7.645273437499992220e+00
8.619375000000003340e+00
9.883593749999999289e+00
9.484999999999999432e+00
1.094750000000000689e+01
1.120484374999999666e+01
8.954648437499997726e+00
1.204027343750000334e+01
1.431683593750000227e+01
1.116558593749999417e+01
8.795273437499993463e+00
1.049121093750000000e+01
9.776210937499993037e+00
1.039027343750000831e+01
8.943710937499997016e+00
8.568593749999999787e+00
9.102499999999997371e+00
9.604335937500005471e+00
1.087984375000000448e+01
8.437148437500001208e+00
8.643398437500000142e+00
9.004648437499993108e+00
9.677500000000001990e+00
1.127777343750000405e+01
9.569960937500002984e+00
9.084335937499997016e+00
8.960585937500004761e+00
8.146835937499998792e+00
8.020273437499998437e+00
9.331210937499996305e+00
8.608398437500000000e+00
1.171859375000000725e+01
1.165746093750000689e+01
1.430250000000000377e+01
7.476813490653041754e+02
1.369984375000000831e+01
1.603500000000001435e+01
1.152250000000000441e+01
9.576523437499998792e+00
1.103109374999999837e+01
1.139437500000000369e+01
9.804843749999994529e+00
1.141683593750000369e+01
1.193109375000001116e+01
1.043183593750000071e+01
9.595273437499997726e+00
9.649648437500001563e+00
1.049371093749999417e+01
9.637499999999999289e+00
1.066187500000000199e+01
9.448085937500009024e+00
8.889648437500000000e+00
8.717343749999997726e+00
9.594375000000010090e+00
9.022500000000007958e+00
8.061093749999994174e+00
9.021835937499993463e+00
9.189648437500000711e+00
7.692634071707725525e+02
7.690844942069051058e+02
1.526702307500837833e+03
3.945240070527787566e+02
8.842343749999995950e+00
7.727694160819053195e+02
3.951229004853965989e+02
1.153543991369605919e+03
2.620324412869809748e+03
1.144373626684544888e+03
1.142508695349097252e+03
1.518552240362166003e+03
1.887801077122092920e+03
4.327555964193334148e+03
2.963955501213073148e+03
3.663765303018092709e+03
6.824004003133782135e+03
6.264312474057674081e+03
6.563782850717907422e+03
9.318933934149146808e+03
1.215831319692374382e+04
1.096918823752403296e+04
1.119003522304951548e+04
1.251843910826684078e+04
1.349975584495306612e+04
1.455099198777912534e+04
1.455099198777912534e+04
7.865273437500003517e+00
1.154862699865698687e+03
1.433378572432458532e+04
1.352304615199507134e+04
7.795760988211623044e+02
3.244902343750000284e+01
2.769902343749999929e+01
3.594996093750000909e+01
4.142249999999997101e+01
4.708734375000000227e+01
5.064984374999995964e+01
3.952027343749999488e+01
3.484937500000000199e+01
3.540484375000000483e+01
3.460000000000000142e+01
4.157749999999999346e+01
3.739984374999998806e+01
3.035484375000002188e+01
2.229058593750000128e+01
2.531000000000000583e+01
2.922152343750000725e+01
2.116933593750000142e+01
3.076246093750001975e+01
2.434859374999999915e+01
2.327359374999999631e+01
1.740746093749999801e+01
1.914996093749999773e+01
1.703109375000000369e+01
1.641234374999999446e+01
2.248687499999999773e+01
1.466058593749999694e+01
1.964183593750000156e+01
1.728499999999998948e+01
1.689183593749999801e+01
1.378558593749999162e+01
1.196308593750000071e+01
1.115589843750000831e+01
1.826871093749999631e+01
1.222027343749999773e+01
1.212734374999999964e+01
1.108734375000000050e+01
1.013187499999999730e+01
1.214339843750000725e+01
1.104214843749999631e+01
8.499843749999993037e+00
8.944960937500010090e+00
1.044859375000000057e+01
9.443710937500000568e+00
9.321835937500003055e+00
1.078500000000000725e+01
1.080859375000000000e+01
8.663085937500000000e+00
9.068710937499997016e+00
8.805273437500000355e+00
8.742343749999998082e+00
9.509375000000000355e+00
1.012437500000000412e+01
8.774375000000000924e+00
8.829843750000001990e+00
9.073593749999997016e+00
9.098593750000000924e+00
7.837500000000000355e+00
8.465585937499996660e+00
9.550585937499999289e+00
6.919960937500000853e+00
7.536874999999997549e+00
9.573398437499996305e+00
9.631875000000004405e+00
1.020746093750000227e+01
9.191835937500004050e+00
1.038187500000000085e+01
8.541210937500000711e+00
9.984335937499995595e+00
1.070621093749999453e+01
1.106839843749999908e+01
1.167984374999999631e+01
1.174437499999999446e+01
9.931093750000007603e+00
9.988710937500000497e+00
8.862343750000006182e+00
9.529843749999994174e+00
8.793398437499991616e+00
1.010152343749999559e+01
9.819375000000000853e+00
9.564999999999994174e+00
1.113246093749999943e+01
1.164839843749999915e+01
8.585585937500002984e+00
1.081859374999999979e+01
1.041734374999999346e+01
1.010746093749999730e+01
1.096187499999999559e+01
1.052484375000000583e+01
9.669335937499999645e+00
1.201000000000000867e+01
1.150933593749999417e+01
3.870528962129358774e+02
3.886948807710413121e+02
3.885558091157679996e+02
9.772500000000000853e+00
1.025371093749999929e+01
1.013687499999999631e+01
3.896028473848109002e+02
1.059839843749998956e+01
9.514023437500000568e+00
9.293398437500007603e+00
8.737148437500003695e+00
3.833054096406693816e+02
1.042308593750000867e+01
3.895713761323693234e+02
3.937094303315872708e+02
8.094335937500000355e+00
8.910585937500005826e+00
7.777990095877651129e+02
1.150333561071753593e+03
3.947691111177206267e+02
9.087460937499992397e+00
1.522942510137559566e+03
2.636754933499690651e+03
2.984086939201356927e+03
5.649175445709222004e+03
2.987342625236511140e+03
4.679928444742567990e+03
3.326750635880827758e+03
2.614472127408386768e+03
1.159651184057591990e+03
7.764521773123742605e+02
1.894300979465843966e+03
7.789352876639361511e+02
3.968947620576615805e+02
1.154970274328587948e+03
1.150438605017066493e+03
1.068089843750000512e+01
1.892997094578149245e+03
1.891819088291525532e+03
2.251684059998990506e+03
1.524139409551622066e+03
2.961624849357604035e+03
1.522708797979354813e+03
1.158117189306617092e+03
2.614538780850769854e+03
4.008781208557483296e+03
6.547519968637823695e+03
4.693582583231323952e+03
4.998733065793510832e+03
7.163431653961539268e+03
1.004432560791016294e+04
1.093259648703576022e+04
5.935662130660410185e+03
8.000656483879089137e+03
9.248693454107642538e+03
6.866763487997061929e+03
7.941560890617378391e+03
8.778744649052026944e+03
1.004919118408203758e+04
1.009033268798828249e+04
8.832462547611597984e+03
1.322142742019651996e+04
1.411018588292836830e+04
1.541565662726401933e+04
1.545993478342949857e+04
1.564413682021558634e+04
1.576795484420716457e+04
1.568327831068992964e+04
1.576709705337285959e+04
1.563205411147117229e+04
1.565760422987938000e+04
1.502347656980454849e+04
1.556431266979217799e+04
1.523343786990881745e+04
1.349870371177435118e+04
1.503964803100585959e+04
1.561086458081960518e+04
1.545809569223165818e+04
1.561654824292898775e+04
1.401611578649282455e+04
1.400227819127797557e+04
1.544928692636251435e+04
1.440990328413903262e+04
1.402341118383168941e+04
1.298517016155183228e+04
1.315665344558714969e+04
1.065646902421414779e+04
1.065737776200712324e+04
1.066945646989286070e+04
1.228059813654362733e+04
1.169021414836883559e+04
9.981303146972659306e+03
1.024027233068406531e+04
9.282122609686255601e+03
1.190989268784463820e+04
7.422330620706081390e+03
7.650537688035363317e+03
8.728723604435323068e+03
7.075628167328238305e+03
6.520764615244269407e+03
7.627386952256561017e+03
8.504571639039515503e+03
7.139131511444446915e+03
7.412416536843777067e+03
7.677902701157923730e+03
7.077990037140250024e+03
3.639554611489772469e+03
7.597338693284395049e+03
2.592891846036315201e+03
4.294224308919906434e+03
2.935857246818542990e+03
2.595619924649596214e+03
2.588792233609557115e+03
3.272890575456023271e+03
2.243676686952114324e+03
1.888162911533713213e+03
2.235229940125942449e+03
2.236529934022426460e+03
7.678409364676474524e+02
2.230643771913051296e+03
1.140801840185522906e+03
7.660885652518271627e+02
3.859530420869588738e+02
7.669059462332729709e+02
3.900832407563924562e+02
7.839648437500000178e+00
1.867743526157736824e+03
1.138287973303199124e+03
7.752665376639365604e+02
2.955118147697449331e+03
3.309670946854948852e+03
2.236803024842739433e+03
5.276762468642590648e+03
7.704344453787804241e+02
1.509408002080916958e+03
1.134325522131323623e+03
1.506302629766464406e+03
3.275233971757293148e+03
2.946993260002136140e+03
1.880133330845236515e+03
2.933776509513854307e+03
3.614472538735867602e+03
1.137886224340796616e+03
2.587875057095886405e+03
2.224662000062465268e+03
1.505452477178573872e+03
1.872653477329612087e+03
3.912579349702596119e+02
9.718593750000000142e+00
7.679073042654991923e+02
7.706760499930380774e+02
1.139761850866675331e+03
3.917373255342245102e+02
7.619555122733115695e+02
7.670784486746786115e+02
9.487343750000004405e+00
7.637072426199913480e+02
1.137082815527319781e+03
7.669036085867880956e+02
8.889999999999997016e+00
9.274374999999992042e+00
9.507773437500013358e+00
3.873308121675254938e+02
9.698593749999986358e+00
7.656713899588582990e+02
1.133817241796851249e+03
8.309335937499994884e+00
9.786875000000007319e+00
1.114750000000001506e+01
1.212621093749999446e+01
1.018984374999999964e+01
1.038714843750000405e+01
1.009937499999999666e+01
1.050308593750000696e+01
1.061058593749999623e+01
9.481210937499989555e+00
1.115839843750000071e+01
1.056246093749998494e+01
9.785000000000007248e+00
1.013500000000000689e+01
1.038652343749999929e+01
1.148437500000000000e+01
3.884189347261191756e+02
1.017250000000001720e+01
1.057152343749999268e+01
9.245273437500010516e+00
3.819115146821736744e+02
3.862673905366661415e+02
9.028085937500007319e+00
9.915273437499999787e+00
9.499843750000000142e+00
8.190273437500012577e+00
8.964843750000000000e+00
9.290273437500006892e+00
9.881874999999993747e+00
9.739999999999989555e+00
1.023500000000000298e+01
9.344374999999988773e+00
1.338984375000000071e+01
1.023437500000000000e+01
9.249648437500002984e+00
9.227773437499999787e+00
1.063500000000001044e+01
1.132777343749998877e+01
9.876210937500013998e+00
1.032109374999999929e+01
1.102109375000000036e+01
1.176371093749999730e+01
1.026234374999999588e+01
1.191402343749999737e+01
1.054027343749999446e+01
1.026000000000001933e+01
1.057749999999999702e+01
1.011484375000000036e+01
9.656093749999978826e+00
1.080777343750000519e+01
9.539023437500002700e+00
1.000484375000000625e+01
1.060999999999999766e+01
8.749023437500000000e+00
9.787343749999994458e+00
1.039437500000000369e+01
3.812442463105916204e+02
3.806956394380330266e+02
3.813371811860799312e+02
3.793305317109823704e+02
1.116650883459448778e+03
1.111095745214819999e+03
1.051371093750001151e+01
7.539216048026084991e+02
9.127343749999999645e+00
1.062749999999999417e+01
1.127621093750000192e+01
1.102484374999999517e+01
1.125484374999999559e+01
1.079750000000001720e+01
3.829458774751425381e+02
1.030609375000000760e+01
3.823002793306112608e+02
3.776803653901815210e+02
1.082984375000000909e+01
1.106109374999999417e+01
1.162249999999999872e+01
9.111875000000003055e+00
1.343121093749997463e+01
3.795067646211384158e+02
3.812533970063924471e+02
1.041558593750001371e+01
1.106839843749998664e+01
9.060000000000021814e+00
1.134687500000000071e+01
3.747193146699667068e+02
3.811124988740682511e+02
9.626210937499996234e+00
1.038027343749999964e+01
9.861523437500000711e+00
9.162148437499991971e+00
1.062308593749999730e+01
7.486651472830773173e+02
1.059609374999999964e+01
3.801529877656697636e+02
1.059937500000000732e+01
3.771459848970174562e+02
9.003085937500008740e+00
1.026683593749998735e+01
1.128652343749999964e+01
1.004808593750000512e+01
8.904843750000013713e+00
1.093687500000001123e+01
1.103496093749999929e+01
1.037437500000000057e+01
8.870273437500006963e+00
1.123109374999998167e+01
3.806856446260214284e+02
3.811281397432088625e+02
1.096527343750000938e+01
1.087496093749998671e+01
1.047652343750000448e+01
1.040121093750001435e+01
9.624960937499988489e+00
8.513710937499997300e+00
3.817099588960409164e+02
1.027984375000001016e+01
8.861093749999996660e+00
9.787460937499984581e+00
8.685000000000005826e+00
1.009359375000000369e+01
3.807981495088338875e+02
1.123277343750000945e+01
9.677773437500002629e+00
9.756093750000008669e+00
1.130859375000000000e+01
3.830004841035604954e+02
9.656875000000001208e+00
8.865585937500005898e+00
1.036187500000000661e+01
1.036187500000000661e+01
1.021871093749999737e+01
8.194375000000004405e+00
1.242027343750002011e+01
1.791499999999998494e+01
2.304937500000000838e+01
2.958687500000001336e+01
7.412367775321006320e+02
5.043073556289076805e+03
1.190088899230003881e+04
1.455527709413468801e+04
1.446560984859227938e+04
9.130788956426980803e+03
1.152664123510717673e+03
4.111439640229938846e+02
3.595308593750000625e+01
3.033109374999998664e+01
3.061937499999997314e+01
2.473714843749999304e+01
2.718687500000002544e+01
3.242964843750002046e+01
2.319496093749999233e+01
2.143687499999999702e+01
2.200433593749999517e+01
2.176246093750000199e+01
2.174902343750000000e+01
1.751246093750000199e+01
2.087558593749999858e+01
1.710484375000000412e+01
1.892500000000000071e+01
1.601246093749999844e+01
1.559984375000000512e+01
1.512558593750000036e+01
1.348187500000000583e+01
1.640777343749999417e+01
1.478183593750000036e+01
1.436109374999999488e+01
1.423109374999999410e+01
1.282437499999999453e+01
1.624859375000000128e+01
3.963323807710414144e+02
3.941439151948686117e+02
7.685011030936244651e+02
1.348871093750000760e+01
7.712125947928424239e+02
2.241664865663049113e+03
1.523669900274276642e+03
3.317741414689424801e+03
6.256196061704154090e+03
5.004776712033747572e+03
7.158498431610476473e+03
1.006424028564452965e+04
1.308957654430329239e+04
1.382858476897239416e+04
1.492026543025733190e+04
1.548064115214288177e+04
1.500306966581284360e+04
1.410314216561258399e+04
1.210884800771474875e+04
9.513346238896843715e+03
9.027688289556499512e+03
7.663247012376186831e+03
6.780343235311505850e+03
4.980681753537654004e+03
4.306088680257798842e+03
2.590468647488951774e+03
7.666236037039759594e+02
1.506034637823104504e+03
3.907010575288535392e+02
1.135236310095191129e+03
1.147484374999999801e+01
1.126500000000001478e+01
1.092089843750000000e+01
1.128359374999999964e+01
1.178714843749999375e+01
1.150464843750000554e+01
1.163359374999999929e+01
1.321839843749999410e+01
1.181152343750000000e+01
1.041933593749999964e+01
1.012984375000000448e+01
1.077437500000000803e+01
9.902148437499999289e+00
9.541835937499993037e+00
1.013402343749999091e+01
1.164214843750000838e+01
1.124437500000001222e+01
1.085937500000000000e+01
1.202500000000000036e+01
1.134808593749999872e+01
9.272499999999999076e+00
1.039984374999999872e+01
1.143027343750000036e+01
1.226187500000000163e+01
1.164183593749999623e+01
1.234999999999999964e+01
1.329609375000000071e+01
1.276734374999999666e+01
1.550214843750000071e+01
1.160933593749999382e+01
1.155687499999998735e+01
1.282621093750001329e+01
1.279000000000000270e+01
1.109839843749999311e+01
1.234937500000000554e+01
9.434023437499998721e+00
1.105683593750000071e+01
1.295687499999999304e+01
1.152496093749999595e+01
1.053433593749999986e+01
9.726523437499999147e+00
1.285058593750000000e+01
1.009000000000001229e+01
1.191937500000001116e+01
1.242984375000001407e+01
9.996835937499998437e+00
1.008558593750000298e+01
1.248402343750000298e+01
1.337089843749999929e+01
1.180621093750000306e+01
1.392250000000000298e+01
9.984023437499995879e+00
8.742343749999994529e+00
1.126234374999999766e+01
1.044589843750000036e+01
1.134000000000000696e+01
1.079058593750000838e+01
9.800000000000000711e+00
1.126152343749999929e+01
1.090484375000000838e+01
1.072359374999998671e+01
1.167484374999999908e+01
1.396371093750001613e+01
9.826523437499995239e+00
1.054937500000000838e+01
1.243437499999999929e+01
1.063187499999999552e+01
1.071250000000000036e+01
9.774375000000009805e+00
1.021250000000000036e+01
1.131714843749999133e+01
1.162152343749999162e+01
1.276933593749999929e+01
1.144371093749998991e+01
1.230464843750000092e+01
1.145250000000001123e+01
1.063746093749998778e+01
1.065152343750000341e+01
1.161250000000000071e+01
1.151734374999999133e+01
1.201109374999999169e+01
1.169214843749998600e+01
1.021839843749999943e+01
1.224683593750000554e+01
1.138746093750000199e+01
1.130746093750001435e+01
1.152621093750000014e+01
1.222183593749999986e+01
1.447246093749999929e+01
1.228589843749998778e+01
1.340464843750000590e+01
1.594683593749999773e+01
1.216777343749999929e+01
1.182984374999999844e+01
1.361089843749999240e+01
1.201500000000000590e+01
1.254433593749999964e+01
1.546109374999999275e+01
1.699859375000000483e+01
1.059496093750000689e+01
1.214964843749998558e+01
1.225250000000000128e+01
1.592437500000000128e+01
1.397109374999999964e+01
1.170687499999999304e+01
1.165214843749999929e+01
1.161859375000000583e+01
1.332437500000000341e+01
1.244839843749999808e+01
1.184277343750000000e+01
1.211000000000000298e+01
1.205433593749999588e+01
1.176499999999998280e+01
1.254058593750001549e+01
1.382984375000000554e+01
1.239183593749999623e+01
1.126714843749998707e+01
1.254527343750001123e+01
1.177187499999999964e+01
1.173687500000000838e+01
1.109964843750000441e+01
1.088749999999999929e+01
1.130121093749999872e+01
1.043437499999999929e+01
9.493398437499978471e+00
1.088808593749999964e+01
9.142343749999998437e+00
1.123609374999999311e+01
1.325121093750001400e+01
1.285933593750000092e+01
1.078589843749999844e+01
1.034339843749998522e+01
1.146996093749999268e+01
1.055839843749999929e+01
9.961093750000006963e+00
1.115589843750000654e+01
1.326683593750000156e+01
1.128500000000001613e+01
1.009859374999998316e+01
1.211933593750000071e+01
1.035308593750000306e+01
9.556093749999986287e+00
1.059746093749999929e+01
1.083359375000000036e+01
1.122808593750001727e+01
1.118999999999999773e+01
9.799375000000008384e+00
1.123089843750000583e+01
1.008714843749999091e+01
9.346835937499990976e+00
9.286874999999991331e+00
8.823593749999986358e+00
8.923398437499997726e+00
1.053109375000000725e+01
1.119496093750001187e+01
1.019359374999998913e+01
9.984023437499990550e+00
9.942773437499999645e+00
9.574960937499984226e+00
1.076152343749999929e+01
1.033589843749999915e+01
1.013187500000001329e+01
1.133609374999999275e+01
1.006714843749997890e+01
1.013437500000000036e+01
9.782460937499992681e+00
1.073500000000001720e+01
9.799843750000002629e+00
1.051246093749998956e+01
1.078558593749999872e+01
9.842343749999999503e+00
9.986523437500000711e+00
1.144234375000001336e+01
1.003609375000000625e+01
9.585898437499993818e+00
1.069902343749999929e+01
9.672500000000008313e+00
1.036996093749999304e+01
9.464999999999999858e+00
9.699648437499995168e+00
8.861093749999991331e+00
1.022484374999999979e+01
1.000214843750000071e+01
1.107187500000000036e+01
1.060902343749999410e+01
9.550000000000000711e+00
9.179648437499988489e+00
8.112500000000000711e+00
8.643593749999999076e+00
6.861093750000001990e+00
9.817343750000000924e+00
8.555898437499994458e+00
8.031093750000001918e+00
9.861875000000004832e+00
8.893398437499985931e+00
9.499023437500000000e+00
8.556210937499987068e+00
1.076234374999999588e+01
1.008121093749998209e+01
8.199999999999999289e+00
8.191835937499991616e+00
7.337343750000004938e+00
8.039999999999997371e+00
8.424374999999994174e+00
8.426523437500001990e+00
1.048187499999999339e+01
9.422500000000002984e+00
8.943398437499983089e+00
1.075250000000001016e+01
1.053109375000001435e+01
1.036734375000001940e+01
1.002339843749999204e+01
1.026484375000000071e+01
9.672500000000001208e+00
9.479335937500000142e+00
1.033750000000000036e+01
1.028187499999999588e+01
9.210898437499997371e+00
1.003109374999998948e+01
1.040250000000000341e+01
1.024437500000000867e+01
9.677773437500002629e+00
9.999648437499990550e+00
1.017308593750000334e+01
1.155777343750002117e+01
1.009937500000001265e+01
1.095687499999998415e+01
1.205234375000000036e+01
1.080527343750000036e+01
9.988710937499991616e+00
9.512343750000004761e+00
1.068871093750002288e+01
1.147621093749999588e+01
1.255484375000001585e+01
1.560839843750000000e+01
1.379437499999998806e+01
1.128121093749998316e+01
1.105621093749998884e+01
1.044984375000000121e+01
1.063558593750000192e+01
1.228277343750001371e+01
1.290249999999998920e+01
1.418750000000000000e+01
9.774375000000004476e+00
1.201499999999998991e+01
1.146234375000000050e+01
1.014234374999999133e+01
1.161839843750000334e+01
1.028589843750000554e+01
8.843593749999989484e+00
1.009496093750001044e+01
8.559023437499986287e+00
9.056875000000010445e+00
1.043500000000000050e+01
1.068433593749999311e+01
1.016249999999999964e+01
9.523398437499995595e+00
9.668593750000011866e+00
9.774843749999996945e+00
9.314023437499995950e+00
1.079437500000001116e+01
8.327499999999984581e+00
8.190273437500003695e+00
1.002871093749999964e+01
9.739023437500001990e+00
9.430273437500000355e+00
9.411875000000010871e+00
9.774843750000005826e+00
1.001000000000001755e+01
9.444374999999986642e+00
9.867148437500006253e+00
1.232437499999999808e+01
9.353085937500013713e+00
7.964999999999991864e+00
9.658593749999999645e+00
9.991835937499995879e+00
8.740273437500000853e+00
8.864023437500001990e+00
8.199843749999988773e+00
9.812343749999993037e+00
9.917343749999993463e+00
8.472499999999993037e+00
7.803710937500000000e+00
8.974843750000001563e+00
8.366835937499986997e+00
9.309999999999998721e+00
8.349843750000003340e+00
8.899843749999996945e+00
8.587500000000000355e+00
8.987460937499994529e+00
8.992773437500000355e+00
8.587343749999991616e+00
9.824960937499998437e+00
1.074183593749999766e+01
1.044000000000001194e+01
1.150058593750000036e+01
9.928085937500009450e+00
1.123402343749999588e+01
1.074234375000000163e+01
9.767343750000009095e+00
9.839023437500001634e+00
1.095308593750001691e+01
8.699843749999990550e+00
9.904843749999999503e+00
9.345898437500000711e+00
9.221875000000000711e+00
1.071109375000000696e+01
9.781210937500006253e+00
9.898398437499990266e+00
9.313085937500000355e+00
9.174648437500010800e+00
8.076210937499997300e+00
8.674374999999995950e+00
8.452500000000000568e+00
8.597460937499999289e+00
9.720273437500004832e+00
1.035249999999999737e+01
9.793710937500005542e+00
1.006308593750000036e+01
9.004335937499991616e+00
1.003687500000000909e+01
1.206996093750001897e+01
1.217187500000000000e+01
1.095621093749998920e+01
1.404652343749999410e+01
1.657750000000002188e+01
1.522437500000001442e+01
1.974609375000000000e+01
2.217339843750000483e+01
3.018687499999999702e+01
2.947484374999998025e+01
3.865578553193809626e+02
3.201058593749998238e+01
5.371327227935792507e+03
8.588707974615097555e+03
1.071583421902119881e+04
1.189704349970280236e+04
1.406778024799764353e+04
1.526693607803345731e+04
1.527559919294774227e+04
1.444533259029149121e+04
1.205383867151678351e+04
1.121833537019491268e+04
1.032881227550267613e+04
6.753698998250963996e+03
6.186092601010789622e+03
2.581331425809262328e+03
2.232409789979457855e+03
3.263514791459443586e+03
2.936495298576354799e+03
3.616495887734889948e+03
3.289959157609343038e+03
2.954502962150570056e+03
4.646098268350959188e+03
6.801861461629870064e+03
5.922602972335216691e+03
4.645360614237189111e+03
4.335338703451155197e+03
9.279441399664279743e+03
1.358169731318891536e+04
1.695777343750000909e+01
1.639058593750001336e+01
1.061859375000000938e+01
1.324750000000003070e+01
1.382984374999999844e+01
1.491249999999999964e+01
1.492558593749999929e+01
1.371187500000002402e+01
1.324683593749998600e+01
1.448187500000003425e+01
1.359996093749998280e+01
1.394937500000000341e+01
1.656187500000002188e+01
1.705746093750003212e+01
1.901234374999998167e+01
1.575234374999999964e+01
1.694996093749998778e+01
1.787558593749999858e+01
1.490621093749996895e+01
1.951187500000002473e+01
1.570464843750000661e+01
1.445121093750000441e+01
1.165250000000000163e+01
1.395249999999998636e+01
1.553402343750001613e+01
1.695933593749999702e+01
1.545484374999999844e+01
1.818750000000000000e+01
1.651109375000000412e+01
1.651109375000000412e+01
3.709999999999997300e+00
5.554843750000006075e+00
1.376109375000000590e+01
1.784984374999998025e+01
3.317359374999997357e+01
4.804527343750000767e+01
4.377183593750000057e+01
4.427187500000000142e+01
3.801996093749998806e+01
4.544234374999999915e+01
5.007402343750000284e+01
3.990687499999997812e+01
3.490250000000001762e+01
3.275308593750000341e+01
3.015484375000000483e+01
2.165527343750000000e+01
2.228609374999999915e+01
2.384859375000000981e+01
2.695433593750001933e+01
2.521859374999998948e+01
3.781115696138143107e+02
2.147734374999999929e+01
3.750452698701620307e+02
3.703431406587362176e+02
3.749224186128377596e+02
3.790283252900837851e+02
3.811968476289511045e+02
1.085268504614233962e+03
3.848906159394979341e+02
1.122964685949683144e+03
3.189497278031706628e+03
2.873483467521667080e+03
3.572504643228052828e+03
2.904468543205261540e+03
5.825775819014907029e+03
5.825775819014907029e+03
5.602773437500011333e+00
4.724999999999999645e+00
8.395273437500016200e+00
1.359984375000001400e+01
3.290121093750000369e+01
3.261839843749999801e+01
3.815746093750006196e+01
4.369433593750000000e+01
3.957984375000002331e+01
3.260859374999999716e+01
3.860308593750000483e+01
2.675687499999999019e+01
2.609902343750000142e+01
1.761683593750000654e+01
2.158746093749998707e+01
2.403734375000000512e+01
2.410996093749999858e+01
1.814902343749999858e+01
1.758808593750000071e+01
1.719000000000001904e+01
1.406234375000000192e+01
1.190121093749999304e+01
1.382984375000001975e+01
1.346859375000002146e+01
1.209808593749999694e+01
1.090933593749999808e+01
1.094749999999999268e+01
9.349999999999999645e+00
9.346835937499999858e+00
9.848398437499993108e+00
9.078085937500006253e+00
9.442343749999995595e+00
8.764843750000000711e+00
8.706875000000014353e+00
8.513710937499999076e+00
9.309335937499998437e+00
8.964023437499992752e+00
1.026249999999999929e+01
9.012343749999986997e+00
9.312343750000007248e+00
7.249648437500003872e+00
9.326523437500002345e+00
9.453085937500008029e+00
9.456210937499983871e+00
9.240000000000016200e+00
9.367343750000006963e+00
9.559960937499999645e+00
9.256874999999975984e+00
1.082621093750002572e+01
1.157808593750001336e+01
1.067109375000000071e+01
8.737148437499996589e+00
9.472460937499999289e+00
9.665273437500008669e+00
1.095609374999998487e+01
1.030214843749999964e+01
9.701210937500025722e+00
9.023085937500004761e+00
1.028687499999998956e+01
1.227734375000000000e+01
1.387984374999998671e+01
1.313246093749999943e+01
1.211714843750000448e+01
1.342089843750000000e+01
1.439214843749998352e+01
1.385621093750000554e+01
1.230777343750001762e+01
1.437652343749999773e+01
1.435250000000001691e+01
1.785277343749998025e+01
1.314359374999996533e+01
1.506234374999998771e+01
1.359234375000001727e+01
1.662558593749999858e+01
1.578027343750000000e+01
1.485308593750001727e+01
1.335214843750000036e+01
1.328687500000001975e+01
1.281089843750000057e+01
1.210937500000000000e+01
1.286558593750001833e+01
1.297027343750002082e+01
1.621464843749999929e+01
1.534214843750001833e+01
1.374687499999999929e+01
1.416484374999999929e+01
1.232437500000000696e+01
1.424371093749999773e+01
1.601371093750000085e+01
1.207984375000001265e+01
1.083999999999999275e+01
1.491234374999998735e+01
1.272249999999998593e+01
1.268687500000000412e+01
1.446933593750000036e+01
1.317964843749997783e+01
1.241859375000000831e+01
1.396621093749999964e+01
1.246859374999998948e+01
1.368089843750002288e+01
1.258246093750002359e+01
1.261714843750000803e+01
1.038871093750001329e+01
1.207339843749999986e+01
1.262484374999998593e+01
1.539859375000000696e+01
1.189277343750000071e+01
1.181871093749997392e+01
1.339527343750001442e+01
1.411859374999999162e+01
1.289937499999998138e+01
1.351937499999999126e+01
1.282714843750000000e+01
1.367402343750000071e+01
1.187359375000000483e+01
1.253964843750000036e+01
1.257152343750001400e+01
1.389359374999997954e+01
1.412496093749999737e+01
1.239000000000000234e+01
1.153089843749998877e+01
1.219527343750001158e+01
1.309609374999999964e+01
1.194027343749999659e+01
1.217359374999999844e+01
1.536859374999999872e+01
1.226308593749999964e+01
1.452109375000000036e+01
1.177359374999999986e+01
1.217484374999998309e+01
1.395121093750001151e+01
1.391937499999999339e+01
1.177359375000000341e+01
1.249359375000001293e+01
1.252652343750000341e+01
1.582496093750000021e+01
1.348652343750000071e+01
1.270839843749999964e+01
1.286246093749998032e+01
1.428089843749999588e+01
1.410839843750000000e+01
1.538246093749999410e+01
1.719984374999999588e+01
1.811499999999998423e+01
1.528714843749998487e+01
1.909984374999996248e+01
1.404214843749998032e+01
1.366996093750000441e+01
1.415621093749998316e+01
1.429527343750000590e+01
1.317558593749999929e+01
1.456371093749999091e+01
1.486859375000003602e+01
1.464839843749999737e+01
1.269183593750000583e+01
1.517437499999999240e+01
1.467500000000000071e+01
1.534214843750000945e+01
1.517359374999998067e+01
1.366933593749999964e+01
1.339000000000002011e+01
1.971871093750000270e+01
1.743808593749999858e+01
1.605484374999998920e+01
1.423121093749998067e+01
1.613187500000000085e+01
1.597437499999999844e+01
1.609609375000000142e+01
1.741871093749998423e+01
1.855000000000000071e+01
1.709183593750001151e+01
1.547187500000000071e+01
1.656937499999999375e+01
1.524859374999997819e+01
1.699750000000002359e+01
2.001234374999997456e+01
1.967500000000000071e+01
1.761714843749998138e+01
1.520609374999995644e+01
1.517437500000000128e+01
1.761402343749999133e+01
1.536734374999999986e+01
1.639609374999999858e+01
2.059937500000001265e+01
1.921109374999999986e+01
2.006246093750000270e+01
2.004000000000001336e+01
1.436402343749998956e+01
1.497499999999999964e+01
1.324984375000000014e+01
1.729964843750000369e+01
2.099359375000000938e+01
1.925777343750000625e+01
1.996484375000000000e+01
1.918187499999998735e+01
1.836484374999999858e+01
2.343246093750005699e+01
2.031109375000000483e+01
2.342152343750003851e+01
2.501187500000001052e+01
2.281499999999999062e+01
2.334937500000000199e+01
2.026000000000000867e+01
1.741484374999999929e+01
2.200777343750001336e+01
2.512437500000000057e+01
2.169902343749999929e+01
2.088246093750002430e+01
2.211839843750001222e+01
2.121214843749999446e+01
1.796109374999999631e+01
1.703433593749998920e+01
1.545058593749999964e+01
1.783964843749999929e+01
1.716871093749997712e+01
1.560839843750000000e+01
2.007808593750002757e+01
1.866000000000003922e+01
1.658121093749997499e+01
1.856937500000002927e+01
1.869609374999999929e+01
1.729589843750000000e+01
1.723433593749998494e+01
1.803902343749999204e+01
1.758714843749999801e+01
1.625277343749997883e+01
1.945308593750003112e+01
1.816714843749996788e+01
1.584437500000002430e+01
1.821214843749998380e+01
1.584749999999998238e+01
1.388609375000000945e+01
1.542750000000002331e+01
1.547499999999999964e+01
1.538277343750003112e+01
1.701558593750001691e+01
1.492250000000001009e+01
2.117109375000000071e+01
2.079996093749999986e+01
1.819437499999996888e+01
1.617359374999997712e+01
1.571937500000002252e+01
1.383121093749997144e+01
1.376058593749999304e+01
1.406937499999999019e+01
1.711234374999997243e+01
1.557984374999998956e+01
1.455484374999998920e+01
1.700777343750001336e+01
1.519808593749998771e+01
1.269750000000003176e+01
1.649984375000000725e+01
1.665484374999999417e+01
1.682308593749998238e+01
1.964234375000000199e+01
1.877187500000000142e+01
1.705433593750002430e+01
1.773246093749999375e+01
1.843984375000000142e+01
1.808609375000001052e+01
1.525484375000002402e+01
1.434746093749999929e+01
1.586250000000000071e+01
1.520937499999999964e+01
1.704937500000001904e+01
1.694527343750002402e+01
1.473652343750000071e+01
1.799996093750000625e+01
1.572777343750000156e+01
1.464437499999997172e+01
1.553687499999998600e+01
1.754937499999999417e+01
1.441187499999999133e+01
1.566558593750002082e+01
1.568183593750000071e+01
1.594496093749999410e+01
1.434234375000001549e+01
1.446371093750000192e+01
1.466500000000000092e+01
1.353749999999999964e+01
1.308746093750000128e+01
1.238437500000000036e+01
1.312750000000001727e+01
1.329859374999998423e+01
1.199937500000001300e+01
1.348589843749999773e+01
1.499496093749999659e+01
1.383187500000002146e+01
1.378871093750000831e+01
1.415621093749997783e+01
1.429937500000001194e+01
1.281246093749998316e+01
1.391234375000001044e+01
1.502777343749996497e+01
1.394859374999997570e+01
1.406859375000003709e+01
1.597109374999999964e+01
1.538359374999999929e+01
1.477777343749998273e+01
1.419683593749998884e+01
1.643558593749998309e+01
1.472984374999998103e+01
1.525937500000000036e+01
1.303496093749999929e+01
1.319749999999998558e+01
1.583589843749998316e+01
1.558999999999998565e+01
2.221499999999999275e+01
1.507652343749999524e+01
1.546058593749998167e+01
1.382499999999999929e+01
1.441527343749999091e+01
1.546402343749998565e+01
1.480996093749999964e+01
1.368437499999999929e+01
1.331937499999997954e+01
1.308187499999999304e+01
1.158437499999999964e+01
1.313558593749999126e+01
1.296859375000000547e+01
1.982808593750001336e+01
1.352250000000003283e+01
1.308277343750001265e+01
1.219839843749999453e+01
1.273687499999998707e+01
1.367250000000001364e+01
1.589937499999998849e+01
1.455484374999999275e+01
1.392359374999997534e+01
1.550746093750003318e+01
1.403999999999999204e+01
1.205121093750000583e+01
1.255121093749998273e+01
1.269839843750000341e+01
1.303109374999998771e+01
1.522152343750002501e+01
1.549183593750000831e+01
1.249859374999999773e+01
1.293999999999999773e+01
1.572964843749997854e+01
1.492484374999997065e+01
1.404359375000000476e+01
1.396058593749998522e+01
1.588589843750000341e+01
1.519859374999998636e+01
1.540484374999998884e+01
1.786937499999997314e+01
1.456500000000000306e+01
1.489902343750000036e+01
1.669433593750000000e+01
1.415152343749999453e+01
1.641214843749996533e+01
1.482308593749998238e+01
1.578746093750000412e+01
1.656152343750000000e+01
1.784359375000004277e+01
1.781937500000002927e+01
2.092152343750003141e+01
1.882089843749999858e+01
1.683558593749997812e+01
1.925859374999999929e+01
1.678687500000000199e+01
1.624437499999996604e+01
2.038746093750000554e+01
1.718808593749999858e+01
2.152187500000000142e+01
1.659371093749998494e+01
1.895999999999999375e+01
1.730937499999999929e+01
1.664234374999999488e+01
1.796621093750000142e+01
1.437437500000000590e+01
1.457734375000000071e+01
1.621484375000000000e+01
1.591214843749999908e+01
1.707437499999999631e+01
1.557734375000000071e+01
1.602359374999998209e+01
1.602808593750001620e+01
1.713109374999999091e+01
1.805464843749999204e+01
1.668121093749997286e+01
1.678109375000003922e+01
1.400746093750003318e+01
1.339027343749997634e+01
1.588558593749997883e+01
1.269000000000002792e+01
1.417777343749997954e+01
1.384027343749998273e+01
1.338437500000000036e+01
1.400250000000002082e+01
1.215933593750000341e+01
1.215933593750000341e+01
5.262343750000008313e+00
4.947500000000013110e+00
1.291058593750000227e+01
2.458109375000004349e+01
4.188433593750003325e+01
3.412964843749998067e+01
5.409027343749998096e+01
3.783786286348105250e+02
7.151602278494835900e+02
3.790720322602988404e+02
3.758072541230917523e+02
3.728972626680135249e+02
1.388856268682479822e+03
7.279120515799520490e+02
1.413371822881698563e+03
2.764058593750000981e+01
3.777032868379354227e+02
3.780569904512166772e+02
3.800289621919393426e+02
3.793270707124472096e+02
2.489437499999998593e+01
3.771432612031698000e+02
3.798634037202596687e+02
2.402964843750000767e+01
2.461234374999998664e+01
2.119496093750003141e+01
2.356187500000002188e+01
1.562749999999999773e+01
1.293589843749998280e+01
1.586714843750001158e+01
1.547250000000000725e+01
1.424859374999998352e+01
1.573714843750000014e+01
1.227089843749999964e+01
1.615902343750001080e+01
1.629371093750000909e+01
1.472984375000000945e+01
1.335484375000000590e+01
1.429277343749999929e+01
1.283558593749999055e+01
1.176234374999999766e+01
9.781874999999995879e+00
1.246109374999999275e+01
1.294496093749999410e+01
1.337777343749999659e+01
1.108999999999999986e+01
9.833593750000000355e+00
1.009996093749999879e+01
8.937148437499999432e+00
8.623085937500011511e+00
8.798398437499999503e+00
7.529843750000011937e+00
1.029183593749999304e+01
9.999960937499993818e+00
1.136714843749998849e+01
1.173558593749999801e+01
9.940000000000001279e+00
7.414648437500000355e+00
7.785585937500012044e+00
9.054335937499986997e+00
8.674843749999986642e+00
8.198593749999997016e+00
9.971523437499996589e+00
7.447460937499999822e+00
7.619374999999992681e+00
9.549648437500014353e+00
1.045902343749999375e+01
1.328714843749999730e+01
7.799843749999988418e+00
9.028085937500012648e+00
8.224648437499999076e+00
7.452499999999998792e+00
7.852343750000000178e+00
9.587343750000005826e+00
9.731874999999991616e+00
9.381093749999994458e+00
1.050609374999998735e+01
8.781875000000002984e+00
9.126210937499994458e+00
8.357773437500009450e+00
9.983398437500000000e+00
9.187460937499990266e+00
9.881875000000004405e+00
8.622499999999998721e+00
8.568593750000010445e+00
9.246835937500000213e+00
1.052339843749999204e+01
8.231093749999995879e+00
7.949843750000001208e+00
8.789023437500000924e+00
9.199648437499998721e+00
8.293593749999988773e+00
1.093871093750000156e+01
9.224648437499997300e+00
9.112343749999991971e+00
8.372460937499999645e+00
9.006874999999984865e+00
8.567148437500005542e+00
1.054027343749999623e+01
1.027652343750000519e+01
8.543593749999979892e+00
8.987148437500014353e+00
6.398593749999995417e+00
7.648593749999998970e+00
7.899843750000006715e+00
8.471093749999999645e+00
1.047777343750000334e+01
7.887148437500012044e+00
7.821875000000000355e+00
7.984999999999990550e+00
7.784023437499989484e+00
7.671875000000000000e+00
6.777773437500006715e+00
7.819375000000015064e+00
8.750000000000000000e+00
7.980273437500000178e+00
7.962460937499993285e+00
8.374648437500011866e+00
7.240000000000003766e+00
6.793710937500000213e+00
6.364023437500000213e+00
6.939999999999995062e+00
8.601523437500002700e+00
8.148085937500008313e+00
8.801523437499993108e+00
7.756835937500000000e+00
7.095273437500011937e+00
6.792773437500000178e+00
7.848085937500012044e+00
8.719374999999995879e+00
8.806210937499999503e+00
7.922499999999994991e+00
8.344375000000010090e+00
8.299843750000009734e+00
7.292343750000000568e+00
7.499843749999987708e+00
6.924648437500006359e+00
7.429843749999998082e+00
7.997500000000013820e+00
7.517343750000003766e+00
9.310000000000023590e+00
7.610898437499995062e+00
7.940273437500006359e+00
7.454843750000001990e+00
8.049375000000015490e+00
9.425000000000000711e+00
8.502499999999988844e+00
7.974843749999990905e+00
8.660898437499991331e+00
7.419374999999990727e+00
7.462343750000004938e+00
8.163710937499995879e+00
9.222500000000014353e+00
1.078109374999998771e+01
8.515273437500011866e+00
8.473593749999997371e+00
8.437343749999989484e+00
8.789648437500000355e+00
7.884023437499989129e+00
9.696875000000000355e+00
9.162343749999990905e+00
9.059999999999993392e+00
7.344374999999994102e+00
8.937148437500001208e+00
9.387499999999999289e+00
8.574999999999999289e+00
1.099937500000000945e+01
8.440585937500010516e+00
1.027339843749999737e+01
1.043734375000000014e+01
9.131093750000017550e+00
9.405273437500000000e+00
9.027343750000000000e+00
7.744374999999979359e+00
8.734023437499988773e+00
7.815273437500006359e+00
1.070464843749998174e+01
9.318710937499988134e+00
7.941835937499985398e+00
8.056093749999998721e+00
7.790273437500005116e+00
9.098593749999981384e+00
7.061875000000003233e+00
7.131875000000006182e+00
1.061484375000000036e+01
8.349999999999999645e+00
8.178085937500005898e+00
8.125000000000000000e+00
7.633593750000000178e+00
6.836093749999991864e+00
7.595273437500002167e+00
9.073593749999984581e+00
7.699843749999985221e+00
6.477773437500009557e+00
8.043398437499984510e+00
7.116835937499994102e+00
6.212500000000000355e+00
6.702500000000007674e+00
6.921875000000000000e+00
7.887460937499993108e+00
8.167773437499999289e+00
7.302500000000001990e+00
7.192343750000001812e+00
8.268710937499987423e+00
7.624843749999987708e+00
6.520898437499999645e+00
8.319960937500002984e+00
7.767343750000006430e+00
7.139843749999999822e+00
7.421523437499986997e+00
6.949023437500000178e+00
8.757773437500008029e+00
8.721875000000000711e+00
6.989023437499996660e+00
9.481093749999976339e+00
8.261523437499999289e+00
7.920273437500007674e+00
8.681875000000001563e+00
7.736093750000001990e+00
8.120273437499999858e+00
7.424960937499998082e+00
9.442773437499999645e+00
9.006874999999984865e+00
6.260000000000001563e+00
7.081093749999993747e+00
8.744335937500000711e+00
7.652343750000000000e+00
7.439648437499999822e+00
7.306093749999999609e+00
8.473593750000004476e+00
7.396835937500005898e+00
7.639843749999999822e+00
9.943398437500000853e+00
1.023558593750000512e+01
1.072750000000000092e+01
1.040234375000000000e+01
8.053085937500005898e+00
8.398085937500004761e+00
9.249843749999987708e+00
8.594374999999990550e+00
1.164234375000000909e+01
7.536874999999999325e+00
8.972500000000001918e+00
9.855273437499999289e+00
8.898593750000001634e+00
9.427773437500011511e+00
8.139999999999993463e+00
8.956835937499999289e+00
7.905898437499983444e+00
8.754335937499998721e+00
8.845273437500011937e+00
1.128746093749999879e+01
6.987499999999999822e+00
1.152652343749999453e+01
7.468710937499993818e+00
7.599375000000006430e+00
7.331835937500000178e+00
8.236093749999996660e+00
8.123593749999992397e+00
8.654843750000004832e+00
8.642148437499987068e+00
8.199374999999999858e+00
7.806093749999997833e+00
7.252773437500006359e+00
7.494374999999993570e+00
9.937343750000005471e+00
9.034375000000000711e+00
1.033496093750000000e+01
1.274808593749999730e+01
9.658398437500000711e+00
1.104652343749999943e+01
1.138984375000000071e+01
7.894374999999992149e+00
1.017749999999999311e+01
8.924843749999990195e+00
7.406210937499994706e+00
1.009371093749999559e+01
7.644335937500000178e+00
6.622499999999997833e+00
9.118593749999998721e+00
9.718710937499990266e+00
7.147460937500000000e+00
7.216835937499995524e+00
8.012343749999986997e+00
7.798593749999994884e+00
7.467343750000002167e+00
7.949648437500012044e+00
8.027500000000008740e+00
8.793398437499996945e+00
9.498593749999994174e+00
9.207460937499998721e+00
8.949999999999999289e+00
9.899960937499988844e+00
1.084234375000000661e+01
1.297464843750000263e+01
1.120937499999999964e+01
9.314999999999990621e+00
7.996093750000000000e+00
1.101187500000000341e+01
9.524960937499990621e+00
1.018089843749998558e+01
9.771874999999999645e+00
1.209214843749998636e+01
1.055464843750000270e+01
9.761093749999997016e+00
9.367343750000003411e+00
8.805898437499994458e+00
8.684335937500000213e+00
7.709023437499983977e+00
9.302343750000000355e+00
1.162308593749999908e+01
8.536874999999998437e+00
8.807460937500000142e+00
1.039964843750001044e+01
1.184683593749999986e+01
1.022777343750000512e+01
8.309023437499988063e+00
8.310898437499997016e+00
9.333398437499999645e+00
1.059214843749998813e+01
9.643710937500006963e+00
7.624843750000008136e+00
8.574843750000008313e+00
7.864999999999999325e+00
9.139843750000000711e+00
8.919374999999980957e+00
1.038437500000000036e+01
8.991835937499997655e+00
8.956093749999977760e+00
8.999375000000011227e+00
8.979843749999998792e+00
1.007558593749999964e+01
7.602773437500006892e+00
7.510585937500010800e+00
8.852500000000000924e+00
7.749375000000003233e+00
9.010585937500000142e+00
6.556093750000012044e+00
9.604335937499985931e+00
7.757460937499997655e+00
8.275000000000000355e+00
7.327148437500000000e+00
8.175585937499999289e+00
8.064843749999999645e+00
7.361093750000000213e+00
6.990273437500007958e+00
7.879335937499982734e+00
7.073085937500010800e+00
6.431874999999993570e+00
7.168398437499993392e+00
9.242148437499981384e+00
9.060585937500007958e+00
7.694374999999989306e+00
8.633593749999999289e+00
8.321835937500001279e+00
9.593593749999978826e+00
8.102500000000000924e+00
8.757773437500002700e+00
1.050621093749998991e+01
9.009999999999992681e+00
1.018714843750001542e+01
9.793593749999995879e+00
1.015152343749999986e+01
1.072964843749999453e+01
9.596093749999999645e+00
1.055933593750000199e+01
8.659023437499987708e+00
7.775000000000000355e+00
9.137343750000006537e+00
8.538085937500000000e+00
6.590273437500007603e+00
8.629843749999993818e+00
9.706874999999994813e+00
8.412499999999999645e+00
8.753085937500010516e+00
8.152773437500007603e+00
9.271523437499991971e+00
8.654648437499986358e+00
7.681093749999995168e+00
9.661874999999998437e+00
1.008734374999998451e+01
9.254648437499986002e+00
8.881093750000017550e+00
1.081937499999999197e+01
9.884335937499995950e+00
9.660000000000021458e+00
8.298398437499994174e+00
9.617148437499986713e+00
1.108187500000000192e+01
8.344960937499999787e+00
8.674843750000007958e+00
8.810898437499993463e+00
7.888710937499991971e+00
6.990000000000000213e+00
9.285000000000007248e+00
1.478558593749999162e+01
2.201859375000003283e+01
3.423652343749999716e+01
3.794683593749998352e+01
3.165609374999998593e+01
3.319996093750002331e+01
2.621234375000001293e+01
3.682560749238729159e+02
7.218209871268271627e+02
3.695016770356893971e+02
3.772095978730917523e+02
7.108266481375694639e+02
1.868121093749998707e+01
7.309296614432334991e+02
3.766358326143026147e+02
2.167187500000000000e+01
7.291754652762413116e+02
2.172984375000000057e+01
1.724984374999997883e+01
1.499183593750000476e+01
1.696249999999999858e+01
1.402027343750000554e+01
1.287808593750001229e+01
1.499683593749999844e+01
1.284234375000000661e+01
1.379808593749999979e+01
1.407437499999999986e+01
1.417777343749999019e+01
1.337464843750000298e+01
1.377437500000000981e+01
1.161058593750000156e+01
1.221996093749999623e+01
1.054371093750000554e+01
1.415464843750000412e+01
1.061734375000001229e+01
9.074374999999992752e+00
9.462460937499987068e+00
8.919374999999986287e+00
1.142871093750000000e+01
9.060000000000005826e+00
8.971093749999999645e+00
8.604648437499987423e+00
1.087749999999999773e+01
1.065527343750000000e+01
1.054234375000001123e+01
1.151402343750000234e+01
8.184374999999999289e+00
9.929335937499997655e+00
8.577343750000000711e+00
1.023437500000000000e+01
1.071187499999999915e+01
9.431210937499988844e+00
9.192343749999995595e+00
8.264648437500000000e+00
1.002183593749999702e+01
9.899375000000009805e+00
1.028402343749999481e+01
1.007152343749998913e+01
8.561874999999997016e+00
1.015250000000000163e+01
9.771523437499988418e+00
1.014937499999999737e+01
1.069234374999999737e+01
8.964999999999998082e+00
9.736093749999998437e+00
9.379843750000004476e+00
9.401523437499996305e+00
9.426210937500014708e+00
9.227500000000002700e+00
1.049027343749999552e+01
9.756835937500000000e+00
7.486093750000000213e+00
1.049027343750000263e+01
8.843593749999998366e+00
9.639023437500004121e+00
1.036371093749999694e+01
7.461874999999999147e+00
8.923593749999991331e+00
9.830898437499982379e+00
1.043277343749999986e+01
1.014234375000001265e+01
9.280898437499992326e+00
1.056109375000000128e+01
1.008999999999998920e+01
1.007499999999999929e+01
8.666835937499991260e+00
1.044859374999998991e+01
1.146402343749999986e+01
1.034687500000000071e+01
1.184496093749999091e+01
1.044183593749999339e+01
8.253710937499999289e+00
1.069687500000000036e+01
1.159058593750001087e+01
1.081058593749999730e+01
1.005933593749999488e+01
7.410898437499992220e+00
8.056093750000014708e+00
9.937343750000009024e+00
9.555898437499996234e+00
1.065999999999999837e+01
1.223433593749999559e+01
1.012750000000001549e+01
8.998593750000003055e+00
8.256093750000008669e+00
7.856874999999989839e+00
8.649374999999999147e+00
7.854335937499986819e+00
9.988710937499995168e+00
8.627773437500007248e+00
1.053687500000000732e+01
7.779648437499990798e+00
6.838710937500017906e+00
1.023984375000000036e+01
8.570273437500009805e+00
8.808593750000000000e+00
8.506093749999998010e+00
9.552500000000000213e+00
8.152500000000005187e+00
7.228085937500003055e+00
7.922500000000009202e+00
9.547500000000020748e+00
8.674374999999999503e+00
8.318593749999998010e+00
9.608593750000000711e+00
1.150152343749999417e+01
1.017359374999999133e+01
7.462500000000000355e+00
1.029964843750000547e+01
9.676210937499988063e+00
9.506093750000001563e+00
1.251871093749999986e+01
9.656875000000008313e+00
8.974375000000005542e+00
8.574375000000003411e+00
1.060683593749999964e+01
8.294960937499990195e+00
1.207359374999998991e+01
1.132152343749999446e+01
1.239437500000001080e+01
9.402500000000006963e+00
1.028902343750000448e+01
1.030484374999999453e+01
8.673398437499994174e+00
1.160277343749999446e+01
1.041937500000000050e+01
1.011714843750000448e+01
8.585585937500006537e+00
6.411093749999990266e+00
7.948398437499996305e+00
1.309359374999999126e+01
1.119359375000001755e+01
9.679335937499995879e+00
9.327343750000000711e+00
1.127437500000001336e+01
1.095152343749999169e+01
1.232984375000001798e+01
1.109027343750000405e+01
1.200464843749998778e+01
1.309058593750001265e+01
1.042652343750000554e+01
1.246527343749999517e+01
1.093984374999999964e+01
9.761523437499999289e+00
8.068710937499989910e+00
9.748593749999988844e+00
9.139843750000000711e+00
8.819335937500000000e+00
1.008609374999998387e+01
8.634960937500000711e+00
1.137187499999999929e+01
1.079839843749999062e+01
8.786093749999992042e+00
9.122499999999996945e+00
8.241835937499995879e+00
9.664023437500004476e+00
8.758593749999999289e+00
8.587343750000007603e+00
9.487460937499994529e+00
7.315585937500005187e+00
7.951210937499996412e+00
8.468710937500002700e+00
7.340000000000000746e+00
7.678085937500010338e+00
8.610898437499995950e+00
7.166835937499984155e+00
7.547500000000010978e+00
7.130898437499982201e+00
8.628085937500008740e+00
8.749375000000009450e+00
7.272500000000016840e+00
8.864648437499999645e+00
5.892343749999999325e+00
6.911093749999996483e+00
6.965000000000000746e+00
6.649648437500003340e+00
6.886875000000003411e+00
6.670273437499998792e+00
6.357773437499994351e+00
7.041835937499984155e+00
8.504648437499989555e+00
6.969960937499989129e+00
7.868593749999997833e+00
7.057460937499996589e+00
6.886874999999998082e+00
6.568398437499991083e+00
7.760585937500003695e+00
6.661093749999994706e+00
8.492773437500000355e+00
8.122500000000002274e+00
8.567148437500003766e+00
9.142773437500000711e+00
8.224375000000003766e+00
6.499648437500003872e+00
9.472460937499999289e+00
7.452773437500006537e+00
7.959960937500000000e+00
7.842148437499991687e+00
9.687500000000000000e+00
7.285000000000012577e+00
7.354648437499991864e+00
8.368593749999995168e+00
8.459023437499991971e+00
9.368593750000000497e+00
7.262148437500000497e+00
8.367148437500006253e+00
6.436093749999995062e+00
7.242148437499992042e+00
7.837148437500009557e+00
8.812460937499990266e+00
9.023398437499997371e+00
7.746875000000000178e+00
1.055250000000000021e+01
1.255000000000000071e+01
1.003749999999999964e+01
9.210898437499995595e+00
8.030898437499981668e+00
7.129335937499992504e+00
9.818710937499988134e+00
1.232777343750000121e+01
1.049527343750001052e+01
8.559999999999991616e+00
1.267250000000001720e+01
1.016484374999999929e+01
1.078109375000001791e+01
1.029121093750000071e+01
7.353710937499999822e+00
1.015937500000000071e+01
8.556093749999995168e+00
7.924374999999999503e+00
9.300000000000000711e+00
9.671093750000000711e+00
1.018402343749999694e+01
8.576210937499997300e+00
9.487148437500007248e+00
8.474843749999994458e+00
1.198089843750000405e+01
9.810585937500006182e+00
8.281093749999978826e+00
8.514843750000000711e+00
7.892773437499999822e+00
8.979335937499993037e+00
8.236874999999997726e+00
1.019027343749999659e+01
8.194374999999993747e+00
8.849999999999999645e+00
9.143710937500005187e+00
8.195273437500008029e+00
9.249648437500013642e+00
1.011500000000000554e+01
1.016246093750000057e+01
1.021000000000000618e+01
9.001523437499995950e+00
8.506093750000001563e+00
8.748085937500006182e+00
8.506835937500000000e+00
8.027500000000001634e+00
8.899375000000008029e+00
1.026558593750001158e+01
9.148593749999998082e+00
8.014023437499997016e+00
7.568593749999981135e+00
7.362499999999999822e+00
8.022460937500000000e+00
7.137460937499992220e+00
7.736093749999999325e+00
1.137437499999999169e+01
9.780898437499981668e+00
8.246093750000000000e+00
9.129648437500005542e+00
7.548085937500007780e+00
8.190000000000010161e+00
8.334374999999999645e+00
8.562460937499992042e+00
8.423085937500010445e+00
9.039023437499999147e+00
8.583398437499999645e+00
1.047984375000001123e+01
8.514999999999991687e+00
8.364999999999998437e+00
7.323398437499998082e+00
9.722460937499999289e+00
8.690000000000003055e+00
9.883593749999999289e+00
9.871093750000000000e+00
7.647460937500000000e+00
9.462148437500001563e+00
8.621523437499993392e+00
8.068593749999998010e+00
8.756875000000007958e+00
7.718398437499990550e+00
8.601210937500010090e+00
7.671875000000000000e+00
7.343593749999987708e+00
7.539023437499997371e+00
7.776523437499996305e+00
9.965585937500005542e+00
9.393710937499992752e+00
8.687343750000001918e+00
8.134375000000000355e+00
8.942773437499999645e+00
8.073085937500005471e+00
9.946523437500001563e+00
7.518593749999999076e+00
7.379335937499985398e+00
7.827500000000005009e+00
8.445898437500000355e+00
8.186523437500000000e+00
7.311093749999995062e+00
9.499843750000000142e+00
8.341210937499999645e+00
8.243710937499999503e+00
7.418398437499978293e+00
7.865000000000006430e+00
7.527500000000006075e+00
8.027499999999999858e+00
1.063687499999999631e+01
1.021246093749999950e+01
9.001523437499995950e+00
7.502343749999999645e+00
7.537460937499995239e+00
7.737499999999999822e+00
8.919960937499993747e+00
8.499843750000003695e+00
8.312148437500010090e+00
9.414648437500000355e+00
8.628710937499999289e+00
7.659023437499991260e+00
7.647499999999993747e+00
8.533398437500000711e+00
8.109960937500000355e+00
7.224999999999999645e+00
7.218710937499994706e+00
7.597460937500000178e+00
7.477500000000001812e+00
7.687148437500002096e+00
8.656093750000016129e+00
8.294335937499999645e+00
6.987343749999986642e+00
6.393593750000002629e+00
8.118593749999977405e+00
8.188710937499999787e+00
8.443593750000012221e+00
7.524648437500002451e+00
7.799999999999999822e+00
9.360000000000010090e+00
7.406093750000001030e+00
9.135000000000013998e+00
8.237343749999990195e+00
8.169335937499999645e+00
9.140585937500011582e+00
8.668398437499982734e+00
1.002152343749999197e+01
1.049437500000000156e+01
9.398593749999998082e+00
1.137750000000000128e+01
9.011875000000006963e+00
9.323398437499992752e+00
1.394937499999999986e+01
8.667343749999997016e+00
1.075937500000000036e+01
8.698593749999991687e+00
9.211093749999987423e+00
9.632460937499986997e+00
1.115121093749999837e+01
8.136875000000005187e+00
8.692343749999993818e+00
8.607773437499997016e+00
8.803085937500000568e+00
8.803085937500000568e+00
6.612343749999991971e+00
7.839999999999994529e+00
9.897500000000018616e+00
1.642734374999999858e+01
2.676234374999999588e+01
2.902484374999995609e+01
3.862652343750000483e+01
3.560746093750000085e+01
3.844234375000002046e+01
4.403359375000000142e+01
7.222956953787803513e+02
3.267714843750000142e+01
7.185872658133506548e+02
1.754258542942403892e+03
2.745826050529481563e+03
1.441045995244980077e+03
1.079377942785620689e+03
3.839022983735800949e+02
3.828132572358847483e+02
7.311792299246787934e+02
1.076376689123511369e+03
2.230308593750002188e+01
1.878984374999999929e+01
1.604183593750000014e+01
1.484996093749999524e+01
1.291499999999998671e+01
1.739609374999999858e+01
1.317484374999999375e+01
1.300484374999999737e+01
1.932437499999998209e+01
1.550250000000000306e+01
1.418714843749998167e+01
1.288183593750000000e+01
1.093183593750000071e+01
1.260859375000000071e+01
1.200249999999999950e+01
1.020687500000001258e+01
1.025249999999998884e+01
9.237460937500003411e+00
8.766835937499985576e+00
9.610000000000022524e+00
1.265433593749999552e+01
1.694589843749999858e+01
1.284027343749999339e+01
1.362183593749999133e+01
1.141683593749999481e+01
8.602343749999999289e+00
1.137250000000000760e+01
8.656093750000012577e+00
8.349648437500002629e+00
7.900000000000000355e+00
8.768710937499992752e+00
8.725585937500000000e+00
7.898085937500003872e+00
1.222496093749998813e+01
8.465273437500007603e+00
1.085859375000000071e+01
1.188359374999999929e+01
1.360746093750001151e+01
1.188246093750001009e+01
9.844960937499987352e+00
8.502773437500003695e+00
7.664999999999996483e+00
9.536875000000000213e+00
1.165214843749999929e+01
1.093089843749998735e+01
1.122964843750000696e+01
8.485000000000017195e+00
8.046093750000000711e+00
9.373593749999990621e+00
7.453085937500001812e+00
6.656874999999990550e+00
7.052499999999999325e+00
6.797500000000016307e+00
6.662148437500003517e+00
6.884375000000000355e+00
7.398593749999998082e+00
7.749023437500000000e+00
9.256835937500000000e+00
8.094375000000011866e+00
1.063187499999999730e+01
8.260898437499992752e+00
8.743398437499992681e+00
8.154843750000011937e+00
6.998593749999990621e+00
7.548593749999996660e+00
8.121093750000000000e+00
7.798593749999999325e+00
9.279843750000001279e+00
7.498398437499990798e+00
8.539843749999999289e+00
7.674843750000005294e+00
7.471874999999999822e+00
8.251523437499992397e+00
7.185000000000013820e+00
8.595273437500004832e+00
7.271523437499986642e+00
9.099375000000005542e+00
7.731875000000006715e+00
8.243593749999998721e+00
7.554843749999990976e+00
7.731874999999992504e+00
7.758593750000000178e+00
7.486875000000009273e+00
7.335585937500006537e+00
7.906093749999996589e+00
7.945273437500010694e+00
8.239023437499991331e+00
8.802500000000007319e+00
1.128187500000000831e+01
6.940273437500009024e+00
8.165585937500010161e+00
7.948593749999986358e+00
6.519335937500000178e+00
7.231093749999976339e+00
9.917343750000013003e+00
1.040589843749999588e+01
7.140585937500004476e+00
7.716835937499984865e+00
7.881093749999993570e+00
8.665273437500006892e+00
8.662460937499997016e+00
8.356874999999988063e+00
1.023558593750000156e+01
9.032773437500004832e+00
8.790585937500010161e+00
8.597500000000014353e+00
8.125000000000000000e+00
9.847500000000010800e+00
7.729335937499998366e+00
8.746093750000000000e+00
1.056250000000000000e+01
8.898593749999996305e+00
8.918710937499998437e+00
7.686875000000005009e+00
7.202773437500003872e+00
8.748593749999994174e+00
8.924648437500012577e+00
1.060308593750000838e+01
9.082460937500002274e+00
7.920273437500003233e+00
7.846835937500005187e+00
9.215000000000001634e+00
9.114843750000000355e+00
6.901523437500006075e+00
7.579335937499989129e+00
8.111093749999998437e+00
8.809335937500000213e+00
8.743593749999998721e+00
1.054339843749999694e+01
1.058734374999999694e+01
9.129335937499989839e+00
8.707773437500005542e+00
1.151249999999999929e+01
8.302148437499999645e+00
7.587343750000004938e+00
7.884375000000000355e+00
7.717773437500000000e+00
7.893593750000019504e+00
8.500000000000000000e+00
8.987343749999990195e+00
1.006246093749999915e+01
9.424960937499998082e+00
1.040746093750000156e+01
9.534023437499982379e+00
8.347460937499999289e+00
8.612148437500014353e+00
9.524023437500000355e+00
1.000058593750000036e+01
9.267148437500008384e+00
8.847500000000012577e+00
8.295898437500000000e+00
8.236523437500000711e+00
9.682773437500005187e+00
9.394375000000000142e+00
8.231874999999988063e+00
8.744375000000012221e+00
8.358593750000000711e+00
9.184960937499999645e+00
8.899375000000004476e+00
8.319374999999999076e+00
8.581875000000012577e+00
9.042343750000000568e+00
8.340273437500005826e+00
7.738710937500021814e+00
7.727343750000000178e+00
9.119960937500000142e+00
9.722460937499999289e+00
7.964648437500000178e+00
8.779843750000015490e+00
8.662460937499989910e+00
1.005058593749999929e+01
9.698593749999995239e+00
9.682460937500001918e+00
8.271835937499995239e+00
9.212343749999991616e+00
8.238710937500023590e+00
1.020621093749998565e+01
9.219960937499990905e+00
9.254335937499988063e+00
1.046937500000001009e+01
1.109746093749999929e+01
9.115000000000001990e+00
1.116484374999999929e+01
9.246835937500005542e+00
9.214648437499999289e+00
9.424960937500003411e+00
1.056464843750000071e+01
1.468902343749999240e+01
1.322933593750001080e+01
1.274996093749998849e+01
1.280152343749999133e+01
9.250585937500000355e+00
8.324843750000004761e+00
1.000687499999999730e+01
1.072734374999999929e+01
8.245273437500005187e+00
8.838085937500000711e+00
7.896874999999999645e+00
7.873593749999999503e+00
1.142359374999999133e+01
8.421523437499995879e+00
8.256093749999973141e+00
7.106210937499986002e+00
7.457460937499996945e+00
8.439999999999997726e+00
1.238749999999999929e+01
7.471835937500001634e+00
1.046859375000001080e+01
1.053871093750000654e+01
9.081874999999996589e+00
8.550000000000000711e+00
9.385000000000008669e+00
8.143593749999975984e+00
7.636875000000003411e+00
9.810898437499988134e+00
7.936093749999985292e+00
7.893398437499980602e+00
7.085000000000026610e+00
8.865585937500009450e+00
8.711093750000006963e+00
9.252148437500000711e+00
8.762499999999999289e+00
1.103871093750001364e+01
7.473085937500009379e+00
6.993710937500003055e+00
8.123593749999990621e+00
7.353085937500014602e+00
6.599648437500012399e+00
7.968593750000003695e+00
7.073085937500013465e+00
6.206875000000012577e+00
6.389999999999995239e+00
7.207460937499997833e+00
6.696093750000000178e+00
7.504843749999994706e+00
7.252773437500009024e+00
6.378085937500008740e+00
9.074648437500012932e+00
8.062460937499988489e+00
9.071835937499994174e+00
9.698593749999988134e+00
9.303710937500000000e+00
1.066152343749999964e+01
7.446523437499990905e+00
7.987148437500012577e+00
8.291210937500000711e+00
8.376523437500003055e+00
7.281874999999989662e+00
1.019808593750000725e+01
8.924843750000011511e+00
6.261093749999995239e+00
1.051734375000000909e+01
8.194960937499999432e+00
1.019984374999998700e+01
7.889999999999989022e+00
8.872500000000027143e+00
9.229843749999991687e+00
9.046093750000000711e+00
9.321523437499992681e+00
1.035621093750000021e+01
1.088183593750000000e+01
1.209964843749997598e+01
9.720273437500015490e+00
9.729335937499993037e+00
8.947499999999992681e+00
1.532187500000000036e+01
8.358593750000000711e+00
1.007027343750000803e+01
1.190859374999999964e+01
1.066000000000001435e+01
1.262750000000001727e+01
1.013121093749997748e+01
1.262109375000000000e+01
1.024437499999999091e+01
8.840000000000010516e+00
1.018734374999999837e+01
9.173593749999984226e+00
8.739023437499991331e+00
1.194527343750001691e+01
1.122750000000000092e+01
7.881835937500000000e+00
7.284960937500000178e+00
1.379984375000000441e+01
1.011527343749999375e+01
1.124652343749999872e+01
1.188433593749999595e+01
7.664999999999993818e+00
8.361875000000006608e+00
7.490273437500006182e+00
9.976210937500015419e+00
1.061234375000000441e+01
1.208402343750000441e+01
1.099000000000000377e+01
1.086777343750000036e+01
9.991210937500000000e+00
8.607773437500005898e+00
1.242984374999999986e+01
9.381210937499986358e+00
1.044027343750000902e+01
9.694375000000000853e+00
1.004371093749998067e+01
9.767343750000007319e+00
1.588734374999998522e+01
1.085933593749999559e+01
1.296933593750000036e+01
1.157359375000000945e+01
1.480277343749997954e+01
1.465058593750000071e+01
1.112464843750001009e+01
2.098687499999999062e+01
1.269527343750000981e+01
1.051734375000000554e+01
1.184437500000000121e+01
1.370121093750000441e+01
1.064609375000000036e+01
9.231874999999993392e+00
8.222500000000000142e+00
1.041871093749998067e+01
1.015121093749998771e+01
8.622500000000007603e+00
1.120250000000000945e+01
8.163085937500000000e+00
8.395273437500005542e+00
8.649375000000009805e+00
7.418710937499992220e+00
1.117933593750000298e+01
9.329843749999996660e+00
1.352734375000000000e+01
9.774960937499990621e+00
1.050683593750000000e+01
1.265484374999998352e+01
1.168609374999999773e+01
1.241558593750001194e+01
1.281250000000000000e+01
1.167871093750000000e+01
1.332437500000000874e+01
1.020933593749999169e+01
1.621714843749998636e+01
1.068109375000001471e+01
9.264023437499995239e+00
8.479843749999993463e+00
9.481874999999998721e+00
8.858593750000000711e+00
9.386875000000006963e+00
8.971875000000000711e+00
1.107808593750000803e+01
1.017808593750001123e+01
1.160484374999998280e+01
1.277464843749997314e+01
9.671875000000000000e+00
8.789999999999999147e+00
1.202749999999998565e+01
1.109234375000001727e+01
1.067250000000001009e+01
9.431875000000003340e+00
7.874375000000007674e+00
6.215585937500003766e+00
1.035152343749999204e+01
9.446523437499994458e+00
1.195609374999999375e+01
8.956093749999990195e+00
1.126089843749998565e+01
1.204687500000000000e+01
1.064859375000000696e+01
1.137359375000000128e+01
9.487148437499996589e+00
9.240273437500007958e+00
9.031875000000001208e+00
1.012484374999999481e+01
9.026523437499999858e+00
9.735000000000013642e+00
9.735000000000013642e+00
5.563710937500008669e+00
1.208750000000000036e+01
1.282339843749999808e+01
2.031187499999999702e+01
4.182152343749999091e+01
3.423734375000000796e+01
4.101734375000002331e+01
3.273437500000000000e+01
3.554589843750000000e+01
4.129121093749999716e+01
3.388609374999995794e+01
7.204210249686243515e+02
3.714339843750001791e+01
1.394829930791855304e+03
3.744505213350057602e+02
2.657750000000002544e+01
2.821187499999998494e+01
3.712538364595174016e+02
2.586996093749999659e+01
2.842339843749999773e+01
2.593402343750000938e+01
3.175746093750001364e+01
2.586527343749997954e+01
2.335152343749998849e+01
1.892964843749997783e+01
2.259214843749999346e+01
1.604527343750000767e+01
1.327984374999999773e+01
1.291234374999999623e+01
1.184937499999998956e+01
1.260937500000000000e+01
1.161734375000001229e+01
1.298246093749999730e+01
1.456734374999999204e+01
1.217984375000000696e+01
1.480937499999999929e+01
1.348687500000000128e+01
1.313687500000000874e+01
1.336402343749998600e+01
1.084683593750000163e+01
1.282183593749999417e+01
8.563710937499994458e+00
9.456210937499990976e+00
9.274023437500000355e+00
1.003183593750000036e+01
1.108902343749999986e+01
1.109027343750000227e+01
1.505933593749999488e+01
1.184214843750000057e+01
1.036937499999998735e+01
1.069339843749999552e+01
1.176734375000000554e+01
1.004058593750001016e+01
1.403359374999999964e+01
1.257402343749999929e+01
1.186527343750000263e+01
1.433183593749999929e+01
1.286859375000000760e+01
1.854750000000001009e+01
1.360058593750000000e+01
9.381093749999978471e+00
9.792343750000004121e+00
9.852343749999999289e+00
9.991835937499992326e+00
1.054234374999999879e+01
9.218398437499981668e+00
9.592343750000010161e+00
1.267749999999998956e+01
1.265609375000000725e+01
1.658246093749999872e+01
1.125214843750000071e+01
1.039937500000000803e+01
1.217339843749999417e+01
1.287984374999999559e+01
1.017187500000000000e+01
1.027089843749999964e+01
1.013984375000000071e+01
9.672499999999994102e+00
1.205214843749999964e+01
1.161996093750000192e+01
1.181558593750000874e+01
1.037984375000001336e+01
8.792343750000011227e+00
8.749023437500000000e+00
9.306835937500000711e+00
1.024437499999999979e+01
1.030250000000001442e+01
8.977343749999999289e+00
1.063433593749999417e+01
1.022964843749998742e+01
9.849374999999993108e+00
1.154339843749999517e+01
1.011234374999999019e+01
9.109999999999995879e+00
7.551210937500019149e+00
9.140585937500011582e+00
1.138964843750000000e+01
8.462500000000000355e+00
8.853085937500001279e+00
9.009375000000000355e+00
1.056058593750000263e+01
8.781875000000011866e+00
7.806874999999988241e+00
9.256874999999999076e+00
1.073433593749999737e+01
1.349437500000000512e+01
1.645433593750000512e+01
9.888085937499999645e+00
9.296875000000000000e+00
1.151937499999999659e+01
7.143593749999983977e+00
7.487499999999999822e+00
7.448085937500009024e+00
8.483398437500000000e+00
8.185585937500011511e+00
9.068593749999994458e+00
8.761093749999998792e+00
8.454648437500001279e+00
8.356210937499987779e+00
9.273398437499993818e+00
1.033183593749999929e+01
9.009023437499989129e+00
1.030152343750000377e+01
1.041714843749999453e+01
9.371523437499986287e+00
1.062464843749999233e+01
1.033496093750000000e+01
1.027496093749998707e+01
1.094652343750000156e+01
1.540687499999999943e+01
7.737499999999999822e+00
1.039000000000000767e+01
9.140000000000013003e+00
9.158593749999999645e+00
8.451210937500000853e+00
8.925000000000000711e+00
1.035609374999997989e+01
8.652499999999999858e+00
8.923593749999991331e+00
1.003999999999998849e+01
1.139527343750001087e+01
1.022484374999998735e+01
1.106734374999999737e+01
1.090433593749999019e+01
9.719374999999985221e+00
1.104859374999998778e+01
1.300234374999999964e+01
9.756210937500002345e+00
9.056093749999998721e+00
1.048027343749999929e+01
8.481874999999993392e+00
8.584999999999993747e+00
7.593710937499992042e+00
8.115585937500009450e+00
8.338710937499996589e+00
8.574375000000008740e+00
9.068593749999976694e+00
8.042343750000000568e+00
9.342343749999995950e+00
8.752499999999999503e+00
9.287343749999990905e+00
9.774023437500000355e+00
1.032187500000000036e+01
1.345621093749999986e+01
9.647499999999993747e+00
9.481093749999994102e+00
1.170433593749998735e+01
1.156714843750000554e+01
9.808593750000000000e+00
1.156000000000000583e+01
9.949999999999999289e+00
1.155746093750000369e+01
9.756875000000002629e+00
1.024687499999999929e+01
1.058500000000001862e+01
1.175308593750000696e+01
1.031734375000000981e+01
1.062249999999999517e+01
9.749374999999998792e+00
9.456874999999996589e+00
1.058687499999999737e+01
9.017148437499987068e+00
9.280273437500000000e+00
1.110371093750000071e+01
9.981874999999998721e+00
1.085937500000000000e+01
8.323593750000000568e+00
8.597500000000009024e+00
8.711874999999997371e+00
7.865585937500005898e+00
1.177187499999999964e+01
9.304843750000010516e+00
9.545898437500000000e+00
9.282460937499998010e+00
1.109609374999999964e+01
9.787343749999987352e+00
9.327500000000013003e+00
9.238710937500014708e+00
1.021734375000001371e+01
9.504843749999995595e+00
8.675000000000000711e+00
1.014859374999999275e+01
9.558593750000000000e+00
9.561093749999992397e+00
1.091499999999999382e+01
8.442343750000009805e+00
1.022964843750000341e+01
1.051402343750000234e+01
1.116859374999998700e+01
9.420273437500009450e+00
9.854843750000002345e+00
1.207109374999999929e+01
1.090609375000001080e+01
1.071527343750000760e+01
9.144960937499995168e+00
9.590585937500010871e+00
1.029234375000001300e+01
1.178109375000000014e+01
9.317343750000002700e+00
1.152484374999999162e+01
1.142464843750001258e+01
1.496089843749999204e+01
1.173652343750000071e+01
1.169371093750000590e+01
1.076152343749999929e+01
1.219214843750000554e+01
1.179996093749999986e+01
1.051371093750001684e+01
1.019750000000000867e+01
1.202652343749999275e+01
1.193609374999999773e+01
1.012808593750000696e+01
9.714023437500006963e+00
9.427148437499999645e+00
8.840000000000008740e+00
9.027500000000008740e+00
9.299375000000001279e+00
1.113089843749998487e+01
1.017464843749999126e+01
1.112359375000000128e+01
1.048027343749999929e+01
1.039937500000000448e+01
9.935898437499993463e+00
9.682773437500006963e+00
1.088359374999999929e+01
1.052250000000000618e+01
8.396874999999999645e+00
1.012777343750000369e+01
9.247500000000016485e+00
9.035898437499996660e+00
8.997499999999991616e+00
9.239843750000000355e+00
1.182984375000000732e+01
1.080249999999998956e+01
1.214859374999998565e+01
1.294937499999999453e+01
1.188121093749999702e+01
9.615000000000001990e+00
1.116214843750000796e+01
1.065277343750000405e+01
9.417773437499999289e+00
8.802499999999998437e+00
1.012777343750001080e+01
9.011093749999998792e+00
1.053902343749999204e+01
1.028999999999999559e+01
1.221214843749998735e+01
1.043871093750001755e+01
9.463710937499993037e+00
9.106093749999994102e+00
1.065999999999999837e+01
1.101859374999999730e+01
1.150250000000000838e+01
1.126109374999999346e+01
1.057308593750000902e+01
1.135121093750001720e+01
1.106839843749998664e+01
9.878710937499999289e+00
1.143437499999999929e+01
1.243109375000000405e+01
9.322499999999998010e+00
1.496246093749998352e+01
1.319277343749999964e+01
1.395683593749999929e+01
1.243589843749999879e+01
1.036152343750000071e+01
1.163402343749999979e+01
1.036308593749999929e+01
1.022109374999999964e+01
9.971835937499999858e+00
1.016859375000000121e+01
9.271093750000000355e+00
1.060484375000000412e+01
8.877499999999988844e+00
1.130933593750000021e+01
1.240308593750000909e+01
1.209527343750000306e+01
1.188871093749999730e+01
1.114937499999999382e+01
1.027933593749998842e+01
1.153984374999999929e+01
1.027808593750000554e+01
1.124437500000001400e+01
1.011621093750000000e+01
9.121835937499998437e+00
9.924375000000008384e+00
9.099648437500011511e+00
9.157460937499989129e+00
9.092343750000008384e+00
1.111527343750000796e+01
1.279527343750000767e+01
9.394960937499988063e+00
9.981835937499999645e+00
8.729335937499985931e+00
9.810000000000021814e+00
1.132027343750000270e+01
1.156683593749998984e+01
9.949843750000004761e+00
1.139609375000000036e+01
9.887499999999999289e+00
1.289371093750000696e+01
1.129234375000000590e+01
1.067484374999999197e+01
1.220277343750000121e+01
9.499374999999995239e+00
9.715000000000012292e+00
8.880898437499995524e+00
1.116109374999998671e+01
1.081683593749999162e+01
1.032359374999999346e+01
8.209335937499997016e+00
1.171859374999999126e+01
1.167500000000000071e+01
1.323109375000000831e+01
1.296187500000000981e+01
1.004437499999998629e+01
9.771835937500000568e+00
1.136000000000000298e+01
1.107499999999999929e+01
1.114984374999999162e+01
1.043746093749998671e+01
1.032183593749999950e+01
1.067652343749999844e+01
1.015687500000001009e+01
8.731093749999999432e+00
9.514023437499993463e+00
9.279843750000010161e+00
9.807460937500001918e+00
9.202500000000009450e+00
7.531093749999996589e+00
8.171875000000000000e+00
9.044374999999998721e+00
1.863902343749999702e+01
1.509996093749999169e+01
1.388652343749999929e+01
1.066499999999999204e+01
1.234371093749998138e+01
1.360933593749999737e+01
