0.000000000000000000e+00
4.660627500000000146e+04
5.389255625000000146e+04
5.535172499999999854e+04
5.601731250000000000e+04
5.737568750000000000e+04
5.858046250000000146e+04
5.828126249999999709e+04
5.858845625000000291e+04
5.830045625000000291e+04
5.894684375000000000e+04
5.895484375000000000e+04
5.798045625000000291e+04
5.903163124999999854e+04
5.973721875000000000e+04
5.920762500000000000e+04
5.916441874999999709e+04
5.897721875000000000e+04
5.884121875000000000e+04
5.862841874999999709e+04
5.884761250000000291e+04
5.849721250000000146e+04
5.839961250000000291e+04
5.849081250000000000e+04
5.806681250000000000e+04
5.790201249999999709e+04
5.771001249999999709e+04
5.755481250000000000e+04
5.737561250000000291e+04
5.712121250000000146e+04
5.732440625000000000e+04
5.669881250000000000e+04
5.681400624999999854e+04
5.681400624999999854e+04
5.383319999999999709e+04
5.481560624999999709e+04
5.603160624999999709e+04
5.710680625000000146e+04
5.844280625000000146e+04
5.926361250000000291e+04
5.976761875000000146e+04
6.053081874999999854e+04
5.289255625000000146e+04
5.074540000000000146e+04
4.965262500000000000e+04
4.110556874999999854e+04
3.786082499999999709e+04
2.901296875000000000e+04
2.563862500000000000e+04
1.906273125000000073e+04
1.873153749999999854e+04
1.505639374999999927e+04
1.697956250000000000e+04
1.344201874999999927e+04
1.319722500000000036e+04
1.112845624999999927e+04
9.834075000000000728e+03
9.750881250000000364e+03
1.071246249999999964e+04
1.535398749999999927e+04
1.192204375000000073e+04
1.270603125000000000e+04
1.964031874999999854e+04
1.996511249999999927e+04
2.307546250000000146e+04
2.657300624999999854e+04
2.722419374999999854e+04
3.661924375000000146e+04
4.016798750000000291e+04
4.026078125000000000e+04
4.287993750000000000e+04
4.402551875000000291e+04
4.741426249999999709e+04
5.462694374999999854e+04
5.655171250000000146e+04
5.629251249999999709e+04
5.494693125000000146e+04
5.675969999999999709e+04
5.767968125000000146e+04
5.839166874999999709e+04
5.863486250000000291e+04
6.000283125000000291e+04
5.939004374999999709e+04
5.935483750000000146e+04
5.932443750000000000e+04
5.903963749999999709e+04
5.924922499999999854e+04
5.975161875000000146e+04
5.963641874999999709e+04
5.958681250000000000e+04
5.941081250000000000e+04
5.917081250000000000e+04
5.881721250000000146e+04
5.892920625000000291e+04
5.861241249999999854e+04
5.839481250000000000e+04
5.847960624999999709e+04
5.818041249999999854e+04
5.826360624999999709e+04
5.790360624999999709e+04
5.777240625000000000e+04
5.772920625000000291e+04
5.726040625000000000e+04
5.695000624999999854e+04
5.669400624999999854e+04
5.682200624999999854e+04
5.684280625000000146e+04
5.718840000000000146e+04
5.671960624999999709e+04
5.669400624999999854e+04
5.668280625000000146e+04
5.679319999999999709e+04
5.679159999999999854e+04
5.628440625000000000e+04
5.646680000000000291e+04
5.650680000000000291e+04
5.637719999999999709e+04
5.620759999999999854e+04
5.628440000000000146e+04
5.608119999999999709e+04
5.591480000000000291e+04
5.580600000000000000e+04
5.562359999999999854e+04
5.529080000000000291e+04
5.548759999999999854e+04
5.526519999999999709e+04
5.489559999999999854e+04
5.488440000000000146e+04
5.498519999999999709e+04
5.471000000000000000e+04
5.464759999999999854e+04
5.467159999999999854e+04
5.454040000000000146e+04
5.444919999999999709e+04
5.434840000000000146e+04
5.426519999999999709e+04
5.384440000000000146e+04
5.386040000000000146e+04
5.373559999999999854e+04
5.364919999999999709e+04
5.358519999999999709e+04
5.346040000000000146e+04
5.342040000000000146e+04
5.333080000000000291e+04
5.306040000000000146e+04
5.306680000000000291e+04
5.298519999999999709e+04
5.280119999999999709e+04
5.292600000000000000e+04
5.290359999999999854e+04
5.270359999999999854e+04
5.269719999999999709e+04
5.269559999999999854e+04
5.239640000000000146e+04
5.245719999999999709e+04
5.263640000000000146e+04
5.244600000000000000e+04
5.260600000000000000e+04
5.246359999999999854e+04
5.221719999999999709e+04
5.226359999999999854e+04
5.251159999999999854e+04
5.230040000000000146e+04
5.233719999999999709e+04
5.228119999999999709e+04
5.215959999999999854e+04
5.192919999999999709e+04
5.215000000000000000e+04
5.213880000000000291e+04
5.208280000000000291e+04
5.189719999999999709e+04
5.191000000000000000e+04
5.184919999999999709e+04
5.155800000000000000e+04
5.175640000000000146e+04
5.169559999999999854e+04
5.156759999999999854e+04
5.155000000000000000e+04
5.133400000000000000e+04
5.146359999999999854e+04
5.176600000000000000e+04
5.159959999999999854e+04
5.157400000000000000e+04
5.147480000000000291e+04
5.157400000000000000e+04
5.126840000000000146e+04
5.123159999999999854e+04
5.117080000000000291e+04
5.127959999999999854e+04
5.097240000000000146e+04
5.112440000000000146e+04
5.117880000000000291e+04
5.109880000000000291e+04
5.110200000000000000e+04
5.102040000000000146e+04
5.090200000000000000e+04
5.093400000000000000e+04
5.074040000000000146e+04
5.070519999999999709e+04
5.064440000000000146e+04
5.056759999999999854e+04
5.048919999999999709e+04
5.042519999999999709e+04
5.030040000000000146e+04
5.027800000000000000e+04
5.046519999999999709e+04
5.043159999999999854e+04
5.023959999999999854e+04
5.046840000000000146e+04
5.033240000000000146e+04
5.035800000000000000e+04
5.026200000000000000e+04
5.006840000000000146e+04
4.994359999999999854e+04
4.999000000000000000e+04
4.997240000000000146e+04
5.004280000000000291e+04
4.985880000000000291e+04
4.991480000000000291e+04
4.985559999999999854e+04
4.984119999999999709e+04
4.980759999999999854e+04
4.959319999999999709e+04
4.955319999999999709e+04
4.953719999999999709e+04
4.955959999999999854e+04
4.939480000000000291e+04
4.929400000000000000e+04
4.943640000000000146e+04
4.939959999999999854e+04
4.941400000000000000e+04
4.951640000000000146e+04
4.955640000000000146e+04
4.938040000000000146e+04
4.934519999999999709e+04
4.926200000000000000e+04
4.937880000000000291e+04
4.934840000000000146e+04
4.931159999999999854e+04
4.929080000000000291e+04
4.915800000000000000e+04
4.890680000000000291e+04
4.906200000000000000e+04
4.867959999999999854e+04
4.908280000000000291e+04
4.895640000000000146e+04
4.883800000000000000e+04
4.903480000000000291e+04
4.884600000000000000e+04
4.864759999999999854e+04
4.865559999999999854e+04
4.842840000000000146e+04
4.856600000000000000e+04
4.865719999999999709e+04
4.865080000000000291e+04
4.880919999999999709e+04
4.874200000000000000e+04
4.876280000000000291e+04
4.863319999999999709e+04
4.883000000000000000e+04
4.861400000000000000e+04
4.886680000000000291e+04
4.842680000000000291e+04
4.844759999999999854e+04
4.848759999999999854e+04
4.836759999999999854e+04
4.815959999999999854e+04
4.805880000000000291e+04
4.821880000000000291e+04
4.826840000000000146e+04
4.815000000000000000e+04
4.796119999999999709e+04
4.757719999999999709e+04
4.774840000000000146e+04
4.778359999999999854e+04
4.758040000000000146e+04
4.751159999999999854e+04
4.771480000000000291e+04
4.786840000000000146e+04
4.767159999999999854e+04
4.790680000000000291e+04
4.786519999999999709e+04
4.769880000000000291e+04
4.794840000000000146e+04
4.783000000000000000e+04
4.789080000000000291e+04
4.787319999999999709e+04
4.803959999999999854e+04
4.749719999999999709e+04
4.739159999999999854e+04
4.769080000000000291e+04
4.752280000000000291e+04
4.721400000000000000e+04
4.713880000000000291e+04
4.727159999999999854e+04
4.702200000000000000e+04
4.723480000000000291e+04
4.709240000000000146e+04
4.695159999999999854e+04
4.678840000000000146e+04
4.670200000000000000e+04
4.668280000000000291e+04
4.706359999999999854e+04
4.709719999999999709e+04
4.733880000000000291e+04
4.743480000000000291e+04
4.732440000000000146e+04
4.741080000000000291e+04
4.743640000000000146e+04
4.741240000000000146e+04
4.762519999999999709e+04
4.749559999999999854e+04
4.717880000000000291e+04
4.718680000000000291e+04
4.745719999999999709e+04
4.745880000000000291e+04
4.735959999999999854e+04
4.744280000000000291e+04
4.751000000000000000e+04
4.737880000000000291e+04
4.743800000000000000e+04
4.731159999999999854e+04
4.723959999999999854e+04
4.728759999999999854e+04
4.720280000000000291e+04
4.720919999999999709e+04
4.705240000000000146e+04
4.721559999999999854e+04
4.729240000000000146e+04
4.717719999999999709e+04
4.709719999999999709e+04
4.724119999999999709e+04
4.716600000000000000e+04
4.709559999999999854e+04
4.694680000000000291e+04
4.703000000000000000e+04
4.693559999999999854e+04
4.691640000000000146e+04
4.698840000000000146e+04
4.693240000000000146e+04
4.697880000000000291e+04
4.690040000000000146e+04
4.670200000000000000e+04
4.680280000000000291e+04
4.676119999999999709e+04
4.652119999999999709e+04
4.668280000000000291e+04
4.671640000000000146e+04
4.664280000000000291e+04
4.652440000000000146e+04
4.664600000000000000e+04
4.661719999999999709e+04
4.684280000000000291e+04
4.678040000000000146e+04
4.674200000000000000e+04
4.655800000000000000e+04
4.674040000000000146e+04
4.673719999999999709e+04
4.665400000000000000e+04
4.656119999999999709e+04
4.657400000000000000e+04
4.658359999999999854e+04
4.654840000000000146e+04
4.677719999999999709e+04
4.640600000000000000e+04
4.651319999999999709e+04
4.656759999999999854e+04
4.642519999999999709e+04
4.620280000000000291e+04
4.604919999999999709e+04
4.625719999999999709e+04
4.623959999999999854e+04
4.630840000000000146e+04
4.622519999999999709e+04
4.605080000000000291e+04
4.592280000000000291e+04
4.622040000000000146e+04
4.600280000000000291e+04
4.599319999999999709e+04
4.616440000000000146e+04
4.591800000000000000e+04
4.583319999999999709e+04
4.600119999999999709e+04
4.589400000000000000e+04
4.583319999999999709e+04
4.572119999999999709e+04
4.555159999999999854e+04
4.565240000000000146e+04
4.571159999999999854e+04
4.555159999999999854e+04
4.544600000000000000e+04
4.549080000000000291e+04
4.536600000000000000e+04
4.539640000000000146e+04
4.539480000000000291e+04
4.534359999999999854e+04
4.512919999999999709e+04
4.514040000000000146e+04
4.502680000000000291e+04
4.518519999999999709e+04
4.535480000000000291e+04
4.570040000000000146e+04
4.575000000000000000e+04
4.566040000000000146e+04
4.585880000000000291e+04
4.594040000000000146e+04
4.592119999999999709e+04
4.590680000000000291e+04
4.582040000000000146e+04
4.550519999999999709e+04
4.551480000000000291e+04
4.557240000000000146e+04
4.551319999999999709e+04
4.558200000000000000e+04
4.556280000000000291e+04
4.554040000000000146e+04
4.582040000000000146e+04
4.551959999999999854e+04
4.534359999999999854e+04
4.539800000000000000e+04
4.537559999999999854e+04
4.514200000000000000e+04
4.524919999999999709e+04
4.490519999999999709e+04
4.489080000000000291e+04
4.521080000000000291e+04
3.227800000000000000e+04
3.345080000000000291e+04
3.477240000000000146e+04
3.619959999999999854e+04
3.776919999999999709e+04
3.916119999999999709e+04
4.055800000000000000e+04
4.140119999999999709e+04
4.259000000000000000e+04
4.311640000000000146e+04
4.438680000000000291e+04
4.512600000000000000e+04
4.579159999999999854e+04
4.635640000000000146e+04
4.665240000000000146e+04
4.738040000000000146e+04
4.763319999999999709e+04
4.764280000000000291e+04
4.780440000000000146e+04
4.821400000000000000e+04
4.813400000000000000e+04
4.828759999999999854e+04
4.833559999999999854e+04
4.849240000000000146e+04
4.866359999999999854e+04
4.875159999999999854e+04
4.865719999999999709e+04
4.864280000000000291e+04
4.826359999999999854e+04
4.806200000000000000e+04
4.819000000000000000e+04
4.798680000000000291e+04
4.812759999999999854e+04
4.770040000000000146e+04
4.750359999999999854e+04
4.727319999999999709e+04
4.712919999999999709e+04
4.701080000000000291e+04
4.701880000000000291e+04
4.679480000000000291e+04
4.640440000000000146e+04
4.621400000000000000e+04
4.590519999999999709e+04
4.558840000000000146e+04
4.563480000000000291e+04
4.550200000000000000e+04
4.518359999999999854e+04
4.491159999999999854e+04
4.479959999999999854e+04
4.462519999999999709e+04
4.449719999999999709e+04
4.424919999999999709e+04
4.432759999999999854e+04
4.433400000000000000e+04
4.401880000000000291e+04
4.354200000000000000e+04
4.358680000000000291e+04
4.343959999999999854e+04
4.323319999999999709e+04
4.318680000000000291e+04
4.310519999999999709e+04
4.299480000000000291e+04
4.291000000000000000e+04
4.260919999999999709e+04
4.257080000000000291e+04
4.255159999999999854e+04
4.217719999999999709e+04
4.212119999999999709e+04
4.181559999999999854e+04
4.199959999999999854e+04
4.171959999999999854e+04
4.162680000000000291e+04
4.178519999999999709e+04
4.207640000000000146e+04
4.195159999999999854e+04
4.191800000000000000e+04
4.144440000000000146e+04
4.177400000000000000e+04
4.161080000000000291e+04
4.170680000000000291e+04
4.175159999999999854e+04
4.148440000000000146e+04
4.153240000000000146e+04
4.137240000000000146e+04
4.157559999999999854e+04
4.159640000000000146e+04
4.116119999999999709e+04
4.090519999999999709e+04
4.071159999999999854e+04
4.043480000000000291e+04
4.025559999999999854e+04
4.040759999999999854e+04
4.021559999999999854e+04
3.994359999999999854e+04
3.946840000000000146e+04
3.926680000000000291e+04
3.935959999999999854e+04
3.931800000000000000e+04
3.936759999999999854e+04
3.932440000000000146e+04
3.907800000000000000e+04
3.909080000000000291e+04
3.902040000000000146e+04
3.921880000000000291e+04
3.885880000000000291e+04
3.890680000000000291e+04
3.867640000000000146e+04
3.860919999999999709e+04
3.833400000000000000e+04
3.842359999999999854e+04
3.835959999999999854e+04
3.821240000000000146e+04
3.803000000000000000e+04
3.796280000000000291e+04
3.799959999999999854e+04
3.788440000000000146e+04
3.777080000000000291e+04
3.764440000000000146e+04
3.758200000000000000e+04
3.751319999999999709e+04
3.779319999999999709e+04
3.748280000000000291e+04
3.761880000000000291e+04
3.766359999999999854e+04
3.750200000000000000e+04
3.757400000000000000e+04
3.744919999999999709e+04
3.717080000000000291e+04
3.738040000000000146e+04
3.721400000000000000e+04
3.727000000000000000e+04
3.705719999999999709e+04
3.713240000000000146e+04
3.710200000000000000e+04
3.723000000000000000e+04
3.714359999999999854e+04
3.723800000000000000e+04
3.718200000000000000e+04
3.715640000000000146e+04
3.696280000000000291e+04
3.702040000000000146e+04
3.721240000000000146e+04
3.676600000000000000e+04
3.687000000000000000e+04
3.683319999999999709e+04
3.687640000000000146e+04
3.694519999999999709e+04
3.693880000000000291e+04
3.683480000000000291e+04
3.688119999999999709e+04
3.696440000000000146e+04
3.695959999999999854e+04
3.691159999999999854e+04
3.693400000000000000e+04
3.691640000000000146e+04
3.703640000000000146e+04
3.679319999999999709e+04
3.688119999999999709e+04
3.693880000000000291e+04
3.663319999999999709e+04
3.685559999999999854e+04
3.667959999999999854e+04
3.685080000000000291e+04
3.672759999999999854e+04
3.681719999999999709e+04
3.669559999999999854e+04
3.673240000000000146e+04
3.654519999999999709e+04
3.644759999999999854e+04
3.653880000000000291e+04
3.683319999999999709e+04
3.669880000000000291e+04
3.699480000000000291e+04
3.690840000000000146e+04
3.712759999999999854e+04
3.701880000000000291e+04
3.695800000000000000e+04
3.720759999999999854e+04
3.699959999999999854e+04
3.707159999999999854e+04
3.699800000000000000e+04
3.694840000000000146e+04
3.707159999999999854e+04
3.724280000000000291e+04
3.710519999999999709e+04
3.724759999999999854e+04
3.714200000000000000e+04
3.721240000000000146e+04
3.735640000000000146e+04
3.702680000000000291e+04
3.703319999999999709e+04
3.695159999999999854e+04
3.688119999999999709e+04
3.708280000000000291e+04
3.698359999999999854e+04
3.692600000000000000e+04
3.689880000000000291e+04
3.685719999999999709e+04
3.693080000000000291e+04
3.683640000000000146e+04
3.694040000000000146e+04
3.688280000000000291e+04
3.669240000000000146e+04
3.662359999999999854e+04
3.671640000000000146e+04
3.677400000000000000e+04
3.666359999999999854e+04
3.663959999999999854e+04
3.675000000000000000e+04
3.659000000000000000e+04
3.662840000000000146e+04
3.654840000000000146e+04
3.652919999999999709e+04
3.652919999999999709e+04
3.630840000000000146e+04
3.646519999999999709e+04
3.680119999999999709e+04
3.668440000000000146e+04
3.659640000000000146e+04
3.668919999999999709e+04
3.678840000000000146e+04
3.713880000000000291e+04
3.708600000000000000e+04
3.702200000000000000e+04
3.713400000000000000e+04
3.724759999999999854e+04
3.702840000000000146e+04
3.700919999999999709e+04
3.704600000000000000e+04
3.695319999999999709e+04
3.694519999999999709e+04
3.691000000000000000e+04
3.707640000000000146e+04
3.700280000000000291e+04
3.699000000000000000e+04
3.699640000000000146e+04
3.684759999999999854e+04
3.687319999999999709e+04
3.684600000000000000e+04
3.674359999999999854e+04
3.668600000000000000e+04
3.678200000000000000e+04
3.668119999999999709e+04
3.653240000000000146e+04
3.668280000000000291e+04
3.666519999999999709e+04
3.675640000000000146e+04
3.677559999999999854e+04
3.651000000000000000e+04
3.658840000000000146e+04
3.653719999999999709e+04
3.641080000000000291e+04
3.668759999999999854e+04
3.654200000000000000e+04
3.636119999999999709e+04
3.656440000000000146e+04
3.664919999999999709e+04
3.645880000000000291e+04
3.641240000000000146e+04
3.637400000000000000e+04
3.571319999999999709e+04
3.651800000000000000e+04
3.633400000000000000e+04
3.643959999999999854e+04
3.630200000000000000e+04
3.616759999999999854e+04
3.626040000000000146e+04
3.636119999999999709e+04
3.696919999999999709e+04
3.706519999999999709e+04
3.723800000000000000e+04
3.756119999999999709e+04
3.767480000000000291e+04
3.778200000000000000e+04
3.795640000000000146e+04
3.776119999999999709e+04
3.763480000000000291e+04
3.781880000000000291e+04
3.797719999999999709e+04
3.780759999999999854e+04
3.797719999999999709e+04
3.804600000000000000e+04
3.806519999999999709e+04
3.819640000000000146e+04
3.817719999999999709e+04
3.812919999999999709e+04
3.807959999999999854e+04
3.801240000000000146e+04
3.795159999999999854e+04
3.809719999999999709e+04
3.797559999999999854e+04
3.779640000000000146e+04
3.799959999999999854e+04
3.802040000000000146e+04
3.798840000000000146e+04
3.791480000000000291e+04
3.808280000000000291e+04
3.798519999999999709e+04
3.797400000000000000e+04
3.782200000000000000e+04
3.758680000000000291e+04
3.820119999999999709e+04
3.793240000000000146e+04
3.798519999999999709e+04
3.793719999999999709e+04
3.813559999999999854e+04
3.823640000000000146e+04
3.820119999999999709e+04
3.811000000000000000e+04
3.816440000000000146e+04
3.811159999999999854e+04
3.784119999999999709e+04
3.797400000000000000e+04
3.823000000000000000e+04
3.811159999999999854e+04
3.789080000000000291e+04
3.783640000000000146e+04
3.796600000000000000e+04
3.799319999999999709e+04
3.820440000000000146e+04
3.819159999999999854e+04
3.820759999999999854e+04
3.833080000000000291e+04
3.826840000000000146e+04
3.823480000000000291e+04
3.823319999999999709e+04
3.803480000000000291e+04
3.817080000000000291e+04
3.807640000000000146e+04
3.805880000000000291e+04
3.821880000000000291e+04
3.827640000000000146e+04
3.829719999999999709e+04
3.819000000000000000e+04
3.810200000000000000e+04
3.796280000000000291e+04
3.799800000000000000e+04
3.811319999999999709e+04
3.807319999999999709e+04
3.801240000000000146e+04
3.810359999999999854e+04
3.802359999999999854e+04
3.798200000000000000e+04
3.792440000000000146e+04
3.815640000000000146e+04
3.814840000000000146e+04
3.795159999999999854e+04
3.816280000000000291e+04
3.789559999999999854e+04
3.795319999999999709e+04
3.790840000000000146e+04
3.804759999999999854e+04
3.774680000000000291e+04
3.772440000000000146e+04
3.790359999999999854e+04
3.769559999999999854e+04
3.786200000000000000e+04
3.778200000000000000e+04
3.799480000000000291e+04
3.792440000000000146e+04
3.809880000000000291e+04
3.766040000000000146e+04
3.783640000000000146e+04
3.773719999999999709e+04
3.754840000000000146e+04
3.748759999999999854e+04
3.788440000000000146e+04
3.797240000000000146e+04
3.775000000000000000e+04
3.783159999999999854e+04
3.780600000000000000e+04
3.800600000000000000e+04
3.796440000000000146e+04
3.792440000000000146e+04
3.782359999999999854e+04
3.808440000000000146e+04
3.795000000000000000e+04
3.784280000000000291e+04
3.779800000000000000e+04
3.798680000000000291e+04
3.796600000000000000e+04
3.804919999999999709e+04
3.797880000000000291e+04
3.778040000000000146e+04
3.775640000000000146e+04
3.768600000000000000e+04
3.776440000000000146e+04
3.789240000000000146e+04
3.758200000000000000e+04
3.763800000000000000e+04
3.765080000000000291e+04
3.784440000000000146e+04
3.784440000000000146e+04
3.026359999999999854e+04
3.144120000000000073e+04
3.238040000000000146e+04
3.339959999999999854e+04
3.497400000000000000e+04
3.628280000000000291e+04
3.736919999999999709e+04
3.863640000000000146e+04
3.947480000000000291e+04
4.044600000000000000e+04
4.152919999999999709e+04
4.209559999999999854e+04
4.260759999999999854e+04
4.339159999999999854e+04
4.397880000000000291e+04
4.422519999999999709e+04
4.450200000000000000e+04
4.481719999999999709e+04
4.473559999999999854e+04
4.473400000000000000e+04
4.472759999999999854e+04
4.495000000000000000e+04
4.497240000000000146e+04
4.528119999999999709e+04
4.510680000000000291e+04
4.533400000000000000e+04
4.485240000000000146e+04
4.507480000000000291e+04
4.503159999999999854e+04
4.503800000000000000e+04
4.511800000000000000e+04
4.499000000000000000e+04
4.461719999999999709e+04
4.458040000000000146e+04
4.454519999999999709e+04
4.439480000000000291e+04
4.415800000000000000e+04
4.398519999999999709e+04
4.390359999999999854e+04
4.373240000000000146e+04
4.336280000000000291e+04
4.329240000000000146e+04
4.301719999999999709e+04
4.298359999999999854e+04
4.272280000000000291e+04
4.238200000000000000e+04
4.243959999999999854e+04
4.236440000000000146e+04
4.230519999999999709e+04
4.209400000000000000e+04
4.207319999999999709e+04
4.184759999999999854e+04
4.171959999999999854e+04
4.172119999999999709e+04
4.160119999999999709e+04
4.133559999999999854e+04
4.103159999999999854e+04
4.084919999999999709e+04
4.084440000000000146e+04
4.062200000000000000e+04
4.048119999999999709e+04
4.043640000000000146e+04
4.039640000000000146e+04
4.002200000000000000e+04
3.997880000000000291e+04
3.991319999999999709e+04
3.972919999999999709e+04
3.978359999999999854e+04
3.972600000000000000e+04
3.935480000000000291e+04
3.937080000000000291e+04
3.943959999999999854e+04
3.919159999999999854e+04
3.927800000000000000e+04
3.942200000000000000e+04
3.956119999999999709e+04
3.944280000000000291e+04
3.936759999999999854e+04
3.947640000000000146e+04
3.929880000000000291e+04
3.922040000000000146e+04
3.931959999999999854e+04
3.914680000000000291e+04
3.926359999999999854e+04
3.908440000000000146e+04
3.924280000000000291e+04
3.912919999999999709e+04
3.903480000000000291e+04
3.888119999999999709e+04
3.895959999999999854e+04
3.894680000000000291e+04
3.859480000000000291e+04
3.891800000000000000e+04
3.882359999999999854e+04
3.852280000000000291e+04
3.860600000000000000e+04
3.857559999999999854e+04
3.882200000000000000e+04
3.868440000000000146e+04
3.856919999999999709e+04
3.850040000000000146e+04
3.836119999999999709e+04
3.837719999999999709e+04
3.829719999999999709e+04
3.827000000000000000e+04
3.812759999999999854e+04
3.790040000000000146e+04
3.771480000000000291e+04
3.781400000000000000e+04
3.771480000000000291e+04
3.775319999999999709e+04
3.773880000000000291e+04
3.751959999999999854e+04
3.752919999999999709e+04
3.768759999999999854e+04
3.748600000000000000e+04
3.719800000000000000e+04
3.739319999999999709e+04
3.722200000000000000e+04
3.717880000000000291e+04
3.745719999999999709e+04
3.779000000000000000e+04
3.773880000000000291e+04
3.764759999999999854e+04
3.760919999999999709e+04
3.770359999999999854e+04
3.773240000000000146e+04
3.763800000000000000e+04
3.778519999999999709e+04
3.746840000000000146e+04
3.773400000000000000e+04
3.760919999999999709e+04
3.749719999999999709e+04
3.760119999999999709e+04
3.745719999999999709e+04
3.739480000000000291e+04
3.752119999999999709e+04
3.773880000000000291e+04
3.767319999999999709e+04
3.754200000000000000e+04
3.759959999999999854e+04
3.758519999999999709e+04
3.743800000000000000e+04
3.750200000000000000e+04
3.739159999999999854e+04
3.738680000000000291e+04
3.750200000000000000e+04
3.762359999999999854e+04
3.737559999999999854e+04
3.717719999999999709e+04
3.730200000000000000e+04
3.719959999999999854e+04
3.730040000000000146e+04
3.720280000000000291e+04
3.721400000000000000e+04
3.714680000000000291e+04
3.730040000000000146e+04
3.748119999999999709e+04
3.723800000000000000e+04
3.718359999999999854e+04
3.733400000000000000e+04
3.695640000000000146e+04
3.727480000000000291e+04
3.730519999999999709e+04
3.731640000000000146e+04
3.709719999999999709e+04
3.697559999999999854e+04
3.697240000000000146e+04
3.724280000000000291e+04
3.732759999999999854e+04
3.718359999999999854e+04
3.739800000000000000e+04
3.755000000000000000e+04
3.758680000000000291e+04
3.741559999999999854e+04
3.763640000000000146e+04
3.744280000000000291e+04
3.755640000000000146e+04
3.740440000000000146e+04
3.743159999999999854e+04
3.747000000000000000e+04
3.765400000000000000e+04
3.765400000000000000e+04
3.759000000000000000e+04
3.723959999999999854e+04
3.729880000000000291e+04
3.728119999999999709e+04
3.720919999999999709e+04
3.722519999999999709e+04
3.713080000000000291e+04
3.712440000000000146e+04
3.703000000000000000e+04
3.670840000000000146e+04
3.716919999999999709e+04
3.710200000000000000e+04
3.710040000000000146e+04
3.714040000000000146e+04
3.701240000000000146e+04
3.698200000000000000e+04
3.711640000000000146e+04
3.689240000000000146e+04
3.697080000000000291e+04
3.707159999999999854e+04
3.704440000000000146e+04
3.691640000000000146e+04
3.705880000000000291e+04
3.711640000000000146e+04
3.702359999999999854e+04
3.700280000000000291e+04
3.713400000000000000e+04
3.696280000000000291e+04
3.666680000000000291e+04
3.670680000000000291e+04
3.676919999999999709e+04
3.677719999999999709e+04
3.674200000000000000e+04
3.680119999999999709e+04
3.676440000000000146e+04
3.674840000000000146e+04
3.687000000000000000e+04
3.694680000000000291e+04
3.703319999999999709e+04
3.709080000000000291e+04
3.684759999999999854e+04
3.690840000000000146e+04
3.690359999999999854e+04
3.674519999999999709e+04
3.695319999999999709e+04
3.676759999999999854e+04
3.685559999999999854e+04
3.681719999999999709e+04
3.665080000000000291e+04
3.686519999999999709e+04
3.663159999999999854e+04
3.675480000000000291e+04
3.695480000000000291e+04
3.679800000000000000e+04
3.692759999999999854e+04
3.686519999999999709e+04
3.674359999999999854e+04
3.673880000000000291e+04
3.661080000000000291e+04
3.693719999999999709e+04
3.690840000000000146e+04
3.690040000000000146e+04
3.677240000000000146e+04
3.693719999999999709e+04
3.658680000000000291e+04
3.652119999999999709e+04
3.652440000000000146e+04
3.642519999999999709e+04
3.638840000000000146e+04
3.651319999999999709e+04
3.606200000000000000e+04
3.629559999999999854e+04
3.631159999999999854e+04
3.620119999999999709e+04
3.632919999999999709e+04
3.626359999999999854e+04
3.617400000000000000e+04
3.622680000000000291e+04
3.636759999999999854e+04
3.639640000000000146e+04
3.630040000000000146e+04
3.626840000000000146e+04
3.613080000000000291e+04
3.637559999999999854e+04
3.659800000000000000e+04
3.689080000000000291e+04
3.685240000000000146e+04
3.698200000000000000e+04
3.689559999999999854e+04
3.713559999999999854e+04
3.710040000000000146e+04
3.723000000000000000e+04
3.723159999999999854e+04
3.717880000000000291e+04
3.733080000000000291e+04
3.706519999999999709e+04
3.739640000000000146e+04
3.740280000000000291e+04
3.737240000000000146e+04
3.747159999999999854e+04
3.746200000000000000e+04
3.719800000000000000e+04
3.719800000000000000e+04
3.722519999999999709e+04
3.731640000000000146e+04
3.728759999999999854e+04
3.727480000000000291e+04
3.718680000000000291e+04
3.709240000000000146e+04
3.703480000000000291e+04
3.727640000000000146e+04
3.726840000000000146e+04
3.734519999999999709e+04
3.740119999999999709e+04
3.740919999999999709e+04
3.712119999999999709e+04
3.723159999999999854e+04
3.721240000000000146e+04
3.696919999999999709e+04
3.694519999999999709e+04
3.677880000000000291e+04
3.708440000000000146e+04
3.707159999999999854e+04
3.697880000000000291e+04
3.696280000000000291e+04
3.687640000000000146e+04
3.696280000000000291e+04
3.706519999999999709e+04
3.686200000000000000e+04
3.676440000000000146e+04
3.682040000000000146e+04
3.661880000000000291e+04
3.682840000000000146e+04
3.711959999999999854e+04
3.710359999999999854e+04
3.728919999999999709e+04
3.719800000000000000e+04
3.707800000000000000e+04
3.715640000000000146e+04
3.711480000000000291e+04
3.738840000000000146e+04
3.730359999999999854e+04
3.735640000000000146e+04
3.716280000000000291e+04
3.726840000000000146e+04
3.729880000000000291e+04
3.728119999999999709e+04
3.723000000000000000e+04
3.717080000000000291e+04
3.732759999999999854e+04
3.714840000000000146e+04
3.738680000000000291e+04
3.732440000000000146e+04
3.732440000000000146e+04
3.726519999999999709e+04
3.707159999999999854e+04
3.714200000000000000e+04
3.749559999999999854e+04
3.734040000000000146e+04
3.730359999999999854e+04
3.730040000000000146e+04
3.743959999999999854e+04
3.729880000000000291e+04
3.742040000000000146e+04
3.759800000000000000e+04
3.751319999999999709e+04
3.774359999999999854e+04
3.757880000000000291e+04
3.755000000000000000e+04
3.751800000000000000e+04
3.764440000000000146e+04
3.756440000000000146e+04
3.768440000000000146e+04
3.758840000000000146e+04
3.763000000000000000e+04
3.752600000000000000e+04
3.747640000000000146e+04
3.748119999999999709e+04
3.722840000000000146e+04
3.721559999999999854e+04
3.708600000000000000e+04
3.719159999999999854e+04
3.751480000000000291e+04
3.750840000000000146e+04
3.764919999999999709e+04
3.773080000000000291e+04
3.763640000000000146e+04
3.791959999999999854e+04
3.779480000000000291e+04
3.790680000000000291e+04
3.786359999999999854e+04
3.789400000000000000e+04
3.795959999999999854e+04
3.759959999999999854e+04
3.802359999999999854e+04
3.777880000000000291e+04
3.792759999999999854e+04
3.782040000000000146e+04
3.759800000000000000e+04
3.781240000000000146e+04
3.799800000000000000e+04
3.795800000000000000e+04
3.783159999999999854e+04
3.804280000000000291e+04
3.785240000000000146e+04
3.739959999999999854e+04
3.753400000000000000e+04
3.758040000000000146e+04
3.765880000000000291e+04
3.765880000000000291e+04
3.143479999999999927e+04
3.281719999999999709e+04
3.375640000000000146e+04
3.518359999999999854e+04
3.641559999999999854e+04
3.765880000000000291e+04
3.880600000000000000e+04
3.973080000000000291e+04
4.098040000000000146e+04
4.184280000000000291e+04
4.270359999999999854e+04
4.330680000000000291e+04
4.386680000000000291e+04
4.425559999999999854e+04
4.483000000000000000e+04
4.497240000000000146e+04
4.524759999999999854e+04
4.544919999999999709e+04
4.567959999999999854e+04
4.580919999999999709e+04
4.599480000000000291e+04
4.641719999999999709e+04
4.621400000000000000e+04
4.678680000000000291e+04
4.648600000000000000e+04
4.633559999999999854e+04
4.643800000000000000e+04
4.636280000000000291e+04
4.640600000000000000e+04
4.612440000000000146e+04
4.609559999999999854e+04
4.595000000000000000e+04
4.595159999999999854e+04
4.582680000000000291e+04
4.573400000000000000e+04
4.533080000000000291e+04
4.556440000000000146e+04
4.509880000000000291e+04
4.495480000000000291e+04
4.483480000000000291e+04
4.462840000000000146e+04
4.472919999999999709e+04
4.439959999999999854e+04
4.414519999999999709e+04
4.402680000000000291e+04
4.406359999999999854e+04
4.384280000000000291e+04
4.349400000000000000e+04
4.347959999999999854e+04
4.335800000000000000e+04
4.331159999999999854e+04
4.312119999999999709e+04
4.319159999999999854e+04
4.299000000000000000e+04
4.295000000000000000e+04
4.272440000000000146e+04
4.236440000000000146e+04
4.253080000000000291e+04
4.234840000000000146e+04
4.207000000000000000e+04
4.191640000000000146e+04
4.189880000000000291e+04
4.183959999999999854e+04
4.185559999999999854e+04
4.133880000000000291e+04
4.147640000000000146e+04
4.124600000000000000e+04
4.117719999999999709e+04
4.110200000000000000e+04
4.091959999999999854e+04
4.112280000000000291e+04
4.106519999999999709e+04
4.112280000000000291e+04
4.131000000000000000e+04
4.094200000000000000e+04
4.110519999999999709e+04
4.090359999999999854e+04
4.101400000000000000e+04
4.099000000000000000e+04
4.090680000000000291e+04
4.078680000000000291e+04
4.085240000000000146e+04
4.080919999999999709e+04
4.073719999999999709e+04
4.071640000000000146e+04
4.057880000000000291e+04
4.051159999999999854e+04
4.029400000000000000e+04
4.030519999999999709e+04
4.019159999999999854e+04
4.003000000000000000e+04
4.000119999999999709e+04
3.975480000000000291e+04
3.977080000000000291e+04
3.997880000000000291e+04
4.005240000000000146e+04
4.017559999999999854e+04
3.993400000000000000e+04
3.984440000000000146e+04
4.013559999999999854e+04
3.980119999999999709e+04
3.963959999999999854e+04
3.953559999999999854e+04
3.964119999999999709e+04
3.932759999999999854e+04
3.948280000000000291e+04
3.939959999999999854e+04
3.933240000000000146e+04
3.935159999999999854e+04
3.921080000000000291e+04
3.898040000000000146e+04
3.898840000000000146e+04
3.914680000000000291e+04
3.914040000000000146e+04
3.903480000000000291e+04
3.915800000000000000e+04
3.893240000000000146e+04
3.876280000000000291e+04
3.907959999999999854e+04
3.917240000000000146e+04
3.922200000000000000e+04
3.926680000000000291e+04
3.912919999999999709e+04
3.912600000000000000e+04
3.901080000000000291e+04
3.888280000000000291e+04
3.891959999999999854e+04
3.888759999999999854e+04
3.870200000000000000e+04
3.891319999999999709e+04
3.887480000000000291e+04
3.884280000000000291e+04
3.871640000000000146e+04
3.865400000000000000e+04
3.873719999999999709e+04
3.875480000000000291e+04
3.876280000000000291e+04
3.875640000000000146e+04
3.868759999999999854e+04
3.858200000000000000e+04
3.855319999999999709e+04
3.847959999999999854e+04
3.818840000000000146e+04
3.867640000000000146e+04
3.878040000000000146e+04
3.871959999999999854e+04
3.878040000000000146e+04
3.855480000000000291e+04
3.862519999999999709e+04
3.873719999999999709e+04
3.867480000000000291e+04
3.858680000000000291e+04
3.862200000000000000e+04
3.839480000000000291e+04
3.818680000000000291e+04
3.831640000000000146e+04
3.842359999999999854e+04
3.847000000000000000e+04
3.843640000000000146e+04
3.821400000000000000e+04
3.838519999999999709e+04
3.837400000000000000e+04
3.835959999999999854e+04
3.830359999999999854e+04
3.818680000000000291e+04
3.815640000000000146e+04
3.827000000000000000e+04
3.844759999999999854e+04
3.864440000000000146e+04
3.841080000000000291e+04
3.837080000000000291e+04
3.832600000000000000e+04
3.847000000000000000e+04
3.862680000000000291e+04
3.851480000000000291e+04
3.839159999999999854e+04
3.850680000000000291e+04
3.841559999999999854e+04
3.825080000000000291e+04
3.865080000000000291e+04
3.857240000000000146e+04
3.863159999999999854e+04
3.863159999999999854e+04
3.860280000000000291e+04
3.864119999999999709e+04
3.881080000000000291e+04
3.893559999999999854e+04
3.833240000000000146e+04
3.839159999999999854e+04
3.856440000000000146e+04
3.850040000000000146e+04
3.843159999999999854e+04
3.835319999999999709e+04
3.856919999999999709e+04
3.847959999999999854e+04
3.848280000000000291e+04
3.838200000000000000e+04
3.855959999999999854e+04
3.846200000000000000e+04
3.820440000000000146e+04
3.827000000000000000e+04
3.833719999999999709e+04
3.810519999999999709e+04
3.820440000000000146e+04
3.800119999999999709e+04
3.816759999999999854e+04
3.828440000000000146e+04
3.799000000000000000e+04
3.797400000000000000e+04
3.788759999999999854e+04
3.792440000000000146e+04
3.803319999999999709e+04
3.806840000000000146e+04
3.781400000000000000e+04
3.752759999999999854e+04
3.783640000000000146e+04
3.808759999999999854e+04
3.817080000000000291e+04
3.780440000000000146e+04
3.806359999999999854e+04
3.812759999999999854e+04
3.797880000000000291e+04
3.819800000000000000e+04
3.799480000000000291e+04
3.815959999999999854e+04
3.837719999999999709e+04
3.828440000000000146e+04
3.813080000000000291e+04
3.828440000000000146e+04
3.842519999999999709e+04
3.838519999999999709e+04
3.835000000000000000e+04
3.835800000000000000e+04
3.825080000000000291e+04
3.823480000000000291e+04
3.799319999999999709e+04
3.825080000000000291e+04
3.821880000000000291e+04
3.811480000000000291e+04
3.847800000000000000e+04
3.810519999999999709e+04
3.818840000000000146e+04
3.815319999999999709e+04
3.831640000000000146e+04
3.827800000000000000e+04
3.841240000000000146e+04
3.805880000000000291e+04
3.832119999999999709e+04
3.836759999999999854e+04
3.818840000000000146e+04
3.823640000000000146e+04
3.818359999999999854e+04
3.820600000000000000e+04
3.818840000000000146e+04
3.808280000000000291e+04
3.799800000000000000e+04
3.809400000000000000e+04
3.819319999999999709e+04
3.785559999999999854e+04
3.808919999999999709e+04
3.795959999999999854e+04
3.772280000000000291e+04
3.787000000000000000e+04
3.771319999999999709e+04
3.770200000000000000e+04
3.827640000000000146e+04
3.860600000000000000e+04
3.861559999999999854e+04
3.896119999999999709e+04
3.913880000000000291e+04
3.930200000000000000e+04
3.910840000000000146e+04
3.933880000000000291e+04
3.945880000000000291e+04
3.966200000000000000e+04
3.949719999999999709e+04
3.949880000000000291e+04
3.949240000000000146e+04
3.958840000000000146e+04
3.990519999999999709e+04
3.995000000000000000e+04
3.997080000000000291e+04
3.971640000000000146e+04
3.982519999999999709e+04
3.988919999999999709e+04
3.978359999999999854e+04
3.971640000000000146e+04
3.980919999999999709e+04
3.952280000000000291e+04
3.960440000000000146e+04
3.945880000000000291e+04
3.958040000000000146e+04
3.964119999999999709e+04
3.990359999999999854e+04
3.964919999999999709e+04
3.948440000000000146e+04
3.956600000000000000e+04
3.973719999999999709e+04
3.971959999999999854e+04
3.978359999999999854e+04
3.966519999999999709e+04
3.946680000000000291e+04
3.947959999999999854e+04
3.960759999999999854e+04
3.936440000000000146e+04
3.947319999999999709e+04
3.966200000000000000e+04
3.953559999999999854e+04
3.943000000000000000e+04
3.959319999999999709e+04
3.946680000000000291e+04
3.955959999999999854e+04
3.939800000000000000e+04
3.931480000000000291e+04
3.952440000000000146e+04
3.962359999999999854e+04
3.960119999999999709e+04
3.964440000000000146e+04
3.956759999999999854e+04
3.970200000000000000e+04
3.991480000000000291e+04
3.974040000000000146e+04
3.971800000000000000e+04
3.956600000000000000e+04
3.961400000000000000e+04
3.939319999999999709e+04
3.954359999999999854e+04
3.961719999999999709e+04
3.987159999999999854e+04
3.963480000000000291e+04
3.950519999999999709e+04
3.966040000000000146e+04
3.959319999999999709e+04
3.968600000000000000e+04
3.948600000000000000e+04
3.946040000000000146e+04
3.955319999999999709e+04
3.951959999999999854e+04
3.955959999999999854e+04
3.979480000000000291e+04
3.981719999999999709e+04
3.959480000000000291e+04
3.984280000000000291e+04
3.979000000000000000e+04
3.964759999999999854e+04
3.971480000000000291e+04
3.971000000000000000e+04
3.979480000000000291e+04
3.974680000000000291e+04
3.984600000000000000e+04
3.970519999999999709e+04
3.974519999999999709e+04
3.979319999999999709e+04
3.973240000000000146e+04
3.974359999999999854e+04
3.974359999999999854e+04
3.957240000000000146e+04
3.980440000000000146e+04
3.970840000000000146e+04
3.955959999999999854e+04
3.971159999999999854e+04
3.971000000000000000e+04
3.948919999999999709e+04
3.976759999999999854e+04
3.990359999999999854e+04
4.011800000000000000e+04
4.022840000000000146e+04
4.033240000000000146e+04
4.023319999999999709e+04
4.044919999999999709e+04
4.042040000000000146e+04
4.061080000000000291e+04
4.046200000000000000e+04
4.047000000000000000e+04
4.045080000000000291e+04
4.044280000000000291e+04
4.070519999999999709e+04
4.060600000000000000e+04
4.032280000000000291e+04
4.063000000000000000e+04
4.061080000000000291e+04
4.076919999999999709e+04
4.055640000000000146e+04
4.050040000000000146e+04
4.060440000000000146e+04
4.056280000000000291e+04
4.087959999999999854e+04
4.056759999999999854e+04
4.083319999999999709e+04
4.099319999999999709e+04
4.102519999999999709e+04
4.117719999999999709e+04
3.200120000000000073e+04
3.362680000000000291e+04
3.427800000000000000e+04
3.577080000000000291e+04
3.708440000000000146e+04
3.842040000000000146e+04
3.964440000000000146e+04
4.120759999999999854e+04
4.211159999999999854e+04
4.308600000000000000e+04
4.405240000000000146e+04
4.446200000000000000e+04
4.516440000000000146e+04
4.582840000000000146e+04
4.644600000000000000e+04
4.692280000000000291e+04
4.701719999999999709e+04
4.743480000000000291e+04
4.760119999999999709e+04
4.753400000000000000e+04
4.765880000000000291e+04
4.795319999999999709e+04
4.814040000000000146e+04
4.827959999999999854e+04
4.825559999999999854e+04
4.897240000000000146e+04
4.826680000000000291e+04
4.822040000000000146e+04
4.823000000000000000e+04
4.792919999999999709e+04
4.771959999999999854e+04
4.768280000000000291e+04
4.765240000000000146e+04
4.746680000000000291e+04
4.735959999999999854e+04
4.703319999999999709e+04
4.682519999999999709e+04
4.654359999999999854e+04
4.644440000000000146e+04
4.631159999999999854e+04
4.584600000000000000e+04
4.589080000000000291e+04
4.564119999999999709e+04
4.533400000000000000e+04
4.512759999999999854e+04
4.511159999999999854e+04
4.500440000000000146e+04
4.499959999999999854e+04
4.503800000000000000e+04
4.476600000000000000e+04
4.468119999999999709e+04
4.464919999999999709e+04
4.447640000000000146e+04
4.421240000000000146e+04
4.400919999999999709e+04
4.384280000000000291e+04
4.351800000000000000e+04
4.371319999999999709e+04
4.356759999999999854e+04
4.354680000000000291e+04
4.323319999999999709e+04
4.319319999999999709e+04
4.322519999999999709e+04
4.289559999999999854e+04
4.253400000000000000e+04
4.261400000000000000e+04
4.253880000000000291e+04
4.244919999999999709e+04
4.246200000000000000e+04
4.245880000000000291e+04
4.269880000000000291e+04
4.238040000000000146e+04
4.240119999999999709e+04
4.233719999999999709e+04
4.227000000000000000e+04
4.236119999999999709e+04
4.251959999999999854e+04
4.231159999999999854e+04
4.244759999999999854e+04
4.222519999999999709e+04
4.219159999999999854e+04
4.203800000000000000e+04
4.217559999999999854e+04
4.215319999999999709e+04
4.205080000000000291e+04
4.211159999999999854e+04
4.183959999999999854e+04
4.195319999999999709e+04
4.191319999999999709e+04
4.184119999999999709e+04
4.191959999999999854e+04
4.180440000000000146e+04
4.157400000000000000e+04
4.174200000000000000e+04
4.176919999999999709e+04
4.171959999999999854e+04
4.162200000000000000e+04
4.160600000000000000e+04
4.170840000000000146e+04
4.156119999999999709e+04
4.151319999999999709e+04
4.151319999999999709e+04
4.133240000000000146e+04
4.126200000000000000e+04
4.135800000000000000e+04
4.117719999999999709e+04
4.124440000000000146e+04
4.119959999999999854e+04
4.135159999999999854e+04
4.127959999999999854e+04
4.106040000000000146e+04
4.121400000000000000e+04
4.115640000000000146e+04
4.105559999999999854e+04
4.096280000000000291e+04
4.083959999999999854e+04
4.064440000000000146e+04
4.052440000000000146e+04
4.088759999999999854e+04
4.083640000000000146e+04
4.069240000000000146e+04
4.077240000000000146e+04
4.074680000000000291e+04
4.077719999999999709e+04
4.067640000000000146e+04
4.057559999999999854e+04
4.045559999999999854e+04
4.044119999999999709e+04
4.031480000000000291e+04
4.037880000000000291e+04
4.034040000000000146e+04
4.053880000000000291e+04
4.056600000000000000e+04
4.066200000000000000e+04
4.056119999999999709e+04
4.043159999999999854e+04
4.075319999999999709e+04
4.074840000000000146e+04
4.061080000000000291e+04
4.049240000000000146e+04
4.034359999999999854e+04
4.045880000000000291e+04
4.057240000000000146e+04
4.055159999999999854e+04
4.057880000000000291e+04
4.071000000000000000e+04
4.054200000000000000e+04
4.058840000000000146e+04
4.069719999999999709e+04
4.053240000000000146e+04
4.054519999999999709e+04
4.078519999999999709e+04
4.036759999999999854e+04
4.047640000000000146e+04
4.039000000000000000e+04
4.036280000000000291e+04
4.033400000000000000e+04
4.015800000000000000e+04
4.020759999999999854e+04
4.009719999999999709e+04
4.012119999999999709e+04
4.027640000000000146e+04
4.014359999999999854e+04
4.017080000000000291e+04
4.002840000000000146e+04
4.015000000000000000e+04
3.986680000000000291e+04
4.032440000000000146e+04
4.036119999999999709e+04
4.032119999999999709e+04
4.034840000000000146e+04
4.024919999999999709e+04
4.011800000000000000e+04
4.018680000000000291e+04
4.071319999999999709e+04
4.036600000000000000e+04
4.044600000000000000e+04
4.018519999999999709e+04
4.016600000000000000e+04
4.030200000000000000e+04
4.022519999999999709e+04
4.025559999999999854e+04
4.044919999999999709e+04
4.024919999999999709e+04
4.029880000000000291e+04
4.039640000000000146e+04
4.037080000000000291e+04
4.043319999999999709e+04
4.021080000000000291e+04
4.001719999999999709e+04
4.022200000000000000e+04
4.043000000000000000e+04
4.040919999999999709e+04
4.043319999999999709e+04
4.036919999999999709e+04
4.041400000000000000e+04
4.042200000000000000e+04
4.023319999999999709e+04
4.032119999999999709e+04
4.020919999999999709e+04
4.006840000000000146e+04
4.005080000000000291e+04
4.039800000000000000e+04
4.008759999999999854e+04
4.035159999999999854e+04
4.035640000000000146e+04
4.023480000000000291e+04
4.035480000000000291e+04
4.033880000000000291e+04
4.027480000000000291e+04
4.022840000000000146e+04
4.018680000000000291e+04
4.020440000000000146e+04
4.002040000000000146e+04
4.031640000000000146e+04
4.024280000000000291e+04
4.012759999999999854e+04
4.048919999999999709e+04
4.036440000000000146e+04
4.050040000000000146e+04
4.042519999999999709e+04
4.053719999999999709e+04
4.035959999999999854e+04
4.028759999999999854e+04
4.037880000000000291e+04
4.048600000000000000e+04
4.057080000000000291e+04
4.047800000000000000e+04
4.029719999999999709e+04
4.066519999999999709e+04
4.069719999999999709e+04
4.058680000000000291e+04
4.039319999999999709e+04
4.055480000000000291e+04
4.053080000000000291e+04
4.056280000000000291e+04
4.054840000000000146e+04
4.039159999999999854e+04
4.047319999999999709e+04
4.037400000000000000e+04
4.040119999999999709e+04
4.030040000000000146e+04
4.048440000000000146e+04
4.051480000000000291e+04
4.051959999999999854e+04
4.044280000000000291e+04
4.054519999999999709e+04
4.032759999999999854e+04
4.028759999999999854e+04
4.034040000000000146e+04
4.012440000000000146e+04
4.017240000000000146e+04
4.012280000000000291e+04
4.014519999999999709e+04
4.023800000000000000e+04
4.034519999999999709e+04
4.038519999999999709e+04
4.037880000000000291e+04
4.035000000000000000e+04
4.036759999999999854e+04
4.031800000000000000e+04
4.009719999999999709e+04
4.010680000000000291e+04
4.000759999999999854e+04
3.989240000000000146e+04
4.040600000000000000e+04
4.059159999999999854e+04
4.056440000000000146e+04
4.089080000000000291e+04
4.094519999999999709e+04
4.078200000000000000e+04
4.102680000000000291e+04
4.091959999999999854e+04
4.082040000000000146e+04
4.095800000000000000e+04
4.071319999999999709e+04
4.066519999999999709e+04
4.103319999999999709e+04
4.097080000000000291e+04
4.099319999999999709e+04
4.094519999999999709e+04
4.078200000000000000e+04
4.099319999999999709e+04
4.083480000000000291e+04
4.076600000000000000e+04
4.074200000000000000e+04
4.083000000000000000e+04
4.085880000000000291e+04
4.082519999999999709e+04
4.081559999999999854e+04
4.087959999999999854e+04
4.107640000000000146e+04
4.088759999999999854e+04
4.076600000000000000e+04
4.086040000000000146e+04
4.082040000000000146e+04
4.109080000000000291e+04
4.090840000000000146e+04
4.098519999999999709e+04
4.089880000000000291e+04
4.064919999999999709e+04
4.078680000000000291e+04
4.086680000000000291e+04
4.080119999999999709e+04
4.082359999999999854e+04
4.098359999999999854e+04
4.104759999999999854e+04
4.090359999999999854e+04
4.076919999999999709e+04
4.079959999999999854e+04
4.109400000000000000e+04
4.070840000000000146e+04
4.054840000000000146e+04
4.052600000000000000e+04
4.087159999999999854e+04
4.110519999999999709e+04
4.099640000000000146e+04
4.137240000000000146e+04
4.127800000000000000e+04
4.102359999999999854e+04
4.122840000000000146e+04
4.102200000000000000e+04
4.127159999999999854e+04
4.128119999999999709e+04
4.116759999999999854e+04
4.110040000000000146e+04
4.118840000000000146e+04
4.113080000000000291e+04
4.118359999999999854e+04
4.131800000000000000e+04
4.142359999999999854e+04
4.128759999999999854e+04
4.104440000000000146e+04
4.120600000000000000e+04
4.127800000000000000e+04
4.126680000000000291e+04
4.105400000000000000e+04
4.112119999999999709e+04
4.118680000000000291e+04
4.121080000000000291e+04
4.101880000000000291e+04
4.134359999999999854e+04
4.151640000000000146e+04
4.127959999999999854e+04
4.114040000000000146e+04
4.145719999999999709e+04
4.128759999999999854e+04
4.129240000000000146e+04
4.145559999999999854e+04
4.123640000000000146e+04
4.111800000000000000e+04
4.133240000000000146e+04
4.128759999999999854e+04
4.141400000000000000e+04
4.136440000000000146e+04
4.127640000000000146e+04
4.138359999999999854e+04
4.134519999999999709e+04
4.124280000000000291e+04
4.134680000000000291e+04
4.129240000000000146e+04
4.112440000000000146e+04
4.128119999999999709e+04
4.130040000000000146e+04
4.154680000000000291e+04
4.152440000000000146e+04
4.170840000000000146e+04
4.155159999999999854e+04
4.151959999999999854e+04
4.162519999999999709e+04
4.170680000000000291e+04
4.165240000000000146e+04
4.154200000000000000e+04
4.155959999999999854e+04
4.135480000000000291e+04
4.163319999999999709e+04
4.175800000000000000e+04
4.168119999999999709e+04
4.157719999999999709e+04
4.161719999999999709e+04
4.173080000000000291e+04
4.184600000000000000e+04
4.175800000000000000e+04
4.161880000000000291e+04
4.160600000000000000e+04
4.179480000000000291e+04
4.174359999999999854e+04
4.178680000000000291e+04
4.187640000000000146e+04
4.157400000000000000e+04
4.162200000000000000e+04
4.185559999999999854e+04
4.185559999999999854e+04
3.461240000000000146e+04
3.566840000000000146e+04
3.701080000000000291e+04
3.832759999999999854e+04
3.915800000000000000e+04
4.063159999999999854e+04
4.200280000000000291e+04
4.288119999999999709e+04
4.426519999999999709e+04
4.508280000000000291e+04
4.583000000000000000e+04
4.680280000000000291e+04
4.719959999999999854e+04
4.798040000000000146e+04
4.825400000000000000e+04
4.863480000000000291e+04
4.895800000000000000e+04
4.903480000000000291e+04
4.947640000000000146e+04
4.951159999999999854e+04
4.984280000000000291e+04
4.987959999999999854e+04
5.019000000000000000e+04
5.027640000000000146e+04
5.056919999999999709e+04
5.052280000000000291e+04
5.058519999999999709e+04
5.074200000000000000e+04
5.043800000000000000e+04
5.015959999999999854e+04
5.017719999999999709e+04
5.007159999999999854e+04
5.014200000000000000e+04
5.012440000000000146e+04
5.005880000000000291e+04
4.992119999999999709e+04
4.945719999999999709e+04
4.947480000000000291e+04
4.951319999999999709e+04
4.932600000000000000e+04
4.905080000000000291e+04
4.913080000000000291e+04
4.885080000000000291e+04
4.869719999999999709e+04
4.867000000000000000e+04
4.868119999999999709e+04
4.840119999999999709e+04
4.820600000000000000e+04
4.815959999999999854e+04
4.799319999999999709e+04
4.779800000000000000e+04
4.777240000000000146e+04
4.742200000000000000e+04
4.727959999999999854e+04
4.727159999999999854e+04
4.717880000000000291e+04
4.703959999999999854e+04
4.702040000000000146e+04
4.682840000000000146e+04
4.653080000000000291e+04
4.658040000000000146e+04
4.662680000000000291e+04
4.661240000000000146e+04
4.637080000000000291e+04
4.635159999999999854e+04
4.616759999999999854e+04
4.630040000000000146e+04
4.604440000000000146e+04
4.619000000000000000e+04
4.624119999999999709e+04
4.648280000000000291e+04
4.626200000000000000e+04
4.633719999999999709e+04
4.608600000000000000e+04
4.643800000000000000e+04
4.623000000000000000e+04
4.624119999999999709e+04
4.600119999999999709e+04
4.603319999999999709e+04
4.582359999999999854e+04
4.602680000000000291e+04
4.618840000000000146e+04
4.630359999999999854e+04
4.608280000000000291e+04
4.611319999999999709e+04
4.595800000000000000e+04
4.603480000000000291e+04
4.612759999999999854e+04
4.589400000000000000e+04
4.602359999999999854e+04
4.589880000000000291e+04
4.562040000000000146e+04
4.583480000000000291e+04
4.592919999999999709e+04
4.578359999999999854e+04
4.582519999999999709e+04
4.577559999999999854e+04
4.569719999999999709e+04
4.577559999999999854e+04
4.585240000000000146e+04
4.569240000000000146e+04
4.567640000000000146e+04
4.561240000000000146e+04
4.538519999999999709e+04
4.541240000000000146e+04
4.532440000000000146e+04
4.556440000000000146e+04
4.569240000000000146e+04
4.542680000000000291e+04
4.545240000000000146e+04
4.531800000000000000e+04
4.510840000000000146e+04
4.507480000000000291e+04
4.483800000000000000e+04
4.494519999999999709e+04
4.484600000000000000e+04
4.491159999999999854e+04
4.504119999999999709e+04
4.503319999999999709e+04
4.511640000000000146e+04
4.527000000000000000e+04
4.500440000000000146e+04
4.529240000000000146e+04
4.523000000000000000e+04
4.518840000000000146e+04
4.495000000000000000e+04
4.508759999999999854e+04
4.502680000000000291e+04
4.491480000000000291e+04
4.485400000000000000e+04
4.498680000000000291e+04
4.497400000000000000e+04
4.499640000000000146e+04
4.512600000000000000e+04
4.513880000000000291e+04
4.511000000000000000e+04
4.529400000000000000e+04
4.534840000000000146e+04
4.486519999999999709e+04
4.485240000000000146e+04
4.483159999999999854e+04
4.484119999999999709e+04
4.495640000000000146e+04
4.448919999999999709e+04
4.475959999999999854e+04
4.460440000000000146e+04
4.459959999999999854e+04
4.459480000000000291e+04
4.449240000000000146e+04
4.437240000000000146e+04
4.426359999999999854e+04
4.406840000000000146e+04
4.424119999999999709e+04
4.431640000000000146e+04
4.413719999999999709e+04
4.439800000000000000e+04
4.425080000000000291e+04
4.403480000000000291e+04
4.387640000000000146e+04
4.403319999999999709e+04
4.384600000000000000e+04
4.395319999999999709e+04
4.417880000000000291e+04
4.401400000000000000e+04
4.366200000000000000e+04
4.399159999999999854e+04
4.411959999999999854e+04
4.407000000000000000e+04
4.425400000000000000e+04
4.431000000000000000e+04
4.451480000000000291e+04
4.466680000000000291e+04
4.447640000000000146e+04
4.436759999999999854e+04
4.477400000000000000e+04
4.445240000000000146e+04
4.450359999999999854e+04
4.451480000000000291e+04
4.482200000000000000e+04
4.466680000000000291e+04
4.473559999999999854e+04
4.459159999999999854e+04
4.477240000000000146e+04
4.451000000000000000e+04
4.459959999999999854e+04
4.458200000000000000e+04
4.448440000000000146e+04
4.462200000000000000e+04
4.457400000000000000e+04
4.429240000000000146e+04
4.466359999999999854e+04
4.450680000000000291e+04
4.483159999999999854e+04
4.494040000000000146e+04
4.482359999999999854e+04
4.465080000000000291e+04
4.478040000000000146e+04
4.468440000000000146e+04
4.458519999999999709e+04
4.439640000000000146e+04
4.476759999999999854e+04
4.456600000000000000e+04
4.442200000000000000e+04
4.459800000000000000e+04
4.464119999999999709e+04
4.470200000000000000e+04
4.486200000000000000e+04
4.458040000000000146e+04
4.468280000000000291e+04
4.482519999999999709e+04
4.472119999999999709e+04
4.458519999999999709e+04
4.462200000000000000e+04
4.446840000000000146e+04
4.455800000000000000e+04
4.423959999999999854e+04
4.459000000000000000e+04
4.480119999999999709e+04
4.472600000000000000e+04
4.459319999999999709e+04
4.500919999999999709e+04
4.509719999999999709e+04
4.501080000000000291e+04
4.496919999999999709e+04
4.476600000000000000e+04
4.483959999999999854e+04
4.474680000000000291e+04
4.490680000000000291e+04
4.479159999999999854e+04
4.483159999999999854e+04
4.483959999999999854e+04
4.475480000000000291e+04
4.476119999999999709e+04
4.478519999999999709e+04
4.471959999999999854e+04
4.473880000000000291e+04
4.444119999999999709e+04
4.426680000000000291e+04
4.448280000000000291e+04
4.456440000000000146e+04
4.484119999999999709e+04
4.473080000000000291e+04
4.483640000000000146e+04
4.481719999999999709e+04
4.489240000000000146e+04
4.497559999999999854e+04
4.466040000000000146e+04
4.470040000000000146e+04
4.467159999999999854e+04
4.462200000000000000e+04
4.451640000000000146e+04
4.460280000000000291e+04
4.477080000000000291e+04
4.480280000000000291e+04
4.442840000000000146e+04
4.477080000000000291e+04
4.486359999999999854e+04
4.463640000000000146e+04
4.469080000000000291e+04
4.473559999999999854e+04
4.475959999999999854e+04
4.452600000000000000e+04
4.445719999999999709e+04
4.465559999999999854e+04
4.479800000000000000e+04
4.540600000000000000e+04
4.539800000000000000e+04
4.564119999999999709e+04
4.566519999999999709e+04
4.575640000000000146e+04
4.588440000000000146e+04
4.596600000000000000e+04
4.602200000000000000e+04
4.619159999999999854e+04
4.616759999999999854e+04
4.614519999999999709e+04
4.642359999999999854e+04
4.664119999999999709e+04
4.626040000000000146e+04
4.673240000000000146e+04
4.666200000000000000e+04
4.649240000000000146e+04
4.676759999999999854e+04
4.689080000000000291e+04
4.659480000000000291e+04
4.664119999999999709e+04
4.664600000000000000e+04
4.649400000000000000e+04
4.659480000000000291e+04
4.680280000000000291e+04
4.665880000000000291e+04
4.651480000000000291e+04
4.645400000000000000e+04
4.647319999999999709e+04
4.661719999999999709e+04
4.650519999999999709e+04
4.649240000000000146e+04
4.643000000000000000e+04
4.628119999999999709e+04
4.641719999999999709e+04
4.640600000000000000e+04
4.617559999999999854e+04
4.643800000000000000e+04
4.656600000000000000e+04
4.643480000000000291e+04
4.643319999999999709e+04
4.640280000000000291e+04
4.641880000000000291e+04
4.654519999999999709e+04
4.633880000000000291e+04
4.633880000000000291e+04
4.610359999999999854e+04
4.607319999999999709e+04
4.618519999999999709e+04
4.622680000000000291e+04
4.631800000000000000e+04
4.650040000000000146e+04
4.656759999999999854e+04
4.639159999999999854e+04
4.640759999999999854e+04
4.643000000000000000e+04
4.634359999999999854e+04
4.648600000000000000e+04
4.655959999999999854e+04
4.646040000000000146e+04
4.654200000000000000e+04
4.651640000000000146e+04
4.680280000000000291e+04
4.647000000000000000e+04
4.639640000000000146e+04
4.637719999999999709e+04
4.641559999999999854e+04
4.643319999999999709e+04
4.633880000000000291e+04
4.627319999999999709e+04
4.629559999999999854e+04
4.615159999999999854e+04
4.613880000000000291e+04
4.636919999999999709e+04
4.619000000000000000e+04
4.636440000000000146e+04
4.643159999999999854e+04
4.613080000000000291e+04
4.616440000000000146e+04
4.598840000000000146e+04
4.615000000000000000e+04
4.600440000000000146e+04
4.613400000000000000e+04
4.613080000000000291e+04
4.617080000000000291e+04
4.612280000000000291e+04
4.629400000000000000e+04
4.626359999999999854e+04
4.621880000000000291e+04
4.612600000000000000e+04
4.619319999999999709e+04
4.640759999999999854e+04
4.630040000000000146e+04
4.622200000000000000e+04
4.614519999999999709e+04
4.611480000000000291e+04
4.637880000000000291e+04
4.623640000000000146e+04
4.626040000000000146e+04
4.621880000000000291e+04
4.630840000000000146e+04
4.641880000000000291e+04
4.640759999999999854e+04
4.666840000000000146e+04
4.662200000000000000e+04
4.681240000000000146e+04
4.672440000000000146e+04
4.664280000000000291e+04
4.661719999999999709e+04
4.660919999999999709e+04
4.674200000000000000e+04
4.686840000000000146e+04
4.670200000000000000e+04
4.699000000000000000e+04
4.680440000000000146e+04
4.695480000000000291e+04
4.670840000000000146e+04
4.671000000000000000e+04
4.679159999999999854e+04
4.683640000000000146e+04
4.661240000000000146e+04
4.696759999999999854e+04
4.665719999999999709e+04
4.691159999999999854e+04
4.711480000000000291e+04
4.727640000000000146e+04
4.718359999999999854e+04
4.718359999999999854e+04
3.722200000000000000e+04
3.872280000000000291e+04
3.974680000000000291e+04
4.083640000000000146e+04
4.210680000000000291e+04
4.374840000000000146e+04
4.497400000000000000e+04
4.587959999999999854e+04
4.666680000000000291e+04
4.783800000000000000e+04
4.867319999999999709e+04
4.927480000000000291e+04
4.996119999999999709e+04
5.054359999999999854e+04
5.101080000000000291e+04
5.139480000000000291e+04
5.150680000000000291e+04
5.179800000000000000e+04
5.220600000000000000e+04
5.261400000000000000e+04
5.300440000000000146e+04
5.296759999999999854e+04
5.290840000000000146e+04
5.288440000000000146e+04
5.290840000000000146e+04
5.306680000000000291e+04
5.293240000000000146e+04
5.268600000000000000e+04
5.261559999999999854e+04
5.239319999999999709e+04
5.230040000000000146e+04
5.247319999999999709e+04
5.229719999999999709e+04
5.193880000000000291e+04
5.169559999999999854e+04
5.164759999999999854e+04
5.148119999999999709e+04
5.127159999999999854e+04
5.126359999999999854e+04
5.075800000000000000e+04
5.068280000000000291e+04
5.054359999999999854e+04
5.046840000000000146e+04
5.038200000000000000e+04
5.029080000000000291e+04
5.022200000000000000e+04
4.997240000000000146e+04
4.978840000000000146e+04
4.952440000000000146e+04
4.942040000000000146e+04
4.910519999999999709e+04
4.922519999999999709e+04
4.882359999999999854e+04
4.867480000000000291e+04
4.864119999999999709e+04
4.858200000000000000e+04
4.855319999999999709e+04
4.839159999999999854e+04
4.802840000000000146e+04
4.799319999999999709e+04
4.786519999999999709e+04
4.775800000000000000e+04
4.758040000000000146e+04
4.752280000000000291e+04
4.731319999999999709e+04
4.697240000000000146e+04
4.707319999999999709e+04
4.711959999999999854e+04
4.720759999999999854e+04
4.711319999999999709e+04
4.718680000000000291e+04
4.697880000000000291e+04
4.705880000000000291e+04
4.691319999999999709e+04
4.703159999999999854e+04
4.676119999999999709e+04
4.689719999999999709e+04
4.670359999999999854e+04
4.666359999999999854e+04
4.665400000000000000e+04
4.670040000000000146e+04
4.663319999999999709e+04
4.664440000000000146e+04
4.652600000000000000e+04
4.649240000000000146e+04
4.625240000000000146e+04
4.642680000000000291e+04
4.605080000000000291e+04
4.609080000000000291e+04
4.616280000000000291e+04
4.579640000000000146e+04
4.611000000000000000e+04
4.603319999999999709e+04
4.606680000000000291e+04
4.614840000000000146e+04
4.603480000000000291e+04
4.597240000000000146e+04
4.601400000000000000e+04
4.587800000000000000e+04
4.597880000000000291e+04
4.584440000000000146e+04
4.603640000000000146e+04
4.559640000000000146e+04
4.556119999999999709e+04
4.556119999999999709e+04
4.539159999999999854e+04
4.543000000000000000e+04
4.550680000000000291e+04
4.540919999999999709e+04
4.537240000000000146e+04
4.532440000000000146e+04
4.536759999999999854e+04
4.505240000000000146e+04
4.506680000000000291e+04
4.510200000000000000e+04
4.519480000000000291e+04
4.529240000000000146e+04
4.525880000000000291e+04
4.514840000000000146e+04
4.541559999999999854e+04
4.523319999999999709e+04
4.530519999999999709e+04
4.538840000000000146e+04
4.544119999999999709e+04
4.527159999999999854e+04
4.513719999999999709e+04
4.515800000000000000e+04
4.487000000000000000e+04
4.510519999999999709e+04
4.509719999999999709e+04
4.486359999999999854e+04
4.474840000000000146e+04
4.492600000000000000e+04
4.476759999999999854e+04
4.515480000000000291e+04
4.506040000000000146e+04
4.493719999999999709e+04
4.502519999999999709e+04
4.484600000000000000e+04
4.468759999999999854e+04
4.487640000000000146e+04
4.477880000000000291e+04
4.474200000000000000e+04
4.503480000000000291e+04
4.491800000000000000e+04
4.495480000000000291e+04
4.494040000000000146e+04
4.480440000000000146e+04
4.481719999999999709e+04
4.468119999999999709e+04
4.456919999999999709e+04
4.473400000000000000e+04
4.463000000000000000e+04
4.470680000000000291e+04
4.474680000000000291e+04
4.460600000000000000e+04
4.480280000000000291e+04
4.464440000000000146e+04
4.465400000000000000e+04
4.483000000000000000e+04
4.470840000000000146e+04
4.461719999999999709e+04
4.422359999999999854e+04
4.445559999999999854e+04
4.456759999999999854e+04
4.475959999999999854e+04
4.499000000000000000e+04
4.512119999999999709e+04
4.507159999999999854e+04
4.497719999999999709e+04
4.511959999999999854e+04
4.539000000000000000e+04
4.520759999999999854e+04
4.512759999999999854e+04
4.499159999999999854e+04
4.528440000000000146e+04
4.508600000000000000e+04
4.517719999999999709e+04
4.520440000000000146e+04
4.511640000000000146e+04
4.532280000000000291e+04
4.516759999999999854e+04
4.520759999999999854e+04
4.520759999999999854e+04
4.523959999999999854e+04
4.509559999999999854e+04
4.508600000000000000e+04
4.511319999999999709e+04
4.517080000000000291e+04
4.543159999999999854e+04
4.529400000000000000e+04
4.535640000000000146e+04
4.543959999999999854e+04
4.549240000000000146e+04
4.529880000000000291e+04
4.532759999999999854e+04
4.548600000000000000e+04
4.528919999999999709e+04
4.536119999999999709e+04
4.547319999999999709e+04
4.537559999999999854e+04
4.536440000000000146e+04
4.540440000000000146e+04
4.531159999999999854e+04
4.549080000000000291e+04
4.544280000000000291e+04
4.520280000000000291e+04
4.518359999999999854e+04
4.525080000000000291e+04
4.511159999999999854e+04
4.527159999999999854e+04
4.495319999999999709e+04
4.487800000000000000e+04
4.521240000000000146e+04
4.530680000000000291e+04
4.512440000000000146e+04
4.527640000000000146e+04
4.507319999999999709e+04
4.534200000000000000e+04
4.537719999999999709e+04
4.531000000000000000e+04
4.527640000000000146e+04
4.528759999999999854e+04
4.527640000000000146e+04
4.537400000000000000e+04
4.530359999999999854e+04
4.542519999999999709e+04
4.530200000000000000e+04
4.526840000000000146e+04
4.548759999999999854e+04
4.540119999999999709e+04
4.535000000000000000e+04
4.546359999999999854e+04
4.530200000000000000e+04
4.526680000000000291e+04
4.526359999999999854e+04
4.517080000000000291e+04
4.512280000000000291e+04
4.521559999999999854e+04
4.520919999999999709e+04
4.527000000000000000e+04
4.533559999999999854e+04
4.524600000000000000e+04
4.510519999999999709e+04
4.527319999999999709e+04
4.520119999999999709e+04
4.515800000000000000e+04
4.504440000000000146e+04
4.516759999999999854e+04
4.500280000000000291e+04
4.509240000000000146e+04
4.510200000000000000e+04
4.512600000000000000e+04
4.493880000000000291e+04
4.488759999999999854e+04
4.477719999999999709e+04
4.467959999999999854e+04
4.471640000000000146e+04
4.468759999999999854e+04
4.476280000000000291e+04
4.479000000000000000e+04
4.455640000000000146e+04
4.488919999999999709e+04
4.501559999999999854e+04
4.523000000000000000e+04
4.528919999999999709e+04
4.538200000000000000e+04
4.546200000000000000e+04
4.557559999999999854e+04
4.546200000000000000e+04
4.554680000000000291e+04
4.551159999999999854e+04
4.548119999999999709e+04
4.556919999999999709e+04
4.583000000000000000e+04
4.541880000000000291e+04
4.564119999999999709e+04
4.577559999999999854e+04
4.567640000000000146e+04
4.568280000000000291e+04
4.579159999999999854e+04
4.598680000000000291e+04
4.581719999999999709e+04
4.567319999999999709e+04
4.562840000000000146e+04
4.543319999999999709e+04
4.547000000000000000e+04
4.555640000000000146e+04
4.553559999999999854e+04
4.554359999999999854e+04
4.563159999999999854e+04
4.561080000000000291e+04
4.593400000000000000e+04
4.558359999999999854e+04
4.558519999999999709e+04
4.547800000000000000e+04
4.547000000000000000e+04
4.561080000000000291e+04
4.540440000000000146e+04
4.552600000000000000e+04
4.531959999999999854e+04
4.532119999999999709e+04
4.520280000000000291e+04
4.526040000000000146e+04
4.536119999999999709e+04
4.534519999999999709e+04
4.528759999999999854e+04
4.523000000000000000e+04
4.517240000000000146e+04
4.492759999999999854e+04
4.514359999999999854e+04
4.520919999999999709e+04
4.517240000000000146e+04
4.559159999999999854e+04
4.562040000000000146e+04
4.576440000000000146e+04
4.605719999999999709e+04
4.547319999999999709e+04
4.576759999999999854e+04
4.577880000000000291e+04
4.565559999999999854e+04
4.569559999999999854e+04
4.551480000000000291e+04
4.538200000000000000e+04
4.559159999999999854e+04
4.564600000000000000e+04
4.550840000000000146e+04
4.542359999999999854e+04
4.551159999999999854e+04
4.571159999999999854e+04
4.557719999999999709e+04
4.570840000000000146e+04
4.576440000000000146e+04
4.575959999999999854e+04
4.562680000000000291e+04
4.549240000000000146e+04
4.571959999999999854e+04
4.562680000000000291e+04
4.572600000000000000e+04
4.549080000000000291e+04
4.548919999999999709e+04
4.552440000000000146e+04
4.543640000000000146e+04
4.525400000000000000e+04
4.536919999999999709e+04
4.532759999999999854e+04
4.527800000000000000e+04
4.527000000000000000e+04
4.524440000000000146e+04
4.535640000000000146e+04
4.544440000000000146e+04
4.532919999999999709e+04
4.533240000000000146e+04
4.515480000000000291e+04
4.526040000000000146e+04
4.503800000000000000e+04
4.523000000000000000e+04
4.568600000000000000e+04
4.532440000000000146e+04
4.558040000000000146e+04
4.540759999999999854e+04
4.560919999999999709e+04
4.543159999999999854e+04
4.568119999999999709e+04
4.566200000000000000e+04
4.558519999999999709e+04
4.572759999999999854e+04
4.555159999999999854e+04
4.542840000000000146e+04
4.555640000000000146e+04
4.563000000000000000e+04
4.549880000000000291e+04
4.565719999999999709e+04
4.583159999999999854e+04
4.575000000000000000e+04
4.551800000000000000e+04
4.577240000000000146e+04
4.583640000000000146e+04
4.577880000000000291e+04
4.565080000000000291e+04
4.573880000000000291e+04
4.577240000000000146e+04
4.571159999999999854e+04
4.603640000000000146e+04
4.563319999999999709e+04
4.546040000000000146e+04
4.570200000000000000e+04
4.567800000000000000e+04
4.550840000000000146e+04
4.551159999999999854e+04
4.562200000000000000e+04
4.556440000000000146e+04
3.862040000000000146e+04
3.942680000000000291e+04
4.089240000000000146e+04
4.194040000000000146e+04
4.319640000000000146e+04
4.477400000000000000e+04
4.600119999999999709e+04
4.722680000000000291e+04
4.833719999999999709e+04
4.926040000000000146e+04
4.991959999999999854e+04
5.099480000000000291e+04
5.166200000000000000e+04
5.188280000000000291e+04
5.236600000000000000e+04
5.278200000000000000e+04
5.333080000000000291e+04
5.382519999999999709e+04
5.434200000000000000e+04
5.437719999999999709e+04
5.466519999999999709e+04
5.485240000000000146e+04
5.489400000000000000e+04
5.471159999999999854e+04
5.493719999999999709e+04
5.506519999999999709e+04
5.493719999999999709e+04
5.478519999999999709e+04
5.461559999999999854e+04
5.474200000000000000e+04
5.465719999999999709e+04
5.439480000000000291e+04
5.441400000000000000e+04
5.413559999999999854e+04
5.385880000000000291e+04
5.367000000000000000e+04
5.355000000000000000e+04
5.343959999999999854e+04
5.356600000000000000e+04
5.318680000000000291e+04
5.314680000000000291e+04
5.275000000000000000e+04
5.284440000000000146e+04
5.259800000000000000e+04
5.265880000000000291e+04
5.244440000000000146e+04
5.236600000000000000e+04
5.224440000000000146e+04
5.192919999999999709e+04
5.190519999999999709e+04
5.180119999999999709e+04
5.160119999999999709e+04
5.136280000000000291e+04
5.090519999999999709e+04
5.113719999999999709e+04
5.078040000000000146e+04
5.100440000000000146e+04
5.083959999999999854e+04
5.070359999999999854e+04
5.033559999999999854e+04
5.041719999999999709e+04
5.004440000000000146e+04
5.001719999999999709e+04
5.000759999999999854e+04
4.971800000000000000e+04
4.952600000000000000e+04
4.972919999999999709e+04
4.978359999999999854e+04
4.987480000000000291e+04
4.991959999999999854e+04
4.996600000000000000e+04
4.985240000000000146e+04
4.983480000000000291e+04
4.971959999999999854e+04
4.962519999999999709e+04
4.944119999999999709e+04
4.949400000000000000e+04
4.923480000000000291e+04
4.939319999999999709e+04
4.954040000000000146e+04
4.954040000000000146e+04
4.931159999999999854e+04
4.919800000000000000e+04
4.932280000000000291e+04
4.906840000000000146e+04
4.918359999999999854e+04
4.903959999999999854e+04
4.869719999999999709e+04
4.890359999999999854e+04
4.868280000000000291e+04
4.867959999999999854e+04
4.863480000000000291e+04
4.853080000000000291e+04
4.844919999999999709e+04
4.873080000000000291e+04
4.867800000000000000e+04
4.834840000000000146e+04
4.863640000000000146e+04
4.857559999999999854e+04
4.839000000000000000e+04
4.839319999999999709e+04
4.815640000000000146e+04
4.814840000000000146e+04
4.809559999999999854e+04
4.820119999999999709e+04
4.789240000000000146e+04
4.799000000000000000e+04
4.790519999999999709e+04
4.775319999999999709e+04
4.781240000000000146e+04
4.760280000000000291e+04
4.763640000000000146e+04
4.776280000000000291e+04
4.749559999999999854e+04
4.743000000000000000e+04
4.747959999999999854e+04
4.744280000000000291e+04
4.757080000000000291e+04
4.780759999999999854e+04
4.754040000000000146e+04
4.762040000000000146e+04
4.772119999999999709e+04
4.737400000000000000e+04
4.769719999999999709e+04
4.754519999999999709e+04
4.750519999999999709e+04
4.759959999999999854e+04
4.729880000000000291e+04
4.748600000000000000e+04
4.731640000000000146e+04
4.726040000000000146e+04
4.748440000000000146e+04
4.755640000000000146e+04
4.752919999999999709e+04
4.761080000000000291e+04
4.735640000000000146e+04
4.736759999999999854e+04
4.693240000000000146e+04
4.713559999999999854e+04
4.712280000000000291e+04
4.715000000000000000e+04
4.716280000000000291e+04
4.708280000000000291e+04
4.711640000000000146e+04
4.713719999999999709e+04
4.701080000000000291e+04
4.731319999999999709e+04
4.710680000000000291e+04
4.699159999999999854e+04
4.712600000000000000e+04
4.716440000000000146e+04
4.697559999999999854e+04
4.689240000000000146e+04
4.674680000000000291e+04
4.683800000000000000e+04
4.679480000000000291e+04
4.670359999999999854e+04
4.657559999999999854e+04
4.671480000000000291e+04
4.679959999999999854e+04
4.677400000000000000e+04
4.640440000000000146e+04
4.640440000000000146e+04
4.631800000000000000e+04
4.655959999999999854e+04
4.654040000000000146e+04
4.692119999999999709e+04
4.693719999999999709e+04
4.701240000000000146e+04
4.711800000000000000e+04
4.696919999999999709e+04
4.709719999999999709e+04
4.697400000000000000e+04
4.699800000000000000e+04
4.694359999999999854e+04
4.695640000000000146e+04
4.681559999999999854e+04
4.707640000000000146e+04
4.703480000000000291e+04
4.703159999999999854e+04
4.709400000000000000e+04
4.704280000000000291e+04
4.678519999999999709e+04
4.660119999999999709e+04
4.671319999999999709e+04
4.675800000000000000e+04
4.684440000000000146e+04
4.663000000000000000e+04
4.675800000000000000e+04
4.701880000000000291e+04
4.685559999999999854e+04
4.722040000000000146e+04
4.721080000000000291e+04
4.679959999999999854e+04
4.690359999999999854e+04
4.699959999999999854e+04
4.698840000000000146e+04
4.680280000000000291e+04
4.686040000000000146e+04
4.692280000000000291e+04
4.698840000000000146e+04
4.692280000000000291e+04
4.688440000000000146e+04
4.693240000000000146e+04
4.682200000000000000e+04
4.665240000000000146e+04
4.674040000000000146e+04
4.664600000000000000e+04
4.680119999999999709e+04
4.680119999999999709e+04
4.681880000000000291e+04
4.679800000000000000e+04
4.678519999999999709e+04
4.687159999999999854e+04
4.673559999999999854e+04
4.658840000000000146e+04
4.684440000000000146e+04
4.671000000000000000e+04
