0.000000000000000000e+00
3.128220000000000073e+04
3.084540000000000146e+04
3.055820000000000073e+04
3.034940000000000146e+04
3.000940000000000146e+04
2.966220000000000073e+04
2.935100000000000000e+04
2.893740000000000146e+04
2.861659999999999854e+04
2.833579999999999927e+04
2.804459999999999854e+04
2.771259999999999854e+04
2.734779999999999927e+04
2.710859999999999854e+04
2.685979999999999927e+04
2.660140000000000146e+04
2.636059999999999854e+04
2.605820000000000073e+04
2.581579999999999927e+04
2.570300000000000000e+04
2.542700000000000000e+04
2.508940000000000146e+04
2.484540000000000146e+04
2.457259999999999854e+04
2.432220000000000073e+04
2.407740000000000146e+04
2.383020000000000073e+04
2.347900000000000000e+04
2.317179999999999927e+04
2.294140000000000146e+04
2.269579999999999927e+04
2.246620000000000073e+04
2.214220000000000073e+04
2.191259999999999854e+04
2.175340000000000146e+04
2.142620000000000073e+04
2.118859999999999854e+04
2.105100000000000000e+04
2.099420000000000073e+04
2.096379999999999927e+04
2.076700000000000000e+04
2.055500000000000000e+04
2.040379999999999927e+04
2.009979999999999927e+04
1.979579999999999927e+04
1.958300000000000000e+04
1.937659999999999854e+04
1.912700000000000000e+04
1.881740000000000146e+04
1.861420000000000073e+04
1.848700000000000000e+04
1.844300000000000000e+04
1.846220000000000073e+04
1.828859999999999854e+04
1.800540000000000146e+04
1.785259999999999854e+04
1.780700000000000000e+04
1.772059999999999854e+04
1.759259999999999854e+04
1.750379999999999927e+04
1.736700000000000000e+04
1.726459999999999854e+04
1.712300000000000000e+04
1.707900000000000000e+04
1.709020000000000073e+04
1.701340000000000146e+04
1.693020000000000073e+04
1.685900000000000000e+04
1.678940000000000146e+04
1.669900000000000000e+04
1.662859999999999854e+04
1.658620000000000073e+04
1.644059999999999854e+04
1.620939999999999964e+04
1.603420000000000073e+04
1.593260000000000036e+04
1.582379999999999927e+04
1.562779999999999927e+04
1.552779999999999927e+04
1.554460000000000036e+04
1.549420000000000073e+04
1.542779999999999927e+04
1.525820000000000073e+04
1.497260000000000036e+04
1.485420000000000073e+04
1.477500000000000000e+04
1.460460000000000036e+04
1.454220000000000073e+04
1.450779999999999927e+04
1.437660000000000036e+04
1.423900000000000000e+04
1.420620000000000073e+04
1.415339999999999964e+04
1.410300000000000000e+04
1.400060000000000036e+04
1.379900000000000000e+04
1.377500000000000000e+04
1.368620000000000073e+04
1.352620000000000073e+04
1.354860000000000036e+04
1.357979999999999927e+04
1.340860000000000036e+04
1.316379999999999927e+04
1.310460000000000036e+04
1.308300000000000000e+04
1.290060000000000036e+04
1.284379999999999927e+04
1.290139999999999964e+04
9.115799999999999272e+03
5.765399999999999636e+03
6.827800000000000182e+03
8.051800000000000182e+03
9.577399999999999636e+03
1.111179999999999927e+04
1.231979999999999927e+04
1.354300000000000000e+04
1.478620000000000073e+04
1.569260000000000036e+04
1.649020000000000073e+04
1.726620000000000073e+04
1.792300000000000000e+04
1.857100000000000000e+04
1.895340000000000146e+04
1.917340000000000146e+04
1.938540000000000146e+04
1.960620000000000073e+04
1.972940000000000146e+04
1.981420000000000073e+04
2.000300000000000000e+04
2.018620000000000073e+04
2.003979999999999927e+04
1.989900000000000000e+04
1.995740000000000146e+04
1.977659999999999854e+04
1.945500000000000000e+04
1.928700000000000000e+04
1.925500000000000000e+04
1.920700000000000000e+04
1.906059999999999854e+04
1.877979999999999927e+04
1.856940000000000146e+04
1.848700000000000000e+04
1.829420000000000073e+04
1.802379999999999927e+04
1.779740000000000146e+04
1.752379999999999927e+04
1.716620000000000073e+04
1.674700000000000000e+04
1.647020000000000073e+04
1.631339999999999964e+04
1.615500000000000000e+04
1.596379999999999927e+04
1.563179999999999927e+04
1.536220000000000073e+04
1.519900000000000000e+04
1.504060000000000036e+04
1.488620000000000073e+04
1.466139999999999964e+04
1.444460000000000036e+04
1.437100000000000000e+04
1.422300000000000000e+04
1.405979999999999927e+04
1.393420000000000073e+04
1.375020000000000073e+04
1.350379999999999927e+04
1.333339999999999964e+04
1.326060000000000036e+04
1.312460000000000036e+04
1.287500000000000000e+04
1.268539999999999964e+04
1.259660000000000036e+04
1.245179999999999927e+04
1.234860000000000036e+04
1.223979999999999927e+04
1.206460000000000036e+04
1.193579999999999927e+04
1.187979999999999927e+04
1.166700000000000000e+04
1.143739999999999964e+04
1.137260000000000036e+04
1.119979999999999927e+04
1.109820000000000073e+04
1.101820000000000073e+04
1.082620000000000073e+04
1.063900000000000000e+04
1.052139999999999964e+04
1.049739999999999964e+04
1.036939999999999964e+04
1.029979999999999927e+04
1.010860000000000036e+04
1.000779999999999927e+04
1.002139999999999964e+04
9.818200000000000728e+03
9.739000000000000000e+03
9.711799999999999272e+03
9.616600000000000364e+03
9.536600000000000364e+03
9.455000000000000000e+03
9.368600000000000364e+03
9.186200000000000728e+03
8.923000000000000000e+03
8.815000000000000000e+03
8.716600000000000364e+03
8.595799999999999272e+03
8.546200000000000728e+03
8.473399999999999636e+03
8.342200000000000728e+03
8.263000000000000000e+03
8.388600000000000364e+03
8.521399999999999636e+03
8.551000000000000000e+03
8.405399999999999636e+03
8.248600000000000364e+03
8.163000000000000000e+03
8.047800000000000182e+03
7.971000000000000000e+03
7.917399999999999636e+03
7.812600000000000364e+03
7.771000000000000000e+03
7.761399999999999636e+03
7.549399999999999636e+03
7.371800000000000182e+03
7.290199999999999818e+03
7.186199999999999818e+03
7.211800000000000182e+03
7.231000000000000000e+03
7.171000000000000000e+03
7.148600000000000364e+03
7.064600000000000364e+03
6.943800000000000182e+03
6.832600000000000364e+03
6.622199999999999818e+03
6.524600000000000364e+03
6.694199999999999818e+03
6.749399999999999636e+03
6.590199999999999818e+03
6.459800000000000182e+03
6.371800000000000182e+03
6.304600000000000364e+03
6.359000000000000000e+03
6.363800000000000182e+03
6.247800000000000182e+03
6.070199999999999818e+03
5.907800000000000182e+03
5.862199999999999818e+03
5.885399999999999636e+03
5.791800000000000182e+03
5.638199999999999818e+03
5.574199999999999818e+03
5.347800000000000182e+03
5.283000000000000000e+03
5.267800000000000182e+03
5.153399999999999636e+03
5.202199999999999818e+03
5.182199999999999818e+03
5.042199999999999818e+03
4.927000000000000000e+03
4.807800000000000182e+03
4.703800000000000182e+03
4.767800000000000182e+03
4.880600000000000364e+03
4.795800000000000182e+03
4.743000000000000000e+03
4.691000000000000000e+03
4.591000000000000000e+03
4.563800000000000182e+03
4.481399999999999636e+03
4.388600000000000364e+03
4.308600000000000364e+03
4.332600000000000364e+03
4.232600000000000364e+03
4.048599999999999909e+03
3.975800000000000182e+03
3.947800000000000182e+03
3.918199999999999818e+03
3.743000000000000000e+03
3.631000000000000000e+03
3.810996874999999818e+03
3.706196875000000091e+03
3.527800000000000182e+03
3.488599999999999909e+03
3.647796875000000000e+03
3.702996874999999818e+03
3.538199999999999818e+03
3.578199999999999818e+03
3.555000000000000000e+03
3.548599999999999909e+03
3.603800000000000182e+03
3.673400000000000091e+03
3.594199999999999818e+03
3.412599999999999909e+03
3.662993750000000091e+03
4.187784375000000182e+03
3.786190625000000182e+03
3.153400000000000091e+03
3.239800000000000182e+03
3.508596875000000182e+03
3.444596875000000182e+03
3.214199999999999818e+03
3.255000000000000000e+03
3.243000000000000000e+03
3.866187500000000000e+03
4.366978124999999636e+03
3.501390625000000000e+03
3.336590624999999818e+03
3.283790625000000091e+03
2.791800000000000182e+03
3.067000000000000000e+03
3.291800000000000182e+03
3.334199999999999818e+03
3.365400000000000091e+03
3.312599999999999909e+03
3.219800000000000182e+03
3.168599999999999909e+03
3.665390625000000000e+03
3.618190625000000182e+03
3.024599999999999909e+03
2.894199999999999818e+03
3.011796875000000000e+03
2.936596875000000182e+03
2.631800000000000182e+03
2.635800000000000182e+03
2.671800000000000182e+03
2.719800000000000182e+03
2.954996874999999818e+03
3.091793749999999818e+03
2.854996874999999818e+03
3.108593750000000000e+03
2.978993750000000091e+03
2.447000000000000000e+03
2.497400000000000091e+03
2.454199999999999818e+03
2.821393750000000182e+03
2.889393750000000182e+03
2.560599999999999909e+03
2.766996874999999818e+03
3.102190625000000182e+03
3.112590624999999818e+03
3.226987500000000182e+03
3.893375000000000000e+03
3.520581250000000182e+03
2.846190625000000182e+03
2.772590624999999818e+03
2.945387499999999818e+03
3.473378125000000182e+03
3.470178124999999909e+03
2.846987500000000182e+03
2.576590624999999818e+03
2.591790625000000091e+03
3.172581250000000182e+03
4.822153124999999818e+03
5.705337499999999636e+03
6.278928125000000364e+03
7.607706250000000182e+03
6.978915624999999636e+03
7.410109375000000000e+03
6.820518750000000182e+03
5.523740625000000364e+03
7.114115625000000364e+03
5.643737500000000182e+03
4.230959375000000364e+03
5.171743749999999636e+03
5.794934374999999818e+03
6.602921875000000000e+03
8.475690624999999272e+03
1.000206562499999927e+04
9.330875000000000000e+03
9.071678125000000364e+03
7.741300000000000182e+03
9.120478124999999636e+03
1.131804375000000073e+04
1.170603750000000036e+04
1.364760625000000073e+04
1.453159375000000000e+04
1.554997812499999964e+04
1.664755937500000073e+04
1.733954687500000000e+04
1.699795312500000000e+04
1.697955312499999854e+04
1.710434999999999854e+04
1.553557500000000073e+04
1.433399374999999964e+04
1.374520312500000000e+04
1.408759687499999927e+04
1.637795937500000036e+04
1.694834999999999854e+04
1.931151250000000073e+04
2.445943125000000146e+04
2.765778125000000000e+04
2.722418750000000000e+04
2.596020624999999927e+04
2.598500624999999854e+04
2.662579687500000000e+04
2.839376874999999927e+04
2.603540625000000000e+04
2.292585625000000073e+04
2.512022187499999927e+04
2.783377812500000073e+04
2.977454687500000000e+04
3.117932500000000073e+04
3.034333750000000146e+04
3.012654062500000146e+04
3.333449062499999854e+04
3.449607187500000146e+04
3.151691875000000073e+04
2.722418750000000000e+04
2.528661875000000146e+04
2.606740625000000000e+04
3.015934062500000073e+04
3.120332500000000073e+04
2.941055312499999854e+04
3.064653125000000000e+04
2.847296562500000073e+04
2.965694687500000146e+04
3.241770312500000000e+04
3.165291562500000146e+04
3.246650312499999927e+04
3.438567187500000000e+04
3.529925624999999854e+04
3.648643750000000000e+04
3.785681562500000291e+04
4.073436875000000146e+04
4.466950624999999854e+04
4.580628749999999854e+04
4.676947187500000291e+04
5.018061875000000146e+04
5.155499687499999709e+04
5.056701249999999709e+04
4.998622187500000291e+04
4.988222187500000291e+04
4.864544062500000291e+04
5.030221562499999709e+04
5.367496250000000146e+04
5.525333750000000146e+04
5.687651249999999709e+04
5.595972812500000146e+04
5.467094687500000146e+04
5.438455000000000291e+04
5.495814062500000000e+04
5.554533125000000291e+04
5.692610937500000000e+04
5.742209999999999854e+04
5.736369999999999709e+04
5.884687500000000000e+04
5.981725937500000146e+04
6.005485624999999709e+04
6.024445312500000000e+04
6.054044687500000146e+04
6.120683437499999854e+04
6.176842500000000291e+04
6.149002812499999709e+04
6.148122812500000146e+04
6.151802812499999709e+04
6.132283125000000291e+04
6.153402812499999709e+04
6.148522812500000146e+04
6.127803125000000000e+04
6.210761875000000146e+04
6.252041249999999854e+04
6.224601562500000000e+04
6.214921562499999709e+04
6.201321875000000000e+04
6.207481874999999854e+04
6.200281874999999854e+04
6.211161562499999854e+04
6.228601249999999709e+04
6.240200937500000146e+04
6.234200937500000146e+04
6.212841249999999854e+04
6.179081562500000291e+04
6.151561875000000146e+04
6.169161562499999854e+04
6.165721562499999709e+04
6.122602187499999854e+04
6.114842187500000000e+04
6.165321562499999709e+04
6.187721250000000146e+04
6.152441874999999709e+04
6.148042187500000000e+04
6.162841874999999709e+04
6.172921562499999709e+04
6.164201562500000000e+04
6.166281562500000291e+04
6.162681874999999854e+04
6.146202187499999854e+04
6.173481562500000291e+04
6.185961250000000291e+04
6.196680937499999709e+04
6.209720625000000291e+04
6.220760312500000146e+04
6.180920937499999854e+04
6.172681250000000000e+04
6.224520312500000000e+04
6.232519999999999709e+04
6.222200000000000000e+04
6.212119999999999709e+04
6.207319999999999709e+04
6.208200000000000000e+04
6.201480000000000291e+04
6.179320312500000000e+04
6.166360624999999709e+04
5.911880312499999854e+04
