3.414244827586207248e+04
3.387762068965517392e+04
3.411596551724137680e+04
3.416893103448276088e+04
3.385996551724137680e+04
3.386879310344827536e+04
3.410713793103448552e+04
3.445141379310344928e+04
3.397472413793103624e+04
3.405417241379310144e+04
3.414244827586207248e+04
3.415127586206896376e+04
3.402768965517241304e+04
3.409831034482758696e+04
3.387762068965517392e+04
3.401886206896551448e+04
3.391293103448276088e+04
3.385996551724137680e+04
3.382465517241378984e+04
3.376286206896551448e+04
3.339210344827586232e+04
3.398355172413792752e+04
3.388644827586207248e+04
3.370106896551723912e+04
3.386879310344827536e+04
3.380700000000000000e+04
3.355100000000000000e+04
3.335679310344827536e+04
3.336562068965517392e+04
3.369224137931034784e+04
3.333913793103448552e+04
3.363927586206896376e+04
3.398355172413792752e+04
3.370106896551723912e+04
3.362162068965517392e+04
3.414244827586207248e+04
3.407182758620689856e+04
3.399237931034482608e+04
3.392175862068965216e+04
3.358631034482758696e+04
3.357748275862068840e+04
3.385996551724137680e+04
3.408948275862068840e+04
3.379817241379310144e+04
3.382465517241378984e+04
3.372755172413792752e+04
3.390410344827586232e+04
3.431900000000000000e+04
3.406300000000000000e+04
3.393058620689655072e+04
3.380700000000000000e+04
3.385113793103448552e+04
3.344506896551723912e+04
3.373637931034482608e+04
3.360396551724137680e+04
3.373637931034482608e+04
3.360396551724137680e+04
3.350686206896551448e+04
3.367458620689655072e+04
3.399237931034482608e+04
3.369224137931034784e+04
3.375403448275862320e+04
3.375403448275862320e+04
3.367458620689655072e+04
3.365693103448276088e+04
3.377168965517241304e+04
3.377168965517241304e+04
3.370989655172413768e+04
3.383348275862068840e+04
3.343624137931034784e+04
3.348037931034482608e+04
3.359513793103448552e+04
3.351568965517241304e+04
3.370989655172413768e+04
3.356865517241378984e+04
3.340975862068965216e+04
3.337444827586207248e+04
3.334796551724137680e+04
3.334796551724137680e+04
3.369224137931034784e+04
3.385113793103448552e+04
3.416893103448276088e+04
3.455734482758621016e+04
3.438079310344827536e+04
3.459265517241378984e+04
3.446906896551723912e+04
3.462796551724137680e+04
3.484865517241378984e+04
3.503403448275862320e+04
3.505168965517241304e+04
3.521941379310344928e+04
3.511348275862068840e+04
3.503403448275862320e+04
3.553720689655172464e+04
3.544010344827586232e+04
3.516644827586207248e+04
3.534300000000000000e+04
3.509582758620689856e+04
3.497224137931034784e+04
3.494575862068965216e+04
3.513996551724137680e+04
3.478686206896551448e+04
3.501637931034482608e+04
3.503403448275862320e+04
3.489279310344827536e+04
3.513996551724137680e+04
3.512231034482758696e+04
3.491044827586207248e+04
3.526355172413792752e+04
3.541362068965517392e+04
3.543127586206896376e+04
3.542244827586207248e+04
3.515762068965517392e+04
3.501637931034482608e+04
3.506934482758621016e+04
3.527237931034482608e+04
3.512231034482758696e+04
3.529003448275862320e+04
3.508700000000000000e+04
3.497224137931034784e+04
3.525472413793103624e+04
3.499872413793103624e+04
3.476920689655172464e+04
3.485748275862068840e+04
3.474272413793103624e+04
3.468975862068965216e+04
3.467210344827586232e+04
3.468975862068965216e+04
3.447789655172413768e+04
3.491927586206896376e+04
3.529886206896551448e+04
3.530768965517241304e+04
3.519293103448276088e+04
3.506934482758621016e+04
3.504286206896551448e+04
3.495458620689655072e+04
3.513113793103448552e+04
3.480451724137931160e+04
3.473389655172413768e+04
3.467210344827586232e+04
3.498989655172413768e+04
3.491044827586207248e+04
3.479568965517241304e+04
3.533417241379310144e+04
3.519293103448276088e+04
3.512231034482758696e+04
3.515762068965517392e+04
3.508700000000000000e+04
3.527237931034482608e+04
3.504286206896551448e+04
3.509582758620689856e+04
3.513113793103448552e+04
3.499872413793103624e+04
3.490162068965517392e+04
3.506934482758621016e+04
3.521941379310344928e+04
3.507817241379310144e+04
3.494575862068965216e+04
3.507817241379310144e+04
3.479568965517241304e+04
3.496341379310344928e+04
3.520175862068965216e+04
3.491044827586207248e+04
3.493693103448276088e+04
3.490162068965517392e+04
3.487513793103448552e+04
3.483982758620689856e+04
3.512231034482758696e+04
3.515762068965517392e+04
3.506934482758621016e+04
3.516644827586207248e+04
3.540479310344827536e+04
3.495458620689655072e+04
3.509582758620689856e+04
3.498989655172413768e+04
3.482217241379310144e+04
3.478686206896551448e+04
3.492810344827586232e+04
3.518410344827586232e+04
3.508700000000000000e+04
3.539596551724137680e+04
3.542244827586207248e+04
3.540479310344827536e+04
3.536065517241378984e+04
3.513996551724137680e+04
3.534300000000000000e+04
3.553720689655172464e+04
3.570493103448276088e+04
3.569610344827586232e+04
3.528120689655172464e+04
3.558134482758621016e+04
3.550189655172413768e+04
3.556368965517241304e+04
3.544010344827586232e+04
3.529003448275862320e+04
3.537831034482758696e+04
3.555486206896551448e+04
3.495458620689655072e+04
3.507817241379310144e+04
3.509582758620689856e+04
3.526355172413792752e+04
3.511348275862068840e+04
3.508700000000000000e+04
3.496341379310344928e+04
3.496341379310344928e+04
2.738051724137931160e+04
2.870465517241379348e+04
3.052313793103448188e+04
3.249168965517241304e+04
3.412479310344827536e+04
3.603155172413792752e+04
3.754989655172413768e+04
3.855624137931034784e+04
3.950079310344827536e+04
4.066603448275862320e+04
4.098382758620689856e+04
4.194603448275862320e+04
4.206079310344827536e+04
4.229913793103448552e+04
4.230796551724137680e+04
4.235210344827586232e+04
4.245803448275862320e+04
4.241389655172413768e+04
4.191072413793103624e+04
4.147817241379310144e+04
4.170768965517241304e+04
4.140755172413792752e+04
4.140755172413792752e+04
4.085141379310344928e+04
4.070134482758621016e+04
4.031293103448276088e+04
4.025996551724137680e+04
4.018051724137931160e+04
4.004810344827586232e+04
3.973031034482758696e+04
3.963320689655172464e+04
3.942134482758621016e+04
3.908589655172413768e+04
3.881224137931034784e+04
3.838851724137931160e+04
3.837968965517241304e+04
3.848562068965517392e+04
3.794713793103448552e+04
3.803541379310344928e+04
3.762934482758621016e+04
3.742631034482758696e+04
3.728506896551723912e+04
3.706437931034482608e+04
3.680837931034482608e+04
3.669362068965517392e+04
3.664065517241378984e+04
3.633168965517241304e+04
3.654355172413792752e+04
3.635817241379310144e+04
3.638465517241378984e+04
3.636700000000000000e+04
3.610217241379310144e+04
3.613748275862068840e+04
3.613748275862068840e+04
3.611100000000000000e+04
3.604920689655172464e+04
3.603155172413792752e+04
3.586382758620689856e+04
3.596975862068965216e+04
3.591679310344827536e+04
3.568727586206896376e+04
3.551072413793103624e+04
3.559900000000000000e+04
3.529003448275862320e+04
3.516644827586207248e+04
3.510465517241378984e+04
3.472506896551723912e+04
3.484865517241378984e+04
3.453968965517241304e+04
3.462796551724137680e+04
3.487513793103448552e+04
3.454851724137931160e+04
3.494575862068965216e+04
3.507817241379310144e+04
3.543127586206896376e+04
3.518410344827586232e+04
3.533417241379310144e+04
3.536065517241378984e+04
3.539596551724137680e+04
3.523706896551723912e+04
3.525472413793103624e+04
3.525472413793103624e+04
3.521058620689655072e+04
3.570493103448276088e+04
3.524589655172413768e+04
3.536948275862068840e+04
3.538713793103448552e+04
3.512231034482758696e+04
3.508700000000000000e+04
3.509582758620689856e+04
3.524589655172413768e+04
3.490162068965517392e+04
3.510465517241378984e+04
3.518410344827586232e+04
3.498106896551723912e+04
3.531651724137931160e+04
3.505168965517241304e+04
3.516644827586207248e+04
3.516644827586207248e+04
3.543127586206896376e+04
3.523706896551723912e+04
3.543127586206896376e+04
3.529886206896551448e+04
3.506051724137931160e+04
3.506051724137931160e+04
3.502520689655172464e+04
3.511348275862068840e+04
3.491927586206896376e+04
3.506934482758621016e+04
3.504286206896551448e+04
3.489279310344827536e+04
3.486631034482758696e+04
3.491927586206896376e+04
3.488396551724137680e+04
3.502520689655172464e+04
3.507817241379310144e+04
3.508700000000000000e+04
3.506934482758621016e+04
3.530768965517241304e+04
3.521058620689655072e+04
3.531651724137931160e+04
3.529886206896551448e+04
3.487513793103448552e+04
3.481334482758621016e+04
3.521941379310344928e+04
3.520175862068965216e+04
3.529886206896551448e+04
3.544893103448276088e+04
3.511348275862068840e+04
3.538713793103448552e+04
3.552837931034482608e+04
3.541362068965517392e+04
3.513996551724137680e+04
3.513996551724137680e+04
3.526355172413792752e+04
3.520175862068965216e+04
3.501637931034482608e+04
3.506051724137931160e+04
3.495458620689655072e+04
3.464562068965517392e+04
3.475155172413792752e+04
3.469858620689655072e+04
3.484865517241378984e+04
3.496341379310344928e+04
3.503403448275862320e+04
3.507817241379310144e+04
3.506051724137931160e+04
3.520175862068965216e+04
3.520175862068965216e+04
3.491044827586207248e+04
3.515762068965517392e+04
3.510465517241378984e+04
3.489279310344827536e+04
3.509582758620689856e+04
3.488396551724137680e+04
3.492810344827586232e+04
3.513996551724137680e+04
3.489279310344827536e+04
3.472506896551723912e+04
3.492810344827586232e+04
3.457500000000000000e+04
3.470741379310344928e+04
3.464562068965517392e+04
3.502520689655172464e+04
3.511348275862068840e+04
3.507817241379310144e+04
3.517527586206896376e+04
3.527237931034482608e+04
3.519293103448276088e+04
3.513113793103448552e+04
3.537831034482758696e+04
3.538713793103448552e+04
3.526355172413792752e+04
3.518410344827586232e+04
3.528120689655172464e+04
3.502520689655172464e+04
3.518410344827586232e+04
3.528120689655172464e+04
3.525472413793103624e+04
3.504286206896551448e+04
3.516644827586207248e+04
3.525472413793103624e+04
3.500755172413792752e+04
3.498106896551723912e+04
3.489279310344827536e+04
3.481334482758621016e+04
3.517527586206896376e+04
3.487513793103448552e+04
3.493693103448276088e+04
3.507817241379310144e+04
3.501637931034482608e+04
3.499872413793103624e+04
3.483982758620689856e+04
3.518410344827586232e+04
3.480451724137931160e+04
3.503403448275862320e+04
3.501637931034482608e+04
3.479568965517241304e+04
3.466327586206896376e+04
3.492810344827586232e+04
3.473389655172413768e+04
3.533417241379310144e+04
3.510465517241378984e+04
3.492810344827586232e+04
3.486631034482758696e+04
3.476037931034482608e+04
3.481334482758621016e+04
3.475155172413792752e+04
3.489279310344827536e+04
3.468975862068965216e+04
3.488396551724137680e+04
3.537831034482758696e+04
3.522824137931034784e+04
3.529003448275862320e+04
3.527237931034482608e+04
3.506934482758621016e+04
3.502520689655172464e+04
3.506934482758621016e+04
3.508700000000000000e+04
3.518410344827586232e+04
3.484865517241378984e+04
3.491044827586207248e+04
3.484865517241378984e+04
3.500755172413792752e+04
3.487513793103448552e+04
3.504286206896551448e+04
3.504286206896551448e+04
3.512231034482758696e+04
3.472506896551723912e+04
3.513996551724137680e+04
3.464562068965517392e+04
3.453968965517241304e+04
3.453086206896551448e+04
3.455734482758621016e+04
3.466327586206896376e+04
3.494575862068965216e+04
3.446024137931034784e+04
3.479568965517241304e+04
3.468975862068965216e+04
3.457500000000000000e+04
3.469858620689655072e+04
3.507817241379310144e+04
3.476920689655172464e+04
3.483100000000000000e+04
3.436313793103448552e+04
3.449555172413792752e+04
3.484865517241378984e+04
3.480451724137931160e+04
3.435431034482758696e+04
3.438962068965517392e+04
3.451320689655172464e+04
3.456617241379310144e+04
3.423955172413792752e+04
3.408948275862068840e+04
3.423072413793103624e+04
3.420424137931034784e+04
3.415127586206896376e+04
3.434548275862068840e+04
3.418658620689655072e+04
3.431900000000000000e+04
3.496341379310344928e+04
3.510465517241378984e+04
3.492810344827586232e+04
3.523706896551723912e+04
3.507817241379310144e+04
3.573141379310344928e+04
3.557251724137931160e+04
3.528120689655172464e+04
3.544010344827586232e+04
3.559900000000000000e+04
3.544893103448276088e+04
3.558134482758621016e+04
3.545775862068965216e+04
3.521941379310344928e+04
3.522824137931034784e+04
3.540479310344827536e+04
3.530768965517241304e+04
3.558134482758621016e+04
3.546658620689655072e+04
3.526355172413792752e+04
3.521941379310344928e+04
3.507817241379310144e+04
3.538713793103448552e+04
3.530768965517241304e+04
3.538713793103448552e+04
3.542244827586207248e+04
3.531651724137931160e+04
3.553720689655172464e+04
3.553720689655172464e+04
3.509582758620689856e+04
3.537831034482758696e+04
3.544010344827586232e+04
3.559017241379310144e+04
3.522824137931034784e+04
3.522824137931034784e+04
3.496341379310344928e+04
3.516644827586207248e+04
3.523706896551723912e+04
3.534300000000000000e+04
3.530768965517241304e+04
3.533417241379310144e+04
3.528120689655172464e+04
3.525472413793103624e+04
3.530768965517241304e+04
3.545775862068965216e+04
3.574906896551723912e+04
3.526355172413792752e+04
3.566079310344827536e+04
3.560782758620689856e+04
3.562548275862068840e+04
3.584617241379310144e+04
3.559900000000000000e+04
3.570493103448276088e+04
3.569610344827586232e+04
3.604037931034482608e+04
3.612865517241378984e+04
3.583734482758621016e+04
3.567844827586207248e+04
3.556368965517241304e+04
3.566079310344827536e+04
3.545775862068965216e+04
3.546658620689655072e+04
3.559900000000000000e+04
3.541362068965517392e+04
3.513996551724137680e+04
3.536948275862068840e+04
3.550189655172413768e+04
3.532534482758621016e+04
3.562548275862068840e+04
3.556368965517241304e+04
3.540479310344827536e+04
3.530768965517241304e+04
3.537831034482758696e+04
3.534300000000000000e+04
3.534300000000000000e+04
3.538713793103448552e+04
3.533417241379310144e+04
3.535182758620689856e+04
3.551955172413792752e+04
3.551072413793103624e+04
3.550189655172413768e+04
3.551955172413792752e+04
3.560782758620689856e+04
3.554603448275862320e+04
3.553720689655172464e+04
3.557251724137931160e+04
3.550189655172413768e+04
3.566079310344827536e+04
3.555486206896551448e+04
3.568727586206896376e+04
3.541362068965517392e+04
3.562548275862068840e+04
3.571375862068965216e+04
3.558134482758621016e+04
3.557251724137931160e+04
3.534300000000000000e+04
3.536065517241378984e+04
3.553720689655172464e+04
3.582851724137931160e+04
3.585500000000000000e+04
3.586382758620689856e+04
3.569610344827586232e+04
3.590796551724137680e+04
3.614631034482758696e+04
3.606686206896551448e+04
3.590796551724137680e+04
3.598741379310344928e+04
3.589031034482758696e+04
3.616396551724137680e+04
3.615513793103448552e+04
3.606686206896551448e+04
3.611982758620689856e+04
3.617279310344827536e+04
3.591679310344827536e+04
3.612865517241378984e+04
3.608451724137931160e+04
3.610217241379310144e+04
3.627872413793103624e+04
3.631403448275862320e+04
3.607568965517241304e+04
3.593444827586207248e+04
3.578437931034482608e+04
3.634051724137931160e+04
3.609334482758621016e+04
3.611100000000000000e+04
3.611100000000000000e+04
2.885472413793103624e+04
3.002879310344827536e+04
3.193555172413793116e+04
3.378934482758621016e+04
3.587265517241378984e+04
3.776175862068965216e+04
3.907706896551723912e+04
4.021582758620689856e+04
4.121334482758621016e+04
4.191072413793103624e+04
4.264341379310344928e+04
4.295237931034482608e+04
4.333196551724137680e+04
4.355265517241378984e+04
4.316424137931034784e+04
4.338493103448276088e+04
4.361444827586207248e+04
4.348203448275862320e+04
4.337610344827586232e+04
4.304065517241378984e+04
4.281996551724137680e+04
4.328782758620689856e+04
4.298768965517241304e+04
4.287293103448276088e+04
4.245803448275862320e+04
4.214024137931034784e+04
4.165472413793103624e+04
4.146051724137931160e+04
4.142520689655172464e+04
4.128396551724137680e+04
4.081610344827586232e+04
4.067486206896551448e+04
4.029527586206896376e+04
4.007458620689655072e+04
3.972148275862068840e+04
3.947431034482758696e+04
3.948313793103448552e+04
3.937720689655172464e+04
3.919182758620689856e+04
3.888286206896551448e+04
3.844148275862068840e+04
3.838851724137931160e+04
3.826493103448276088e+04
3.828258620689655072e+04
3.810603448275862320e+04
3.797362068965517392e+04
3.775293103448276088e+04
3.778824137931034784e+04
3.758520689655172464e+04
3.724975862068965216e+04
3.724093103448276088e+04
3.707320689655172464e+04
3.709968965517241304e+04
3.690548275862068840e+04
3.693196551724137680e+04
3.674658620689655072e+04
3.675541379310344928e+04
3.685251724137931160e+04
3.669362068965517392e+04
3.636700000000000000e+04
3.643762068965517392e+04
3.644644827586207248e+04
3.664948275862068840e+04
3.645527586206896376e+04
3.637582758620689856e+04
3.622575862068965216e+04
3.610217241379310144e+04
3.613748275862068840e+04
3.611982758620689856e+04
3.611982758620689856e+04
3.629637931034482608e+04
3.629637931034482608e+04
3.633168965517241304e+04
3.633168965517241304e+04
3.634051724137931160e+04
3.682603448275862320e+04
3.638465517241378984e+04
3.654355172413792752e+04
3.635817241379310144e+04
3.675541379310344928e+04
3.681720689655172464e+04
3.677306896551723912e+04
3.656120689655172464e+04
3.649058620689655072e+04
3.659651724137931160e+04
3.657003448275862320e+04
3.639348275862068840e+04
3.640231034482758696e+04
3.619927586206896376e+04
3.626106896551723912e+04
3.611100000000000000e+04
3.640231034482758696e+04
3.661417241379310144e+04
3.635817241379310144e+04
3.691431034482758696e+04
3.649941379310344928e+04
3.654355172413792752e+04
3.634934482758621016e+04
3.664065517241378984e+04
3.644644827586207248e+04
3.631403448275862320e+04
3.628755172413792752e+04
3.622575862068965216e+04
3.641113793103448552e+04
3.626106896551723912e+04
3.617279310344827536e+04
3.619927586206896376e+04
3.625224137931034784e+04
3.629637931034482608e+04
3.638465517241378984e+04
3.619044827586207248e+04
3.628755172413792752e+04
3.622575862068965216e+04
3.613748275862068840e+04
3.630520689655172464e+04
3.619044827586207248e+04
3.617279310344827536e+04
3.619927586206896376e+04
3.611100000000000000e+04
3.589031034482758696e+04
3.614631034482758696e+04
3.631403448275862320e+04
3.606686206896551448e+04
3.613748275862068840e+04
3.627872413793103624e+04
3.628755172413792752e+04
3.631403448275862320e+04
3.599624137931034784e+04
3.617279310344827536e+04
3.581968965517241304e+04
3.589031034482758696e+04
3.604037931034482608e+04
3.599624137931034784e+04
3.594327586206896376e+04
3.595210344827586232e+04
3.576672413793103624e+04
3.550189655172413768e+04
3.552837931034482608e+04
3.544010344827586232e+04
3.547541379310344928e+04
3.542244827586207248e+04
3.551072413793103624e+04
3.529003448275862320e+04
3.554603448275862320e+04
3.553720689655172464e+04
3.585500000000000000e+04
3.598741379310344928e+04
3.620810344827586232e+04
3.592562068965517392e+04
3.566079310344827536e+04
3.581086206896551448e+04
3.581968965517241304e+04
3.572258620689655072e+04
3.592562068965517392e+04
3.572258620689655072e+04
3.589913793103448552e+04
3.570493103448276088e+04
3.569610344827586232e+04
3.581086206896551448e+04
3.562548275862068840e+04
3.574024137931034784e+04
3.551072413793103624e+04
3.542244827586207248e+04
3.573141379310344928e+04
3.555486206896551448e+04
3.560782758620689856e+04
3.563431034482758696e+04
3.563431034482758696e+04
3.579320689655172464e+04
3.628755172413792752e+04
3.586382758620689856e+04
3.624341379310344928e+04
3.618162068965517392e+04
3.635817241379310144e+04
3.636700000000000000e+04
3.611982758620689856e+04
3.625224137931034784e+04
3.619927586206896376e+04
3.628755172413792752e+04
3.596093103448276088e+04
3.604037931034482608e+04
3.621693103448276088e+04
3.586382758620689856e+04
3.585500000000000000e+04
3.616396551724137680e+04
3.596975862068965216e+04
3.607568965517241304e+04
3.600506896551723912e+04
3.634051724137931160e+04
3.623458620689655072e+04
3.624341379310344928e+04
3.648175862068965216e+04
3.624341379310344928e+04
3.648175862068965216e+04
3.651706896551723912e+04
3.632286206896551448e+04
3.626989655172413768e+04
3.625224137931034784e+04
3.622575862068965216e+04
3.632286206896551448e+04
3.608451724137931160e+04
3.621693103448276088e+04
3.602272413793103624e+04
3.619044827586207248e+04
3.616396551724137680e+04
3.612865517241378984e+04
3.610217241379310144e+04
3.633168965517241304e+04
3.612865517241378984e+04
3.608451724137931160e+04
3.612865517241378984e+04
3.628755172413792752e+04
3.601389655172413768e+04
3.617279310344827536e+04
3.590796551724137680e+04
3.592562068965517392e+04
3.606686206896551448e+04
3.587265517241378984e+04
3.586382758620689856e+04
3.583734482758621016e+04
3.600506896551723912e+04
3.577555172413792752e+04
3.592562068965517392e+04
3.596093103448276088e+04
3.610217241379310144e+04
3.595210344827586232e+04
3.559900000000000000e+04
3.574906896551723912e+04
3.569610344827586232e+04
3.594327586206896376e+04
3.596975862068965216e+04
3.592562068965517392e+04
3.628755172413792752e+04
3.611100000000000000e+04
3.634051724137931160e+04
3.609334482758621016e+04
3.597858620689655072e+04
3.590796551724137680e+04
3.575789655172413768e+04
3.578437931034482608e+04
3.617279310344827536e+04
3.607568965517241304e+04
3.580203448275862320e+04
3.573141379310344928e+04
3.592562068965517392e+04
3.586382758620689856e+04
3.576672413793103624e+04
3.560782758620689856e+04
3.556368965517241304e+04
3.556368965517241304e+04
3.574024137931034784e+04
3.563431034482758696e+04
3.587265517241378984e+04
3.569610344827586232e+04
3.606686206896551448e+04
3.697610344827586232e+04
4.978534482758621016e+04
4.797544827586207248e+04
4.727793103448276088e+04
4.666882758620689856e+04
4.646575862068965216e+04
4.586548275862068840e+04
4.562713793103448552e+04
4.544175862068965216e+04
4.519458620689655072e+04
4.484148275862068840e+04
4.461196551724137680e+04
4.493858620689655072e+04
4.477086206896551448e+04
4.490327586206896376e+04
4.490327586206896376e+04
4.481500000000000000e+04
4.492975862068965216e+04
4.472672413793103624e+04
4.461196551724137680e+04
4.432065517241378984e+04
4.436479310344827536e+04
4.435596551724137680e+04
4.449720689655172464e+04
4.410879310344827536e+04
4.433831034482758696e+04
4.437362068965517392e+04
4.418824137931034784e+04
4.403817241379310144e+04
4.406465517241378984e+04
4.388810344827586232e+04
4.375568965517241304e+04
4.379100000000000000e+04
4.326134482758621016e+04
4.339375862068965216e+04
4.334962068965517392e+04
4.313775862068965216e+04
4.297003448275862320e+04
4.276700000000000000e+04
4.244920689655172464e+04
4.220203448275862320e+04
4.221086206896551448e+04
4.194603448275862320e+04
4.218437931034482608e+04
4.200782758620689856e+04
4.167237931034482608e+04
4.150465517241378984e+04
4.142520689655172464e+04
4.108975862068965216e+04
4.100148275862068840e+04
4.108975862068965216e+04
4.091320689655172464e+04
4.084258620689655072e+04
4.094851724137931160e+04
4.079844827586207248e+04
4.079844827586207248e+04
4.070134482758621016e+04
4.040120689655172464e+04
4.054244827586207248e+04
4.069251724137931160e+04
4.063955172413792752e+04
4.057775862068965216e+04
4.040120689655172464e+04
4.025996551724137680e+04
4.028644827586207248e+04
4.040120689655172464e+04
4.041886206896551448e+04
4.033941379310344928e+04
4.037472413793103624e+04
4.040120689655172464e+04
4.025996551724137680e+04
4.009224137931034784e+04
3.975679310344827536e+04
3.988920689655172464e+04
3.995100000000000000e+04
3.999513793103448552e+04
3.980093103448276088e+04
3.976562068965517392e+04
3.941251724137931160e+04
3.924479310344827536e+04
3.948313793103448552e+04
3.933306896551723912e+04
3.905941379310344928e+04
3.897113793103448552e+04
3.886520689655172464e+04
3.862686206896551448e+04
3.894465517241378984e+04
3.878575862068965216e+04
3.852975862068965216e+04
3.865334482758621016e+04
3.865334482758621016e+04
3.855624137931034784e+04
3.870631034482758696e+04
3.874162068965517392e+04
3.839734482758621016e+04
3.825610344827586232e+04
3.877693103448276088e+04
3.845031034482758696e+04
3.863568965517241304e+04
3.890051724137931160e+04
3.845031034482758696e+04
3.827375862068965216e+04
3.842382758620689856e+04
3.820313793103448552e+04
