0.000000000000000000e+00
1.169047803347052468e+04
1.022993028615713047e+04
4.589073014829160456e+03
3.535834998166561036e+03
2.969590632162092334e+03
2.963285262289046841e+03
2.952641273031235869e+03
2.955832258138656016e+03
2.958252315511703728e+03
2.963518544759750057e+03
3.565113955686091685e+03
4.400292870711682554e+03
4.664315556333063796e+03
4.680970528256892976e+03
6.359854249992374207e+03
6.632322712582941676e+03
9.715901565263266093e+03
1.317554222835302426e+04
1.397502063674389501e+04
1.295350331224203183e+04
1.143432788852155136e+04
1.019889633577109271e+04
8.379506452459689172e+03
6.668828273904323396e+03
5.815890190500615063e+03
3.645758123535513732e+03
3.358127322671412458e+03
2.719091001701354799e+03
3.298553293740749268e+03
2.100651015565395937e+03
2.106671831605434818e+03
2.432225996121764183e+03
1.517331850957870529e+03
1.834024051365256355e+03
1.791382522434592829e+03
8.687257490897175103e+02
8.774020943045616150e+02
8.712899141287804241e+02
8.731445174002649310e+02
8.783814699149136231e+02
8.773787611746786297e+02
8.787537843680387368e+02
8.732775819754606346e+02
8.840096016287803877e+02
8.802858131766319048e+02
8.872457466483116377e+02
8.737453706717494697e+02
1.187850187048316002e+03
1.499697923955917531e+03
1.186690730261206454e+03
8.885880989432334900e+02
9.025880708670617878e+02
9.003647230887412434e+02
8.965519881033891352e+02
8.947437990164766006e+02
9.035739485526082717e+02
8.903775453543667027e+02
8.997755250906944866e+02
1.206763955969214976e+03
8.891834395194046010e+02
8.706313173270229981e+02
8.943730788016321185e+02
9.012345613455772764e+02
8.983329536795615695e+02
1.530183299932480622e+03
1.520632275762557356e+03
1.201941441320776448e+03
9.034424776053431287e+02
8.976031172537802831e+02
1.202978776831031610e+03
9.145267500662797602e+02
9.055516463065150674e+02
5.888414902681115564e+02
9.159644960379600889e+02
9.183375856375705553e+02
9.006259962821008003e+02
8.976061751151082717e+02
8.960706270194053786e+02
1.218648839086890121e+03
8.922386671805377318e+02
1.540066632452010708e+03
5.786619095796347665e+02
8.963653932547567820e+02
1.205172057470679192e+03
1.201690318579077484e+03
8.779899672293656749e+02
9.021737471365919419e+02
1.193632100195288785e+03
1.527687408819198481e+03
2.155935815980434199e+03
1.858213441013692545e+03
8.969161622977260322e+02
2.175160288026332182e+03
9.120362337088587310e+02
2.736539339103698239e+03
9.093188118338584900e+02
1.875533164829612815e+03
1.235257466101050113e+03
1.236121300024390393e+03
1.558887639532089224e+03
1.863107999729513494e+03
1.553779180059433202e+03
1.233286176428198814e+03
1.232367117285131599e+03
9.148219496512413116e+02
1.238704919714331936e+03
1.247610769018530846e+03
9.240493593192101116e+02
1.875469599460959216e+03
9.260183595633504865e+02
1.571812610235213924e+03
9.467874373221393398e+02
9.441333955740932424e+02
9.431016542410852708e+02
9.435560884451870152e+02
1.271677864355445308e+03
9.500678908133504592e+02
9.359429884696003228e+02
9.302927949881565155e+02
9.347131447196006775e+02
1.277229279455542610e+03
1.261012417578100894e+03
9.317466133475303423e+02
9.315624147391317820e+02
9.440379982352257002e+02
9.274231148123741377e+02
1.569667434453964233e+03
9.442160982108122198e+02
9.358703993582719249e+02
1.573591435918808202e+03
1.261757148718237886e+03
9.385016176199917481e+02
9.315476393485071185e+02
9.330593550467486921e+02
1.236644218725562041e+03
1.872469678806662614e+03
1.577217434453964188e+03
1.584740597295761063e+03
2.205448288514613978e+03
1.608737768926620220e+03
2.850432613029479398e+03
1.603924651250839588e+03
1.283702737402319599e+03
9.667825014090542481e+02
1.261535585302711070e+03
1.911782071995138494e+03
2.857816133537291535e+03
2.222491589906213903e+03
1.919194401096702222e+03
2.230030682923793847e+03
1.605230406866073736e+03
2.835837532463074240e+03
1.902202235874533699e+03
1.938963534092306418e+03
1.943042288059592011e+03
1.608915674200057083e+03
3.170908136186003503e+03
1.937688178867697616e+03
1.596707904424666822e+03
9.552275191092492150e+02
9.642211714529992150e+02
1.940487116550802511e+03
2.263456665589809290e+03
2.545400572842956080e+03
1.294779493994117502e+03
2.256927554872035216e+03
1.300147392248511323e+03
2.555935949429869652e+03
1.915166011509299324e+03
1.917766964268088941e+03
1.600361828985214061e+03
1.930429906162619545e+03
1.943457288059592202e+03
2.565766466397643853e+03
1.941963081211447843e+03
1.619694662237167449e+03
2.247956185243129767e+03
2.880623213615417626e+03
1.607070830450059020e+03
6.223081849092249058e+02
2.243096875550746972e+03
2.209629314515591432e+03
1.275158982824681971e+03
2.208828475282191903e+03
1.278394221472143272e+03
9.588697481131559925e+02
2.239801674745082892e+03
2.239430849549770755e+03
1.921218555759787250e+03
2.231164437806606202e+03
2.237521402528285762e+03
1.903728127598166338e+03
3.139471295365691276e+03
2.818828401603698239e+03
2.537684275540709677e+03
1.586903545293808293e+03
2.842670869865416989e+03
2.564448511990904990e+03
2.216237212464810455e+03
2.252326744935512579e+03
2.548583466214538475e+03
2.210294324281215722e+03
2.236186132752895446e+03
2.240406335389614014e+03
2.529339794644713493e+03
2.531493034695982260e+03
1.277916635107397497e+03
1.606475604619979549e+03
9.630400880789757139e+02
1.294806433386207118e+03
9.556487733817104981e+02
2.854851109123229890e+03
2.559394998807310913e+03
1.292738278173803792e+03
1.297881375402808317e+03
9.663275679373737148e+02
2.555797409390806479e+03
2.808344246330260376e+03
2.572890871304870416e+03
2.989921484374999636e+02
3.007485937500001683e+02
3.026108984375000546e+02
3.123183984375000364e+02
3.090968750000000114e+02
2.948108984375000432e+02
2.969193750000000023e+02
2.980743749999999181e+02
3.027390234374999523e+02
2.998435937499999682e+02
2.926960937499999886e+02
3.075923437499999409e+02
3.036248437500000819e+02
3.005368750000000091e+02
3.011355859374999682e+02
2.944496484375000023e+02
3.062060937500000932e+02
3.046437109375000318e+02
2.986224609375000227e+02
2.763274999999999295e+02
2.879527734375000136e+02
2.877668359374998772e+02
2.921746484374999682e+02
2.933715234375000591e+02
2.942308984374999454e+02
2.834335937500000000e+02
2.832710937499999773e+02
2.980593749999999886e+02
3.063193750000001501e+02
2.976235937499999409e+02
2.934343359374998954e+02
2.965318749999999000e+02
3.113725000000000591e+02
3.032343750000000000e+02
3.027298437500001000e+02
2.967693749999999682e+02
3.110585937500000000e+02
3.105468359375002478e+02
3.071762109374999454e+02
3.164600000000000932e+02
3.028405859375001228e+02
2.978743749999998727e+02
2.904310937500000023e+02
3.023048437500002024e+02
3.044558984375000819e+02
3.029068749999999000e+02
2.849298437500000887e+02
2.920921484374999864e+02
3.030121484375000023e+02
2.967818750000000136e+02
2.913927734375000114e+02
3.003155859375000318e+02
2.975898437500000000e+02
2.928398437500000000e+02
2.915687109375002137e+02
3.009574609375000023e+02
2.988765234374998840e+02
2.976812109374999409e+02
3.061798437500000887e+02
2.966935937499999909e+02
3.044193749999999454e+02
3.061318359375000000e+02
2.992523437500000227e+02
3.139110937500000773e+02
3.058623437499999227e+02
3.059093359375000318e+02
3.049993749999999864e+02
3.026374999999999886e+02
3.111810937500000023e+02
3.091677734374999886e+02
3.006677734374999886e+02
3.116824609375000250e+02
3.041123437500000364e+02
3.005943750000000136e+02
2.906498437499999454e+02
2.981515234375000887e+02
2.963298437499999523e+02
2.948380859375000114e+02
2.860568750000001046e+02
2.989577734375000659e+02
3.004485937499999864e+02
3.038030859375001000e+02
2.988949609375000591e+02
3.084468359374999977e+02
3.025523437499999773e+02
3.078810937499999909e+02
2.916298437500000773e+02
2.977735937499999181e+02
2.889085937500000227e+02
2.830308984375000136e+02
2.978468750000000114e+02
3.070735937499999864e+02
3.000530859375001000e+02
3.044400000000001114e+02
2.940423437500001000e+02
2.975124609375001796e+02
2.868843359375001114e+02
3.032593359375000546e+02
2.948402734375000023e+02
3.027537109374999886e+02
2.982537109374999886e+02
2.976433984374999682e+02
2.923558984375000023e+02
2.951693750000000023e+02
2.949137109374999000e+02
2.938993750000000773e+02
2.827548437499999636e+02
2.916110937500000659e+02
2.951824609374999682e+02
2.827715234374998658e+02
2.934130859375000000e+02
2.950218359375001569e+02
2.989583984375000227e+02
3.054671484375001569e+02
2.951310937499998772e+02
2.904360937499999409e+02
2.925546484375001342e+02
3.066210937500000000e+02
3.076140234374999523e+02
3.083965234374999227e+02
3.028248437500000136e+02
3.220210937499999773e+02
3.060048437500000205e+02
3.171250000000000000e+02
3.053048437500000318e+02
3.123390234375000887e+02
3.078043359375000705e+02
3.175935937499999682e+02
2.939787109375000114e+02
2.949273437499999773e+02
2.937718359375001569e+02
3.181998437500000136e+02
2.988899999999999864e+02
3.165793359375001046e+02
3.077699609375000023e+02
3.064865234375000114e+02
2.991843359375000659e+02
3.021724999999999000e+02
3.072374609375002024e+02
3.052275000000000205e+02
3.082774999999999750e+02
3.118460937500000227e+02
3.211949609375001273e+02
3.175685937499999341e+02
3.133152734375000250e+02
3.074648437500000000e+02
2.989699609375001046e+02
3.032335937500000114e+02
3.113515234375000773e+02
2.957843750000000114e+02
3.034443359375000000e+02
3.015421484375000318e+02
3.036974999999999909e+02
2.962699609375000591e+02
2.983548437499999864e+02
3.023248437499999568e+02
2.902743750000001342e+02
3.003162109374999886e+02
3.007562109375000432e+02
3.047077734375000659e+02
2.996298437500000773e+02
3.041818749999999341e+02
3.123999609375001114e+02
3.138637109375001160e+02
3.113048437500000318e+02
3.051905859375000318e+02
3.098775000000000546e+02
3.040443750000000591e+02
3.002743750000000205e+02
3.463610937500001228e+02
3.611298437500001910e+02
2.210108420350550659e+03
1.066419594106435579e+04
1.322326501195372293e+04
4.867487193369270244e+03
3.254490625223517327e+03
2.667544359802603140e+03
1.584904224271178464e+03
1.580806933926939564e+03
1.569535197781920260e+03
1.553232723111510268e+03
1.863831043205260812e+03
2.415247983682155791e+03
2.433869403970241365e+03
3.531925312497615778e+03
3.819858728408217758e+03
4.108184879302978516e+03
4.400680886458754685e+03
5.552240793060658689e+03
5.849134459207056352e+03
8.611621622676251718e+03
1.172386920673309942e+04
1.377486537270008921e+04
1.415877243267953236e+04
1.284411520058571659e+04
1.132579344054221110e+04
1.138877738219259845e+04
8.804052583501332265e+03
6.095699666818976766e+03
5.236145362701420709e+03
4.133471808919905925e+03
3.197773627824188225e+03
2.570293424710631371e+03
2.557194638394712456e+03
2.563486322659850885e+03
2.262667043397426369e+03
6.534980936616659619e+02
9.784527833914756911e+02
3.230173437500000091e+02
6.485948566621541431e+02
3.140985937500000773e+02
3.257373437499999795e+02
6.510762116426229795e+02
9.789757185721394990e+02
6.442763550752404171e+02
6.526538501924273987e+02
3.187148437500000000e+02
1.297468428320289149e+03
6.539849152559042977e+02
6.560556229585411074e+02
6.477762543672326956e+02
3.243183984374999227e+02
3.089548437500001228e+02
3.151871484375000136e+02
3.174898437499999773e+02
3.152124609374999409e+02
3.268349999999999227e+02
3.294623437500000591e+02
3.252368750000000546e+02
3.249827734374999864e+02
3.197900000000000773e+02
3.233400000000000318e+02
3.232173437499999409e+02
3.089474609375000114e+02
3.110655859375000318e+02
3.117623437500000136e+02
3.082421484375000205e+02
3.163225000000002183e+02
3.162593359375001683e+02
3.180068749999999227e+02
3.188275000000000432e+02
3.210474999999999568e+02
3.051373437500001273e+02
3.055952734374999409e+02
3.266400000000001569e+02
3.084465234374999341e+02
3.108868750000000318e+02
3.121218359375000091e+02
3.073849609375000114e+02
3.026137109374998317e+02
3.077137109375000819e+02
3.001810937500002296e+02
2.940485937499999523e+02
3.065843750000000227e+02
3.077193750000000136e+02
3.056318749999999227e+02
3.121435937499999795e+02
3.062733984375000773e+02
3.110650000000001114e+02
3.035443750000000023e+02
2.976649999999999068e+02
3.058110937499999977e+02
3.124593750000000227e+02
3.038368750000000773e+02
3.098480859374999454e+02
3.153618750000001114e+02
3.111048437499999864e+02
3.067610937500000432e+02
2.968608984374999977e+02
3.070249609374999409e+02
3.059775000000000773e+02
3.140273437500000000e+02
3.025343359375001455e+02
3.128671484374999636e+02
3.168005859374999886e+02
3.176748437499999795e+02
3.077396484375000227e+02
3.097923437500001569e+02
3.182012109374999795e+02
3.223240234374999886e+02
3.070400000000001342e+02
3.079593359374999864e+02
3.154390234374999977e+02
3.166623437500001046e+02
3.240630859374999773e+02
3.119123437499999341e+02
2.993798437500000773e+02
3.048249609375001228e+02
3.137610937500001000e+02
3.106405859375000773e+02
3.150952734374999409e+02
3.160858984375001342e+02
3.147943359375000227e+02
3.131933984374999227e+02
3.036402734375000136e+02
3.019308984374999909e+02
3.088152734375000819e+02
3.033280859375000773e+02
3.018718749999999886e+02
3.028808984374999795e+02
3.058230859374999682e+02
3.124905859375002137e+02
3.084808984374999454e+02
3.053968750000000227e+02
2.997137109375000819e+02
3.107568750000000364e+02
3.025405859374999977e+02
3.064968359374998954e+02
3.000483984375001114e+02
3.153748437499999682e+02
3.035874999999999773e+02
2.988968359375001000e+02
3.065860937499998613e+02
3.011023437499999886e+02
3.181818749999998772e+02
3.186250000000000000e+02
3.167015234374998727e+02
6.607632950776813914e+02
9.820111391043667481e+02
1.631804584112166822e+03
3.099043359374999227e+02
6.488011667817830812e+02
1.321547253393530582e+03
3.045918359374999795e+02
3.088860937499999864e+02
3.011433984374999682e+02
6.398183262056111289e+02
9.921102083182335036e+02
3.133171484375000659e+02
3.093402734375000023e+02
6.434009906953574500e+02
3.211735937499998954e+02
9.958008925223350616e+02
9.799023329520223342e+02
6.506071991914511727e+02
9.746757185721396581e+02
9.832843239188193820e+02
3.025687109375001000e+02
3.003027734374999795e+02
3.111640234374998499e+02
3.143890234375001000e+02
3.093965234374999795e+02
3.001485937499999750e+02
6.491755335420369875e+02
3.012480859374998658e+02
3.085483984374999977e+02
3.082048437500000091e+02
3.049687109375000773e+02
3.046185937500000591e+02
2.980235937500000318e+02
3.022398437499999773e+02
3.035623437499999682e+02
2.877083984375000227e+02
3.016146484375000227e+02
2.993199609375000136e+02
3.096405859375000205e+02
3.077224999999999113e+02
3.013787109374999886e+02
3.116496484375000477e+02
2.919060937499999113e+02
2.999558984374999682e+02
2.904171484375000318e+02
2.966699609375000364e+02
3.060543359374999568e+02
3.100585937500000000e+02
3.053537109375000114e+02
3.061262109374998772e+02
2.940780859375001910e+02
3.022483984374999864e+02
2.978327734374998954e+02
3.157218750000000114e+02
3.054374609375000205e+02
3.084437109375000432e+02
9.795010237479209536e+02
3.059985937499999977e+02
3.157827734375000546e+02
3.042780859374998954e+02
2.969887109374998886e+02
2.981673437499999864e+02
2.923390234374999750e+02
2.966599609374999886e+02
2.970887109374999682e+02
2.948810937499999909e+02
2.891396484375000000e+02
2.938433984375000705e+02
2.846140234375001228e+02
2.900715234374998772e+02
2.863843359374998272e+02
2.926855859375000932e+02
2.958273437500000114e+02
2.904235937500001228e+02
3.037108984375001342e+02
3.074512109374999795e+02
3.075005859374999773e+02
2.997952734374999864e+02
3.032677734375000114e+02
2.973193749999999795e+02
2.951123437500000932e+02
3.011755859374999886e+02
2.943368750000000773e+02
2.952052734375000114e+02
3.011715234375000136e+02
3.053548437500001000e+02
2.963560937500000136e+02
3.013527734374998772e+02
2.973340234374999227e+02
3.002093359375001000e+02
2.945183984375000250e+02
2.961543359375000932e+02
2.927765234375000887e+02
3.018296484375000546e+02
2.948974999999999227e+02
3.010762109375000364e+02
3.130340234374999682e+02
3.025358984375001796e+02
3.002749999999999773e+02
3.013296484375001114e+02
2.937558984375000932e+02
3.106887109374999341e+02
3.015685937500001046e+02
2.908123437500000250e+02
3.007724999999999227e+02
3.018400000000001455e+02
2.989123437499999909e+02
2.917437109375000546e+02
2.900027734374999113e+02
3.024085937500000227e+02
3.116355859375000250e+02
3.060812109375000887e+02
2.981398437500000114e+02
3.002140234374999750e+02
3.096812109375000546e+02
3.141224609375000227e+02
3.028023437499999773e+02
3.000023437500000227e+02
3.030912109375000227e+02
3.031123437499999795e+02
3.100983984374999523e+02
3.146599999999999682e+02
3.098193359375000000e+02
3.058552734374999886e+02
3.157902734375000477e+02
3.025483984375001114e+02
3.021250000000000000e+02
3.038568749999999454e+02
3.068048437500001455e+02
3.016110937500000091e+02
2.919921484375000773e+02
2.990662109374999886e+02
2.902746484375001046e+02
2.969185937500000136e+02
2.943671484374999636e+02
2.981349609375000114e+02
3.020810937499999227e+02
3.002735937500000318e+02
2.949923437500000318e+02
2.965374609374999864e+02
2.958150000000000546e+02
2.965435937499999000e+02
2.929849609374999773e+02
2.871030859374999409e+02
2.882935937500001273e+02
3.016843359374998954e+02
2.979748437499999909e+02
3.053740234375000000e+02
3.079293359375000136e+02
3.029810937499997863e+02
2.899743749999998954e+02
2.965873437500001160e+02
2.922905859374999409e+02
2.893493750000001228e+02
2.914921484375001342e+02
2.960773437500000114e+02
2.917485937499999409e+02
2.887923437499999864e+02
2.953387109374999113e+02
2.875933984374999568e+02
2.945749609375000659e+02
3.033685937499999454e+02
3.081593750000000114e+02
3.092358984374999409e+02
2.886302734375000227e+02
3.009750000000000227e+02
2.948048437499999750e+02
3.021668359374999682e+02
2.923568750000000023e+02
3.000787109374999773e+02
3.070110937499999864e+02
2.981435937499999227e+02
2.992590234375001046e+02
3.169255859374999886e+02
3.140710937499999886e+02
3.103246484375000591e+02
3.004983984374999864e+02
2.981980859374999682e+02
3.051718750000000000e+02
3.000421484375002024e+02
3.085958984375000114e+02
3.080137109374998658e+02
3.004523437500000114e+02
3.142068749999999682e+02
3.042843750000000114e+02
3.060608984374999864e+02
3.053021484375000227e+02
3.083912109374999773e+02
3.021873437499999682e+02
3.019560937500001501e+02
2.979765234375000773e+02
3.011380859375000227e+02
3.038171484375001228e+02
2.939610937500001455e+02
2.989562109375000318e+02
2.996618750000000091e+02
3.040524999999999523e+02
2.880773437500000114e+02
2.997202734375001114e+02
2.993777734374999682e+02
3.062130859375000114e+02
3.011062109374999523e+02
3.129850000000000136e+02
3.046246484374999568e+02
3.047983984374999977e+02
3.069248437500000364e+02
3.071743749999999409e+02
3.071468750000000227e+02
3.051100000000000136e+02
3.074530859375000205e+02
3.095248437499998886e+02
2.968693750000000477e+02
2.872873437499999341e+02
3.071193750000000477e+02
2.995398437499999886e+02
2.898671484375000773e+02
2.921590234375000819e+02
3.003480859375000591e+02
2.887230859375000591e+02
3.020435937500000705e+02
3.047421484375000773e+02
2.959437109374999864e+02
2.927110937500000887e+02
3.013735937499999409e+02
2.982146484374999886e+02
2.946685937499999000e+02
2.982668359375000477e+02
3.007812109374998499e+02
3.065490234375000114e+02
3.028108984375000432e+02
3.081400000000001000e+02
3.089215234375000705e+02
3.113280859375000205e+02
3.113599609374999773e+02
3.062185937499999682e+02
3.081277734374999682e+02
3.019498437500000136e+02
2.942687109375001455e+02
3.016493750000000773e+02
3.078798437500000773e+02
3.111493750000000773e+02
3.186793359374999568e+02
3.125373437499998772e+02
3.543710937500000000e+02
3.619843750000000000e+02
5.825690069651010162e+03
1.248584689528404488e+04
5.446901968597770065e+03
3.749085971450208945e+03
3.510036768796442630e+03
1.865183406486511331e+03
1.850886665763854808e+03
1.869967671623230217e+03
1.853492554435730199e+03
1.863713155021666580e+03
1.839514868888855972e+03
2.119404188126921781e+03
2.381628633096217527e+03
3.240672895120977955e+03
3.810627599868178550e+03
4.118728228912353188e+03
4.418433644027113587e+03
4.713431651914119357e+03
5.856347877786159188e+03
7.882594683110713959e+03
1.138996485454498543e+04
1.357885430053711207e+04
1.406880092539728139e+04
1.324254254197835689e+04
1.126360188288151403e+04
1.031858619172812359e+04
8.111440511173603227e+03
6.620914703583123810e+03
5.546972352218033848e+03
3.496241789224147851e+03
2.578633708829283933e+03
2.248133904359341614e+03
1.955785041660666593e+03
2.251002974793911562e+03
1.610602843389511463e+03
6.509131311982870329e+02
1.285010688146948723e+03
1.612427657842636108e+03
9.539300996756555833e+02
6.443774418061968845e+02
6.522581165498495466e+02
6.376837845796346755e+02
6.373538721650838852e+02
3.194308984374998772e+02
3.182568359375000000e+02
3.042218359375000318e+02
3.035235937500000887e+02
3.071624609375000432e+02
2.993333984375000227e+02
3.087402734374999227e+02
3.032902734374998772e+02
3.126493750000002478e+02
3.059943750000000477e+02
6.366791294282674016e+02
6.541949299043417341e+02
3.190983984375000659e+02
3.217777734374997749e+02
3.094849999999999568e+02
3.120715234374999341e+02
3.040996484374999795e+02
3.054655859375000091e+02
3.045560937500000591e+02
2.972515234375001114e+02
3.132974999999998431e+02
2.964499999999999886e+02
3.120349999999999682e+02
3.099880859374999886e+02
2.981824609374999682e+02
3.045298437499999409e+02
3.093118750000000432e+02
3.120265234374999181e+02
3.098710937500000000e+02
3.135537109375000000e+02
3.022552734375000227e+02
2.924155859374999409e+02
3.049443750000002069e+02
3.006798437500000887e+02
2.992308984375000023e+02
2.982243750000000091e+02
2.965249999999999773e+02
2.943310937499999227e+02
2.926343749999999773e+02
2.948493749999998954e+02
2.865902734375000591e+02
2.940265234375000318e+02
3.002485937500001114e+02
2.970548437500002592e+02
3.060374609375001000e+02
3.021824609374999682e+02
3.057074609375001160e+02
3.127618749999999181e+02
3.036235937500000546e+02
3.062327734375000432e+02
3.087021484375000000e+02
2.955148437500000114e+02
3.012380859374999886e+02
3.097480859374999227e+02
3.054512109375000364e+02
3.028125000000000000e+02
3.055224999999999795e+02
3.001308984374999227e+02
2.963905859375000773e+02
2.994248437500000932e+02
2.973818749999999795e+02
2.964090234375000250e+02
2.880152734375000136e+02
3.084990234375000000e+02
3.019590234374999795e+02
3.104593750000000227e+02
2.992900000000000205e+02
3.068993750000000773e+02
3.143943750000001387e+02
3.078530859375000546e+02
3.067485937500001114e+02
3.116818750000001046e+02
2.985173437500001796e+02
2.981100000000000136e+02
2.987610937500002137e+02
2.905777734375000705e+02
2.983318749999999682e+02
2.940708984374999773e+02
3.004943749999999909e+02
2.932048437500000091e+02
2.923490234375000227e+02
3.004485937500000432e+02
2.978110937500001114e+02
3.159593359375000432e+02
3.189599609375000000e+02
3.112749999999999773e+02
3.180874999999999773e+02
3.109777734374999341e+02
3.133418359375000364e+02
3.235146484375000000e+02
3.124873437500002069e+02
3.061275000000001114e+02
3.121735937499999523e+02
3.105335937500000227e+02
3.169558984375000250e+02
3.083374609375002251e+02
3.292193750000000136e+02
3.224560937500000364e+02
3.215302734375000000e+02
3.219985937499999409e+02
3.374608984375000773e+02
3.375746484375000023e+02
3.249850000000000136e+02
3.230358984374999523e+02
9.708927687430377773e+02
3.264780859374999977e+02
3.273985937500000318e+02
3.241873437499997976e+02
3.133546484374999750e+02
3.099983984375000432e+02
3.071687109375000091e+02
3.183043359375000136e+02
3.202827734374999409e+02
3.150485937500000091e+02
3.137262109374999568e+02
3.131850000000000023e+02
3.024108984375000659e+02
3.165368749999999523e+02
3.132858984375000091e+02
2.999593359375000432e+02
3.088185937499999909e+02
3.101999999999999886e+02
3.037868750000000659e+02
3.084118750000001796e+02
3.110952734375001114e+02
3.196240234375000000e+02
3.183062109374999409e+02
3.203608984375000546e+02
3.263998437500000023e+02
3.221849999999998886e+02
3.295818750000000819e+02
3.243468750000000114e+02
3.208725000000000591e+02
3.216443750000000250e+02
3.251274999999999409e+02
3.263996484374999341e+02
6.621738404268027125e+02
3.260818749999999682e+02
3.179746484374999227e+02
3.325668359374999454e+02
3.244499999999999886e+02
9.847543428397182197e+02
9.998450014090537934e+02
3.390725000000000477e+02
6.551371866792439960e+02
9.977276655936242378e+02
9.859589125418658568e+02
3.351796484375000773e+02
3.431499609374999977e+02
3.358593750000000000e+02
3.215443749999998886e+02
3.328650000000000091e+02
3.323093359375001228e+02
3.261668359375000250e+02
3.225637109374999341e+02
3.238235937500000432e+02
3.346235937500000546e+02
6.451574921602011727e+02
3.230746484375000023e+02
3.170121484374999454e+02
3.219548437500000091e+02
3.208748437500000250e+02
3.183000000000000114e+02
3.257702734375000659e+02
3.094952734375000318e+02
6.403190903657676927e+02
3.079083984375000114e+02
6.461036957734824000e+02
3.287618750000001455e+02
3.132687109375001455e+02
3.104123437499998204e+02
3.195273437500000000e+02
3.240662109374999886e+02
9.798898317313196458e+02
3.370724999999999341e+02
3.307077734374999523e+02
3.279943749999999341e+02
3.248493750000000091e+02
3.160068749999999227e+02
3.187965234374999568e+02
3.143474609374999886e+02
3.198710937500000000e+02
3.122093750000000227e+02
6.537248722261189187e+02
3.302368750000001683e+02
3.304685937499999113e+02
3.261015234375000773e+02
3.302610937500001000e+02
3.317121484374998772e+02
3.327673437499999523e+02
3.407710937499999773e+02
3.227324609374999795e+02
3.191183984375000477e+02
3.297548437499998499e+02
6.706253678315877096e+02
6.600697373384239199e+02
9.809221901297569275e+02
3.166140234374998954e+02
3.126974999999999909e+02
3.275090234375001046e+02
3.297968359374999636e+02
3.345671484375001228e+02
3.216858984374999864e+02
3.225935937499999682e+02
3.296215234375000023e+02
9.666265077567101116e+02
3.241933984374999795e+02
3.203560937500000136e+02
3.201798437500001455e+02
3.249243750000001114e+02
6.500758289521933193e+02
3.186974999999998772e+02
9.728993233084678423e+02
1.609488788213729549e+03
6.552606424897909392e+02
3.352215234374999682e+02
3.254560937499999227e+02
3.334710937500000227e+02
6.525364380830527580e+02
6.516974335664510818e+02
6.566040513032673971e+02
3.114215234375000136e+02
3.256912109374999886e+02
3.242649999999999864e+02
3.246480859375000136e+02
3.291921484375000091e+02
3.307599999999998772e+02
3.339798437499999295e+02
3.249746484375000364e+02
9.967052064871788843e+02
3.269868750000001114e+02
6.676372257417440323e+02
3.315465234375000136e+02
3.320673437499999636e+02
3.264405859375000318e+02
3.288274999999999864e+02
3.273208984374999773e+02
3.290605859374999227e+02
6.357663727754353431e+02
6.604756922334432829e+02
3.252671484375000546e+02
3.150074609375000136e+02
3.097530859375000887e+02
3.115099999999999909e+02
3.296824609375001387e+02
6.564107483857872012e+02
3.217350000000000136e+02
3.314833984375000000e+02
3.219599999999999227e+02
3.151433984374999682e+02
3.180525000000000659e+02
3.254318749999999909e+02
3.172673437500001228e+02
3.292810937499999682e+02
3.244243749999999409e+02
3.311452734375000091e+02
3.255099999999999341e+02
6.501488453096151261e+02
3.150358984375000091e+02
3.119650000000000318e+02
3.140318750000000136e+02
3.302798437500001683e+02
3.249652734375000023e+02
3.051124609375000318e+02
3.177890234375000773e+02
3.282523437500000227e+02
3.241558984375000136e+02
1.614941406621931947e+03
3.311248437500000250e+02
3.262702734375001228e+02
3.261399999999999864e+02
3.263224609375000114e+02
6.483697452729940096e+02
3.213998437500000023e+02
3.225293359375000932e+02
3.188693749999999909e+02
3.053399999999999181e+02
3.148673437500000887e+02
3.315577734374999750e+02
3.286077734374999864e+02
3.135475000000000136e+02
3.160793359374999909e+02
3.088458984375000114e+02
3.160150000000001000e+02
3.183043359375000705e+02
3.192900000000000773e+02
3.193871484374999454e+02
3.116812109375001683e+02
3.148623437499999227e+02
3.187368750000001114e+02
3.271593750000000114e+02
3.369918359374999000e+02
3.213210937499999886e+02
3.231246484374999568e+02
3.024777734374999909e+02
3.114943359375000114e+02
3.141235937499999409e+02
3.106298437500001910e+02
3.203512109374999568e+02
3.158648437499999773e+02
3.284818750000000591e+02
3.297068749999999682e+02
3.208808984374999227e+02
3.236360937500001000e+02
3.286162109375000000e+02
9.740076478934288389e+02
6.670956238740683375e+02
6.776573456758260363e+02
3.262887109374999568e+02
6.631662525361775806e+02
3.289793359375000819e+02
6.561074238008261545e+02
1.303656860632300095e+03
3.196083984375000000e+02
3.191777734375000364e+02
3.277923437499999295e+02
3.261418359374999909e+02
3.169074609374998772e+02
6.611855838960407254e+02
3.191743749999999977e+02
3.228480859375000591e+02
3.287718359374999864e+02
3.238025000000001228e+02
3.219225000000000136e+02
3.167780859374999523e+02
3.234249609375000887e+02
3.264037109375000227e+02
3.140162109374999773e+02
3.218537109375000114e+02
3.174874609375000887e+02
3.227123437500000591e+02
3.182296484375001455e+02
3.224840234374999000e+02
3.103371484375000477e+02
3.255343750000000114e+02
3.216998437499999568e+02
3.175193749999999682e+02
3.192543359375000591e+02
3.144499609375001796e+02
3.158150000000000546e+02
3.180499609375000318e+02
3.189027734375000023e+02
3.133499609374999864e+02
3.173735937499999409e+02
3.130974999999999682e+02
3.183185937499998772e+02
3.183185937499998772e+02
3.208498437500000477e+02
3.557558984374999227e+02
5.783408067319392103e+03
1.396456294753790644e+04
4.390637985762953576e+03
3.564275607297421175e+03
2.135368958329557245e+03
1.566456503629087820e+03
1.579859821805358024e+03
1.559637572965025811e+03
1.557587555570006316e+03
1.545585161466002774e+03
1.827348042716979762e+03
1.828580174064636140e+03
2.120437823686003867e+03
2.729790947327017875e+03
3.584389770505427350e+03
3.615396743772029822e+03
4.703380082700253297e+03
5.012029066843390865e+03
6.100671392259001550e+03
7.245488054508566165e+03
1.101198520812035167e+04
1.377443573583066427e+04
1.422800454969166822e+04
1.311505008159637873e+04
1.257060990962444703e+04
9.613329528865218890e+03
5.720675025863049086e+03
4.238650525960921186e+03
3.890828098816276906e+03
2.329247818543910853e+03
9.983777681326868105e+02
3.016074609375000364e+02
3.088187109375000432e+02
6.412955188935993647e+02
3.027360937500000091e+02
2.977387109375000023e+02
3.112173437499999977e+02
3.036858984374999864e+02
2.901812109375000546e+02
3.006262109374998772e+02
2.955993750000000659e+02
2.842868750000000659e+02
2.836985937500000432e+02
2.912702734375002365e+02
2.898560937499999568e+02
2.864068749999999568e+02
2.867433984374998204e+02
2.879215234375000136e+02
2.885193749999999682e+02
2.787235937500001910e+02
2.848105859374998658e+02
2.906623437499998772e+02
2.915740234374999886e+02
2.972923437500000432e+02
2.959896484375000227e+02
3.011562109374999068e+02
2.813812109375001569e+02
2.935921484374999864e+02
2.888548437500001569e+02
2.867275000000000773e+02
2.783593750000000000e+02
2.877124609374999977e+02
2.856277734374999682e+02
2.848498437499999909e+02
2.862648437500000114e+02
2.868650000000000091e+02
2.897835937500000227e+02
2.917810937499999682e+02
2.997943750000000023e+02
2.858755859374999773e+02
2.925493750000001683e+02
2.929840234375000136e+02
2.878125000000000000e+02
2.874373437500000819e+02
2.926235937499999409e+02
2.957935937500000136e+02
2.940099999999999909e+02
2.974249609375000318e+02
2.883208984374999773e+02
2.854843359375000205e+02
2.872273437499999886e+02
2.897568749999999227e+02
2.885068749999999227e+02
2.964025000000001455e+02
2.891168359375000705e+02
2.903235937500001000e+02
2.917793359375000932e+02
2.937500000000000000e+02
2.879218750000000000e+02
2.865046484374999523e+02
2.818421484375000432e+02
2.785898437500000000e+02
2.865858984374999636e+02
2.875843750000000227e+02
2.882327734374999864e+02
2.837243750000000091e+02
2.841224999999999454e+02
2.844152734375000477e+02
2.951600000000000819e+02
2.962475000000000023e+02
2.877308984375000591e+02
2.846493750000000773e+02
2.864949609374999682e+02
2.891933984374998658e+02
2.915773437500000114e+02
2.832137109374999113e+02
2.800590234375000023e+02
2.826618749999999523e+02
2.870005859374999773e+02
2.935118750000000318e+02
2.873308984374999682e+02
2.975293359375000364e+02
2.954485937500001000e+02
2.954605859375000136e+02
2.851562109375000773e+02
2.878110937499999409e+02
2.832193749999999568e+02
2.846708984375000000e+02
2.718148437500000227e+02
2.776498437500000591e+02
2.811898437500000227e+02
2.877993749999998840e+02
2.848405859375000659e+02
2.839105859374999454e+02
2.826121484374999682e+02
2.808423437499998840e+02
2.748262109374999795e+02
2.747250000000000227e+02
2.816230859374999795e+02
2.809218359375000205e+02
2.733023437499999773e+02
2.759960937500000000e+02
2.821048437500001000e+02
2.738485937500002478e+02
2.814173437500001000e+02
2.868968359374999864e+02
2.794585937499999773e+02
2.853140234374999409e+02
2.876140234374999523e+02
2.819568749999999682e+02
2.784149999999999636e+02
2.787623437499999568e+02
2.804725000000000819e+02
2.865975000000000819e+02
2.768171484374999523e+02
2.821248437499999113e+02
2.894733984375000659e+02
2.785718359375001114e+02
2.752593359374999409e+02
2.855749609375001228e+02
2.895171484374999409e+02
2.932468359375001228e+02
3.010730859374998545e+02
2.868818749999998658e+02
2.822255859375000000e+02
2.864546484375001683e+02
2.833224999999998772e+02
2.849735937500000773e+02
2.847405859375001000e+02
2.737475000000000023e+02
2.942340234374999568e+02
2.970900000000000887e+02
2.850460937500000114e+02
2.971443750000000250e+02
2.997560937499998772e+02
2.915110937500000432e+02
2.959121484374999227e+02
2.910185937499999227e+02
2.931246484375000136e+02
3.038185937499999341e+02
2.971230859374999795e+02
2.983810937499998772e+02
2.961025000000000773e+02
3.006843749999999886e+02
2.976168359375000136e+02
2.969673437500001683e+02
2.900843750000000227e+02
2.849624609375001114e+02
2.933210937499999886e+02
2.963775000000000546e+02
2.865150000000000432e+02
2.998125000000000000e+02
2.986312109375001000e+02
2.927998437499999795e+02
2.984949609374999682e+02
2.956525000000000318e+02
3.001125000000000114e+02
2.797577734375000205e+02
2.917485937500001114e+02
2.814423437500000773e+02
2.852396484375000227e+02
2.877023437500000114e+02
2.943090234375000591e+02
2.862224999999997976e+02
2.879208984375000000e+02
2.907933984375000591e+02
2.877398437499999773e+02
2.855412109375000114e+02
2.913058984374999341e+02
2.860474999999999568e+02
2.844843750000000000e+02
2.831148437499999773e+02
2.893480859375000023e+02
2.994021484374999886e+02
3.030685937500001046e+02
2.926993750000000318e+02
3.083655859375001000e+02
2.878443750000000136e+02
3.024593750000000227e+02
2.855624609375000773e+02
3.000275000000000318e+02
2.855749609375000091e+02
2.745900000000000318e+02
2.860485937500001228e+02
2.959060937500000819e+02
2.929858984374999977e+02
3.004155859375000546e+02
2.970298437500001114e+02
2.874905859374999864e+02
2.778735937499999977e+02
2.919923437500000887e+02
2.890562109374999977e+02
2.958548437500000432e+02
2.871173437499999750e+02
2.917443359375000114e+02
2.939148437499999886e+02
2.808233984374999181e+02
2.870935937499999113e+02
2.922371484375000250e+02
2.946923437500000205e+02
2.917668359375000477e+02
3.055935937500000819e+02
2.956898437500000227e+02
3.027998437499999227e+02
2.982368750000001683e+02
3.009898437499999773e+02
2.925618750000000432e+02
2.824173437499999864e+02
2.885730859374999682e+02
2.994493750000000887e+02
2.840498437499999795e+02
2.868577734375001569e+02
3.002318749999998317e+02
2.992230859374999454e+02
2.930730859375000250e+02
3.081860937500001114e+02
2.983935937499999227e+02
2.905373437500000477e+02
2.948583984375000000e+02
2.981777734374999227e+02
2.871108984374999977e+02
2.883525000000000205e+02
2.837374609374999750e+02
2.815746484374998317e+02
2.880123437499999000e+02
2.902230859375000591e+02
2.943343750000000227e+02
2.911235937500001114e+02
2.928921484375000546e+02
2.936296484375000659e+02
2.907118750000000773e+02
2.921085937500000114e+02
2.864943359375000114e+02
3.066748437499999227e+02
2.903960937499999773e+02
2.895249609374999409e+02
2.854624999999999773e+02
2.906724999999999568e+02
2.919249609375000887e+02
2.942183984375000705e+02
2.879810937500000136e+02
2.865248437499999454e+02
2.857923437500001569e+02
2.818468359375000318e+02
2.934840234374998431e+02
2.896480859375000136e+02
2.876090234375000136e+02
2.856460937499999773e+02
2.896673437500002137e+02
2.863935937500000364e+02
2.942762109374998545e+02
6.274287262910604568e+02
2.938798437499999068e+02
2.994171484375002024e+02
2.925123437500000705e+02
2.856887109374999909e+02
2.894140234374999636e+02
2.919683984374998431e+02
2.947787109375000227e+02
2.899062109375001910e+02
3.018480859375000591e+02
3.036650000000000773e+02
3.007460937500000000e+02
2.922077734375000091e+02
2.843577734375000432e+02
2.808468359374999750e+02
2.883215234374999341e+02
2.990224999999998090e+02
2.882898437499999886e+02
2.919618750000000773e+02
2.861735937500001228e+02
2.800865234374999773e+02
2.821250000000000000e+02
2.827748437500000591e+02
2.888650000000000659e+02
2.889699609375000477e+02
2.969025000000000887e+02
2.838435937500000250e+02
2.886093750000000000e+02
2.928702734375000318e+02
2.846949609374999000e+02
2.891648437499999886e+02
2.864480859375000250e+02
2.828748437499999682e+02
2.800923437500001683e+02
2.836725000000000136e+02
2.874443750000000932e+02
2.741312109374999864e+02
2.873465234374997976e+02
2.826735937500001796e+02
2.888296484374999977e+02
2.814985937500000546e+02
2.828590234374998431e+02
2.845308984375000705e+02
2.766100000000000136e+02
2.750868750000001342e+02
2.874368749999998727e+02
2.947037109374999773e+02
2.849887109375000591e+02
2.850310937499999682e+02
2.915474999999997863e+02
2.927123437500000023e+02
2.883368749999999636e+02
2.846343749999999773e+02
2.839887109375000023e+02
2.851560937499999682e+02
2.922360937500000659e+02
2.938980859375000136e+02
2.864443359375000000e+02
2.807343750000000000e+02
2.774043359375000932e+02
2.739525000000000432e+02
2.839985937499999977e+02
2.812943750000000591e+02
2.827652734375000136e+02
2.829693750000000136e+02
2.781855859374999795e+02
2.783265234375001000e+02
2.787265234375000205e+02
2.856748437500000364e+02
2.797593749999999773e+02
2.927387109375000591e+02
2.948148437500000227e+02
2.920224999999999227e+02
2.816168359374999568e+02
2.838374609375000546e+02
2.895943750000000136e+02
2.809060937499998545e+02
2.839725000000000819e+02
2.779835937500000114e+02
2.791840234375000591e+02
2.742048437500001228e+02
2.874796484375000318e+02
2.722458984374999886e+02
2.825802734375000114e+02
2.772898437499999886e+02
2.801810937500000023e+02
2.717552734375000227e+02
2.770610937499999977e+02
2.811748437499999795e+02
2.771235937499999977e+02
2.770960937500000227e+02
2.874624999999999773e+02
2.889668359374999795e+02
2.776137109374999454e+02
2.829235937500000091e+02
2.773905859375000773e+02
2.710460937500000114e+02
2.726100000000001273e+02
2.727965234374999568e+02
2.735577734375000318e+02
2.773952734375001228e+02
2.767918359374999682e+02
2.750023437500000227e+02
2.842505859374999773e+02
2.722749609375001114e+02
2.785650000000001114e+02
2.761560937499999682e+02
2.742421484375000773e+02
2.815435937500001273e+02
3.277935937500000136e+02
3.421027734375000477e+02
1.354369092077612549e+03
1.239734324071646915e+04
5.444624283966421899e+03
3.543573447873592613e+03
2.392434170815945436e+03
1.848352283439636722e+03
1.849817427482604671e+03
1.860458028068541807e+03
1.834876331291199676e+03
1.837260376701354517e+03
1.829903037834167435e+03
1.837062324943542535e+03
2.687133234924674980e+03
2.983596956624985069e+03
3.302229877848028991e+03
3.855528760146497916e+03
4.441448787459730738e+03
4.999004383310675621e+03
5.021599633859993446e+03
7.509186917486193124e+03
9.844484903886321263e+03
1.049529778916298710e+04
1.461155059158264157e+04
1.370171059065759255e+04
1.179579277892112805e+04
9.151144597661495936e+03
6.594839983358384416e+03
4.896005041501523010e+03
1.683041887578964179e+03
1.649350377569199281e+03
1.648799292364120220e+03
6.269955002778772268e+02
9.697321107840540435e+02
2.769208984375000000e+02
2.872918359374999682e+02
2.824027734375000023e+02
2.830749609375000091e+02
2.793023437499999773e+02
2.792860937500000205e+02
2.873123437500000819e+02
2.834046484375001569e+02
2.756974609375000114e+02
2.812043359374999909e+02
2.810058984375000932e+02
2.904685937500000819e+02
2.940058984375000364e+02
2.838125000000000000e+02
2.823274999999999864e+02
2.734548437500000659e+02
2.795935937499999682e+02
2.824618749999999068e+02
2.913249999999999886e+02
2.920449609374999795e+02
2.873652734374999227e+02
2.941296484375000659e+02
2.956850000000000023e+02
2.892735937500000318e+02
2.768523437499999886e+02
2.899124609374999864e+02
2.813318750000000250e+02
2.830218750000000227e+02
2.843927734375000114e+02
2.773624609375000887e+02
2.831773437499999773e+02
2.801568749999999000e+02
2.841423437499998954e+02
2.849855859374999909e+02
2.826443750000001387e+02
2.803360937500000887e+02
2.845060937500000477e+02
2.814312109374999409e+02
2.749150000000000205e+02
2.711452734375001228e+02
2.859137109375000136e+02
2.771293359374998317e+02
2.802935937500000136e+02
2.780685937499999341e+02
2.814324609374999682e+02
2.780265234375000318e+02
2.956873437500000250e+02
2.872935937500000705e+02
2.872708984375000227e+02
2.825023437500000227e+02
2.921302734375000227e+02
2.935498437500001501e+02
2.810808984375000250e+02
2.779615234374999773e+02
2.898849999999998772e+02
2.924921484375000205e+02
2.970068750000000364e+02
2.854262109375000591e+02
2.823618749999998840e+02
2.930887109374999113e+02
2.942168359375001501e+02
2.902923437500000432e+02
2.903077734375000318e+02
2.795860937500000318e+02
2.840649999999999409e+02
2.921793359375000705e+02
2.994412109374999886e+02
2.806699609375000364e+02
2.817968750000000000e+02
2.810273437500000000e+02
2.902871484374999227e+02
2.845865234374999773e+02
2.823985937500000318e+02
2.900324609374999341e+02
2.778360937500000887e+02
2.755405859375001683e+02
2.872610937499999864e+02
2.976371484375000023e+02
2.888623437500000364e+02
2.935843750000000227e+02
2.831975000000000477e+02
2.883968359374999864e+02
2.759860937499999523e+02
2.783574609374999227e+02
2.775100000000001046e+02
2.725855859375000136e+02
2.817605859374998545e+02
2.860868750000001342e+02
2.846968359374999977e+02
2.737177734375000000e+02
2.843608984374999977e+02
2.763493750000001228e+02
2.700968750000000114e+02
2.718435937499999113e+02
2.804918359375000136e+02
2.802343750000000000e+02
2.712808984375000136e+02
2.788110937500001114e+02
2.775262109375000250e+02
2.786162109375000000e+02
2.714365234375000000e+02
2.700298437500000546e+02
2.705621484374999568e+02
2.724868750000001114e+02
2.776458984375000227e+02
2.789810937500000705e+02
2.765373437500000477e+02
2.997400000000000659e+02
2.890523437499999773e+02
2.869968749999999886e+02
2.838310937499999227e+02
2.903280859375000773e+02
2.839308984374998772e+02
2.886710937500000114e+02
2.793618749999998840e+02
2.982400000000001228e+02
2.853927734375000114e+02
2.785593749999999886e+02
2.795998437499998772e+02
2.809435937500000477e+02
2.708298437500002365e+02
2.771475000000000364e+02
2.877715234375000364e+02
2.991402734375000705e+02
2.912173437499999977e+02
2.862255859375000000e+02
2.869968749999999886e+02
2.894523437500000114e+02
2.874985937500000546e+02
2.815860937499999750e+02
2.811593359374999181e+02
2.918243750000002024e+02
2.838937109375002024e+02
2.834308984375000477e+02
2.740024999999999977e+02
2.971640234375000773e+02
2.810943750000000136e+02
2.830140234374999864e+02
2.752093359374999864e+02
2.831530859375000091e+02
2.803585937500000114e+02
2.785683984374999795e+02
2.801618750000000091e+02
2.712121484375000477e+02
2.753521484374999773e+02
2.725343359374999181e+02
2.712023437500000114e+02
2.821724999999998431e+02
2.693733984375000432e+02
2.657918359375000250e+02
2.654574609375000591e+02
2.662933984375000591e+02
2.663068749999998772e+02
2.636333984374999773e+02
2.615496484374999113e+02
2.671677734374999886e+02
2.688525000000001342e+02
2.657248437499999909e+02
2.592599609375000114e+02
2.588762109374999909e+02
2.639787109375000114e+02
2.587124999999999773e+02
2.600402734375001046e+02
2.647710937499999773e+02
2.630577734375001455e+02
2.632233984375000091e+02
2.610818749999999682e+02
2.669233984374999409e+02
2.781999999999999886e+02
2.694062109375001910e+02
2.638818750000000364e+02
2.615187109375000318e+02
2.676443749999999682e+02
2.678618750000001114e+02
2.698671484375000205e+02
2.646374609375001228e+02
2.699402734374999682e+02
2.696148437499999773e+02
2.725360937499999068e+02
2.631068359375000227e+02
2.601671484375000318e+02
2.623724999999998886e+02
2.636743750000000546e+02
2.584935937500000591e+02
2.670343750000000114e+02
2.645618750000000432e+02
2.611965234375001046e+02
2.637618750000000318e+02
2.578333984375000227e+02
2.551725000000000705e+02
2.586355859374999682e+02
2.626648437499999886e+02
2.652630859375000227e+02
2.678593359374999636e+02
2.687699609375000023e+02
2.664275000000001228e+02
2.648623437499999795e+02
2.612452734375000318e+02
2.601718750000000000e+02
2.695993750000000659e+02
2.627937109375001228e+02
2.691423437500000659e+02
2.667662109374999773e+02
2.807100000000001501e+02
2.670693359375000000e+02
2.611646484374999773e+02
2.853265234375001569e+02
2.675558984375001046e+02
2.671060937499999000e+02
2.596048437500000432e+02
2.671993750000001455e+02
2.673968750000000227e+02
2.595599999999998886e+02
2.617265234375000205e+02
2.680858984374999636e+02
2.650585937500000000e+02
2.710168359374999909e+02
2.600068359375000000e+02
2.689398437500000227e+02
2.648771484375000114e+02
2.593775000000000546e+02
2.632368750000001114e+02
2.596310937499999909e+02
2.653374609374999409e+02
2.617248437499998772e+02
2.600021484375000114e+02
2.640093359374999409e+02
2.621199609375000250e+02
2.611185937500001728e+02
2.652923437499999864e+02
2.707577734375000773e+02
2.772233984375001228e+02
2.933974999999999227e+02
2.690358984374999523e+02
2.684949609375000819e+02
2.717277734375000477e+02
2.728052734374999773e+02
2.739023437500000000e+02
2.746562109375000205e+02
2.740310937499999682e+02
2.757515234374999409e+02
2.724185937500002410e+02
2.696952734375000773e+02
2.765421484375000887e+02
2.660860937500000887e+02
2.801560937500000819e+02
2.744275000000001228e+02
2.688693749999999341e+02
2.597574609375000705e+02
2.716687109375000091e+02
2.637380859374999886e+02
2.634798437500000432e+02
2.601750000000000114e+02
2.666465234374999227e+02
2.756048437500000432e+02
2.726093359375000205e+02
2.673402734375000591e+02
2.800024999999999977e+02
2.790468359375000773e+02
2.754090234375000250e+02
2.712873437499999341e+02
2.741118750000001114e+02
2.863218359375001114e+02
2.793168359374998886e+02
2.804652734375000591e+02
2.826546484375001000e+02
2.633298437500000659e+02
2.641730859375001046e+02
2.702662109374999773e+02
2.674868750000000546e+02
2.633798437499999636e+02
2.718735937499999409e+02
2.791173437500000318e+02
2.795655859375000887e+02
2.781210937500000000e+02
2.831999999999999886e+02
2.817499609375000773e+02
2.843168359375000023e+02
2.727398437499999773e+02
2.818249609374998954e+02
2.872468749999999886e+02
2.741543359374999227e+02
2.720652734375000250e+02
2.830618749999999295e+02
2.749225000000000136e+02
2.692048437499999523e+02
2.823748437499999682e+02
2.869943750000001046e+02
2.801443359374999886e+02
2.805646484375000114e+02
2.730774999999999295e+02
2.831474609375000000e+02
2.819099999999999682e+02
2.802637109374999227e+02
2.850343750000000114e+02
2.858068750000001046e+02
2.746090234375001273e+02
2.766380859375000227e+02
2.780521484375000227e+02
2.732621484375000023e+02
2.766921484375001228e+02
2.705708984374999773e+02
2.653648437499999773e+02
2.662149999999999750e+02
2.739210937500000114e+02
2.698149999999999977e+02
2.708527734374999909e+02
2.777818750000000705e+02
2.754318750000000477e+02
2.712308984375000591e+02
2.815233984375000773e+02
2.776400000000000432e+02
2.681650000000000773e+02
2.787637109374999227e+02
2.784818750000000591e+02
2.740902734374999454e+02
2.581099999999999568e+02
2.601933984375000364e+02
2.682902734374999341e+02
2.701273437500000227e+02
2.661168359374999568e+02
2.703608984374999409e+02
2.754099999999999113e+02
2.686974999999999909e+02
2.593118750000000432e+02
2.650248437499999454e+02
2.671765234375000659e+02
2.655099999999999909e+02
2.605624609374999636e+02
2.531062109375000944e+02
2.630673437500000205e+02
2.647043359374999341e+02
2.670560937499998886e+02
2.709868750000000546e+02
2.799918359375000136e+02
2.821493749999999068e+02
2.698068359375000114e+02
2.735985937500000205e+02
2.792673437500000659e+02
2.751548437500000546e+02
2.783818750000000932e+02
2.801371484374998317e+02
2.736655859374999409e+02
2.711780859375000432e+02
2.841980859374999682e+02
2.677558984374999795e+02
2.699843359375000773e+02
2.715933984375000136e+02
2.715475000000000136e+02
2.724074609374999341e+02
2.754810937500001273e+02
2.719496484375000591e+02
2.706360937499999295e+02
2.779693750000000136e+02
2.675850000000000364e+02
2.727798437499999409e+02
2.799810937499997863e+02
2.799810937499997863e+02
3.207185937499999682e+02
3.478368749999999636e+02
7.560875558041933800e+03
1.335857143742978769e+04
4.402769833297132209e+03
3.262812382120489474e+03
2.454803532388210442e+03
1.862418262443542972e+03
1.578820927762388465e+03
1.594893489407896368e+03
1.590868526944518180e+03
1.575530356473326947e+03
1.869610535392761903e+03
2.146912237748503685e+03
2.414764912393092800e+03
2.698377147278189568e+03
3.300241244730353174e+03
4.174563614654541198e+03
4.486464315413834811e+03
4.501010328292250961e+03
5.598327450775504076e+03
7.054432243897912485e+03
1.185538842273652517e+04
1.417214434097052435e+04
1.430832032729147795e+04
1.178341742255926874e+04
1.042803645723105183e+04
8.437634854497915512e+03
7.353276422843929140e+03
5.895371276547908565e+03
3.892428762268423270e+03
4.427364087747932899e+03
1.311068652624488095e+03
9.810570985770227708e+02
1.305950488256812150e+03
6.360373713105916522e+02
1.929124842380880636e+03
6.390160492891072863e+02
9.608986879324911570e+02
6.358883457368610834e+02
6.367385151094198363e+02
2.829499999999999886e+02
6.222124140352010500e+02
2.812985937500000659e+02
2.802998437500000364e+02
2.921512109374999682e+02
2.835990234375000227e+02
2.771349999999999909e+02
2.874599999999999227e+02
2.811965234374998772e+02
2.847621484375000591e+02
2.802740234374999773e+02
2.819798437500001000e+02
2.761949609375000136e+02
2.785475000000000136e+02
2.867262109375000136e+02
2.871605859375000023e+02
2.830548437500000318e+02
2.767818750000000136e+02
2.865840234374999227e+02
2.930649999999999409e+02
2.924865234375000114e+02
2.801173437500000887e+02
2.905718749999999773e+02
2.979490234374999886e+02
2.889318749999999341e+02
2.920499609375000318e+02
2.891118750000000546e+02
2.899421484375000659e+02
2.856199609375000250e+02
2.912123437499999454e+02
2.836243749999999864e+02
2.752105859375000136e+02
2.794562109375002024e+02
2.816835937500000000e+02
2.837998437499998658e+02
2.811652734374999909e+02
2.832310937500000136e+02
2.823493750000001228e+02
2.778527734374999909e+02
2.728743749999998727e+02
2.869124609374999295e+02
2.850952734374999409e+02
2.805137109374998658e+02
2.839360937499999409e+02
2.820355859375000591e+02
2.875749609375000091e+02
2.896130859374999886e+02
2.831730859374999909e+02
2.809637109374999682e+02
2.810849999999999227e+02
2.785293359375000932e+02
2.876965234375000477e+02
2.684118750000000659e+02
2.784780859375001683e+02
2.773310937500000932e+02
2.836068359375000227e+02
2.678060937499998886e+02
2.731718359374999636e+02
2.694312109375001683e+02
2.665743749999999750e+02
2.641746484374999113e+02
2.666185937499998317e+02
2.673849999999999909e+02
2.592683984375000250e+02
2.641499999999999773e+02
2.747308984374998886e+02
2.772637109374999227e+02
2.675233984375000205e+02
2.718246484374998317e+02
2.789365234375000000e+02
2.798468750000000114e+02
2.819012109375000250e+02
2.707650000000000432e+02
2.678818359375000000e+02
2.853600000000000136e+02
2.695585937500000000e+02
2.699427734375000227e+02
2.835421484375000887e+02
2.704483984374999750e+02
2.740718359375000546e+02
2.773850000000000477e+02
2.736537109375000227e+02
2.734090234374999682e+02
2.675625000000000000e+02
2.723912109374999773e+02
2.711387109374998658e+02
2.703077734375000887e+02
2.690173437500000091e+02
2.736652734374998772e+02
2.835423437499999864e+02
2.824593750000000227e+02
2.783523437499999886e+02
2.822621484374998886e+02
2.724685937499999682e+02
2.742868750000001796e+02
2.725735937499999864e+02
2.740593749999999886e+02
2.782865234375000227e+02
2.827980859375001046e+02
2.754210937500000114e+02
2.721093750000000000e+02
2.694771484374999773e+02
2.765373437499999341e+02
2.733335937499999773e+02
2.740746484375000591e+02
2.748224609375000114e+02
2.700560937500000591e+02
2.742902734374998772e+02
2.629548437500002365e+02
2.671873437499999682e+02
2.751105859374999909e+02
2.719673437500000546e+02
2.732118750000000773e+02
2.742246484374999227e+02
2.678558984375000023e+02
2.676618750000001796e+02
2.743433984375000136e+02
2.703475000000000819e+02
2.711849999999999454e+02
2.732387109375000023e+02
2.743648437499999773e+02
2.665400000000000773e+02
2.647980859374999341e+02
2.758373437499999454e+02
2.612749999999999773e+02
2.639685937499999682e+02
2.629355859374998658e+02
2.546248437500000250e+02
2.739218359375000773e+02
2.653605859374999341e+02
2.709810937500000136e+02
2.726996484375000023e+02
2.659548437500002365e+02
2.608483984375000659e+02
2.651485937500000318e+02
2.693124609375000773e+02
2.695499609375000318e+02
2.788208984374999773e+02
2.724827734375002137e+02
2.666110937500001228e+02
2.672150000000000318e+02
2.717605859374999682e+02
2.643368750000000205e+02
2.503224999999999909e+02
2.596177734374999773e+02
2.617108984375001342e+02
2.635923437500001114e+02
2.650998437499999341e+02
2.591860937500000546e+02
2.601093359375000773e+02
2.589015234375000318e+02
2.670449609374999795e+02
2.634380859374999773e+02
2.592310937499999568e+02
2.676218359375002365e+02
2.628505859375000000e+02
2.615618750000001569e+02
2.669923437500000318e+02
2.666310937500001046e+02
2.653918359374999909e+02
2.713090234375000023e+02
2.598548437500000432e+02
2.672099999999999795e+02
2.673874999999999886e+02
2.684068750000000136e+02
2.772193750000000136e+02
2.670118750000000318e+02
2.647048437500001228e+02
2.767235937500000773e+02
2.673199609374999000e+02
2.669246484374998545e+02
2.683937109375000318e+02
2.679312109374999977e+02
2.654280859375000432e+02
2.677155859374999523e+02
2.762899999999998499e+02
2.681923437499999068e+02
2.631599999999999682e+02
2.620618750000002137e+02
2.712099999999999795e+02
2.686810937500000591e+02
2.642149999999999750e+02
2.677027734375000705e+02
2.652525000000000546e+02
2.591693750000000591e+02
2.590923437500001683e+02
2.645593749999999886e+02
2.629012109374999113e+02
2.664343749999999886e+02
2.643202734375000773e+02
2.637818750000000136e+02
2.757902734374998772e+02
2.704902734374999795e+02
2.734224609374999773e+02
2.675390234375000205e+02
2.588173437500000773e+02
2.845652734375000250e+02
2.774605859374998431e+02
2.725860937500000318e+02
2.638210937499999886e+02
2.734673437499999409e+02
2.727630859375000227e+02
2.779835937500000114e+02
2.802671484375000546e+02
2.727435937500000023e+02
2.770999609375000432e+02
2.736099609374999773e+02
2.682624999999999886e+02
2.660773437500000114e+02
2.904443750000000364e+02
2.703923437500000659e+02
2.737775000000000318e+02
2.845762109374999795e+02
2.737780859375001228e+02
2.784898437499999773e+02
2.722443749999999909e+02
2.748525000000000773e+02
2.755905859375001228e+02
2.735621484374999000e+02
2.704860937499998954e+02
2.719874609375000318e+02
2.703733984375001000e+02
2.702798437500001114e+02
2.685293359374999227e+02
2.831648437499999886e+02
2.720624609374998499e+02
2.677975000000000136e+02
2.771843749999999886e+02
2.753983984374999068e+02
2.810423437500002137e+02
2.849993750000001569e+02
2.807343359374998499e+02
2.787443750000000477e+02
2.744775000000000773e+02
2.762490234375000000e+02
2.808123437500001387e+02
2.825249609375001114e+02
2.839668359374999795e+02
2.817025000000000432e+02
2.709025000000000318e+02
2.754873437499999227e+02
2.781999999999999886e+02
2.844021484374999886e+02
2.672552734375000227e+02
2.822985937500000659e+02
2.822624609375000091e+02
2.897043359375000477e+02
2.722860937499998499e+02
2.830390234374999636e+02
2.807523437500000227e+02
2.819310937500001728e+02
2.786858984375000432e+02
2.846899999999999977e+02
2.721993750000000318e+02
2.746673437500000432e+02
2.694218359375000773e+02
2.643899999999999864e+02
2.825900000000001455e+02
2.792775000000000318e+02
2.756560937500000250e+02
2.767493750000001000e+02
2.728437109375001342e+02
2.713673437500001455e+02
2.635235937499999750e+02
2.808468750000000114e+02
2.659858984374999409e+02
2.695724999999999341e+02
2.647499609375001342e+02
2.704062109375000773e+02
2.696340234375000477e+02
2.755593359374999523e+02
2.679355859375000364e+02
2.675648437500000227e+02
2.811025000000000773e+02
2.715874609374999977e+02
2.749562109375000318e+02
2.633275000000001569e+02
2.678718359374999523e+02
2.706475000000000364e+02
2.743293359375000477e+02
2.683224999999998772e+02
2.735943359374999773e+02
2.695293359374999227e+02
2.755027734374999682e+02
2.648496484374999795e+02
2.779224609374999773e+02
2.726493750000000205e+02
2.681725000000000136e+02
2.778999999999999773e+02
2.784524999999998727e+02
2.660560937500000591e+02
2.611662109375000114e+02
2.637193750000000136e+02
2.690275000000000318e+02
2.671025000000001342e+02
2.734985937500000546e+02
2.664523437500000114e+02
2.725099999999999909e+02
2.789998437499999113e+02
2.681890234375000546e+02
2.748273437500000114e+02
2.739318749999999909e+02
2.706093359374999636e+02
2.760943750000000705e+02
2.684985937499999977e+02
2.570952734374999977e+02
2.640349609374999886e+02
2.671949609374999568e+02
2.679650000000000318e+02
2.637074609375000023e+02
2.711748437499999795e+02
2.793298437500000091e+02
2.756985937499999295e+02
2.706100000000000136e+02
2.755418359374999682e+02
2.772900000000000205e+02
2.798265234374999295e+02
2.685349999999999682e+02
2.622298437500001000e+02
2.663749609375000773e+02
2.692610937499999295e+02
2.704433984375000932e+02
2.662558984374999795e+02
2.687650000000000432e+02
2.813177734375000227e+02
2.764099999999997976e+02
2.666868749999999864e+02
2.651152734374999795e+02
2.602405859375001000e+02
2.700748437499999568e+02
2.684921484375000773e+02
2.671433984375000250e+02
2.631560937499999682e+02
2.743265234375002137e+02
2.695012109374999909e+02
2.611360937500000432e+02
2.683685937500000023e+02
2.669012109374999682e+02
2.610327734374999409e+02
2.661023437499999886e+02
2.696215234375000591e+02
2.598148437500000227e+02
2.608558984374999454e+02
2.659943750000000477e+02
2.682498437499999682e+02
2.622755859375000114e+02
2.661585937500000227e+02
2.664390234375000546e+02
2.658350000000000364e+02
2.617475000000002865e+02
2.579371484374998431e+02
2.579371484374998431e+02
3.163187109375001000e+02
3.359298437500001455e+02
9.802094288549418707e+03
8.039277262210259323e+03
4.684262400815486217e+03
3.240072095560432444e+03
2.169592570084929321e+03
1.598302711820005698e+03
1.596127374905944180e+03
1.323107425477503739e+03
1.571381026944517998e+03
1.843540733146667435e+03
1.848929903068543354e+03
2.418293060586452157e+03
2.424724311807155573e+03
3.015252433919906707e+03
4.164026710357666161e+03
4.713208730771541013e+03
5.040983839487433215e+03
5.620604600128531274e+03
8.303168579959277849e+03
1.125396135104596578e+04
1.448504634170473219e+04
1.348272243821859047e+04
1.135822145681142320e+04
1.145698033899724032e+04
7.891351034116150913e+03
3.946574714111685807e+03
4.187241730794906289e+03
2.320164993836878693e+03
1.637348821172714452e+03
1.309164834875464749e+03
6.363955155366659255e+02
6.377809528535605068e+02
2.891896484375000114e+02
6.218103061860799698e+02
6.387597687715292523e+02
6.183682694429160165e+02
2.923043359375000136e+02
2.972437109374999409e+02
2.960030859375002024e+02
6.235941391938926017e+02
6.204650681489705448e+02
2.869652734375000023e+02
2.837818750000001273e+02
2.888648437499999773e+02
2.951310937500000477e+02
2.961873437499999682e+02
2.926074609375000364e+02
2.946083984375000000e+02
2.904302734374999773e+02
2.846687109375001796e+02
2.826249609375000773e+02
2.820985937500000773e+02
2.909968359374998954e+02
3.128310937499999227e+02
2.967818359374999773e+02
2.959310937500000023e+02
2.947452734375001455e+02
2.985405859375000546e+02
3.077437109374999409e+02
3.062043359374998772e+02
3.061115234375000114e+02
2.903423437499999409e+02
2.919943749999999341e+02
2.860060937499999909e+02
2.878483984375001796e+02
2.848605859374999341e+02
2.934702734375000546e+02
2.842171484374999864e+02
2.907574609375000136e+02
2.899780859375001683e+02
2.855798437500000091e+02
2.909724999999999682e+02
3.011068750000000591e+02
2.948630859374999886e+02
2.932687109375000318e+02
2.901724999999999568e+02
2.829562109375000318e+02
2.856199609375000250e+02
3.004552734375000114e+02
2.947023437500000114e+02
2.906568750000000705e+02
2.919824609375000364e+02
3.048296484375001683e+02
2.916880859374999773e+02
2.857624609375001228e+02
2.840248437500000023e+02
2.984683984374998431e+02
2.900068749999999227e+02
2.828902734374998431e+02
2.754493749999999750e+02
2.916048437499998727e+02
2.823693750000001046e+02
2.884312109375000546e+02
2.821485937500000318e+02
2.946125000000000114e+02
2.903735937500001114e+02
2.805543359375000136e+02
3.001743750000001683e+02
2.914062109375001342e+02
2.916093359374999068e+02
2.998771484375000114e+02
2.936183984374999341e+02
2.949748437499999909e+02
3.032387109375000023e+02
3.015443750000000023e+02
3.086015234374999636e+02
2.950860937500000318e+02
3.063373437500000023e+02
2.957121484374999341e+02
2.962210937500000227e+02
2.997310937500000136e+02
2.980062109375002706e+02
3.041449609375000591e+02
2.952012109374999227e+02
2.921935937500001614e+02
2.901562109375000773e+02
3.012124609375001114e+02
2.990860937500000318e+02
3.030025000000001114e+02
2.949735937500000773e+02
3.141083984375000000e+02
3.031480859375000136e+02
2.977452734375002024e+02
2.892749999999999773e+02
2.940896484374999886e+02
3.018849609375000114e+02
3.230225000000000364e+02
2.990483984374999977e+02
2.968225000000001046e+02
3.143349609375000000e+02
3.065824609375001160e+02
3.011793359375000136e+02
3.021952734375000205e+02
3.015568749999999909e+02
3.016860937499999409e+02
2.943793359375000591e+02
2.966902734374999682e+02
2.930980859374998317e+02
2.987562109375000432e+02
2.925890234375001455e+02
3.008298437500001228e+02
2.997418359375000136e+02
2.895099999999998772e+02
3.094224609374999773e+02
3.077443749999999909e+02
3.048173437500000773e+02
3.000146484375000000e+02
3.026855859374998658e+02
2.976974609375000114e+02
2.911499609374999977e+02
3.062173437499999977e+02
3.018218749999999773e+02
2.920449609374999227e+02
2.912340234375000705e+02
2.900733984375000318e+02
2.966193749999998772e+02
2.958100000000000591e+02
2.935858984375000773e+02
3.018818749999999795e+02
2.826699609374999227e+02
2.934218750000000000e+02
2.828775000000000546e+02
2.880773437500000114e+02
2.927974609374999773e+02
2.928225000000000477e+02
2.886868749999999864e+02
2.954937109374999977e+02
2.912780859374998954e+02
2.965724999999999341e+02
2.955387109375000705e+02
2.867650000000000432e+02
2.801155859375001000e+02
2.754568750000000250e+02
2.849608984375000205e+02
2.844312109375001114e+02
2.973125000000000000e+02
2.918046484375001342e+02
2.952496484375000136e+02
3.093493750000001228e+02
3.022443749999999341e+02
2.979552734375000114e+02
2.896599999999999113e+02
2.957933984375000591e+02
3.015324609375000477e+02
2.901890234374999409e+02
2.914993749999999864e+02
2.769499999999999886e+02
2.958043359375000136e+02
2.787524999999999409e+02
2.832796484374999864e+02
2.898248437499998431e+02
2.820500000000000114e+02
2.816380859375000227e+02
2.898171484375001228e+02
2.818150000000001114e+02
2.783871484375000591e+02
2.817724609375000000e+02
2.828435937499999682e+02
2.784524999999999864e+02
2.862293359374999113e+02
2.810185937499999795e+02
2.798418359374999227e+02
2.851849609375000227e+02
2.774793359374999682e+02
2.753235937500001000e+02
2.766593359374999750e+02
2.803474609374999886e+02
2.811023437499999886e+02
2.801777734374998658e+02
2.843671484375000773e+02
2.824843359374999636e+02
2.800015234375000546e+02
2.758465234374999682e+02
2.875685937499999909e+02
2.847475000000000591e+02
2.733373437500000591e+02
2.718027734374999795e+02
2.895625000000000000e+02
2.887868750000000091e+02
2.965062109374999864e+02
2.787590234374998772e+02
2.850512109374999454e+02
2.846749609375001455e+02
2.817693749999999682e+02
2.909905859375000432e+02
2.843730859374999227e+02
2.761360937500001569e+02
2.849775000000000205e+02
2.783993749999999068e+02
2.832298437500000432e+02
2.923615234375000114e+02
2.891273437500000227e+02
2.947568750000000364e+02
2.951465234375001501e+02
2.907718750000000227e+02
2.939399999999999977e+02
2.997525000000000546e+02
2.869840234375000136e+02
2.836199609374999682e+02
2.911490234374999773e+02
2.914693750000000705e+02
2.876843359375000091e+02
2.894618749999999068e+02
2.925296484375001569e+02
3.061943359375000000e+02
2.933568750000000023e+02
2.960558984375000477e+02
3.007775000000000887e+02
2.960037109374999886e+02
3.067124609375001114e+02
2.861046484375000318e+02
6.348223420137167068e+02
2.986824609375000250e+02
2.988702734375001455e+02
3.032850000000000250e+02
2.997512109375000477e+02
2.984483984374999750e+02
2.922748437500001160e+02
2.824662109375000227e+02
2.786640234375001342e+02
2.785749609374999523e+02
2.947640234375001000e+02
2.871743750000001683e+02
2.912762109374999113e+02
2.824480859374999682e+02
2.825874999999999773e+02
2.830923437500000546e+02
2.903899999999999864e+02
2.926093750000000000e+02
2.886625000000000227e+02
2.920868749999999636e+02
2.807405859375001569e+02
2.914498437500000705e+02
2.839735937499999636e+02
2.891250000000000000e+02
2.880155859375000773e+02
2.961937109374999864e+02
2.968155859375000318e+02
2.990435937500000136e+02
3.018890234374999864e+02
3.120527734374999227e+02
3.005060937500001046e+02
2.925980859375000591e+02
3.056608984374998954e+02
2.930860937500000318e+02
2.904187109375001228e+02
2.921124609375000318e+02
2.858998437500000591e+02
2.829308984374999909e+02
2.921287109374999886e+02
2.869060937500000250e+02
2.894155859375000546e+02
2.775710937499999886e+02
2.971560937499999682e+02
3.008360937500000318e+02
2.849148437499999886e+02
3.000224999999999795e+02
2.926630859375000000e+02
2.822149999999998613e+02
2.879368749999999864e+02
2.966743749999999409e+02
2.908960937499999773e+02
2.803527734374999341e+02
2.918493749999999523e+02
2.859360937499999409e+02
2.921750000000000114e+02
2.875802734375000114e+02
2.805525000000000659e+02
2.956499999999999773e+02
2.897349999999999568e+02
2.698818750000000932e+02
2.786512109374999682e+02
2.702850000000000250e+02
2.649365234375000000e+02
2.656412109374999773e+02
2.739985937499998840e+02
2.826655859374999977e+02
2.920998437499998772e+02
2.901298437500000773e+02
2.922850000000001387e+02
2.816943749999999227e+02
2.780371484374999227e+02
2.839485937500001000e+02
2.892390234375000659e+02
2.864515234375000432e+02
2.814193749999999454e+02
2.757687109375000318e+02
2.840923437500001114e+02
2.758193359375000000e+02
2.787512109374999341e+02
2.823843749999999773e+02
2.820302734375000000e+02
2.822998437500001501e+02
2.861871484375000136e+02
2.882558984375000932e+02
2.852668359375000477e+02
2.750243750000000773e+02
2.747124609374999409e+02
2.742224999999999682e+02
2.705296484375000432e+02
2.753400000000000318e+02
2.843610937500000091e+02
2.958233984374999750e+02
2.752443749999998772e+02
2.754718359375000318e+02
2.848155859374999750e+02
2.821735937500001228e+02
2.725099609375000114e+02
2.862423437500000887e+02
2.804608984375000205e+02
2.856349999999999909e+02
2.826421484374999977e+02
2.851365234374999886e+02
2.837671484375000546e+02
2.798465234374998545e+02
2.958333984375000227e+02
2.977396484375000227e+02
2.840871484374999909e+02
2.748725000000000591e+02
2.778187109374999864e+02
2.768058984375000477e+02
2.728280859375001342e+02
2.743530859375000546e+02
2.834868750000001114e+02
2.786810937499998886e+02
2.661512109375000250e+02
2.747185937500000250e+02
2.862733984375000773e+02
2.800993750000000091e+02
2.826027734374999341e+02
2.742610937500001000e+02
2.770935937499999682e+02
2.802530859375000318e+02
2.769480859374998545e+02
2.735052734375000227e+02
2.750274999999999181e+02
2.738796484375000091e+02
2.742024999999999864e+02
2.690199609375000591e+02
2.789068359374999773e+02
2.736777734374999227e+02
2.888568750000000591e+02
2.645935937499999113e+02
2.859100000000000819e+02
2.786485937500000887e+02
2.700640234375000546e+02
2.744818750000000591e+02
2.704546484375001114e+02
2.733860937500000432e+02
2.743780859375000318e+02
3.126560937499998545e+02
3.245673437500000205e+02
3.556978340127468982e+03
1.293806257313191963e+04
5.222700892782211668e+03
3.837232285231947571e+03
2.701050383972525196e+03
1.885122566642760603e+03
1.596402463101744388e+03
1.588504479092956444e+03
1.601477564725279763e+03
1.576530733975768044e+03
1.567912103909849975e+03
1.860316236076354926e+03
1.877838819084167426e+03
2.732371723389029739e+03
3.574093833615780568e+03
3.878097371291519721e+03
4.152114615631103334e+03
5.041548772043586723e+03
5.647610959381462635e+03
6.220560566758516870e+03
1.052981201310098550e+04
1.452960312331914974e+04
1.413860251893937493e+04
1.289060778231083350e+04
9.078757668399219256e+03
7.930890015504352050e+03
6.854128314187531942e+03
6.366900646200182564e+03
3.555336706826687532e+03
2.900675239982604580e+03
3.248016958817839622e+03
1.637121368780135754e+03
1.631359552373885663e+03
9.570066841483115923e+02
6.191697297090291841e+02
2.885890234375000318e+02
2.843465234374999682e+02
2.766905859375001455e+02
2.612500000000000000e+02
2.734243749999999409e+02
2.753225000000001046e+02
2.722610937500000432e+02
2.791743750000001683e+02
2.896546484374999864e+02
2.826235937500001683e+02
2.728685937499998886e+02
2.738171484375000659e+02
2.779655859375000659e+02
2.785998437500001046e+02
2.770108984375000318e+02
2.760496484375000250e+02
2.830298437499999977e+02
2.883996484374999341e+02
2.918373437500000591e+02
2.775562109374999409e+02
2.841998437500000136e+02
2.830887109374999682e+02
2.702474999999999454e+02
2.797343750000000000e+02
2.708585937500000114e+02
2.676600000000000250e+02
2.674193749999999454e+02
2.789093359375000318e+02
2.750025000000000546e+02
2.799333984374999886e+02
2.864949609374997976e+02
2.771762109375000591e+02
2.589812109374999523e+02
2.772843750000000114e+02
2.759850000000000136e+02
2.799193749999999454e+02
2.758246484374999454e+02
2.808960937499999773e+02
2.766371484375000591e+02
2.783998437500000023e+02
2.800243750000000773e+02
2.776952734375000773e+02
2.851843749999999886e+02
2.746150000000000091e+02
2.715243750000000773e+02
2.730374609375000432e+02
2.753412109375000227e+02
2.673360937499999750e+02
2.668449609374998204e+02
2.735108984375000318e+02
2.786798437500000318e+02
2.797443749999999341e+02
2.656655859374999977e+02
2.707021484375000000e+02
2.779683984375000136e+02
2.816246484375000136e+02
2.677068750000000250e+02
2.711935937500001046e+02
2.787560937499998772e+02
2.712310937499999000e+02
2.901458984375000227e+02
2.793873437499999568e+02
2.676735937500000659e+02
2.864398437500000227e+02
2.721935937499998772e+02
2.745077734375000205e+02
2.655918359374999227e+02
2.740608984375001000e+02
2.734155859375001114e+02
2.761618750000001228e+02
2.732099609375000000e+02
2.717875000000000227e+02
2.704452734375000773e+02
2.878585937500000114e+02
2.763025000000000659e+02
2.739710937500000227e+02
2.806023437499999886e+02
2.741560937499999682e+02
2.739052734375000000e+02
2.754808984375000591e+02
2.821952734375000205e+02
2.661560937500000250e+02
2.678530859375000546e+02
2.655123437500000136e+02
2.708562109375000659e+02
2.808480859375000023e+02
2.763243750000000887e+02
2.838023437499999773e+02
2.719480859375000250e+02
2.760999609375000432e+02
2.686374999999999886e+02
2.714298437500000318e+02
2.749921484375000773e+02
2.852287109375000114e+02
2.831046484374999750e+02
2.763243750000002024e+02
2.885248437499999454e+02
2.731118749999999409e+02
2.715808984374999682e+02
2.863243749999999750e+02
2.762368750000000546e+02
2.835110937500000432e+02
2.721685937500000136e+02
2.689162109375000114e+02
2.715210937499999773e+02
2.789152734375001046e+02
2.838749609375000205e+02
2.755423437499999295e+02
2.854546484375001114e+02
2.802860937499999636e+02
2.960099999999999909e+02
2.795649999999999409e+02
2.884858984375000546e+02
2.913593750000000000e+02
2.856949609375001273e+02
2.795152734375000136e+02
2.775974999999999682e+02
2.803358984375000773e+02
2.687985937500001228e+02
2.877560937499999909e+02
2.794355859374999227e+02
2.827250000000000227e+02
2.896265234374999977e+02
2.894568749999999113e+02
2.839640234374999750e+02
2.822318750000000591e+02
2.870998437499998772e+02
2.773202734375000773e+02
2.891615234375000227e+02
2.865215234374999795e+02
2.857593359374999409e+02
2.768905859375000205e+02
2.754810937500000136e+02
2.764121484375000364e+02
2.876923437500001342e+02
2.762512109375001046e+02
2.796262109374999909e+02
2.795402734374998772e+02
2.776610937500000205e+02
2.725868750000000773e+02
2.568108984375000432e+02
2.693293359374999341e+02
2.621835937500000000e+02
2.595498437499999795e+02
2.623630859374999886e+02
2.642875000000000227e+02
2.596199609375000250e+02
2.584523437500000114e+02
2.600137109375000364e+02
2.637668359374999909e+02
2.648048437500000318e+02
2.620774999999999864e+02
2.628650000000000091e+02
2.636623437500001046e+02
2.681818359375000114e+02
2.817168359374999227e+02
2.735012109374999341e+02
2.747225000000001387e+02
2.734985937499999977e+02
2.652187109375001342e+02
2.702949609375000364e+02
2.698449609375000477e+02
2.690655859375000887e+02
2.697710937499999773e+02
2.626710937500000114e+02
6.006574802583457995e+02
6.043752701753378460e+02
2.613452734375001683e+02
2.743725000000000023e+02
2.703662109375000000e+02
2.605202734375000659e+02
2.593952734375000091e+02
2.564593359374999864e+02
5.952456653779746603e+02
2.638562109374999523e+02
2.678808984374999795e+02
2.680349999999999682e+02
2.642718750000000227e+02
2.507748437500000875e+02
2.543358984375001057e+02
2.610685937499999909e+02
2.558777734374999397e+02
2.601043359374999682e+02
2.611746484374999682e+02
2.643998437499999454e+02
2.549935937500000875e+02
2.592108984375000773e+02
2.625293359375000364e+02
2.662275000000000205e+02
2.595421484375000318e+02
2.722943750000000591e+02
2.651427734375000114e+02
2.679543359374999909e+02
2.697640234375000432e+02
2.699230859374998204e+02
2.713298437500000659e+02
6.067986866182088761e+02
2.662173437499999977e+02
2.639390234374999409e+02
1.249162133764624286e+03
2.682699609374998886e+02
2.665890234375001455e+02
2.704685937499999682e+02
2.805715234374998772e+02
2.803360937500000318e+02
2.625793359374999909e+02
2.691437109375000318e+02
2.742868750000001228e+02
2.630230859374999000e+02
2.792968750000000000e+02
2.717818749999999568e+02
2.716610937500000773e+02
2.669871484375000250e+02
2.687937109374999523e+02
2.683005859374999886e+02
2.729150000000000205e+02
2.863140234375001114e+02
2.691921484375000659e+02
2.696818359375000114e+02
2.650615234375000000e+02
2.662021484375000000e+02
