0.000000000000000000e+00
6.814927949502467527e+03
2.017008426961895339e+03
2.047590733480453537e+03
2.856932444089498404e+03
1.044350745546757753e+04
1.316596781993967670e+04
6.267393082541076183e+03
2.036503768968429767e+03
1.861218593749994398e+03
1.841362460937506057e+03
1.846725771484372217e+03
1.829274960937502783e+03
1.805961875000002237e+03
1.817693505859374909e+03
1.818269130859373490e+03
1.795393593749994807e+03
1.766832333984378010e+03
1.749260537109369807e+03
1.734843271484376146e+03
1.726096083984370807e+03
1.707235898437501646e+03
1.693745849609375000e+03
1.698096835937500600e+03
1.674842568359373445e+03
1.659906093750000309e+03
1.668618124999999509e+03
1.659016162109375045e+03
1.096681093750001992e+03
2.686632714843738654e+02
3.541436523437495509e+01
3.583808593749999716e+01
3.641499023437499716e+01
3.491709960937497215e+01
3.519022460937499375e+01
3.547933593750003212e+01
3.854405273437496504e+01
3.830741210937499375e+01
3.263558593750001791e+01
3.064717773437498494e+01
3.243374999999998920e+01
3.397538085937502217e+01
3.389678710937494799e+01
4.023289589875938645e+02
5.912647653089455844e+02
5.952777104841165965e+02
1.141704761022925368e+03
1.864423096165060997e+03
3.243333939713835207e+03
4.695490785938340196e+03
8.004045418118827001e+03
1.073062559320195396e+04
1.192842686782940473e+04
1.352334125765264071e+04
1.443422740473374688e+04
1.493872250739100309e+04
1.516810445203171912e+04
1.521652647102339506e+04
1.520805657088023690e+04
1.472081274797382139e+04
1.388924443570599033e+04
1.342811620485721869e+04
1.195425620304806944e+04
1.104717402042732647e+04
1.123127695596204467e+04
1.203020851073265112e+04
1.187574414560733567e+04
1.110623727789819168e+04
1.127770396404266285e+04
1.037111397175057391e+04
8.285356446581923592e+03
7.108254473245144254e+03
7.107056196572784756e+03
7.763427210001803360e+03
6.830188272613876507e+03
5.539313045387125385e+03
6.250519800180789389e+03
6.255781425547007530e+03
4.780136320188050377e+03
3.654413385258769267e+03
3.487154525735383686e+03
3.314371631330099717e+03
3.142634957169891095e+03
1.904322359883632544e+03
2.239116210937499929e+01
2.237875000000001080e+01
1.867874999999997598e+01
2.674683593750002686e+01
2.692436523437499929e+01
2.003749023437501009e+01
2.652308593750002430e+01
2.714467773437500142e+01
3.621436152070760954e+02
8.818204815731930921e+02
1.742068033909200267e+03
2.924646819615214099e+03
5.838830027463439365e+03
8.763162119573944437e+03
9.800572273415189557e+03
1.046372050622687311e+04
1.210193221225203524e+04
1.358072279596788212e+04
1.441042333855616744e+04
1.484600124857291303e+04
1.487404786463677920e+04
1.492089004468680287e+04
1.486844508311213940e+04
1.451785218139650533e+04
1.468250604617832505e+04
1.426808815209803288e+04
1.350260201146839790e+04
1.316794477452500178e+04
1.374127735791666782e+04
1.388802328079566360e+04
1.227330636487590345e+04
1.088408825196982434e+04
1.097138086056099564e+04
1.008707738508805596e+04
8.581050005254741336e+03
8.100390694215299845e+03
7.037178378579612399e+03
6.349223743545856451e+03
5.359223578033438571e+03
4.116744758138655016e+03
3.143979579209691110e+03
2.649388385844081313e+03
2.118340195558071173e+03
1.766722023319601021e+03
1.775355419773459971e+03
1.431321019659042349e+03
5.545235191999383915e+02
7.213314714407920292e+02
7.200848311209675785e+02
1.994054223345220294e+02
5.518335904584827176e+02
5.510420321546495188e+02
1.989289774797856865e+02
2.184859375000001336e+01
2.192030273437499588e+01
2.492484374999997243e+01
2.393734374999999304e+01
2.170937500000000142e+01
2.499746093750000142e+01
2.472944335937500071e+01
2.268609375000000483e+01
2.136312500000002501e+01
2.234405273437499417e+01
2.369183593750002004e+01
1.893183593750000071e+01
1.811092773437498238e+01
1.960875000000000767e+01
2.097608398437501620e+01
2.214131835937502757e+01
2.192811523437494614e+01
2.412359375000001194e+01
2.646303710937500142e+01
2.281913085937500796e+01
1.975795898437500142e+01
2.161246093750001052e+01
2.216913085937499517e+01
1.989375000000000071e+01
1.754022460937497385e+01
1.817183593750001336e+01
1.921500000000001407e+01
1.957772460937500725e+01
2.032359375000000057e+01
2.316678710937501506e+01
2.698436523437495183e+01
2.546621093750000142e+01
2.009170898437499631e+01
1.801358398437499986e+01
1.792959960937498920e+01
2.007152343749999091e+01
2.176475585937500767e+01
2.402084960937499858e+01
2.184405273437499062e+01
2.154764648437497243e+01
2.431639648437498380e+01
2.729014648437501478e+01
2.753558593749998096e+01
2.232530273437500767e+01
2.186089843749998352e+01
2.355839843749999929e+01
2.634121093750000142e+01
2.378687500000001620e+01
2.110389648437497812e+01
2.289125000000005272e+01
2.244819335937500071e+01
2.251734375000001620e+01
2.289959960937505556e+01
2.393936523437499631e+01
2.471859375000000725e+01
2.492147460937499304e+01
2.188506835937503325e+01
2.072045898437500000e+01
2.373178710937499858e+01
2.162984375000000981e+01
1.983881835937500071e+01
2.054131835937501194e+01
2.209545898437500000e+01
2.130234374999999858e+01
2.080499023437501194e+01
2.396734374999999417e+01
2.583902343750003183e+01
2.378375000000000483e+01
2.155874023437500142e+01
2.299359375000002359e+01
2.466312500000000796e+01
2.325131835937499858e+01
1.952163085937500142e+01
2.063246093750002430e+01
1.972983398437499858e+01
2.105933593750000554e+01
2.234652343750002856e+01
2.032772460937500725e+01
1.960194335937503851e+01
2.026202148437501194e+01
2.005116210937498877e+01
2.041250000000000142e+01
2.246436523437499844e+01
2.010733398437498565e+01
1.888436523437498238e+01
2.148121093749998778e+01
2.154625000000000057e+01
1.998871093750000227e+01
1.816527343749998380e+01
1.717553710937500000e+01
1.687319335937500142e+01
1.764413085937503922e+01
1.860459960937499702e+01
1.920625000000000071e+01
1.987491210937499631e+01
1.937464843749999943e+01
1.779444335937500199e+01
1.756131835937497954e+01
1.870975585937499019e+01
2.043428710937499915e+01
1.931996093750000298e+01
1.664522460937499915e+01
1.822183593750001052e+01
1.977569335937500838e+01
1.941859374999996390e+01
1.928725585937500142e+01
1.858624023437500128e+01
1.805702148437503141e+01
1.831225585937500000e+01
1.867109375000000071e+01
1.940233398437504775e+01
1.941616210937500142e+01
1.964839843749999559e+01
1.835233398437499375e+01
1.702562499999999801e+01
1.686558593750001123e+01
1.739433593749999929e+01
1.852709960937500000e+01
1.887694335937501933e+01
1.975937499999999858e+01
2.021312499999998735e+01
2.224639648437501194e+01
2.127464843750003709e+01
1.829795898437498280e+01
1.983714843750001222e+01
2.027733398437499446e+01
1.963436523437495396e+01
1.894717773437502117e+01
1.951871093750001052e+01
2.045522460937500142e+01
2.010499023437499844e+01
2.074359375000000938e+01
1.049574208984374991e+03
2.157342773437497385e+01
1.959121093750000142e+01
1.809444335937499204e+01
2.414339843750000725e+01
2.669686523437497527e+01
3.338062500000000909e+01
3.503975585937498494e+01
4.371249999999999858e+01
4.768334960937500000e+01
5.041280273437497073e+01
