0.000000000000000000e+00
1.227277734375000193e+02
1.217060937500000790e+02
1.242702734374999665e+02
1.278685937500000307e+02
7.471659335937501965e+03
2.383942343749996780e+03
4.256255859374999773e+02
9.228609374999996362e+01
8.969937500000000341e+01
8.351996093749997385e+01
9.575937500000000568e+01
9.065609375000006764e+01
9.964984375000003070e+01
9.346499999999983288e+01
9.360902343750018417e+01
9.972339843749988120e+01
1.071027734375000335e+02
1.038921484374999693e+02
1.088615234374999972e+02
1.295630859375000057e+02
1.229543359375000620e+02
1.193868749999998897e+02
1.032000000000000028e+02
1.134623437500000591e+02
1.074233984374999693e+02
1.148943750000001103e+02
1.132215234375000108e+02
1.069443750000000790e+02
1.024771484375000057e+02
1.037443750000000762e+02
1.016068359374999943e+02
1.057693750000000108e+02
1.009593749999999943e+02
9.925999999999997669e+01
9.532984375000000909e+01
9.173999999999996646e+01
9.411058593750000512e+01
9.107183593750002615e+01
9.269359374999999091e+01
8.147359375000002046e+01
8.962500000000000000e+01
8.784746093750000284e+01
8.602359375000000341e+01
7.975902343749997669e+01
8.057402343750000284e+01
7.862308593749999375e+01
7.884214843750001478e+01
8.605484375000000341e+01
8.334999999999999432e+01
7.468359375000000000e+01
7.573589843750004036e+01
7.283734374999993122e+01
7.015933593750001762e+01
7.368999999999999773e+01
7.187246093749999432e+01
7.056214843749998522e+01
7.038734375000002785e+01
6.866187500000000909e+01
6.644687500000000568e+01
6.835621093750002331e+01
6.718402343749997385e+01
6.517484375000002217e+01
6.915308593750002331e+01
6.450933593750001194e+01
6.549437499999996248e+01
6.081937500000001506e+01
6.439437499999992554e+01
6.584902343749999432e+01
6.371058593749999233e+01
6.815687499999997101e+01
6.701859374999996533e+01
6.282984374999998778e+01
6.770000000000000284e+01
6.697484375000000512e+01
6.512152343749997385e+01
6.441249999999999432e+01
6.664371093750000341e+01
6.217402343749999716e+01
6.291214843749999375e+01
6.391996093750000085e+01
6.036859374999996675e+01
6.086683593750001364e+01
6.174527343750001052e+01
6.179234375000002188e+01
6.265687499999995680e+01
6.150902343750002643e+01
6.160308593750003325e+01
6.108984375000000000e+01
6.319234375000003467e+01
6.179984375000000085e+01
5.730250000000006594e+01
6.570234374999999716e+01
6.517027343750001478e+01
6.241402343750002046e+01
6.451234375000001364e+01
5.827734375000000000e+01
5.881621093750000284e+01
6.213246093749999943e+01
6.213734374999999233e+01
5.967750000000000909e+01
6.064234374999998778e+01
6.241714843750001762e+01
6.195589843749995396e+01
5.847871093749999716e+01
5.745902343749996533e+01
5.683609375000004604e+01
5.834437499999995680e+01
6.329371093750000909e+01
5.616234374999995538e+01
5.606500000000001194e+01
5.432027343750003467e+01
5.744000000000001904e+01
5.529359374999997812e+01
5.779859375000005173e+01
5.600933593750001904e+01
6.025277343749998948e+01
5.534746093750000284e+01
5.211621093750000000e+01
5.726500000000002188e+01
5.588871093749996533e+01
5.768871093749995538e+01
5.630933593750002331e+01
5.444000000000001194e+01
5.422359375000003467e+01
5.325999999999999091e+01
5.514749999999996533e+01
5.237249999999996675e+01
5.322484374999994827e+01
5.238558593750000369e+01
5.379214843750001052e+01
5.379058593749999773e+01
5.475277343749998238e+01
5.570609374999996533e+01
5.659808593749995964e+01
5.482652343749998636e+01
5.346871093750002046e+01
6.036187499999998352e+01
5.255234374999999858e+01
5.480687499999996959e+01
5.984937500000005173e+01
5.457984375000005173e+01
5.241187500000002331e+01
5.543246093749998238e+01
5.469984374999997812e+01
5.393437500000000284e+01
5.059339843749998522e+01
5.204121093749999716e+01
5.099000000000001620e+01
5.278433593750003183e+01
5.273984374999999858e+01
5.528687500000003041e+01
5.135277343750001222e+01
5.419234375000000625e+01
5.408609375000003183e+01
5.379609374999999716e+01
5.457308593750000369e+01
4.883109374999997243e+01
5.099808593749997954e+01
5.030609374999998806e+01
5.076683593749992696e+01
5.358339843750000142e+01
5.105464843750003467e+01
5.099058593750002899e+01
4.985902343749994259e+01
5.247933593749995396e+01
5.022621093749998522e+01
5.021371093749998948e+01
5.388746093750003041e+01
4.742089843750000000e+01
5.221621093750000142e+01
5.277250000000000085e+01
4.957464843749998806e+01
5.192808593750002188e+01
5.024000000000004462e+01
5.096058593749997101e+01
5.006859374999996959e+01
5.229652343749999233e+01
5.374339843749995538e+01
5.362027343750001052e+01
4.781089843750005031e+01
4.833984375000000000e+01
4.800746093749999233e+01
4.794527343750000625e+01
4.774964843750002075e+01
5.078714843749998664e+01
4.907027343750001336e+01
5.078750000000000142e+01
5.662249999999998806e+01
5.299683593750004462e+01
4.674652343750000938e+01
4.729183593749993975e+01
4.965433593749996533e+01
5.060937500000000000e+01
4.909652343749994685e+01
5.132359375000000057e+01
5.010058593750000000e+01
5.210902343749997812e+01
4.895371093749999858e+01
4.935589843749998096e+01
4.757246093749999716e+01
4.864339843749996817e+01
4.903609375000003467e+01
4.911871093750001194e+01
4.835999999999998522e+01
5.137734375000000142e+01
5.138558593749994685e+01
5.128109374999996817e+01
4.563246093749999943e+01
4.916250000000000142e+01
5.116996093749998664e+01
5.191187500000003041e+01
5.015484375000004036e+01
5.059000000000001052e+01
5.237652343750003325e+01
5.212339843749998636e+01
5.029984374999999375e+01
4.892734374999999858e+01
4.816187500000003752e+01
5.358359374999999858e+01
5.277484374999998096e+01
4.909000000000001052e+01
5.151500000000002899e+01
4.850621093750002899e+01
5.142308593749997669e+01
4.610152343749997783e+01
4.806371093750000512e+01
4.517933593749998522e+01
4.744964843749998096e+01
4.691859374999997812e+01
4.619683593750003325e+01
4.543433593749995936e+01
4.867652343750000199e+01
4.966152343750000142e+01
4.891234374999999091e+01
4.856683593749998096e+01
4.894058593749998920e+01
5.133109374999999375e+01
4.834496093749999091e+01
4.812500000000000000e+01
4.637437500000000057e+01
4.776089843750000341e+01
4.751859374999995822e+01
4.773558593750000512e+01
5.253734375000000512e+01
4.612183593750002331e+01
4.905250000000002331e+01
4.566089843749999488e+01
4.994808593749996106e+01
4.961859375000001648e+01
5.090687499999995680e+01
5.165937499999999716e+01
5.172500000000000142e+01
4.917249999999994259e+01
5.688359375000000284e+01
5.003433593750002473e+01
5.185277343749995538e+01
5.621109374999997499e+01
5.494687499999999858e+01
5.842777343749997954e+01
5.305687499999997669e+01
5.338437499999999858e+01
5.572339843749999488e+01
5.166558593750001904e+01
5.366234374999999091e+01
5.680152343749999488e+01
5.864984374999994543e+01
5.131234374999993264e+01
5.638687499999999631e+01
5.453437499999999716e+01
5.436527343749999375e+01
5.309359374999998948e+01
4.955933593750000199e+01
4.903496093750000284e+01
4.667339843750002615e+01
4.918687499999997215e+01
4.842359375000001620e+01
4.801058593749996106e+01
5.082750000000002899e+01
4.865933593750002473e+01
4.702777343749995254e+01
4.885484375000002188e+01
5.109527343749998352e+01
4.953402343749999659e+01
4.523121093750002331e+01
4.839234374999998778e+01
5.194339843749995822e+01
5.314234374999999488e+01
5.314964843749996959e+01
5.277089843750000142e+01
4.697484374999997669e+01
5.294527343750004178e+01
5.204234374999997215e+01
4.981402343749998352e+01
4.712437499999999346e+01
4.892464843749997527e+01
5.442749999999999488e+01
5.422984375000000057e+01
4.910687500000003070e+01
4.875277343750000369e+01
6.142750000000000909e+01
5.277964843749996504e+01
5.102871093750000142e+01
5.377964843750002899e+01
5.612652343750001194e+01
6.202984374999999773e+01
5.633121093749998920e+01
5.102750000000003894e+01
6.047109375000000142e+01
5.164683593750002899e+01
5.212777343749998948e+01
4.825933593749996930e+01
5.165839843749999716e+01
5.191484375000000284e+01
6.215933593749999631e+01
5.444839843750001052e+01
5.006109375000004036e+01
4.968089843749997669e+01
5.065484375000001194e+01
4.938433593749999773e+01
4.754999999999999716e+01
5.446859374999998948e+01
4.796187500000002757e+01
5.507250000000000512e+01
5.024214843749998494e+01
4.799996093750003467e+01
4.617437500000001194e+01
5.339058593750000625e+01
4.869437499999997243e+01
5.097621093749997101e+01
4.632183593749999773e+01
4.794437500000000796e+01
5.092484374999994401e+01
4.839437500000001791e+01
4.529527343749997925e+01
4.815250000000004604e+01
4.864359375000002217e+01
5.271109374999997499e+01
4.654749999999997101e+01
5.544749999999997669e+01
5.129999999999999716e+01
4.607558593750000142e+01
4.443433593749997357e+01
4.939359374999998664e+01
4.986871093750001904e+01
4.775277343750001791e+01
5.039234375000002331e+01
4.956558593750003894e+01
4.795933593749997215e+01
4.728499999999998238e+01
5.280933593750000909e+01
4.729496093750000796e+01
4.761109375000002331e+01
4.475249999999997641e+01
4.447750000000003467e+01
4.780152343749998778e+01
4.407183593750000483e+01
4.294058593750001762e+01
4.637749999999999773e+01
4.880121093749997385e+01
4.797984375000000057e+01
5.201234374999997101e+01
5.296683593749997954e+01
4.848109374999998522e+01
5.105234374999999858e+01
4.847152343749998948e+01
4.965609374999995396e+01
4.571499999999998920e+01
4.896996093750000512e+01
5.354183593750000369e+01
4.915527343750000000e+01
4.445214843750000000e+01
4.857621093749996533e+01
5.227250000000000085e+01
4.881734375000003467e+01
5.167027343749998636e+01
5.113109374999999091e+01
4.698499999999997101e+01
5.103187499999995680e+01
4.891250000000000142e+01
4.873902343750002331e+01
5.072246093750000284e+01
5.094437500000000085e+01
4.956839843749996533e+01
5.490999999999998238e+01
4.701734375000003041e+01
5.368609374999998352e+01
5.341996093749999375e+01
6.123187500000000227e+01
5.881464843749999716e+01
5.649234374999999631e+01
5.278277343749999773e+01
4.730484375000001762e+01
5.438433593750003325e+01
4.756089843749999346e+01
4.991109375000000625e+01
4.285999999999999943e+01
1.889687500000000142e+01
3.578499999999999659e+01
4.825214843749999716e+01
5.385859374999999716e+01
5.515609374999995396e+01
7.671234374999997385e+01
7.989750000000003638e+01
8.397027343749999773e+01
8.745308593749999204e+01
9.649687500000000284e+01
9.795937499999999432e+01
1.063827734375000773e+02
1.027343359374999636e+02
9.104234374999995794e+01
1.004421484374999807e+02
9.152621093750002501e+01
1.031818749999999625e+02
9.445609375000005059e+01
8.684902343749999432e+01
8.803187500000007049e+01
8.947734375000000284e+01
9.028089843749997101e+01
7.860234375000000284e+01
8.424496093750005343e+01
8.554609374999999716e+01
8.160859374999999716e+01
8.135433593750002501e+01
8.489000000000000057e+01
6.632437500000000341e+01
6.724984374999998238e+01
7.447871093749999716e+01
7.133902343749998920e+01
6.418109375000001648e+01
6.450152343749999773e+01
6.687464843749994259e+01
6.313558593750003922e+01
4.980687499999997669e+01
5.658121093749998920e+01
5.638734374999999943e+01
5.326250000000000284e+01
4.772621093749999943e+01
4.403714843749997243e+01
4.970371093749999858e+01
4.563734374999997812e+01
5.245609374999999375e+01
5.694687499999999858e+01
4.997250000000003922e+01
5.323902343750002331e+01
5.932484375000001364e+01
5.590937499999999716e+01
5.328437499999999716e+01
5.662808593750004604e+01
5.415999999999998238e+01
4.871996093750000512e+01
5.379937500000001194e+01
5.927621093749998238e+01
5.210484375000000057e+01
4.773984374999999858e+01
5.880859375000000000e+01
5.212652343750001194e+01
5.096859375000000369e+01
5.396859374999998948e+01
6.344183593749998806e+01
5.770152343750000767e+01
4.680687499999999091e+01
4.887500000000000000e+01
5.497402343750000142e+01
4.767484374999997954e+01
4.894000000000001904e+01
4.312109375000000000e+01
4.417339843749999773e+01
5.319027343749998948e+01
4.594058593750001762e+01
4.746214843750000512e+01
5.629999999999999716e+01
5.059683593749998920e+01
4.687652343750001194e+01
4.796937499999998522e+01
4.718808593749999858e+01
4.784984375000001933e+01
4.474808593749997954e+01
4.511187500000001904e+01
4.677984375000004036e+01
4.573402343750002075e+01
4.845777343749999488e+01
4.464433593750000284e+01
4.114902343749999858e+01
4.998999999999999488e+01
4.591996093750005059e+01
5.109652343750003922e+01
4.690687500000003496e+01
4.616714843750001762e+01
4.630249999999998778e+01
4.616499999999998494e+01
4.628902343749997783e+01
4.199984374999998948e+01
4.862437500000000767e+01
4.706937499999997243e+01
4.885250000000000625e+01
4.440777343750001194e+01
4.530839843750000284e+01
4.908984375000000000e+01
4.728902343749999204e+01
4.388902343749999346e+01
4.417750000000002331e+01
5.302187500000000142e+01
4.652437500000000625e+01
4.528187499999999233e+01
4.790121093749999659e+01
4.789359375000003638e+01
4.603589843749998067e+01
4.566152343750000142e+01
5.248499999999995680e+01
4.409808593749995254e+01
4.497183593749997499e+01
4.358687499999999204e+01
5.410859374999999716e+01
4.863499999999998380e+01
5.449000000000003041e+01
5.402437500000003467e+01
5.460249999999998494e+01
4.989749999999998664e+01
5.464527343750000909e+01
5.188277343749996362e+01
5.483402343750007191e+01
5.170746093750001648e+01
5.483089843749996817e+01
5.195277343749997812e+01
6.923734375000002217e+01
7.951527343749998522e+01
8.163187499999995111e+01
8.194750000000001933e+01
7.328999999999999204e+01
7.384527343750001194e+01
7.552249999999995111e+01
6.438183593750000000e+01
6.464859375000000341e+01
8.429687500000000000e+01
9.066371093749999943e+01
8.753609374999999204e+01
9.527933593750000796e+01
8.994214843749999488e+01
1.034793359375000392e+02
9.554859375000000909e+01
9.704437499999997385e+01
1.031715234375000136e+02
9.908089843749999659e+01
7.227359375000001762e+01
5.602933593750003638e+01
5.232183593749997641e+01
4.879683593749999915e+01
5.068433593749999488e+01
4.977484375000003070e+01
5.218714843749999233e+01
5.035484375000000057e+01
5.570777343750000909e+01
5.275621093749998636e+01
5.468687499999998636e+01
6.067749999999998778e+01
6.795933593749998636e+01
7.077496093749998352e+01
7.288187499999999375e+01
7.920589843750005343e+01
9.595950965821742784e+01
1.010572555011510758e+02
1.084913335555791747e+02
1.657427002325058083e+03
5.720539843749999818e+03
1.114594749999999294e+04
1.312103359375000036e+04
6.580678085937504875e+03
4.983923437500003502e+02
1.550898437500000000e+02
1.927818750000000705e+02
1.805615234375000000e+02
1.819248437500000080e+02
1.842405859374999295e+02
2.005923437499999409e+02
2.001024999999999920e+02
2.127452734374998613e+02
2.060400000000000205e+02
2.068185937499999341e+02
2.188093749999999886e+02
2.125402734375000762e+02
2.205449609374999511e+02
2.244183984375001160e+02
2.245574609374999397e+02
2.267100000000000932e+02
2.525452734374998727e+02
2.237943750000000307e+02
2.237808984375000421e+02
2.274774999999999636e+02
2.273749609374999636e+02
2.310985937500000489e+02
2.421048437499999579e+02
2.244568750000000819e+02
2.316262109374999909e+02
2.438265234374998727e+02
2.508074609375000250e+02
2.620843750000000227e+02
2.585748437500000136e+02
2.570262109374999682e+02
2.536798437500000034e+02
2.566771484375000227e+02
2.549390234374999977e+02
2.540340234374999397e+02
2.437593359374999125e+02
2.538273437500000114e+02
2.315373437500000762e+02
2.375610937499999693e+02
2.472125000000000057e+02
2.451618749999999523e+02
2.364349609374999943e+02
2.369475000000001330e+02
2.412068749999999397e+02
2.459810937500000705e+02
2.406046484374998329e+02
2.287390234375000659e+02
2.437765234375000034e+02
2.205500000000000114e+02
2.249077734374999693e+02
2.284693750000000705e+02
2.178900000000000148e+02
2.229699609375001330e+02
2.133952734375001512e+02
2.133952734375001512e+02
2.652496093749999062e+01
3.333609374999999631e+01
3.960371093749999716e+01
5.755250000000003041e+01
6.148749999999999716e+01
5.831621093750000284e+01
6.191402343749997783e+01
7.131109374999999773e+01
7.071871093749993520e+01
6.706234374999995396e+01
7.621937499999998522e+01
7.255609375000001648e+01
6.539437499999995396e+01
6.678902343750000625e+01
6.365937499999999716e+01
6.675484374999999204e+01
6.126336984574794542e+01
6.777089843749999432e+01
6.334482745885844679e+01
6.954487628698348090e+01
6.635308593749998352e+01
6.760169147253036215e+01
6.382750000000002188e+01
5.719687499999999858e+01
5.587183593750000909e+01
6.199839843750000057e+01
6.196187500000002046e+01
5.881734374999996362e+01
4.811187500000001194e+01
5.047484375000002643e+01
5.148246093750002217e+01
4.886214843749998948e+01
5.010609375000001364e+01
4.928246093750002643e+01
4.750902343750005485e+01
4.963902343750000057e+01
5.234937499999998778e+01
4.532109375000000284e+01
4.728734375000000512e+01
4.799027343749996533e+01
5.170996093750000000e+01
4.656558593750004604e+01
4.675249999999994799e+01
4.448984374999999858e+01
5.201187500000003183e+01
4.693984375000000142e+01
4.598902343749999488e+01
4.699964843749994259e+01
4.857183593749998352e+01
4.755621093749996220e+01
4.457027343750002046e+01
4.607750000000000057e+01
4.654687500000000000e+01
4.472964843749997499e+01
4.249839843749995794e+01
4.660999999999995680e+01
4.579277343750000284e+01
4.172250000000001791e+01
4.784687499999999716e+01
4.753339843749999716e+01
4.726246093750002331e+01
4.561839843749999801e+01
4.592359374999995936e+01
4.419687499999999858e+01
4.249359374999995964e+01
4.788984374999999716e+01
4.324027343749995111e+01
4.585902343750001364e+01
4.290250000000001052e+01
4.760249999999999915e+01
4.316464843749999858e+01
4.454937500000002615e+01
4.543109375000004491e+01
4.649683593750000199e+01
4.456308593749999858e+01
4.157187499999999858e+01
4.562964843749999488e+01
4.384359374999998948e+01
4.324027343749993690e+01
4.155277343749995111e+01
4.282964843749999062e+01
4.683109375000000085e+01
4.786734375000003894e+01
4.064984375000003070e+01
4.270589843750004633e+01
4.298902343749999488e+01
4.362308593749995111e+01
4.530121093749999517e+01
4.443984375000000142e+01
4.507777343749999943e+01
4.106109374999998352e+01
4.188902343749999346e+01
4.296234374999998806e+01
4.506484375000000142e+01
4.352484375000000227e+01
4.384121093750000142e+01
4.223652343749999716e+01
4.759277343750000000e+01
4.756734375000002046e+01
4.682734374999999716e+01
4.447250000000003212e+01
4.381109374999995509e+01
4.131484375000000142e+01
4.360746093750000796e+01
4.442652343749996646e+01
4.382734374999999716e+01
4.216859375000002785e+01
4.874652343750004491e+01
4.434437500000002075e+01
4.229496093750002217e+01
4.292652343750003752e+01
4.350249999999996220e+01
4.223871093750000227e+01
4.669984375000002075e+01
4.593089843750004775e+01
5.024121093750000000e+01
4.499359374999994543e+01
5.089937500000000625e+01
4.459683593749998209e+01
4.286500000000005173e+01
4.518734375000003212e+01
4.576000000000001222e+01
4.557750000000002188e+01
4.754359374999999943e+01
4.613402343749999801e+01
4.373609374999998067e+01
4.374027343749995111e+01
4.590464843750003610e+01
4.401683593750003354e+01
4.368433593749997357e+01
4.424496093750003922e+01
5.195527343749999716e+01
4.687402343750000000e+01
4.993109375000003780e+01
4.739937500000001336e+01
4.615527343750000000e+01
4.423609375000001620e+01
4.289359375000004349e+01
4.401621093749999858e+01
4.674058593750003610e+01
3.857984374999997357e+01
4.266558593750004036e+01
4.501484374999999716e+01
4.364058593749999915e+01
4.405484374999999631e+01
4.696402343749996788e+01
5.040484375000003325e+01
4.471371093749998948e+01
4.555234374999999858e+01
4.378687499999998778e+01
4.469839843749996788e+01
4.305121093750000227e+01
4.696859374999996106e+01
4.665937499999999716e+01
4.513402343750004775e+01
4.752027343750000199e+01
4.627749999999998920e+01
4.678187500000004917e+01
4.589750000000001506e+01
4.347984374999997215e+01
4.437496093749999204e+01
4.183027343749999716e+01
4.371249999999999858e+01
4.352777343749995964e+01
4.466152343750000142e+01
4.469359375000002643e+01
4.509996093749996504e+01
4.307496093749998067e+01
4.481937499999997954e+01
4.448246093750005770e+01
4.018402343750003070e+01
4.328871093749999943e+01
4.430687499999994117e+01
4.806499999999998352e+01
4.488687500000001762e+01
4.122437500000001620e+01
4.319839843749998209e+01
4.112652343750000483e+01
4.060464843749996788e+01
4.178183593749999858e+01
4.292464843749998948e+01
4.263999999999993662e+01
4.233902343749998920e+01
4.142484374999997954e+01
4.462152343750003070e+01
4.515933593749996788e+01
4.227496093749997641e+01
4.524937499999998636e+01
4.380609374999995964e+01
4.352933593750001506e+01
4.177402343749999858e+01
4.189996093749999062e+01
4.438183593750000000e+01
4.243500000000000938e+01
4.240683593749999858e+01
4.014859374999998920e+01
4.074937499999997215e+01
4.216109374999997073e+01
3.627964843749994373e+01
3.927437499999997783e+01
4.489839843749999204e+01
4.335000000000000142e+01
4.831500000000001904e+01
4.514437500000001080e+01
4.737750000000001904e+01
4.614984374999998806e+01
4.533187500000001080e+01
4.552984375000000483e+01
4.789027343749992127e+01
4.545933593749997215e+01
4.080249999999996646e+01
4.501089843749999631e+01
4.412964843750000909e+01
4.443999999999995509e+01
4.608121093749999631e+01
4.140687500000001364e+01
4.367308593749995538e+01
4.373187499999998096e+01
4.879339843749998806e+01
4.795589843749998238e+01
4.298402343750002785e+01
4.507359374999996504e+01
4.350937499999999858e+01
4.849433593749999716e+01
4.192984375000001052e+01
4.605484375000004604e+01
4.737464843749996390e+01
4.480609374999998806e+01
4.514437500000001791e+01
4.184839843749999488e+01
4.041527343749997669e+01
4.508277343749999488e+01
4.361937499999994827e+01
4.214609374999999858e+01
4.910589843750003070e+01
4.257734374999999716e+01
4.244746093749999716e+01
4.295859374999999858e+01
3.926839843750002501e+01
4.026058593749996106e+01
4.454808593749994827e+01
4.034433593749999858e+01
3.967964843749997783e+01
4.300687500000007191e+01
4.200589843749999375e+01
4.057027343750003467e+01
4.175609374999998380e+01
4.264937499999996362e+01
4.029683593749997073e+01
4.041933593750000142e+01
4.092734374999999858e+01
4.102749999999997499e+01
3.835308593750003325e+01
3.733999999999999631e+01
4.427246093750000000e+01
4.138187499999999375e+01
4.037152343750005201e+01
4.094214843749996646e+01
4.146734374999999062e+01
4.412250000000001648e+01
4.498999999999997357e+01
4.292734374999999858e+01
4.642984375000001052e+01
4.542496093749996078e+01
4.655999999999998806e+01
4.199652343750000938e+01
4.211000000000002075e+01
4.519437499999998664e+01
4.664609374999999858e+01
4.398433593749996362e+01
4.363652343750000284e+01
4.961214843749995396e+01
4.143187500000001933e+01
4.517339843749997641e+01
4.987734375000000142e+01
4.571187499999999204e+01
4.173999999999998778e+01
4.148999999999999488e+01
4.493187500000003354e+01
4.170234374999999716e+01
4.113609375000002899e+01
4.056859374999997669e+01
3.899964843749997812e+01
4.287808593750001762e+01
4.272933593750005343e+01
4.240249999999997499e+01
4.060249999999997783e+01
4.150214843749999716e+01
4.178402343749999659e+01
4.416089843750000909e+01
4.448609374999997357e+01
4.412250000000003780e+01
4.196187499999997783e+01
4.257984375000000909e+01
4.293558593749998664e+01
4.634683593749996078e+01
4.484609375000000142e+01
4.699937500000000057e+01
4.167734374999999858e+01
4.232109375000000284e+01
4.089234375000002331e+01
4.435609374999997101e+01
4.616839843749999517e+01
4.642250000000005627e+01
4.876621093749999858e+01
4.468500000000003070e+01
4.547250000000001080e+01
4.631234375000002501e+01
4.563871093749996533e+01
4.484683593750001052e+01
4.300859375000000284e+01
4.078984375000000284e+01
4.157359375000000057e+01
4.654234375000002899e+01
4.607933593750001933e+01
4.283500000000000796e+01
4.123109375000000654e+01
4.528871093749999943e+01
4.101734374999999488e+01
3.847339843750000909e+01
3.845058593750000142e+01
3.889683593750000057e+01
4.016402343750000625e+01
3.976527343749997812e+01
4.023734375000000085e+01
3.941871093749996646e+01
4.090777343750001904e+01
4.039683593749999346e+01
4.166937499999993832e+01
4.169058593750001762e+01
4.348558593749996248e+01
4.051558593750001336e+01
4.210609375000003496e+01
4.034937499999999488e+01
4.194937499999998209e+01
3.938964843750000000e+01
4.199234374999999631e+01
4.023734375000002217e+01
4.134750000000005343e+01
4.162777343749993975e+01
4.324859375000001194e+01
4.155250000000000199e+01
4.194027343749995396e+01
3.946996093750004775e+01
3.933027343749999716e+01
3.994027343749996106e+01
4.232250000000004064e+01
4.103750000000000142e+01
4.346859374999999659e+01
3.952152343750000796e+01
4.234359375000002501e+01
4.061734374999997499e+01
4.124027343749996533e+01
4.158437500000000142e+01
4.149683593749996646e+01
4.250000000000000000e+01
4.148652343749999716e+01
4.185527343750000284e+01
4.467984374999998209e+01
4.332500000000000284e+01
4.463500000000003354e+01
4.574371093749997641e+01
4.209234374999999062e+01
4.347984374999998636e+01
4.301371093749999375e+01
4.275371093750000284e+01
4.089609374999999858e+01
3.990687499999999943e+01
3.993109375000000227e+01
3.989808593749997101e+01
4.115777343749999773e+01
4.215152343750001052e+01
4.169609375000000284e+01
4.269359374999994827e+01
4.110589843750002359e+01
3.814000000000000057e+01
4.488714843749995964e+01
4.203902343749997783e+01
4.060000000000000142e+01
4.092109374999999716e+01
4.285308593749999773e+01
4.321214843750000512e+01
4.394996093749999488e+01
4.134234374999998352e+01
4.058734374999994543e+01
3.971089843749997783e+01
5.027621093749998238e+01
4.816499999999997073e+01
4.677359374999996788e+01
4.714437500000001791e+01
4.790308593750000199e+01
5.117308593749995538e+01
5.117308593749995538e+01
3.428109374999996106e+01
3.789808593749997101e+01
5.859359374999996817e+01
6.994616653859608846e+01
9.449605914056300549e+01
8.860497521817683264e+01
4.114846512311697779e+02
2.575827800387739899e+03
6.393798593750003420e+03
1.173158749999999964e+04
1.418384984375000386e+04
1.217019808593749804e+04
5.807386523437499818e+03
4.733743750000006685e+02
1.349899999999999523e+02
1.264068750000000136e+02
1.229796484374999608e+02
1.210718750000000057e+02
1.233774999999999693e+02
1.325905859374999807e+02
1.288171484374999238e+02
1.284858984374999125e+02
1.116496484374999199e+02
1.186149999999998670e+02
1.222999999999999972e+02
1.232265234374999210e+02
1.216623437500000335e+02
1.360233984374998784e+02
1.170887109375000819e+02
1.219812109374999665e+02
1.157155859375000091e+02
1.051710937499999972e+02
1.046975000000000193e+02
1.116933984375000648e+02
1.092673437499999380e+02
1.050933984375000136e+02
9.386089843749996930e+01
8.723499999999998522e+01
8.319687500000000568e+01
8.504437500000003070e+01
7.466937499999997385e+01
7.475687499999996533e+01
7.197749999999999204e+01
6.917964843750003467e+01
7.003402343749998238e+01
6.963609375000001478e+01
7.207339843750001762e+01
6.854749999999997101e+01
6.513984374999999716e+01
6.656234374999996817e+01
6.528109374999998238e+01
6.024687500000000284e+01
6.307750000000002188e+01
5.882484374999994259e+01
5.695746093749996675e+01
6.700058593750000568e+01
5.919984374999999233e+01
5.316734375000002899e+01
5.506234374999998238e+01
5.534746093750000284e+01
5.533652343749999858e+01
5.340214843750000284e+01
5.686734374999998920e+01
5.946000000000000085e+01
5.887152343749998096e+01
5.862984375000000625e+01
5.839937499999999915e+01
5.727249999999999375e+01
5.470277343749999233e+01
6.407183593749999773e+01
6.354937500000001194e+01
6.523871093749998806e+01
6.001499999999997215e+01
6.514234375000003752e+01
5.354359374999999943e+01
5.612464843749997101e+01
5.342152343749999233e+01
5.876402343750000767e+01
5.387621093749996959e+01
5.807652343750000767e+01
5.907750000000000057e+01
6.078277343750004036e+01
5.692499999999999716e+01
5.231109375000004036e+01
5.291402343750003467e+01
4.862714843749999716e+01
4.696683593749997243e+01
4.950859375000000284e+01
4.739000000000002899e+01
4.939808593749995680e+01
5.596996093749996959e+01
5.156500000000001904e+01
5.110000000000000142e+01
5.254183593749994685e+01
4.945250000000002188e+01
5.157484374999995680e+01
5.377027343750000909e+01
4.906937499999996533e+01
4.873871093749995964e+01
5.034027343749998806e+01
5.263499999999997669e+01
5.292359375000004462e+01
4.839277343749999716e+01
4.939496093749995964e+01
4.633109374999997954e+01
5.044527343750002046e+01
4.886859374999998806e+01
5.276109375000002899e+01
5.532249999999994827e+01
5.014808593749998522e+01
5.201187500000001052e+01
4.926234374999997101e+01
4.951996093749995254e+01
4.654359374999997101e+01
5.962984375000003467e+01
5.207464843749996675e+01
5.050999999999999801e+01
5.875121093749995538e+01
4.933402343749996533e+01
4.635250000000004178e+01
4.816859374999999233e+01
5.062152343749997385e+01
4.783246093749996675e+01
4.831371093749998380e+01
5.410484375000000767e+01
4.908609375000001052e+01
5.325121093749999091e+01
5.175859375000000284e+01
5.196152343749999858e+01
4.873499999999997812e+01
4.776683593749997669e+01
4.933277343750000909e+01
5.275250000000001904e+01
4.766734375000002188e+01
5.154496093749999375e+01
5.127808593750000909e+01
5.354339843749996675e+01
4.975433593749998096e+01
5.265687499999997812e+01
5.165902343749996817e+01
5.184902343750000142e+01
5.211234374999996533e+01
4.980902343749994543e+01
5.045609374999999375e+01
4.968902343750001904e+01
4.951109375000002899e+01
5.012249999999998806e+01
4.832464843749995964e+01
4.610621093750000909e+01
4.324859375000000483e+01
4.608749999999999858e+01
4.970609374999996533e+01
4.756714843750002331e+01
4.875609374999996959e+01
4.511777343749999858e+01
4.518187499999995538e+01
4.814437499999998948e+01
4.916246093750001478e+01
4.771058593749997812e+01
4.891109375000003467e+01
4.979984374999996533e+01
5.007871093749999858e+01
4.902933593749996533e+01
5.243687500000004320e+01
4.663359375000000284e+01
4.856187500000000057e+01
4.709984374999999801e+01
4.879027343749997669e+01
4.063118750000004411e+02
4.080368750000006344e+02
4.034873437499994111e+02
4.734058593750005173e+01
4.087650000000005548e+02
4.983121093750001762e+01
4.772714843749999858e+01
4.986058593749997669e+01
4.600308593750001762e+01
4.961558593750002899e+01
5.665609374999998948e+01
5.673109374999992127e+01
6.141937499999995964e+01
5.079839843750001904e+01
5.093109374999996675e+01
5.326996093749996675e+01
5.030687499999994827e+01
4.994027343749996817e+01
4.950433593749997385e+01
5.619437499999996533e+01
5.341500000000002046e+01
5.143027343749999858e+01
4.961187500000006878e+01
5.309609375000000142e+01
5.075250000000001194e+01
5.434359374999998948e+01
5.316214843749996533e+01
4.762984375000002046e+01
5.110933593750004178e+01
5.254214843749999631e+01
4.745933593750002899e+01
5.036109375000000909e+01
5.489234374999999488e+01
4.848499999999994259e+01
5.088277343750002046e+01
4.731109374999999773e+01
4.505937500000000284e+01
4.851484374999999716e+01
4.817437500000004746e+01
4.608277343750000909e+01
4.858027343749999716e+01
4.808499999999997954e+01
4.747183593750002473e+01
4.463558593749998238e+01
4.286371093749996675e+01
4.631937499999997954e+01
4.808496093750000000e+01
3.991427734375000114e+02
3.999218359375006457e+02
3.938655859375003843e+02
4.624964843749995680e+01
4.677437500000004178e+01
4.043793359374993770e+02
4.492750000000002331e+01
4.040193749999995134e+02
4.057368750000005093e+02
5.108558593749999943e+01
4.023650000000005775e+02
4.816464843749999858e+01
4.740484375000004036e+01
4.468714843749997101e+01
5.425746093749995680e+01
4.035949609374994793e+02
4.059349999999995475e+02
5.438687500000004604e+01
5.123499999999997101e+01
5.121734375000004036e+01
5.306734375000002046e+01
4.044599999999994679e+02
5.349984374999998948e+01
6.046734375000001904e+01
7.513248437499989905e+02
5.164839843750000625e+01
5.254937500000003325e+01
4.072218359375009413e+02
4.075537109375000000e+02
4.038155859375004866e+02
4.035937109375007594e+02
4.040673437500005321e+02
4.900464843750005173e+01
5.193687500000004320e+01
4.731484375000000142e+01
4.016199609374995134e+02
4.050224999999996953e+02
5.006714843750002331e+01
4.074810937499992178e+02
4.748121093750003041e+01
7.562993750000003956e+02
1.096269375000002356e+03
4.045090234374994225e+02
4.024199609374990700e+02
1.102552499999997053e+03
7.579599999999993543e+02
4.783437500000000142e+01
7.583593359375006457e+02
5.102484374999995964e+01
4.118637109374992065e+02
1.112174374999997781e+03
4.081499609375005662e+02
1.112742343749998554e+03
1.792460898437497690e+03
1.453746835937498417e+03
4.141610937500005889e+02
1.789541835937501219e+03
1.444277343750000000e+03
1.091139023437497599e+03
4.004460937499999886e+02
5.525859375000000284e+01
4.049046484375003843e+02
4.503089843749998522e+01
5.211714843749999915e+01
5.257464843749998806e+01
4.949234375000001052e+01
4.049271484375000227e+02
4.009750000000000227e+02
4.017273437499999886e+02
7.459640234375009413e+02
4.017027734374995589e+02
4.041775000000006344e+02
5.080687499999996248e+01
5.305308593750000057e+01
4.047173437500003956e+02
5.242964843750000625e+01
4.017123437499993770e+02
4.045273437500000000e+02
3.983685937499995475e+02
5.449937500000002899e+01
5.381859374999996959e+01
5.369808593749998948e+01
4.032443749999994225e+02
4.014873437499993543e+02
5.016187500000000909e+01
6.185609374999997812e+01
4.057543359374995475e+02
6.116109375000002046e+01
5.622359375000002046e+01
4.013449609374997067e+02
4.053923437500004070e+02
5.292621093749998096e+01
5.572152343749998948e+01
5.504214843750001052e+01
4.953499999999998238e+01
5.570464843750001194e+01
4.000093359375007935e+02
3.996235937500008504e+02
5.016859374999996390e+01
6.063871093749996533e+01
5.634964843749997954e+01
5.018902343750002615e+01
3.991868750000004411e+02
4.782249999999996959e+01
5.181152343750000000e+01
5.031152343750000000e+01
4.843734374999996106e+01
4.592089843750000000e+01
4.898609375000002331e+01
5.085859374999999716e+01
5.156089843750000767e+01
5.372339843750002331e+01
5.519996093750000909e+01
4.890152343750001762e+01
5.526714843750004036e+01
7.457530859375003729e+02
5.220121093749997954e+01
5.001089843750004604e+01
5.240152343750001762e+01
4.956246093750002757e+01
5.362308593750000085e+01
6.026484374999999716e+01
5.716250000000000142e+01
5.387187500000000284e+01
5.369027343750001080e+01
5.336734375000001762e+01
5.011933593749999716e+01
5.186234374999997954e+01
5.204902343749999716e+01
5.423183593750000142e+01
5.540746093749995538e+01
5.257964843750001904e+01
5.426937499999998238e+01
5.515933593750004604e+01
5.199984374999998948e+01
5.371734375000001904e+01
4.753246093749997669e+01
4.763109375000000512e+01
4.621933593749999858e+01
4.881214843749994259e+01
4.995371093749999858e+01
5.423964843750000142e+01
5.464496093750000227e+01
5.657187499999999858e+01
5.376402343750005741e+01
5.109183593749996533e+01
4.688183593750000000e+01
5.026527343749996390e+01
4.761234374999998664e+01
4.792652343750001620e+01
4.778902343749999915e+01
4.684687499999999716e+01
5.278734375000000512e+01
5.285058593750000000e+01
5.058339843750000142e+01
5.199437499999996959e+01
5.170859374999999858e+01
4.894183593749998806e+01
5.157152343749997669e+01
5.022984375000001478e+01
4.856996093749997812e+01
4.938246093749997812e+01
4.791109375000002046e+01
4.878734374999999801e+01
5.616683593750000369e+01
6.753500000000001080e+01
6.358609375000001052e+01
6.205999999999998806e+01
6.060687499999996675e+01
5.569746093749999716e+01
5.545058593750000142e+01
5.580777343749999631e+01
5.651214843749998806e+01
5.959859374999997783e+01
6.325000000000000000e+01
6.646859375000001080e+01
6.932359375000002899e+01
1.915464843749997215e+01
3.338187500000002217e+01
3.767437500000000483e+01
4.719609375000000284e+01
6.253149408102035522e+01
5.190742950201038042e+01
5.725054575860501416e+01
5.629886658132075894e+01
6.260585302770137162e+01
6.509359375000005343e+01
1.075720273437500055e+03
3.914493710937502328e+03
6.008342148437501237e+03
6.881970273437497781e+03
9.695354335937499854e+03
1.254588734374999149e+04
1.322803609375000451e+04
1.296201371093749549e+04
1.415525484375000269e+04
1.441798746093750196e+04
1.414891371093748603e+04
1.441832734374999927e+04
1.448415121093749985e+04
1.378930121093750131e+04
1.356029984374999549e+04
1.359396214843749476e+04
1.191132808593749905e+04
1.149844984374999513e+04
1.083258984375000000e+04
1.083025152343750233e+04
1.115569609375000073e+04
1.039129839843750597e+04
9.128226210937495125e+03
9.865815273437499854e+03
8.020824843750000582e+03
7.961538710937502401e+03
6.660206874999998945e+03
4.377018593749999127e+03
4.956831093750000036e+03
5.557674648437501673e+03
3.100598398437500236e+03
2.449037148437499582e+03
1.095029843750000055e+03
7.517824609374999909e+02
7.436715234375000136e+02
7.464735937499998499e+02
3.990277734375000023e+02
4.308609375000000341e+01
4.501937499999998238e+01
4.225371093750000284e+01
4.534937499999998067e+01
4.742359374999999488e+01
4.378687499999998778e+01
4.302183593749997215e+01
4.444996093749995936e+01
4.373496093749999858e+01
4.605609375000005201e+01
4.859750000000003922e+01
4.756484375000000142e+01
4.656937500000001506e+01
4.670069894731043547e+01
4.752652343749997499e+01
4.204371093749997357e+01
4.451109374999998636e+01
4.738187499999993690e+01
4.320967404782767574e+01
4.175852395951747553e+01
4.313906888425349706e+01
4.437437500000001478e+01
4.461779172360895984e+01
4.349585712194441811e+01
4.066518634557723999e+01
4.451936227738853802e+01
4.412450302541255809e+01
3.850203571081159026e+01
4.497408075094222824e+01
4.265178295135500264e+01
4.499605820119381860e+01
4.274454080522063038e+01
4.629984375000000796e+01
4.281000000000004491e+01
4.933749999999999858e+01
5.167871093750000000e+01
4.696109374999999631e+01
4.567750000000001620e+01
4.906996093749999943e+01
4.626484374999999716e+01
4.415214843750000284e+01
4.862183593749998067e+01
4.500589843750003638e+01
4.418984375000000142e+01
4.569234374999999204e+01
4.558999999999998920e+01
4.481734375000002757e+01
4.566621093749999716e+01
4.464058593750002757e+01
3.913818359375000000e+02
4.586402343749998778e+01
7.478433984375000136e+02
3.975610937499999977e+02
1.114737343749999809e+03
4.694991835937498763e+03
8.034474648437501855e+03
1.075261402343750160e+04
1.446475687500000276e+04
1.366573499999999513e+04
7.002281874999987849e+03
4.670667343750012151e+03
1.112526523437497190e+03
6.715250000000004604e+01
6.050937499999999858e+01
7.318109375000000227e+01
6.975308593749996078e+01
6.995839843749999432e+01
7.303749999999999432e+01
7.279609374999999716e+01
8.476402343749997215e+01
7.348734375000000796e+01
7.488734374999998522e+01
8.563437500000000568e+01
7.517933593750001364e+01
7.625589843750000796e+01
7.979964843749993975e+01
8.034839843750005173e+01
7.614359374999997954e+01
7.969359374999997669e+01
7.688609375000000057e+01
7.677187499999999432e+01
8.194652343750001933e+01
7.321214843749999091e+01
7.702359375000000341e+01
7.776777343749999716e+01
7.413589843749997499e+01
7.434359374999998238e+01
7.779183593749999659e+01
8.013433593749999773e+01
7.924687500000000284e+01
8.084937499999999488e+01
7.579749999999997101e+01
7.850687499999996533e+01
8.004937499999996930e+01
7.964371093749998920e+01
7.627437500000002046e+01
6.925484374999999204e+01
7.675777343749996362e+01
7.204937499999999773e+01
7.386234374999996533e+01
7.699437500000000512e+01
8.023652343749999716e+01
7.656527343749996817e+01
7.484371093750002046e+01
7.272984375000001478e+01
7.603109374999999659e+01
6.697734375000000284e+01
7.281996093749998522e+01
7.839339843749993975e+01
7.366152343749999432e+01
7.369687500000000568e+01
7.129984374999999375e+01
7.254339843749998806e+01
6.660058593750000000e+01
6.563808593749999432e+01
7.190121093749998238e+01
7.422308593750001648e+01
7.074859374999998352e+01
7.211234374999997954e+01
7.083871093749996817e+01
7.478499999999999659e+01
7.317246093750000568e+01
7.746871093750000625e+01
8.114996093750004036e+01
7.313402343750000512e+01
7.121109375000000341e+01
7.746250000000000568e+01
6.905058593750000284e+01
7.502249999999997954e+01
7.383984375000000000e+01
7.738089843749997954e+01
7.040464843749998636e+01
6.863609375000002899e+01
6.863609374999998636e+01
6.906527343749996817e+01
7.823499999999998522e+01
7.704609374999999716e+01
8.347499999999999432e+01
7.552464843749993406e+01
7.385687499999997385e+01
7.687027343750003183e+01
7.279996093749996078e+01
7.295527343749999716e+01
7.609339843749998522e+01
7.460609374999998522e+01
8.095234374999999716e+01
7.318589843749998636e+01
7.703187499999998522e+01
7.307558593749999432e+01
7.384214843750000057e+01
7.386734374999997499e+01
7.437734374999999432e+01
7.214984374999998806e+01
7.133734374999997385e+01
7.363746093749999488e+01
7.210464843750000341e+01
7.481152343750000000e+01
7.546234374999997385e+01
6.672359374999997783e+01
7.144214843750003752e+01
7.093433593749998067e+01
7.276871093749998920e+01
7.334371093749999204e+01
7.013027343749999432e+01
7.155687499999994827e+01
6.843109375000000227e+01
7.601187500000001762e+01
7.515683593750000568e+01
7.208999999999994657e+01
7.705433593749998522e+01
7.284652343749996817e+01
7.611234374999997954e+01
8.115234375000000000e+01
8.024749999999997385e+01
7.632249999999993406e+01
7.310621093750002331e+01
7.655589843749997669e+01
7.506859374999997669e+01
8.345859375000000568e+01
7.921937499999995680e+01
8.065609375000003922e+01
7.911683593749995680e+01
7.915234375000000000e+01
7.380234375000000568e+01
7.714687499999999432e+01
7.671402343750000341e+01
8.288027343749999432e+01
8.336683593749999943e+01
7.811871093749996930e+01
8.022984375000004320e+01
8.051109375000001478e+01
8.146089843750004889e+01
7.692484374999997954e+01
7.765589843749994259e+01
7.817109374999999716e+01
7.169609375000000284e+01
7.904996093749994657e+01
7.535937500000000000e+01
7.656187500000001478e+01
7.554058593750002615e+01
7.069749999999993406e+01
7.929964843749998238e+01
7.699214843750000625e+01
7.685234375000000284e+01
7.215996093750000284e+01
7.338187499999997954e+01
7.598109374999994259e+01
7.290249999999997499e+01
7.694121093750000284e+01
7.399687500000000284e+01
7.480687499999994827e+01
7.634359374999999659e+01
7.782402343750000284e+01
7.039437499999998238e+01
7.294749999999999091e+01
7.031152343750000000e+01
7.152496093749996930e+01
7.397652343749996362e+01
7.382308593750001080e+01
7.544496093749999943e+01
8.130464843749999204e+01
7.549214843750003467e+01
7.525371093750000284e+01
8.188437500000000568e+01
7.417246093750000568e+01
7.477652343749997499e+01
7.063746093749999488e+01
7.295000000000000284e+01
7.326187499999997499e+01
7.233714843749999091e+01
7.585999999999999943e+01
7.855933593749993804e+01
7.451527343749999943e+01
7.692558593750000284e+01
7.676777343749999716e+01
7.491402343749999204e+01
6.960609374999999943e+01
7.334234374999999773e+01
7.118871093750000512e+01
7.069808593749995396e+01
8.038734374999994259e+01
7.367183593749997783e+01
7.584984374999996248e+01
6.648027343750000284e+01
8.004746093750000568e+01
7.513734375000001364e+01
7.358433593749997215e+01
7.676683593750001933e+01
7.601499999999998636e+01
7.472437500000000909e+01
7.557750000000000057e+01
7.091871093749999488e+01
7.492027343749998636e+01
7.432621093749997954e+01
7.721058593749997101e+01
7.214027343749998522e+01
7.529839843750001194e+01
6.980433593750001364e+01
7.421558593750003752e+01
7.046234374999997385e+01
7.427621093749993975e+01
7.424750000000000227e+01
8.021187500000003467e+01
7.253183593750000568e+01
7.366734375000000057e+01
7.890152343750000341e+01
7.738109374999997669e+01
7.622621093749997101e+01
7.754027343750000512e+01
7.179277343750000284e+01
7.458109374999999375e+01
7.409746093750000284e+01
7.699749999999995964e+01
8.138339843750000568e+01
7.971371093749999659e+01
8.128749999999999432e+01
7.127777343749998806e+01
8.265152343749997499e+01
7.521933593750000568e+01
7.399687500000000284e+01
7.472484374999997669e+01
7.820250000000001478e+01
7.711187499999998352e+01
7.862359374999999773e+01
7.850249999999999773e+01
8.124652343749997385e+01
8.368187500000001933e+01
7.377750000000000341e+01
8.001109375000000057e+01
8.060609374999998522e+01
8.257246093749999716e+01
7.947714843750000568e+01
7.586234374999996533e+01
8.622308593749998806e+01
8.154027343749996248e+01
7.987027343750003183e+01
7.922359375000000625e+01
7.418984374999999432e+01
8.028359374999999432e+01
7.828609374999999204e+01
9.026714843749999773e+01
8.632964843749999773e+01
8.559496093749997669e+01
8.874859374999996930e+01
8.694058593750000341e+01
9.156484374999999432e+01
8.137749999999996930e+01
8.195433593749997669e+01
7.644214843749998067e+01
8.306996093749999943e+01
8.334683593750000341e+01
8.998609374999998067e+01
8.633984375000000000e+01
8.773558593749991985e+01
8.633496093750000000e+01
8.384000000000000341e+01
7.931937500000000796e+01
8.464859374999997499e+01
8.518984374999999432e+01
8.238609374999998636e+01
8.240121093749998238e+01
8.639027343749999943e+01
8.472249999999999659e+01
7.841937499999997385e+01
7.948652343749999716e+01
7.989937499999999204e+01
8.492621093749997385e+01
8.352027343749998067e+01
7.748027343750000284e+01
8.328714843750000796e+01
8.573734374999996533e+01
8.827558593749999716e+01
8.832359374999997215e+01
9.185152343750000625e+01
8.352964843750001478e+01
8.322308593749997385e+01
9.305249999999999488e+01
8.376527343749998522e+01
9.182496093750006594e+01
8.552500000000000568e+01
8.671683593750000796e+01
9.270277343749998522e+01
9.634984375000001933e+01
8.307152343750001933e+01
8.292183593750000625e+01
8.292183593750000625e+01
2.675519521474839735e+01
2.986241182088851787e+01
3.798196144044402445e+01
4.409328877389430801e+01
3.972762109374999682e+02
4.303190000000000509e+03
1.240834839843750524e+04
1.482504984375001186e+04
1.110490152343750378e+04
4.637029843750012333e+03
2.738774023437500091e+03
1.101724843750002719e+03
8.602109375000000568e+01
8.582750000000001478e+01
7.806234375000002501e+01
7.478339843749999716e+01
8.169277343749999432e+01
7.294839843750000341e+01
6.796371093750001080e+01
7.134000000000003183e+01
5.928109375000000369e+01
5.969808593750000369e+01
6.019371093750000767e+01
6.194996093750004462e+01
5.743499999999995964e+01
5.528187499999999233e+01
6.890859374999999432e+01
6.037496093750003467e+01
5.720464843750003325e+01
5.896089843750000625e+01
6.345589843749998238e+01
6.038277343750002046e+01
6.144000000000004036e+01
1.768773593749996962e+03
1.444806093750002219e+03
1.447198398437497872e+03
7.623123437499997408e+02
1.433602343750000045e+03
2.426211093749998781e+03
3.102262343750000582e+03
3.743652500000001510e+03
3.726621523437493124e+03
4.703670273437508513e+03
4.682764843750000182e+03
4.366238710937493124e+03
4.972318398437490032e+03
5.319103085937507785e+03
5.558218593749989850e+03
6.431610898437507785e+03
5.602297499999994216e+03
6.966927773437489122e+03
7.744709023437494579e+03
1.224678902343751179e+04
1.097157871093749964e+04
1.135271996093749112e+04
1.035184234374999869e+04
1.173990152343750015e+04
1.174670609374999549e+04
1.295897183593750742e+04
1.189134964843750276e+04
1.328415902343749804e+04
1.412893277343749287e+04
1.479525999999999476e+04
1.434855609375000131e+04
1.438391109374999724e+04
1.462494996093750524e+04
1.458873277343750306e+04
1.441074859375000779e+04
1.460382750000000487e+04
1.438108746093749687e+04
1.441149964843750058e+04
1.467170933593749396e+04
1.472697250000000895e+04
1.480835996093749964e+04
1.465474234374999287e+04
1.499399859375000597e+04
1.469951859374999549e+04
1.453303277343749869e+04
1.282598359374999927e+04
1.348882484375000058e+04
1.076618734374999258e+04
9.543095273437516880e+03
1.079281371093747657e+04
1.034501109375001579e+04
9.943461093750001965e+03
8.783144335937500728e+03
9.474037343749989304e+03
8.783073593750010332e+03
9.471146875000000364e+03
9.060831874999990760e+03
7.274859999999988759e+03
8.757884374999999636e+03
1.102044609375000073e+04
9.054057773437500146e+03
9.507420273437512151e+03
8.302387343749991487e+03
7.730484999999991487e+03
8.210098398437512515e+03
9.666604335937496217e+03
9.703467148437503056e+03
8.274436875000012151e+03
8.274655273437500000e+03
9.235644960937499491e+03
7.783557773437505602e+03
7.504356835937500364e+03
7.731218398437498763e+03
7.014644960937484939e+03
6.437784023437494398e+03
6.429843593749995307e+03
6.708052500000009786e+03
7.498800585937499818e+03
7.474798593750003420e+03
7.533061093750006876e+03
6.153801523437503420e+03
7.758132460937490578e+03
5.582122499999992215e+03
6.477499960937506330e+03
3.779184999999987667e+03
6.126974648437497308e+03
5.557799843749992760e+03
4.700236093750010696e+03
5.559425000000000182e+03
4.410053085937509422e+03
5.274480898437490396e+03
5.274486875000004147e+03
4.680186093750010514e+03
5.011810898437507603e+03
4.056489648437499909e+03
4.096570273437509968e+03
2.455448398437498327e+03
4.069449960937509786e+03
1.777715273437503583e+03
3.105060000000000855e+03
4.028071835937508240e+03
2.779535585937500400e+03
3.121861093749998417e+03
2.079509335937499600e+03
1.766127499999997553e+03
3.100446875000000091e+03
2.451185898437496689e+03
2.750174374999997781e+03
2.106854843749996689e+03
2.439746835937498417e+03
2.097458593750000091e+03
1.762721835937497190e+03
1.769191835937499945e+03
1.435779843749997326e+03
4.044943749999995930e+02
2.091379648437499327e+03
1.419032773437498236e+03
1.439606093750003083e+03
1.748106874999999945e+03
1.416498398437498281e+03
1.433687500000000000e+03
1.099767343749997281e+03
7.477835937500000227e+02
7.501543359374998090e+02
5.166714843750004604e+01
5.468687500000000767e+01
1.088561874999998508e+03
4.025493750000003956e+02
7.561599999999992860e+02
7.532515234375011914e+02
1.434304335937500809e+03
7.524777734374989677e+02
3.997437109375003956e+02
1.097842343749997326e+03
3.990402734374994225e+02
5.274808593749996533e+01
4.998183593750000142e+01
1.082040585937498463e+03
1.076411093749997917e+03
1.063084374999999909e+03
3.926746484374994566e+02
7.360480859375001046e+02
4.003108984375006685e+02
4.811234374999995822e+01
5.256234375000000369e+01
5.069984374999994259e+01
4.636371093749998806e+01
5.333499999999997954e+01
5.157558593750000142e+01
5.162437500000002188e+01
5.627339843750003467e+01
5.256937499999997954e+01
5.112777343749999659e+01
5.038109374999996959e+01
5.007750000000002188e+01
5.277621093750000369e+01
4.994234375000002757e+01
5.163499999999999091e+01
5.521734375000001194e+01
5.210859374999999716e+01
5.335277343749996959e+01
5.289683593750002899e+01
5.189687500000000142e+01
5.168714843749995680e+01
5.020687499999998238e+01
5.175000000000000000e+01
4.838339843749999858e+01
5.086187500000004746e+01
5.397152343749998238e+01
5.746308593749999716e+01
6.132249999999999091e+01
5.448499999999997812e+01
5.693589843750000767e+01
5.718589843750002188e+01
6.395609375000000085e+01
6.912437500000001478e+01
6.528714843750000796e+01
7.823749999999999716e+01
8.186214843749993975e+01
8.970777343749998067e+01
8.240250000000000341e+01
8.668687499999998636e+01
8.539589843749999432e+01
8.292246093750000568e+01
9.315121093749989711e+01
9.576402343750001478e+01
9.598687500000002615e+01
9.812871093750000284e+01
9.026500000000005741e+01
8.911089843750002615e+01
9.497464843750006480e+01
9.768437500000000284e+01
9.824839843750002899e+01
9.579214843750001762e+01
9.972249999999998238e+01
9.719437500000002217e+01
1.010400000000000489e+02
1.108168359375000165e+02
1.023280859374999778e+02
1.075340234375000108e+02
1.004155859374999693e+02
1.068427734375000000e+02
9.504749999999999943e+01
1.065108984374999608e+02
1.077490234375000000e+02
9.685687500000003070e+01
9.829859375000000909e+01
1.043360937499999608e+02
8.921109375000000341e+01
9.227249999999996533e+01
8.985371093749999716e+01
9.740371093749999432e+01
9.886558593750002899e+01
9.460687499999998806e+01
9.203187500000001364e+01
9.322359374999997783e+01
8.744359375000000512e+01
8.897749999999994941e+01
8.689000000000000057e+01
9.505621093749998352e+01
8.924808593749999375e+01
9.391937499999997385e+01
9.867808593750001478e+01
8.885058593750000000e+01
9.316187500000002331e+01
9.486683593749998522e+01
9.482308593749996817e+01
1.019249609374999750e+02
9.815902343749999659e+01
9.260121093749998522e+01
9.166859375000002785e+01
8.906402343749999773e+01
8.727027343750003752e+01
8.780999999999998806e+01
8.835277343750000512e+01
9.039183593750003354e+01
8.964964843749999091e+01
8.864937500000004889e+01
8.703187499999997101e+01
9.833734375000003070e+01
9.144984374999995680e+01
8.194683593750001194e+01
8.316109374999993520e+01
9.054683593750002046e+01
8.900777343750003467e+01
8.732437500000004604e+01
9.370859375000000568e+01
9.097750000000004889e+01
9.558246093749997385e+01
9.158109375000000796e+01
9.464984375000001648e+01
9.537187500000000284e+01
9.835484374999997215e+01
9.615058593749999716e+01
8.885687499999995964e+01
9.106109374999998352e+01
9.317933593750004206e+01
8.777250000000000796e+01
9.234183593750002217e+01
8.940464843749997215e+01
9.356214843749995680e+01
8.967464843749998238e+01
9.202339843749999204e+01
8.664859375000000341e+01
9.595621093750001762e+01
8.206558593750006025e+01
8.413437500000000568e+01
9.001371093750000796e+01
8.588246093749998522e+01
9.112621093749996248e+01
9.104687500000000000e+01
8.514609375000000568e+01
9.271089843749999204e+01
9.453109375000002501e+01
9.413734374999999943e+01
8.810250000000006310e+01
8.588714843749995964e+01
9.303984375000000284e+01
8.824027343749999375e+01
8.670777343750003752e+01
8.550746093749999943e+01
8.823433593750000625e+01
7.669964843749998806e+01
7.532339843749998920e+01
8.458589843749999204e+01
8.540433593749995111e+01
8.657249999999996248e+01
9.008402343749997954e+01
9.316214843749999375e+01
9.105839843750000284e+01
8.727496093749996930e+01
8.267621093749998806e+01
9.039937500000003467e+01
8.370777343749998067e+01
8.902484374999994543e+01
7.913187500000000796e+01
8.263187500000000796e+01
7.578359374999999432e+01
8.405433593749997101e+01
8.986234374999997954e+01
8.603609375000002046e+01
8.836714843750000625e+01
8.253558593750001648e+01
8.748687500000001194e+01
8.635058593750000000e+01
7.957027343749999204e+01
7.943902343749998352e+01
8.467027343750001478e+01
8.625000000000000000e+01
8.595999999999992269e+01
8.074746093749999432e+01
8.211500000000003752e+01
8.133746093749996930e+01
8.701937499999998238e+01
7.675687500000000796e+01
8.618433593750000909e+01
9.188027343749999432e+01
9.071058593749992838e+01
8.102808593750002331e+01
8.426250000000000284e+01
9.157464843749994543e+01
9.024996093750000625e+01
8.915121093749999659e+01
8.543609375000001194e+01
8.478109374999999659e+01
8.015433593749996533e+01
8.598746093749998920e+01
8.397484375000001933e+01
9.266937499999991701e+01
8.831734375000000625e+01
8.411996093749998238e+01
8.962749999999996930e+01
8.798902343750003752e+01
8.872964843749994657e+01
8.236683593749998522e+01
8.815249999999998920e+01
8.395609374999995111e+01
8.368402343749995964e+01
8.229277343750000284e+01
9.031871093750001478e+01
9.815687500000001364e+01
9.269984374999994259e+01
8.895609375000000796e+01
8.709749999999996817e+01
8.431937499999997954e+01
1.007708984374999943e+02
9.255214843749999432e+01
9.039859375000001762e+01
1.042574609375000421e+02
9.921109375000000341e+01
9.524496093749999659e+01
1.018865234375000028e+02
1.002993749999999693e+02
8.972359375000003467e+01
9.105859375000000000e+01
9.496234375000001648e+01
9.103687499999999488e+01
9.213999999999995794e+01
8.601937499999999659e+01
8.601937499999999659e+01
3.205121093749998806e+01
5.157866835937498763e+03
1.513934058593749978e+04
1.012370484375000160e+04
3.341943593749996126e+03
2.071723593749996326e+03
5.839234375000004462e+01
7.701683593750004775e+01
7.468902343750002615e+01
7.013246093749999943e+01
6.697484374999996248e+01
7.742027343750002899e+01
7.778734374999991985e+01
7.784496093749997669e+01
7.985609374999998522e+01
7.439496093749997385e+01
7.029984374999995111e+01
6.035121093749999233e+01
6.807183593750002615e+01
6.671187500000002046e+01
5.711371093749996675e+01
6.354999999999999716e+01
6.151187499999999631e+01
6.171859374999996817e+01
5.850999999999995538e+01
5.368746093750002046e+01
5.910250000000002046e+01
6.238109374999995538e+01
5.421621093750000142e+01
5.319437500000001506e+01
5.111089843750001194e+01
5.367339843750001904e+01
5.152437500000005599e+01
5.031089843750000767e+01
5.310902343750002785e+01
5.068121093749998352e+01
5.195308593750002046e+01
5.652089843750000142e+01
5.583089843749998948e+01
5.348496093749999858e+01
4.958109374999996533e+01
4.298089843749998096e+01
4.456109375000002615e+01
4.699234375000001052e+01
4.661187500000004036e+01
5.186937499999995538e+01
4.662500000000000000e+01
4.699859374999999773e+01
4.634214843750004320e+01
4.566734375000004320e+01
4.557089843749999858e+01
4.653499999999996106e+01
4.922964843750001762e+01
4.398902343750004462e+01
4.403750000000000142e+01
4.493871093749999091e+01
4.071249999999999858e+01
4.450902343749997669e+01
4.885484375000000057e+01
4.705996093750000142e+01
4.557871093749999858e+01
4.342250000000001364e+01
4.483121093749998209e+01
4.558902343750004604e+01
4.668433593750002331e+01
4.604000000000006310e+01
4.480609374999998096e+01
4.796249999999999858e+01
4.460433593749996106e+01
4.252984375000000483e+01
4.503902343750001336e+01
4.302089843750000142e+01
4.211187500000001194e+01
4.430484375000003183e+01
4.229437499999996675e+01
7.353996484374998772e+02
4.277750000000000341e+01
1.073666835937502356e+03
7.408523437500000455e+02
4.446187500000003467e+01
4.651234375000000654e+01
4.970746093749997385e+01
4.639214843749999773e+01
4.947359375000003467e+01
4.814964843749992696e+01
4.252464843749998380e+01
4.226250000000000284e+01
4.301246093750003041e+01
4.170152343750003610e+01
4.213687500000003183e+01
3.947933593749996817e+01
4.338750000000000284e+01
4.132808593750002046e+01
4.239937500000002046e+01
4.404589843750000000e+01
4.256558593750001762e+01
4.535484375000001478e+01
4.268609375000001904e+01
4.428609375000000625e+01
4.491996093749997954e+01
4.591246093750005031e+01
4.573437500000000000e+01
4.547984375000000767e+01
4.197750000000006310e+01
4.484859374999996362e+01
4.852871093750000142e+01
4.567499999999999716e+01
4.365902343749995396e+01
4.612464843749997101e+01
4.868499999999994543e+01
4.731871093749999346e+01
4.231234374999998238e+01
4.250152343750004746e+01
4.497984375000001478e+01
4.496484375000000000e+01
4.128089843749996390e+01
4.127749999999998920e+01
4.504339843749995254e+01
4.554996093750001762e+01
4.581250000000000000e+01
3.918339843750000284e+01
4.631859374999999801e+01
4.501058593749994685e+01
4.102484374999995964e+01
4.325777343750000625e+01
4.134859375000000625e+01
4.364964843749996959e+01
4.259058593750002331e+01
4.383749999999999858e+01
4.280999999999998806e+01
4.334371093750001336e+01
4.620277343749994259e+01
4.334437499999995680e+01
4.145999999999994401e+01
4.774527343750001762e+01
4.356839843749997243e+01
4.193558593749996533e+01
3.867652343750001620e+01
3.975996093749999716e+01
3.772464843749997243e+01
4.284859375000002757e+01
3.920999999999997954e+01
3.893589843750002899e+01
4.329964843749997527e+01
3.980687499999994827e+01
4.434234375000001904e+01
4.079000000000003467e+01
4.324683593750003041e+01
4.078609375000000625e+01
4.043746093750000625e+01
3.770777343749999488e+01
4.018734374999997527e+01
4.426234375000001364e+01
3.881933593750000000e+01
3.824234374999998920e+01
4.171859374999998948e+01
3.954027343749997669e+01
4.314437500000000369e+01
4.337246093750000142e+01
4.261859374999999517e+01
4.420464843750001194e+01
4.415589843750002075e+01
4.267359374999999488e+01
4.490777343750000483e+01
4.307777343749997812e+01
4.159371093750001336e+01
4.043187499999999801e+01
4.234687499999999716e+01
4.178652343750000142e+01
4.249359374999999517e+01
4.559371093750004889e+01
4.387984375000002757e+01
4.491839843750000227e+01
4.341187500000000909e+01
4.137652343750003325e+01
4.549496093749997527e+01
4.338277343750002046e+01
4.727308593749998522e+01
4.719359374999997669e+01
4.738402343749998380e+01
4.300277343750001080e+01
4.433500000000000796e+01
4.291109375000002757e+01
4.361187500000004036e+01
4.656402343750001904e+01
4.773187499999998806e+01
4.533109374999998664e+01
4.330371093750000000e+01
4.390859375000000142e+01
4.544234375000002757e+01
4.360999999999997101e+01
4.473609375000001620e+01
4.558402343749999375e+01
4.643714843749997101e+01
4.532027343750002757e+01
4.223437500000000000e+01
4.284859375000004889e+01
4.311933593749999716e+01
4.430609375000000938e+01
4.325000000000000000e+01
4.222402343750000142e+01
4.172027343750000483e+01
4.395777343750002331e+01
4.298183593750000142e+01
4.273734375000000085e+01
4.576734375000002331e+01
4.212187500000000284e+01
4.375277343750001080e+01
4.264964843749997669e+01
4.671058593750000654e+01
4.285484375000005031e+01
4.649749999999998096e+01
4.589121093749999858e+01
4.385999999999999233e+01
4.654437500000001648e+01
4.741734375000001478e+01
5.002808593750002331e+01
4.687984375000005599e+01
4.654859375000000909e+01
5.028359375000000142e+01
4.468589843750002899e+01
4.461234374999999375e+01
4.471500000000003183e+01
4.766500000000001336e+01
4.774121093750000000e+01
4.350234375000000142e+01
4.339984375000000938e+01
4.307187499999999858e+01
4.341859374999997812e+01
4.373609375000000909e+01
4.725234375000000142e+01
4.757652343750000057e+01
4.802027343750002331e+01
4.386109375000000909e+01
4.696058593749997812e+01
4.721058593749997812e+01
4.578687500000000909e+01
4.561234375000001506e+01
4.659437499999999943e+01
4.532750000000000057e+01
4.592621093750003070e+01
4.674687500000000284e+01
4.861500000000005173e+01
4.354859375000002331e+01
4.561996093749997527e+01
4.955152343750000909e+01
5.114746093750000000e+01
4.741734375000003610e+01
5.111308593750000284e+01
4.720249999999999346e+01
7.621839843749999943e+01
6.062777343750000369e+01
5.449183593749995680e+01
5.489527343750003041e+01
4.669359375000000512e+01
4.623589843750001194e+01
5.128499999999996817e+01
5.569058593750001052e+01
8.199085937500000227e+02
9.142597786307335355e+02
7.232821657156944184e+02
9.127133503144980295e+02
1.036032835668921507e+03
1.206225000000000307e+02
1.069118750000000091e+02
1.423235937500000148e+02
1.299648437500000000e+02
1.316649999999999068e+02
1.329708984375000114e+02
1.016724999999999852e+02
7.341871093749996646e+01
5.766234374999995538e+01
7.072109374999999432e+01
4.739964843749999801e+01
3.821871093750000625e+01
3.646621093750000142e+01
4.629859375000005883e+01
4.075999999999998380e+01
4.721308593749999716e+01
4.860250000000002046e+01
4.979859375000003041e+01
4.476187500000002473e+01
4.636246093750004604e+01
4.615902343749998238e+01
4.669359375000000512e+01
4.382249999999999091e+01
4.546484375000000000e+01
4.292246093749999858e+01
4.319808593750001080e+01
4.499996093750002046e+01
4.531558593749998920e+01
4.246500000000004604e+01
4.714750000000001506e+01
4.468402343749998806e+01
4.376937500000000369e+01
4.364746093750000000e+01
4.823246093749997954e+01
4.849984374999996106e+01
4.424984374999998238e+01
4.766871093750005173e+01
4.656683593749995964e+01
4.634527343750001904e+01
4.704937500000001194e+01
4.267808593750002899e+01
4.570250000000002188e+01
5.000933593750001194e+01
4.349984374999998238e+01
4.475000000000000000e+01
4.571109375000004604e+01
4.835777343750004320e+01
4.833109375000000085e+01
4.649359374999997385e+01
4.637652343750004036e+01
4.871937499999996390e+01
4.700214843749999716e+01
4.791500000000004178e+01
5.208749999999999858e+01
4.871558593750002331e+01
5.141402343750003467e+01
4.898964843750000142e+01
5.535609374999999233e+01
5.745250000000002899e+01
5.690777343749999773e+01
6.049437499999997669e+01
6.682734374999999716e+01
5.867437500000001194e+01
5.298687500000001194e+01
5.519750000000001222e+01
5.880234374999999858e+01
5.864609374999999858e+01
6.174937500000002899e+01
5.759902343750000142e+01
6.842187500000000000e+01
5.410464843749998920e+01
6.238687500000001052e+01
5.422984375000000767e+01
5.859749999999996817e+01
6.535933593750003467e+01
6.009937500000000909e+01
5.897652343750002046e+01
6.150484375000003467e+01
6.011371093749998806e+01
6.127621093749998948e+01
6.523749999999999716e+01
6.422652343750000625e+01
6.362109375000000000e+01
5.741058593749994543e+01
6.888402343749999091e+01
6.895609375000003638e+01
5.722484374999999091e+01
5.764027343749999233e+01
5.980839843750000284e+01
5.701558593749999915e+01
6.047246093750000284e+01
6.029214843750001052e+01
6.684808593750000227e+01
5.631250000000000000e+01
6.157652343750002188e+01
5.939000000000000057e+01
5.006214843749999943e+01
5.787984375000002046e+01
5.431234375000002501e+01
5.276777343749999716e+01
5.673589843750001904e+01
5.569609375000000284e+01
5.294749999999997669e+01
6.678109374999993975e+01
5.912750000000001194e+01
5.823339843750000000e+01
5.197558593750000000e+01
9.709277343750000000e+01
4.909984375000000512e+01
5.491246093749998636e+01
4.912558593749999858e+01
2.495806235578059386e+03
1.168285084914565232e+03
7.992777343749997954e+01
7.342777343749995111e+01
7.262308593749999375e+01
7.559937500000003752e+01
7.423714843750002501e+01
7.091187499999998067e+01
6.819902343750000284e+01
6.605433593749998522e+01
6.951734375000002331e+01
6.040308593750000909e+01
5.729121093749999716e+01
6.222749999999999915e+01
7.206621093750000284e+01
6.599859374999999773e+01
6.026933593750000284e+01
5.751871093749999631e+01
1.269595433593749294e+04
6.847769960937499491e+03
5.684896093749999636e+03
1.332920273437499645e+03
1.028178085937499645e+03
3.898498437499999341e+02
3.906277734374996840e+02
9.460687499999997385e+01
9.343089843749999091e+01
1.060515234374999238e+02
1.006358984375000460e+02
1.138485937499999352e+02
1.149243749999999835e+02
1.070685937499999625e+02
1.106037109374999972e+02
1.011024999999999920e+02
1.088798437500000347e+02
9.112089843750000284e+01
8.488496093749999716e+01
8.790152343750000341e+01
8.372437500000003752e+01
8.372187499999999716e+01
8.814234374999998067e+01
8.589371093750000341e+01
7.107437499999996078e+01
8.976246093750003752e+01
7.573359374999999716e+01
7.510308593749999773e+01
8.480999999999997385e+01
8.403749999999999432e+01
6.942484375000000796e+01
6.418687500000001478e+01
6.114433593750000284e+01
7.290250000000000341e+01
6.031734375000002046e+01
6.064339843750001080e+01
6.381250000000000000e+01
6.456933593750000000e+01
6.725937500000000568e+01
6.652621093750001080e+01
6.836187499999999773e+01
6.251484374999999716e+01
5.900464843750003041e+01
5.598187499999998096e+01
6.049749999999998806e+01
5.972964843750001762e+01
5.762484375000000369e+01
6.726859375000000796e+01
6.236734375000001052e+01
6.459437500000001364e+01
6.516249999999999432e+01
6.661464843749999432e+01
6.173746093749998920e+01
5.969652343749999091e+01
6.070000000000000284e+01
6.082339843749999631e+01
5.512621093749996959e+01
5.516089843750002331e+01
6.215937499999999716e+01
3.722423437500000887e+02
5.463359375000000284e+01
3.759650000000000887e+02
5.476234374999997101e+01
5.177187500000000142e+01
3.764710937500000227e+02
5.435687499999996675e+01
5.223609374999998778e+01
6.912374609375000318e+02
3.748765234374999409e+02
3.743173437500000205e+02
6.995583984375000455e+02
3.791298437500000205e+02
6.994148437500000455e+02
3.676243750000000432e+02
5.561937499999996959e+01
6.994171484375001455e+02
7.048287109374999773e+02
3.756943749999998658e+02
3.782898437499999886e+02
7.096265234375002819e+02
6.907802734375000000e+02
6.833030859375001000e+02
6.851625000000000227e+02
6.921210937500000000e+02
6.852335937499999545e+02
6.926443749999998545e+02
6.964743750000000091e+02
5.593499999999996675e+01
3.704855859374999341e+02
5.769687499999999858e+01
3.655810937499999227e+02
6.029359374999999943e+01
6.447496093750000057e+01
5.985308593750001904e+01
5.768687500000000057e+01
5.783609375000001052e+01
5.692187500000000000e+01
5.850121093749999091e+01
3.632025000000000432e+02
3.676905859375000318e+02
5.892183593750000625e+01
3.682277734374999341e+02
3.721449609374999454e+02
5.806937499999997954e+01
3.692687109375000318e+02
3.680235937500000318e+02
3.751100000000000136e+02
5.728339843749999716e+01
3.790310937499999682e+02
3.746777734374999795e+02
3.713400000000000318e+02
3.741685937499999568e+02
3.683810937499999909e+02
3.654310937500000023e+02
3.640693750000000364e+02
3.677900000000000773e+02
3.700505859374999886e+02
3.707224999999999682e+02
3.605390234375000773e+02
3.661718750000000000e+02
3.640755859375000227e+02
3.570860937500000318e+02
6.675933984374999000e+02
3.590810937499999227e+02
3.622775000000000887e+02
6.715840234374999227e+02
3.621177734374999773e+02
3.527333984375000000e+02
6.819060937499998545e+02
6.715185937499999227e+02
6.833187109375001000e+02
3.612173437500000546e+02
6.659449609374996726e+02
3.570623437499999682e+02
6.766921484375000091e+02
6.659921484375001910e+02
3.577373437499999227e+02
6.675868750000001910e+02
3.510796484374999409e+02
3.538418359374999227e+02
3.605673437500000205e+02
3.570952734375001114e+02
3.591110937500000659e+02
6.609310937499998317e+02
3.621485937500000318e+02
6.719590234374998090e+02
3.499173437499999864e+02
3.533560937499999568e+02
6.711025000000001910e+02
6.738743750000002137e+02
6.734608984375000773e+02
6.708118750000001000e+02
6.652449609374999682e+02
6.759465234374997635e+02
6.632249609375001000e+02
3.550558984375000477e+02
6.661460937499999773e+02
6.732718359375001000e+02
6.590824609374998317e+02
3.524340234375000023e+02
6.640187109375000318e+02
6.741400000000001000e+02
6.671418359374996498e+02
6.706655859375001683e+02
6.632868750000000091e+02
3.578746484374999568e+02
6.669662109375000227e+02
6.804474999999999909e+02
6.766527734374999454e+02
6.704298437500001455e+02
6.677400000000001228e+02
6.664340234375000591e+02
3.621693749999999454e+02
3.623360937500000318e+02
3.570718749999999773e+02
3.582618750000000318e+02
6.777480859375000364e+02
3.642121484374999341e+02
3.577498437499999682e+02
3.565277734375000591e+02
6.676935937499997635e+02
6.589824609374998090e+02
6.705048437500000773e+02
3.548185937499999909e+02
6.589499609375000091e+02
6.629243750000001683e+02
3.562975000000000136e+02
3.694743750000000091e+02
3.678765234375000546e+02
3.580577734375000318e+02
3.558058984374999341e+02
6.612355859374999909e+02
3.499123437499998772e+02
6.580974999999997408e+02
6.584118750000000091e+02
6.628543359374996271e+02
3.547350000000000136e+02
6.585099609374999545e+02
3.478140234375000546e+02
3.522400000000000659e+02
3.521058984375000591e+02
6.581027734374999909e+02
6.705333984374999545e+02
6.649999609374998499e+02
3.558735937499999409e+02
3.450249609374999409e+02
3.455718359375000546e+02
3.474874609375000318e+02
3.485187109375000318e+02
3.445396484374999773e+02
3.432235937500000205e+02
3.474343749999999886e+02
3.414458984374999773e+02
3.436349999999999909e+02
6.566185937499999454e+02
6.563483984375001228e+02
3.523025000000000091e+02
6.607480859375001501e+02
6.645240234374999773e+02
3.506493750000000773e+02
3.475968750000000114e+02
3.461887109375000477e+02
3.484708984375000114e+02
3.464062109374999636e+02
6.607648437499999545e+02
3.505327734374999409e+02
3.533965234374999795e+02
3.547460937500000000e+02
3.631902734375000819e+02
6.565560937499999454e+02
6.594093359375002592e+02
3.413435937500000250e+02
3.558396484374999886e+02
6.660183984374999682e+02
3.471650000000000773e+02
6.532710937499999773e+02
6.523577734375001000e+02
6.577900000000001910e+02
3.417746484374999909e+02
6.566060937499997863e+02
6.421296484375000091e+02
3.387137109374999682e+02
6.533099999999998317e+02
6.531887109374998772e+02
6.517437109375001683e+02
3.409871484374999682e+02
3.446224999999998886e+02
3.488818749999999227e+02
3.459287109375000000e+02
3.453590234374999568e+02
6.502474999999999454e+02
3.360762109374999227e+02
3.443974999999999795e+02
6.588998437499997181e+02
6.604030859375000091e+02
6.562224999999997408e+02
6.530812109374999181e+02
6.433998437499998317e+02
6.527458984375000455e+02
6.564355859374999227e+02
6.559248437499998090e+02
3.397048437500000659e+02
6.618621484374999682e+02
3.444990234375000000e+02
3.470715234375000477e+02
6.604423437500000773e+02
6.510530859375001000e+02
6.483943749999997408e+02
6.464110937500001910e+02
6.604248437499998090e+02
3.431687109375000091e+02
6.679148437500000455e+02
6.610918359374998090e+02
6.616421484375002819e+02
6.543843749999999773e+02
3.341068749999998886e+02
3.388683984375000477e+02
3.447468749999999886e+02
3.458318359374999886e+02
3.441012109375000136e+02
6.532560937499997635e+02
6.399923437500000318e+02
3.371310937499999909e+02
6.473530859375002819e+02
6.445568749999999909e+02
3.396715234374999000e+02
6.412173437500000546e+02
3.418060937500000023e+02
3.322124999999999773e+02
3.313850000000000477e+02
3.392412109375000000e+02
3.380360937500000205e+02
3.447993749999999977e+02
3.359512109375000364e+02
3.341312109374999864e+02
3.269265234375001228e+02
6.442843359375000318e+02
6.300085937500000455e+02
6.430293359374998090e+02
3.346762109375000023e+02
3.337248437499999909e+02
3.317296484374999750e+02
3.356148437499999773e+02
3.310685937499999341e+02
3.391610937500000773e+02
3.300775000000000432e+02
3.327187109375000773e+02
3.348543359374999682e+02
3.343110937499999977e+02
3.326585937500000227e+02
3.330373437499998772e+02
6.339374609374997362e+02
3.299208984375000000e+02
3.335355859374998886e+02
3.287552734375000227e+02
6.401246484374996726e+02
3.341608984375000659e+02
6.340608984375002137e+02
3.397530859375000318e+02
6.398048437499999181e+02
3.351183984374998772e+02
3.306048437500000432e+02
3.439937109375000546e+02
3.441310937500000477e+02
3.385599609375000227e+02
3.340755859375000227e+02
6.447146484375000455e+02
6.455900000000002592e+02
6.556749609374999181e+02
3.367443359375000114e+02
6.577625000000000455e+02
6.531099999999999000e+02
6.539500000000000455e+02
3.350730859374999682e+02
3.283512109374998431e+02
6.479812109375002365e+02
6.411474999999998090e+02
6.463827734375001910e+02
3.306585937500000227e+02
6.407983984375002819e+02
3.378327734375000091e+02
3.376530859375000659e+02
3.343637109374999454e+02
3.355530859375000432e+02
3.294560937499999227e+02
3.253618749999999977e+02
3.277493750000000432e+02
3.291993750000000318e+02
3.280652734374999682e+02
3.361843359375000091e+02
6.404650000000001455e+02
3.345600000000000023e+02
3.312449609374999682e+02
3.328400000000000318e+02
3.278083984374999886e+02
3.370105859374999682e+02
3.264271484375000227e+02
3.352449609374999682e+02
3.232505859374999773e+02
3.349210937500000114e+02
3.291374999999999886e+02
3.305349999999999113e+02
3.288152734374999682e+02
3.332999609374999750e+02
3.199418359375000023e+02
3.207248437499999909e+02
3.204277734374999227e+02
3.307349609374999773e+02
3.395218359374999864e+02
3.428485937499999068e+02
3.284748437500000477e+02
3.395277734375000023e+02
3.290743750000000318e+02
3.290568749999998772e+02
6.446099999999999000e+02
3.301233984375000432e+02
6.423983984374998499e+02
3.322860937500000205e+02
3.417796484374999295e+02
3.353840234374999909e+02
3.376000000000000227e+02
3.294380859374999773e+02
3.362443750000000477e+02
3.347374609375000318e+02
3.258387109374999682e+02
3.390435937500000136e+02
3.382483984374999864e+02
3.429490234374999886e+02
3.348912109374999773e+02
3.329610937500000318e+02
3.330443750000000023e+02
3.251937109374999864e+02
3.251937109374999864e+02
9.947227592868202919e+03
1.368294686777054449e+04
7.007033804721230808e+03
5.843175836276411246e+03
1.272837500000000091e+03
6.388374999999999773e+02
6.397685937499999227e+02
3.539140234375000205e+02
3.443218749999999773e+02
3.426030859374999409e+02
3.456562109374999636e+02
3.425199609375000023e+02
3.399798437499999864e+02
1.099777734374999909e+02
1.076093750000000000e+02
1.052273437500000028e+02
1.073693749999999625e+02
1.052693750000000108e+02
1.021249609374999920e+02
1.029140234374999920e+02
1.024350000000000165e+02
