0.000000000000000000e+00
7.710696680783630654e+03
4.613662861325738049e+03
3.605566796326041185e+03
2.972897682389616875e+03
2.975757232865691094e+03
2.322888538236022214e+03
1.985008879945278068e+03
1.982654471375942421e+03
1.980146675965786244e+03
1.650362530063986924e+03
1.306553393926620629e+03
9.893360442870855422e+02
1.315020406866073699e+03
9.829297677367925417e+02
9.804502978271245865e+02
9.879095141357183820e+02
6.578040193533896627e+02
9.845424075073005952e+02
6.574152223563194184e+02
6.591689302420616059e+02
6.619056459403038843e+02
6.637777223563191455e+02
6.591311653494834673e+02
6.553077009940145672e+02
6.607383156180382002e+02
3.465416596406699341e+02
6.589456850028038843e+02
6.589456850028038843e+02
3.508859201997518653e+02
6.634078920340538161e+02
6.606841444754601298e+02
6.624701094412805560e+02
1.351242349004745392e+03
5.078111352919938327e+03
1.442300607812344970e+04
1.066386047629357563e+04
3.245519818925261461e+03
7.593813264822958899e+02
3.967452625459430919e+02
4.006494562715291750e+02
4.857714843750000000e+01
6.069234374999996362e+01
4.819433593750000000e+01
4.934859375000002046e+01
4.232734374999999716e+01
4.393246093749998238e+01
4.280308593750001478e+01
4.626871093750001052e+01
4.253734375000001222e+01
4.410433593749999659e+01
4.230999999999998096e+01
4.179996093750000341e+01
3.828714843749999375e+01
3.706214843750000654e+01
3.638750000000000284e+01
3.927621093750000369e+01
3.649437499999998380e+01
3.863437499999999858e+01
3.707359375000000057e+01
3.862496093750000625e+01
3.664234375000000909e+01
3.734234374999999062e+01
3.512027343749999631e+01
3.969647983735798107e+02
4.053617450898883590e+02
7.787099672293659296e+02
1.137833374914526985e+03
1.866340381931660886e+03
1.142417791723608616e+03
3.603935527017117238e+03
5.237785304946303768e+03
6.761352941122058837e+03
8.178043684262627721e+03
1.040094307506323457e+04
1.522085930490254214e+04
1.548909389724492758e+04
1.416882675673424092e+04
1.326377756919621970e+04
1.187362063100576779e+04
7.413512846726774114e+03
6.842300626129506782e+03
5.700251870650647106e+03
5.045271911391615504e+03
4.049380207357406562e+03
2.396050118131041927e+03
2.038555139710902949e+03
1.670775620884299769e+03
1.666443169712423696e+03
1.652777503818869718e+03
1.340304226446151688e+03
1.342918066778183174e+03
1.336329226446151779e+03
1.335032818975448663e+03
1.349086516485214361e+03
1.333250073614119856e+03
1.345125438604354940e+03
6.638678956961632593e+02
6.625775801444053741e+02
6.740677443289757775e+02
3.374130143159628119e+02
6.704024397635459991e+02
6.647112520194051513e+02
6.672355989432334127e+02
3.368788422578573432e+02
6.661028566336631229e+02
3.380239304536580107e+02
3.337609436982870648e+02
3.333292984956502778e+02
3.343702152436971460e+02
3.364667301362752596e+02
3.440832215303182124e+02
3.416574921602011159e+02
3.341313923066853704e+02
3.382514109224081267e+02
3.420769852632284937e+02
3.427166324800251687e+02
3.410089310640096301e+02
3.388637897676229613e+02
2.083714843749999091e+01
3.392208362764120579e+02
2.004437500000000583e+01
2.429609375000000071e+01
3.336077411836385522e+02
3.404083558076620761e+02
2.171402343749999631e+01
2.106839843749997598e+01
2.347777343749997669e+01
2.494437499999998664e+01
2.252484374999999872e+01
2.257183593750000483e+01
1.965589843749999233e+01
2.313496093750000071e+01
2.334359375000000369e+01
2.369859374999998991e+01
2.402359374999999631e+01
2.241250000000000142e+01
2.437808593750000696e+01
2.403277343750000128e+01
2.546371093750000725e+01
2.486000000000001364e+01
2.339996093749998352e+01
2.234027343749998806e+01
2.304000000000001336e+01
2.265058593750000071e+01
2.171734375000001904e+01
2.148359375000000071e+01
2.405277343749999019e+01
2.564859374999998565e+01
2.394000000000000483e+01
2.160249999999998849e+01
2.172109375000000142e+01
1.940609374999998238e+01
2.173750000000000071e+01
2.065746093749999446e+01
2.123109374999998522e+01
2.812749999999998707e+01
2.554746093749999858e+01
2.195933593749999702e+01
2.144984374999999943e+01
2.289687500000000142e+01
2.267359374999999844e+01
2.638402343750001222e+01
2.256499999999999773e+01
2.169058593750001407e+01
2.516683593750000369e+01
2.427750000000000696e+01
2.439359374999999375e+01
2.216214843749998309e+01
2.273246093750000796e+01
2.640683593749999858e+01
2.428589843750000199e+01
2.647308593750000227e+01
2.643500000000000227e+01
2.450589843749998664e+01
2.358609374999998209e+01
2.128277343750000483e+01
2.173027343749999929e+01
1.998359375000000071e+01
2.242621093750000583e+01
2.529683593749998849e+01
2.439359375000001151e+01
2.346371093749998593e+01
2.421234375000001648e+01
2.314359375000000441e+01
1.867464843749998948e+01
2.460746093750000085e+01
3.043277343750001407e+01
2.780902343750000938e+01
2.411996093750002501e+01
2.357187499999999858e+01
2.233687500000001336e+01
2.543734375000001791e+01
2.083808593750000071e+01
2.458734374999999162e+01
2.721859374999998948e+01
2.792250000000000298e+01
1.996500000000001052e+01
2.031089843750000057e+01
1.869121093749999929e+01
2.154937500000000483e+01
2.128433593749999631e+01
2.595687500000001435e+01
2.099652343750000583e+01
1.943558593749999019e+01
2.154234374999999346e+01
2.028187499999999588e+01
2.380484374999999275e+01
2.247871093750000071e+01
2.405902343750000938e+01
1.936234374999999019e+01
2.105277343749999730e+01
2.054984375000000085e+01
1.757808593750001336e+01
1.869859374999999346e+01
2.202964843749998280e+01
1.657089843749999858e+01
1.856937500000000441e+01
2.177152343750000441e+01
2.062484374999999304e+01
1.955687500000000156e+01
1.901187499999998920e+01
1.976777343750000071e+01
2.070687500000000014e+01
2.215902343750000014e+01
2.197250000000000369e+01
2.364609374999999858e+01
1.893984375000000142e+01
1.933734375000000938e+01
1.804234375000001478e+01
2.046937499999999233e+01
1.838437499999999858e+01
1.762714843750000071e+01
1.621234374999999162e+01
1.936558593750000767e+01
1.894996093750000199e+01
2.168734374999998593e+01
2.144749999999999801e+01
2.126558593750000625e+01
2.043109374999998096e+01
2.164683593750000057e+01
1.981777343750000142e+01
1.978687500000000199e+01
2.107027343750000981e+01
1.953734375000000156e+01
2.008121093750000341e+01
2.194609374999999929e+01
2.102089843750000142e+01
1.851734375000000554e+01
2.261500000000000199e+01
2.063734375000001364e+01
2.015902343750000014e+01
2.227027343750001975e+01
2.081234375000000014e+01
1.896734375000001549e+01
1.606058593749998664e+01
1.875000000000000000e+01
1.973558593749999446e+01
1.950234375000000142e+01
2.132984375000000199e+01
1.898187499999998806e+01
2.172734374999999929e+01
2.229859374999999488e+01
2.101109375000000412e+01
2.105433593750000654e+01
2.122152343750001080e+01
2.200777343750000981e+01
2.048808593749999929e+01
2.138277343750002046e+01
1.975433593750000227e+01
1.931214843749997812e+01
2.122621093749998522e+01
1.865371093750000142e+01
2.334859374999999915e+01
1.888246093750002075e+01
2.166187500000000554e+01
1.905277343749998664e+01
1.713609375000000412e+01
2.574859374999999773e+01
2.160371093750000071e+01
1.990121093750001791e+01
1.958402343750000441e+01
2.064984374999999517e+01
2.230777343750003183e+01
2.030058593749999929e+01
2.118402343750000938e+01
1.688999999999999346e+01
1.672749999999999915e+01
1.595484374999999488e+01
1.742437499999999417e+01
1.646058593749999233e+01
1.877359374999998920e+01
1.630464843749998494e+01
1.539746093750000000e+01
1.575902343749999623e+01
1.433187500000000725e+01
1.426859375000000796e+01
1.322558593750000000e+01
1.459214843749998280e+01
1.549683593750000021e+01
1.360687500000001116e+01
1.387964843750000377e+01
1.495484375000000377e+01
1.425902343749999979e+01
1.419937499999999986e+01
1.478808593750000000e+01
1.601058593750000369e+01
1.416683593749999126e+01
1.443187500000000156e+01
1.402871093749999964e+01
1.527496093749999240e+01
1.523437500000000000e+01
1.422484374999999446e+01
1.585937500000000000e+01
1.717496093749999275e+01
1.449996093749999559e+01
1.682652343750000767e+01
1.568984374999999964e+01
1.933609375000000696e+01
1.885589843749999162e+01
1.608984375000000000e+01
1.560609374999999055e+01
1.669683593749999417e+01
1.417308593750000512e+01
1.620687499999997527e+01
1.515000000000000036e+01
1.611500000000000199e+01
1.474437500000000156e+01
1.491187500000001798e+01
1.599749999999999872e+01
1.656000000000002359e+01
1.491214843749997065e+01
1.768609375000000483e+01
1.587749999999999240e+01
1.456734375000001513e+01
1.506500000000000128e+01
1.689277343750000071e+01
1.623402343749999943e+01
1.869214843749998778e+01
1.566187500000000554e+01
1.720250000000002188e+01
1.831187500000000767e+01
1.704183593750001080e+01
1.737464843750000654e+01
1.772984374999999346e+01
1.682964843749998707e+01
1.846249999999999858e+01
2.180933593750000199e+01
1.954984374999998309e+01
1.586246093749999453e+01
1.470308593750000625e+01
1.470839843749999964e+01
1.617777343750000085e+01
1.417984374999999986e+01
1.816234374999998735e+01
1.742308593750000156e+01
1.707808593750001336e+01
1.610214843749999858e+01
1.492339843749999240e+01
1.476187500000000341e+01
1.458500000000001862e+01
1.559984375000000512e+01
1.539121093750000036e+01
1.563871093749999019e+01
1.549027343749999908e+01
1.680371093750000000e+01
1.499984375000000014e+01
1.654339843749999517e+01
1.672464843749997598e+01
1.637339843749999346e+01
1.630000000000000071e+01
1.838433593750000128e+01
1.922484375000000512e+01
1.884937500000001620e+01
1.816527343749999801e+01
1.946187499999998849e+01
1.654058593750001549e+01
1.999437500000001577e+01
1.963714843749998806e+01
1.794937499999999275e+01
1.790058593750000071e+01
1.835589843750002359e+01
1.837246093750000142e+01
1.722339843749998778e+01
1.503999999999998849e+01
1.691089843749998423e+01
1.533359375000000036e+01
1.625683593750000000e+01
1.483027343750000071e+01
1.470609375000001151e+01
1.790609375000002146e+01
1.750250000000000838e+01
1.536371093750000583e+01
1.730484375000001762e+01
1.710152343750000270e+01
1.879371093749998778e+01
1.846402343750000696e+01
1.549687499999999929e+01
2.064359374999999019e+01
2.315687500000001720e+01
2.144984374999999233e+01
2.115464843749998991e+01
2.192109375000000071e+01
2.074683593749998778e+01
2.227964843750000412e+01
1.679839843749999062e+01
1.662652343749998352e+01
2.237464843749997101e+01
2.436777343749999858e+01
2.545371093749999858e+01
2.329371093749998778e+01
2.198714843749997172e+01
2.195058593750000142e+01
2.189000000000001478e+01
2.046308593750000071e+01
1.946871093750000270e+01
1.711109374999998778e+01
1.834234375000000838e+01
1.543746093750000092e+01
1.858402343750001506e+01
1.878359375000000142e+01
1.878359375000000142e+01
1.035999999999999943e+01
1.685000000000000142e+01
2.310937500000000000e+01
2.594277343750000142e+01
3.013609374999999346e+01
4.512500000000000000e+01
3.714371093749999631e+01
3.996937500000002785e+01
4.930746093750001080e+01
4.468246093750002501e+01
5.387464843749997101e+01
5.442152343750002785e+01
5.444437500000000085e+01
4.781937500000001506e+01
4.968109374999998806e+01
3.875937499999999858e+01
4.675687499999996533e+01
4.948734374999997954e+01
4.120609374999997243e+01
4.001871093749998209e+01
4.001734375000001620e+01
3.941558593750001194e+01
3.900777343750000625e+01
4.614839843750000625e+01
3.306871093749998636e+01
4.060683593750000142e+01
3.193109374999998451e+01
3.898109374999999233e+01
3.820433593750003354e+01
3.090433593750001506e+01
3.237183593750000199e+01
2.784937500000000199e+01
3.283589843749997783e+01
2.886234374999997954e+01
2.558121093750001407e+01
3.563687499999999631e+01
2.543999999999999417e+01
2.431500000000001549e+01
2.508589843749999559e+01
2.458749999999999858e+01
2.150433593750001293e+01
2.243433593749998778e+01
2.675902343750000867e+01
2.340308593750001620e+01
2.244999999999999929e+01
2.330609374999999517e+01
2.440121093750000369e+01
2.116839843750001293e+01
2.302109374999999858e+01
2.386500000000000199e+01
1.695687499999999659e+01
1.984839843749998778e+01
1.872249999999998948e+01
1.471558593750001265e+01
1.542484375000000441e+01
1.932777343749997812e+01
1.912464843749996746e+01
1.770687499999999659e+01
2.152777343749998096e+01
2.008089843749999304e+01
2.033027343750000071e+01
1.887652343749999417e+01
2.008746093749998352e+01
2.006109374999997641e+01
1.688089843749999375e+01
1.819839843749998209e+01
1.597496093749999169e+01
1.799687499999999929e+01
1.454027343749998735e+01
1.558500000000001329e+01
1.086187500000000306e+01
1.029527343750001656e+01
9.874374999999997016e+00
8.435585937500011511e+00
1.021000000000001506e+01
1.032714843750000000e+01
9.692343750000006253e+00
9.560585937500009734e+00
9.849023437499999645e+00
8.594960937499994458e+00
9.835000000000011511e+00
9.289023437500008029e+00
9.341835937499990195e+00
1.123500000000001542e+01
1.111187500000000661e+01
1.267246093750000036e+01
1.222250000000001258e+01
1.242984375000000163e+01
1.147964843749999275e+01
1.027359374999999808e+01
1.003402343749999304e+01
1.157484374999999055e+01
1.122984375000001833e+01
1.199609375000000000e+01
1.116527343749999446e+01
1.153609375000000092e+01
1.026527343750001009e+01
9.069960937499995879e+00
9.297499999999994102e+00
8.021093750000000355e+00
9.429843750000003411e+00
1.269839843749999275e+01
1.127749999999998565e+01
1.208750000000000036e+01
1.245433593749999623e+01
1.006937499999999375e+01
1.041714843750000341e+01
1.053687500000000377e+01
1.016558593750001016e+01
1.072808593750001371e+01
9.993593749999984510e+00
1.063589843749999098e+01
1.010902343749999233e+01
1.309937499999999844e+01
9.111093749999991331e+00
9.792343750000011227e+00
1.019359375000000512e+01
1.015000000000000036e+01
8.446523437499989129e+00
1.168609374999998707e+01
9.920273437500004121e+00
9.604843750000007674e+00
1.128187499999998877e+01
1.202437500000000092e+01
1.033402343749999197e+01
9.921875000000000000e+00
1.464437499999999659e+01
9.757773437500006253e+00
8.459374999999999645e+00
1.109996093749998991e+01
1.126500000000000057e+01
1.072437500000000732e+01
8.783593749999999645e+00
1.101371093749999375e+01
1.119496093750001187e+01
1.075937500000000036e+01
1.202089843749999964e+01
1.181734374999999382e+01
1.149683593749999311e+01
1.134937499999999844e+01
9.994374999999987352e+00
1.160621093749998423e+01
1.059999999999999964e+01
1.018499999999999517e+01
1.009652343749999304e+01
1.054277343749999929e+01
1.403089843750001364e+01
1.253902343749999027e+01
1.663714843749999517e+01
1.550000000000000000e+01
1.232984375000001265e+01
1.026249999999999929e+01
1.390933593750000341e+01
1.095277343750000298e+01
9.346875000000000711e+00
1.000249999999999240e+01
1.074000000000000732e+01
1.047484375000000156e+01
9.776210937499994813e+00
1.385484375000000590e+01
1.279859374999998423e+01
1.192250000000000298e+01
1.276859374999998309e+01
1.085464843750000341e+01
1.023999999999999488e+01
1.147984375000001300e+01
9.012499999999999289e+00
1.127984375000001016e+01
1.085249999999998138e+01
1.019496093750000298e+01
1.215234375000000000e+01
1.076089843749998920e+01
1.146058593749999588e+01
1.289609375000000036e+01
1.200687499999999197e+01
1.091187499999999133e+01
1.277183593749998991e+01
1.144839843749999275e+01
1.022484375000000156e+01
1.041714843749998742e+01
1.062621093750000156e+01
8.756210937499995239e+00
1.071683593749998664e+01
9.290585937500001279e+00
1.023871093750001293e+01
1.227964843750000412e+01
9.648398437499992042e+00
9.236875000000008384e+00
9.506874999999997300e+00
1.017089843750000000e+01
9.517148437499985292e+00
9.252773437500003695e+00
9.504843750000006253e+00
9.486874999999999503e+00
1.069359375000000334e+01
7.571835937500002167e+00
9.413710937499994102e+00
1.045777343750000554e+01
1.020609374999998664e+01
1.022250000000002146e+01
9.237460937499992752e+00
9.770898437499999645e+00
1.024589843749999929e+01
8.578085937500016911e+00
9.013710937499999076e+00
1.104859374999999666e+01
8.902773437500004050e+00
9.692343749999999147e+00
1.194859374999999879e+01
9.314999999999992397e+00
1.169859375000000057e+01
1.087652343750000661e+01
8.539023437500004476e+00
9.456874999999998366e+00
9.597460937499999289e+00
9.406093750000000142e+00
8.559960937499999645e+00
7.708398437499999645e+00
9.718398437499981668e+00
1.151187499999999808e+01
8.395273437500005542e+00
1.066859374999998167e+01
9.389023437499997016e+00
8.937460937499993818e+00
8.774843750000004050e+00
8.735585937500006892e+00
1.055687499999999268e+01
9.924960937499996305e+00
1.030234375000000036e+01
1.043734375000000014e+01
1.027464843749998558e+01
1.186499999999999844e+01
1.031187500000000945e+01
1.170277343750000298e+01
1.140433593749999375e+01
1.243652343750000000e+01
8.586093749999992752e+00
1.014371093749999808e+01
1.018902343749999595e+01
1.120859375000000036e+01
1.123609374999999844e+01
1.276499999999999169e+01
1.102027343750001442e+01
9.839999999999992752e+00
8.885000000000015774e+00
9.951210937499993747e+00
1.043871093749999268e+01
9.912343749999994458e+00
1.155996093749999964e+01
1.062808593750001407e+01
1.350902343750000512e+01
1.123277343750000590e+01
1.042964843749998849e+01
9.817343750000008029e+00
9.759375000000000355e+00
1.061089843749999773e+01
1.034999999999999964e+01
9.449843749999990550e+00
8.633593749999999289e+00
9.560585937500006182e+00
9.146093750000000355e+00
8.902500000000014069e+00
8.655898437499985221e+00
8.289999999999995595e+00
9.529843750000001279e+00
8.724843750000006892e+00
8.177499999999993108e+00
1.066402343750000448e+01
8.761875000000001634e+00
8.447499999999999787e+00
9.735000000000010090e+00
9.116835937499995879e+00
1.009749999999999659e+01
8.657460937499996234e+00
9.035000000000000142e+00
1.093121093749998884e+01
9.949374999999996305e+00
1.015746093749999446e+01
9.427499999999991331e+00
9.414843749999999289e+00
8.873398437499997016e+00
9.994374999999990905e+00
9.999375000000000568e+00
1.054839843750000128e+01
1.028437500000000071e+01
1.095152343750000234e+01
1.032359374999999524e+01
9.101523437499995595e+00
8.770273437500012648e+00
8.819375000000004405e+00
8.842343750000001279e+00
9.498593749999987068e+00
7.659374999999999822e+00
9.849843749999998010e+00
8.304335937499992326e+00
8.704335937499987352e+00
1.094859375000000234e+01
1.201871093749999808e+01
9.960000000000004405e+00
1.087308593749999908e+01
9.542148437500003411e+00
1.033609374999999275e+01
1.024683593749999844e+01
1.196933593750000036e+01
9.856210937500005542e+00
1.105609375000000583e+01
9.676210937499995168e+00
8.771523437499990195e+00
8.275585937500000711e+00
8.287148437500006182e+00
8.906874999999995879e+00
9.331210937499989200e+00
7.657773437500003055e+00
8.355898437499989839e+00
1.020777343750001265e+01
9.292148437499985647e+00
9.149843749999988063e+00
9.521093750000000355e+00
9.706874999999998366e+00
8.393398437499993037e+00
1.013496093750000071e+01
1.061937500000000156e+01
1.117437500000000661e+01
8.921835937499999147e+00
1.021839843749998522e+01
1.038734374999999943e+01
9.880898437499997300e+00
1.116484374999999929e+01
7.368593750000000497e+00
9.386093749999997016e+00
1.207359374999999879e+01
9.543398437500004050e+00
1.035589843750000050e+01
9.286093750000002700e+00
9.964999999999996305e+00
1.156937500000000441e+01
1.205058593749999929e+01
1.038089843749999730e+01
9.011875000000006963e+00
9.911875000000003766e+00
9.002343749999999645e+00
1.054359374999998522e+01
8.436874999999995239e+00
1.053187500000001009e+01
9.552499999999993108e+00
8.332460937499993392e+00
9.786874999999996660e+00
8.503710937499999289e+00
9.837500000000000355e+00
1.026859375000001506e+01
8.561093749999997726e+00
1.023109374999998167e+01
1.018964843750000071e+01
8.958398437499999645e+00
1.212558593750000036e+01
9.837148437499998010e+00
1.037437500000000412e+01
9.209023437499993747e+00
8.642343750000005542e+00
1.051214843749999517e+01
8.606875000000002274e+00
8.277773437500002274e+00
9.849648437499997300e+00
9.249843749999994813e+00
9.969374999999995879e+00
8.889023437500002345e+00
9.201523437499998792e+00
9.856210937500005542e+00
8.253710937499999289e+00
8.639023437500005898e+00
1.089996093749998529e+01
1.026499999999999346e+01
8.412343749999987352e+00
8.336093749999998082e+00
9.210000000000015064e+00
8.626523437500004832e+00
9.622460937499999645e+00
8.392773437500000711e+00
9.551210937500005826e+00
8.146874999999999645e+00
9.696523437499994458e+00
1.028589843749999666e+01
8.544960937499988418e+00
9.684960937499999645e+00
1.125234374999999964e+01
8.140585937500006253e+00
8.896874999999999645e+00
8.995273437500001634e+00
9.402343750000000000e+00
9.761874999999992752e+00
1.185214843750000036e+01
1.093734374999999126e+01
9.139023437500004121e+00
9.631093750000010445e+00
1.784339843750001720e+01
1.800214843750000071e+01
3.225933593749998352e+01
3.126839843750000369e+01
3.877933593750002927e+01
4.322152343750003922e+01
5.660746093750000085e+01
4.899984374999997527e+01
4.311558593749999346e+01
4.609359374999998238e+01
4.191214843749999375e+01
5.242249999999997101e+01
4.765746093750003354e+01
5.157984374999998778e+01
4.485249999999999204e+01
5.222437499999998778e+01
4.318359375000000000e+01
4.122496093749997925e+01
4.384027343749998806e+01
3.545687500000003922e+01
3.850121093749999801e+01
2.359234375000001904e+01
3.439984375000000227e+01
3.401500000000000057e+01
2.392652343749998778e+01
2.649058593749999702e+01
2.531000000000001293e+01
2.494859374999998991e+01
2.567089843750000000e+01
1.922500000000000142e+01
2.154027343749997314e+01
1.741527343749999446e+01
1.491558593750001194e+01
1.594371093749999524e+01
1.731777343750000142e+01
1.616109374999999204e+01
1.492359374999998600e+01
1.626937500000000369e+01
1.430937499999999929e+01
1.034937500000000554e+01
1.079027343750000512e+01
1.131000000000000938e+01
9.587343749999988063e+00
1.315249999999998565e+01
9.340000000000001634e+00
1.058277343750000377e+01
9.505898437499986642e+00
8.494335937500000711e+00
9.873593749999992397e+00
1.124214843750000270e+01
9.810000000000007603e+00
9.262460937499994884e+00
9.873085937500009734e+00
7.731874999999990727e+00
7.644375000000006359e+00
1.055000000000000071e+01
1.173734374999999019e+01
9.343398437499994102e+00
1.113808593749999964e+01
1.129683593749999559e+01
9.918593749999990550e+00
9.449375000000006963e+00
9.849999999999999645e+00
9.813085937500000355e+00
1.030609374999998273e+01
8.373085937499997300e+00
9.537343749999989129e+00
1.112250000000000583e+01
9.696835937499997726e+00
8.177343750000000355e+00
8.836875000000000924e+00
8.418710937499993108e+00
8.914843749999999289e+00
9.771523437499995524e+00
8.149960937499994174e+00
8.805898437499983800e+00
1.338687500000001407e+01
1.035308593750000838e+01
8.158593749999999645e+00
1.278339843750000071e+01
9.244374999999994458e+00
9.537343750000001563e+00
9.831874999999994813e+00
8.936875000000007674e+00
9.009023437499989129e+00
7.829843750000006430e+00
9.851523437499993818e+00
7.811875000000005898e+00
6.873398437499996128e+00
6.530898437499990550e+00
7.789999999999997371e+00
8.119374999999994458e+00
7.659335937500003411e+00
7.836874999999999147e+00
1.011089843750000128e+01
8.043398437499991616e+00
7.313710937500009557e+00
9.269374999999989484e+00
7.869374999999995346e+00
7.649375000000003588e+00
9.099648437500004405e+00
7.629843750000003588e+00
9.365273437499997300e+00
8.103085937499999503e+00
7.677773437500002629e+00
8.734023437499992326e+00
8.699374999999999858e+00
7.061875000000000568e+00
8.704648437499987068e+00
8.327773437500002984e+00
8.631835937500000000e+00
7.786093750000000924e+00
7.587500000000000355e+00
9.819374999999993747e+00
7.679648437499999147e+00
7.592343749999999503e+00
9.699648437499998721e+00
9.051523437500001990e+00
8.293398437499995168e+00
7.506093749999983800e+00
9.256210937499993463e+00
9.746523437499996945e+00
8.791835937500000142e+00
1.064750000000000973e+01
9.739999999999996660e+00
8.277499999999998082e+00
8.499374999999997016e+00
8.621523437499996945e+00
1.050433593749998984e+01
8.406874999999994102e+00
9.013085937499999645e+00
8.489843750000000355e+00
8.702773437500004761e+00
8.418593749999997655e+00
1.043871093749999446e+01
9.358398437500000000e+00
8.101523437500008029e+00
9.131874999999990195e+00
8.096835937499998082e+00
7.799843750000007958e+00
7.370898437500000178e+00
8.231093749999985221e+00
9.464023437500006963e+00
7.909335937500005187e+00
9.337460937499994174e+00
8.456835937499999289e+00
9.497499999999998721e+00
8.458398437499999645e+00
7.914843750000000178e+00
9.510000000000005116e+00
8.662460937499991687e+00
1.078746093749999346e+01
8.631874999999995524e+00
1.051214843749999517e+01
9.427500000000005542e+00
9.074999999999999289e+00
1.083437499999999964e+01
1.024808593750000085e+01
8.551210937500002274e+00
9.142343750000003766e+00
8.985000000000010090e+00
7.244374999999992681e+00
9.318593749999994458e+00
8.506835937500000000e+00
8.881093750000006892e+00
8.206210937499999858e+00
7.823085937500008136e+00
8.003085937500005187e+00
8.049375000000004832e+00
7.556093750000004050e+00
7.732460937499995524e+00
6.537460937499997904e+00
6.627499999999995062e+00
8.021523437499993747e+00
8.077343750000000711e+00
8.690000000000006608e+00
8.410898437499991331e+00
7.836875000000001812e+00
9.089843750000000000e+00
1.004589843750000000e+01
9.264999999999989910e+00
8.743593749999988063e+00
7.375585937500000355e+00
8.235898437499999503e+00
6.969374999999990550e+00
7.317343750000006253e+00
8.601210937499994102e+00
8.198593749999993463e+00
7.956093749999995524e+00
8.519375000000009024e+00
7.914023437499997371e+00
8.702500000000002345e+00
8.719960937500001563e+00
9.122500000000000497e+00
7.394335937500000178e+00
6.837148437500003340e+00
7.081093749999996412e+00
7.654648437499996128e+00
7.926210937500012044e+00
7.424375000000006608e+00
8.262343749999986997e+00
8.002500000000011937e+00
7.565585937500000746e+00
1.003558593749999694e+01
6.354648437500001634e+00
8.071875000000000355e+00
6.609375000000000000e+00
7.402500000000003411e+00
6.281093749999993037e+00
7.923398437499999503e+00
8.908593749999999645e+00
8.902343750000000000e+00
1.052437499999999737e+01
1.202984375000000838e+01
9.370898437499999289e+00
8.231874999999998721e+00
8.727499999999992042e+00
8.995273437500001634e+00
9.268593749999983089e+00
1.022339843749999488e+01
8.973398437499996660e+00
9.731874999999998721e+00
8.639999999999997016e+00
8.584023437499999076e+00
8.890585937500002700e+00
9.564648437500000711e+00
8.799843749999997300e+00
1.171246093750000483e+01
1.071000000000000796e+01
1.267246093750000036e+01
9.462460937499994174e+00
1.049750000000000583e+01
9.785585937500002274e+00
9.180898437499987352e+00
9.098085937500002274e+00
9.510585937500000142e+00
8.396874999999999645e+00
1.004214843749998742e+01
8.337460937500001279e+00
9.548593749999991331e+00
8.501523437500006608e+00
9.063085937500000355e+00
1.037250000000000583e+01
1.226109374999999169e+01
9.652773437500000497e+00
9.699843749999999432e+00
8.124648437499992326e+00
7.390000000000002345e+00
1.016249999999999964e+01
1.035996093750000036e+01
8.667773437499999289e+00
1.049937499999999702e+01
8.884023437499998010e+00
8.314999999999997726e+00
9.994374999999998010e+00
9.903085937500012648e+00
9.779843750000004832e+00
8.002499999999994174e+00
9.384375000000000355e+00
8.099023437499999645e+00
7.599843749999988241e+00
9.158398437500000711e+00
9.249023437500000000e+00
9.148085937499997655e+00
9.393710937499998082e+00
8.704335937499992681e+00
9.602499999999995595e+00
8.288710937500002984e+00
7.117343750000003411e+00
8.021093750000000355e+00
9.314023437500006608e+00
1.143902343749998707e+01
9.018593749999988418e+00
9.351210937500010090e+00
1.026402343749999346e+01
1.256871093749999879e+01
9.418398437499993392e+00
1.047437499999999666e+01
1.026464843750000000e+01
8.543710937499993108e+00
8.378085937500001634e+00
7.898398437500000924e+00
8.671523437499992326e+00
7.999375000000000568e+00
9.131874999999993747e+00
8.724843750000001563e+00
1.083437499999999964e+01
8.942343750000004476e+00
8.199960937499993108e+00
1.028609375000000270e+01
8.238085937499999289e+00
1.378746093750000057e+01
1.083500000000001684e+01
1.026871093749998565e+01
9.395273437500009095e+00
9.154335937499990195e+00
1.059839843749999488e+01
8.595273437500003055e+00
8.924023437500000711e+00
8.081093749999990195e+00
8.447500000000006892e+00
1.080609374999998629e+01
1.011246093749999275e+01
1.178109374999998948e+01
9.035898437499993108e+00
8.990585937500004121e+00
8.312343749999993037e+00
1.009750000000000902e+01
8.796523437499994102e+00
1.032027343750000625e+01
1.242714843749999964e+01
8.867148437499993818e+00
8.959960937500000000e+00
9.110585937500001563e+00
8.472460937499999289e+00
1.240609374999998593e+01
1.047464843750000441e+01
9.142773437500000711e+00
8.131210937499995239e+00
1.242484374999999019e+01
1.115234375000000000e+01
9.879335937499993392e+00
1.122484374999999446e+01
1.082933593750000156e+01
1.011714843750000448e+01
8.563085937500000355e+00
8.331874999999996589e+00
9.345273437500006608e+00
8.772500000000000853e+00
1.277250000000001329e+01
1.055839843749999929e+01
6.751210937500006892e+00
8.336093749999998082e+00
9.311875000000011227e+00
8.652343750000000000e+00
1.052484374999999694e+01
1.093437499999999929e+01
1.012984374999999915e+01
9.518398437499994813e+00
1.026499999999998991e+01
8.971835937500001634e+00
8.951210937500011511e+00
9.422500000000006537e+00
1.204609375000000071e+01
1.202933593749999552e+01
1.059859374999999382e+01
1.175308593750000874e+01
8.261093749999997016e+00
8.991835937499994102e+00
1.144359374999998735e+01
9.794375000000005826e+00
1.003687500000001265e+01
1.121000000000000085e+01
9.249843749999994813e+00
1.024527343749999986e+01
9.287343750000006892e+00
1.041152343749999964e+01
9.887499999999999289e+00
1.173750000000000071e+01
1.063359374999999929e+01
8.959335937500000568e+00
9.844960937499990905e+00
9.118398437499987352e+00
1.014058593750001336e+01
8.862460937499999858e+00
8.693593749999999787e+00
1.067359374999998423e+01
1.019609374999999929e+01
1.076499999999998991e+01
9.324374999999999858e+00
8.148398437499993818e+00
8.221093749999999645e+00
8.711093749999992752e+00
9.104843749999997016e+00
9.129648437499989555e+00
9.324375000000001634e+00
9.197500000000008669e+00
7.736875000000000391e+00
7.054843750000003411e+00
8.487460937499996305e+00
6.979843750000003233e+00
7.344335937500000355e+00
7.130898437499991971e+00
7.210585937500008313e+00
6.422500000000010978e+00
6.597499999999998366e+00
8.274375000000006253e+00
7.919960937500000853e+00
7.049648437500003695e+00
7.458593750000000355e+00
7.458593750000000355e+00
1.161000000000000831e+01
8.032773437500001279e+00
1.996777343750000000e+01
2.779984375000000796e+01
3.538714843750001648e+01
4.745464843750004036e+01
4.528277343750001194e+01
5.065777343750001904e+01
5.491714843749999631e+01
5.281621093750000284e+01
4.516683593750002501e+01
6.852496093750001194e+01
5.588589843749996078e+01
5.341058593749995964e+01
5.719359374999996959e+01
5.327437499999996362e+01
4.928246093750002643e+01
3.849371093749997641e+01
3.702734375000000000e+01
4.061527343749997243e+01
3.996214843749994827e+01
4.628558593749996675e+01
4.865214843750000284e+01
3.730609375000001648e+01
2.787402343750000000e+01
3.231499999999998352e+01
3.424339843750000512e+01
2.849609375000000000e+01
3.023687499999999773e+01
2.584839843749999133e+01
2.586937500000002998e+01
2.235687499999999517e+01
1.914996093749998352e+01
2.075859374999999929e+01
1.861558593750001833e+01
2.451234374999997812e+01
1.817484374999997243e+01
2.047359375000000270e+01
1.851500000000000412e+01
1.728609374999998138e+01
2.060933593749999204e+01
1.607027343750002402e+01
1.537484374999999304e+01
1.512496093749999204e+01
1.408187499999998771e+01
1.732652343749999346e+01
1.749984375000000369e+01
1.216058593750000050e+01
1.444027343749998238e+01
1.506234375000000725e+01
1.427152343750000263e+01
1.411109374999999133e+01
1.268871093750001222e+01
2.285589843750002359e+01
1.555250000000001265e+01
1.293808593750000036e+01
1.199750000000001116e+01
1.144234374999999559e+01
9.873593750000004832e+00
9.829335937499990905e+00
8.910898437499991331e+00
1.337183593749999133e+01
1.217246093750000036e+01
1.075746093749999055e+01
9.570273437500006253e+00
9.644375000000007248e+00
1.119652343749999091e+01
9.543593749999981668e+00
1.037777343750000547e+01
1.073183593749999964e+01
9.248398437499997016e+00
6.973593749999997371e+00
8.185898437500002345e+00
1.086089843749999240e+01
8.169960937499993747e+00
7.434999999999997833e+00
9.248085937500006182e+00
1.058089843749998593e+01
1.016683593749999304e+01
7.723085937500006715e+00
8.223593749999993818e+00
9.456093749999986642e+00
9.484023437499990550e+00
6.737343750000000853e+00
7.821835937500000391e+00
7.934023437499990727e+00
8.398085937499999432e+00
8.286093749999988489e+00
7.777773437500004050e+00
8.330898437499989484e+00
9.285000000000007248e+00
1.209859374999998849e+01
7.846874999999999822e+00
9.424375000000004832e+00
1.012652343750000128e+01
1.351859374999998309e+01
1.599609375000000000e+01
1.514339843749999126e+01
1.455933593749999844e+01
1.619859375000000057e+01
1.255058593749999929e+01
1.317109375000000071e+01
1.195937499999999964e+01
9.718398437499995879e+00
1.180589843750000156e+01
8.319335937500000000e+00
8.939843749999999645e+00
8.239843750000000355e+00
9.110000000000010090e+00
1.021839843749999766e+01
9.914999999999995595e+00
1.275609374999998913e+01
9.682773437500008740e+00
1.038500000000000156e+01
1.084839843749999844e+01
1.077808593750000732e+01
1.189277343750000071e+01
1.147749999999999382e+01
1.097437500000000554e+01
8.905898437499994102e+00
1.219984374999999766e+01
1.263749999999999929e+01
9.789648437500000355e+00
9.756093749999998010e+00
9.094960937500001563e+00
7.540000000000004476e+00
9.849374999999994884e+00
8.987343749999997300e+00
7.592343750000000391e+00
8.856874999999989839e+00
8.482460937499997300e+00
9.193593750000008669e+00
8.874843749999993037e+00
8.641210937500000355e+00
9.679648437499990266e+00
8.967343750000004832e+00
7.701523437500002345e+00
9.949375000000008740e+00
7.715585937500003766e+00
8.678085937500000568e+00
9.377500000000006608e+00
8.360000000000004761e+00
7.964843750000000000e+00
8.352499999999995595e+00
8.806210937500001279e+00
9.437500000000000000e+00
1.045121093749999375e+01
9.646835937499998792e+00
7.517343750000004654e+00
8.556874999999996234e+00
9.134375000000000355e+00
1.023734374999999197e+01
8.642343750000005542e+00
9.131093749999985576e+00
9.747500000000009379e+00
8.629843750000006253e+00
7.384960937499999822e+00
9.355898437499991616e+00
1.013089843749998309e+01
1.029859374999998956e+01
8.484960937500000355e+00
9.088710937500007248e+00
8.304648437500000924e+00
9.737343749999993747e+00
9.474375000000000213e+00
8.989023437500000213e+00
8.327499999999998792e+00
9.435898437499997016e+00
1.288734375000000298e+01
1.004652343749999766e+01
9.271835937500002345e+00
9.819374999999997300e+00
1.157652343749999879e+01
1.340433593749999730e+01
1.013558593750000547e+01
9.854843750000009450e+00
9.649375000000008029e+00
1.051249999999999929e+01
9.728085937500006608e+00
1.077152343749999019e+01
1.148808593749999929e+01
8.683398437499999289e+00
7.781210937499990266e+00
9.823398437499992752e+00
9.423085937500001563e+00
8.510585937500009024e+00
9.605898437499996945e+00
8.256093749999994458e+00
7.430898437499995346e+00
8.912343749999992681e+00
8.527343750000000000e+00
9.404335937500000853e+00
8.461875000000000924e+00
1.068437499999999929e+01
8.489843750000000355e+00
8.904843750000008384e+00
8.654648437499997016e+00
7.697499999999998010e+00
9.031093750000009024e+00
8.560000000000007603e+00
9.068710937499993463e+00
8.893593749999997300e+00
1.176777343750000071e+01
1.047777343750000512e+01
1.000746093750000298e+01
7.912499999999999645e+00
8.949375000000005187e+00
1.016089843749999488e+01
9.452343750000000711e+00
1.051234374999999943e+01
8.980273437499999289e+00
8.262148437500009379e+00
9.388085937499999645e+00
1.094859374999999169e+01
1.097749999999998849e+01
1.259359374999998593e+01
1.110308593750000838e+01
1.180609375000000227e+01
9.354648437499992752e+00
9.863085937499999289e+00
9.274648437499999787e+00
1.164027343749999943e+01
1.276249999999999929e+01
1.229234374999999524e+01
9.723593749999995595e+00
9.554648437500002700e+00
9.981835937499999645e+00
1.111250000000000071e+01
1.062484374999999837e+01
1.122808593750000661e+01
1.286527343749999019e+01
1.527464843750000867e+01
1.623999999999998423e+01
1.879496093750000085e+01
1.413121093750000590e+01
1.273999999999999666e+01
1.047437500000000377e+01
1.247749999999998849e+01
1.275687499999999019e+01
1.207152343749998913e+01
1.261839843749999801e+01
1.153089843750000121e+01
1.207933593749999979e+01
1.124808593750000263e+01
1.102437499999999737e+01
1.220746093750000760e+01
1.099984374999999659e+01
1.205933593750000199e+01
1.255937499999999929e+01
1.295621093749999453e+01
1.133902343749999275e+01
1.164234375000000554e+01
1.053089843749999943e+01
9.232773437500004121e+00
1.283687500000001158e+01
1.006250000000000000e+01
1.097402343749999964e+01
1.108500000000000796e+01
9.482773437500011227e+00
1.266558593750001194e+01
1.168500000000000405e+01
1.112484374999999304e+01
1.058500000000000618e+01
1.153089843749999766e+01
9.749374999999997016e+00
1.075683593750000000e+01
9.796875000000000000e+00
9.668398437499993392e+00
1.043359375000000000e+01
1.122437499999999844e+01
1.008734374999998451e+01
9.729335937500000142e+00
9.374960937499995595e+00
9.441210937499999289e+00
1.243999999999999773e+01
1.118734374999999304e+01
1.024371093749999417e+01
1.128121093750000092e+01
9.292343750000002345e+00
8.477773437500003340e+00
9.299648437499994813e+00
9.911093750000002700e+00
1.157359374999998813e+01
9.921093750000000711e+00
9.755273437499999645e+00
1.173687500000000128e+01
1.148589843749999773e+01
1.083808593750000071e+01
1.093902343749999417e+01
9.772500000000011511e+00
9.115000000000001990e+00
9.873593749999992397e+00
8.929843750000001634e+00
8.024843750000004050e+00
8.253085937500003411e+00
9.642148437499994174e+00
8.171523437499995879e+00
1.009277343750000000e+01
1.033359375000000036e+01
9.236875000000003055e+00
8.510000000000012221e+00
8.137499999999999289e+00
8.134960937500000711e+00
8.948593749999997016e+00
9.650585937500000711e+00
1.066871093749999844e+01
1.143109374999999339e+01
9.168398437499996945e+00
1.068437499999999929e+01
1.026000000000000867e+01
1.109984374999999979e+01
9.813710937499996234e+00
1.241234374999999801e+01
9.467343750000010161e+00
1.152500000000000036e+01
1.033089843749998771e+01
1.077359374999998920e+01
9.811523437500000000e+00
8.499375000000004121e+00
9.868398437499990905e+00
9.339843750000000000e+00
1.061937499999999446e+01
9.422460937500000355e+00
1.017250000000001364e+01
1.042808593750000412e+01
1.026499999999999524e+01
9.868593749999991616e+00
1.215589843749998344e+01
9.868398437499994458e+00
9.835585937500001208e+00
9.099843749999994458e+00
9.361093749999991331e+00
9.448593749999997016e+00
9.256835937500000000e+00
9.627499999999992397e+00
1.121234374999999872e+01
8.815273437500003695e+00
9.507460937500002984e+00
7.921835937500006253e+00
1.094183593750000050e+01
1.395484375000000377e+01
8.554648437500002700e+00
8.542773437499999289e+00
1.028433593749999986e+01
1.094999999999999929e+01
9.898085937500001208e+00
9.222500000000005471e+00
1.039277343750000071e+01
1.074339843750000156e+01
9.897500000000011511e+00
1.024984374999999304e+01
1.223652343750000071e+01
1.133246093750000583e+01
1.116000000000000902e+01
1.086250000000000071e+01
9.784335937500001634e+00
1.034371093749999915e+01
1.147246093749999929e+01
1.122109374999999964e+01
1.043359375000000000e+01
9.949843749999988773e+00
9.310000000000002274e+00
9.724843749999998010e+00
9.484023437499995879e+00
1.028652343749999964e+01
1.003027343750000000e+01
9.156210937499992042e+00
9.312500000000000000e+00
9.740585937500004121e+00
9.731210937499996660e+00
1.051500000000000412e+01
9.571093749999999289e+00
1.146371093749999659e+01
1.111484375000000036e+01
9.885898437499999858e+00
9.674960937499992752e+00
9.290585937500003055e+00
1.018999999999999062e+01
9.594960937500001563e+00
7.847500000000009024e+00
7.321835937500002167e+00
9.111874999999995950e+00
8.079335937500001563e+00
8.099960937499997016e+00
7.985585937499993570e+00
7.557773437499994529e+00
7.902499999999998970e+00
7.727499999999996483e+00
7.904843750000004832e+00
7.811523437500000000e+00
9.172500000000002984e+00
9.121093750000000000e+00
9.121093750000000000e+00
9.808593750000000000e+00
1.155859375000000000e+01
1.643496093750000142e+01
2.039687500000000142e+01
2.656402343750000483e+01
3.060308593750001549e+01
4.626621093749999858e+01
3.750484374999999915e+01
3.780234374999999858e+01
3.869234375000002046e+01
4.741734374999997925e+01
3.988027343750000142e+01
4.242484375000000796e+01
4.021152343749999858e+01
4.013277343750002046e+01
3.874609375000000000e+01
3.761484374999999858e+01
3.764234374999996646e+01
3.266308593750000000e+01
3.610687499999997385e+01
3.771246093749997641e+01
4.191250000000000142e+01
3.531187500000000767e+01
3.425621093749996504e+01
2.621499999999998209e+01
2.737437500000000767e+01
3.244609375000000284e+01
2.949359375000001293e+01
2.595308593750000981e+01
2.675371093749999929e+01
2.896234375000001293e+01
2.737964843749999133e+01
3.165589843750002075e+01
2.552652343749998565e+01
2.385609374999995325e+01
2.388433593750000483e+01
2.689683593750000412e+01
1.986187499999999773e+01
1.731308593749999858e+01
1.857499999999999929e+01
1.755484375000000341e+01
1.854937499999999417e+01
2.132152343750000512e+01
1.956499999999999417e+01
1.861871093750000838e+01
1.950464843750001265e+01
1.745308593750001336e+01
1.756933593750000000e+01
1.740933593749999631e+01
1.920937500000000142e+01
1.587652343749998884e+01
2.095152343749999346e+01
1.893121093750000483e+01
1.743687500000000057e+01
2.709609375000000142e+01
1.614437500000000725e+01
1.430746093750002146e+01
2.013359374999999929e+01
1.836371093750000938e+01
2.262402343750000000e+01
1.798687500000001549e+01
1.751371093749998664e+01
1.468902343749999773e+01
1.345121093750000263e+01
1.152808593750000909e+01
1.333500000000001684e+01
1.657109374999999929e+01
9.874648437499997655e+00
1.632109374999999929e+01
1.271089843750000092e+01
1.259527343750001194e+01
1.474359374999999339e+01
1.578714843749997598e+01
1.466527343749999446e+01
1.253402343749999126e+01
1.276187500000001407e+01
9.559374999999999289e+00
9.134960937500000711e+00
8.740000000000005542e+00
7.848398437500000213e+00
7.240585937500002345e+00
6.999023437500000000e+00
1.327183593749999169e+01
1.296499999999998565e+01
1.047250000000001435e+01
1.155433593749999410e+01
8.864648437499999645e+00
1.047308593750000050e+01
1.237437500000000412e+01
1.217187500000000000e+01
1.225777343750000981e+01
1.511714843749998671e+01
1.571859374999999304e+01
1.216109375000000270e+01
1.083871093750001435e+01
1.294750000000000512e+01
1.119371093749998636e+01
1.004527343750000234e+01
1.166109374999998494e+01
1.031214843749999233e+01
9.843710937500000924e+00
1.235589843749998451e+01
1.057984375000000021e+01
9.034023437499994813e+00
8.087500000000000355e+00
8.274375000000002700e+00
8.453710937500000355e+00
8.565585937500008740e+00
8.124375000000004121e+00
9.368593749999984510e+00
8.648398437499992042e+00
8.535000000000005471e+00
8.117343750000003411e+00
8.623593749999994174e+00
1.032808593750000625e+01
8.719960937500001563e+00
8.070273437500002700e+00
8.924648437500009024e+00
7.677500000000004654e+00
8.249843750000001918e+00
8.224375000000012648e+00
8.864843750000000355e+00
9.836875000000002700e+00
8.899375000000011582e+00
7.547500000000001208e+00
9.011875000000005187e+00
7.537343750000005116e+00
9.123593749999997726e+00
1.161734375000001940e+01
9.606875000000000497e+00
7.423593749999994884e+00
7.724843749999988241e+00
8.210898437499997371e+00
7.723085937500000497e+00
7.526210937499998366e+00
7.448085937500006359e+00
8.514843750000000711e+00
8.014999999999998792e+00
9.686093749999995950e+00
8.054843750000006963e+00
8.375000000000000000e+00
8.159335937500005187e+00
8.802499999999991331e+00
8.889023437500007674e+00
8.212343750000005826e+00
9.289023437499995595e+00
8.086093749999999858e+00
8.714648437499999289e+00
8.607460937499995524e+00
1.021859374999999304e+01
8.270273437500014424e+00
9.066210937499999289e+00
9.043593749999995879e+00
9.073593750000005898e+00
1.045152343750000057e+01
7.896523437499998188e+00
9.731875000000002274e+00
8.351210937499992326e+00
8.360000000000002984e+00
8.219374999999999432e+00
8.529843750000008384e+00
7.994960937499992149e+00
8.587148437499999787e+00
9.155273437500000000e+00
8.112343750000000853e+00
8.744960937499993037e+00
8.302773437500004405e+00
1.029527343750000945e+01
9.565000000000008384e+00
8.787148437500004405e+00
9.479648437500005187e+00
9.074374999999992752e+00
8.823398437499994529e+00
8.669960937499997300e+00
1.013687500000001052e+01
9.449375000000003411e+00
1.136234375000000085e+01
8.729843750000007674e+00
1.031109374999998707e+01
1.020777343750001442e+01
1.024750000000000938e+01
8.570273437500008029e+00
1.025621093750000412e+01
9.287343749999990905e+00
9.304648437499988489e+00
9.874843750000005471e+00
8.374375000000007674e+00
1.043437499999999929e+01
1.067500000000000071e+01
1.011859375000000227e+01
1.031859374999998735e+01
1.032714843750000000e+01
9.285898437499994884e+00
1.033277343750000554e+01
1.161734374999999808e+01
9.454843750000001990e+00
9.777500000000003411e+00
1.164687499999999964e+01
1.056109374999998884e+01
1.008433593749999879e+01
9.436093750000001279e+00
1.022558593750000000e+01
8.885000000000008669e+00
1.001109375000000234e+01
9.551210937500012932e+00
1.013121093750000057e+01
1.101109374999998991e+01
9.469960937500001563e+00
8.899648437499994458e+00
7.981210937499992220e+00
8.715585937500009095e+00
9.118593750000011156e+00
9.142148437499987068e+00
1.025859374999999929e+01
1.186187500000000838e+01
1.126683593749998735e+01
1.006558593750001229e+01
9.763710937500016840e+00
1.059339843749998167e+01
1.032308593750000369e+01
1.130250000000000021e+01
1.102484374999999162e+01
9.819374999999999076e+00
1.191937499999999339e+01
1.019496093749999588e+01
1.383437499999999964e+01
1.123187499999999694e+01
1.153089843749998167e+01
1.134371093750000270e+01
9.794374999999996945e+00
1.217933593749999410e+01
1.519234375000002046e+01
1.113687500000000696e+01
1.361246093749998920e+01
1.219902343749999929e+01
1.423277343750001833e+01
1.173433593750000092e+01
1.191371093749999588e+01
1.220484375000000909e+01
9.695273437500009805e+00
1.181937499999998842e+01
1.334687500000000071e+01
1.031683593749998806e+01
1.272437499999999666e+01
1.122250000000000014e+01
1.174687499999999929e+01
1.506308593750000036e+01
1.375433593750000760e+01
1.413402343750000156e+01
1.038433593750000128e+01
1.217339843749999062e+01
1.214371093749998387e+01
1.329234375000000412e+01
1.291859374999998167e+01
1.640249999999998209e+01
1.216734375000001123e+01
1.017183593749999737e+01
1.138027343749999964e+01
1.401249999999999929e+01
1.373589843749998707e+01
1.624234374999999275e+01
1.102714843749999929e+01
1.205683593750000071e+01
1.543871093750001044e+01
1.160996093750000036e+01
1.138746093749998778e+01
1.274000000000000199e+01
1.501937500000000192e+01
1.219496093749998877e+01
1.192027343750001300e+01
1.314027343750000298e+01
1.061250000000000071e+01
1.564359375000001151e+01
1.648109374999998877e+01
1.764902343749999858e+01
1.333359375000000036e+01
1.453089843749998877e+01
1.659687500000000071e+01
1.775464843750001265e+01
1.297871093750000071e+01
1.297749999999999559e+01
1.243496093749999964e+01
1.179683593750000270e+01
1.311734374999999808e+01
1.566000000000001613e+01
1.059996093749999524e+01
1.215234375000000000e+01
1.248984375000000036e+01
1.089984374999999339e+01
1.320777343750000909e+01
1.120937499999999964e+01
1.189750000000001862e+01
1.356859374999998202e+01
1.192249999999999766e+01
1.443027343750000036e+01
1.489984374999999694e+01
1.327984374999999417e+01
2.474234374999999631e+01
1.394234375000001691e+01
1.911996093750001791e+01
1.593359375000000000e+01
1.288964843750000000e+01
1.193339843749999929e+01
1.508187500000000725e+01
1.212109375000000000e+01
1.348714843749998593e+01
1.374437500000001044e+01
1.307984375000001265e+01
1.084937499999999844e+01
1.179339843749997563e+01
1.078437500000000071e+01
1.259437499999998344e+01
1.159058593750001442e+01
1.369027343749999304e+01
1.030589843749998735e+01
1.089808593750000298e+01
1.219339843749998309e+01
1.126859374999999552e+01
1.156109374999999417e+01
1.395683593749999929e+01
1.220609375000000441e+01
1.248714843749999304e+01
1.090933593749999986e+01
1.065121093750001258e+01
1.106996093749999766e+01
1.140464843749998991e+01
1.022964843750000519e+01
1.125234374999999964e+01
1.041937500000000583e+01
8.781093749999991260e+00
8.829335937500001563e+00
9.756835937500000000e+00
9.977343749999999289e+00
8.171835937500002700e+00
1.017484374999999730e+01
1.025152343750000128e+01
1.159437499999999233e+01
1.007250000000000867e+01
9.446875000000000355e+00
1.169839843749999631e+01
9.714843750000000000e+00
1.054277343749999929e+01
1.139234375000000377e+01
1.147496093749999346e+01
1.314609375000000036e+01
1.464750000000001151e+01
1.222750000000000092e+01
1.304437499999999339e+01
1.130484375000000696e+01
1.389437499999999126e+01
1.222359374999999382e+01
1.051734375000000021e+01
1.109683593750000163e+01
1.455234375000000036e+01
1.112109375000000000e+01
1.106246093750000092e+01
1.104214843749999275e+01
1.183187500000000547e+01
1.154234375000000945e+01
1.041859374999998877e+01
1.021308593750000071e+01
1.080687500000000156e+01
9.624960937499992042e+00
1.023750000000000071e+01
9.787499999999999645e+00
1.128089843749998700e+01
1.134371093750000092e+01
1.055277343749999730e+01
1.086558593750000767e+01
1.042152343749999943e+01
1.148902343749999844e+01
1.149437500000000512e+01
1.093734375000000192e+01
1.113109374999999446e+01
1.138277343750000981e+01
9.860898437499994174e+00
1.168609375000000483e+01
9.611875000000001279e+00
8.882773437500002700e+00
9.712343749999998721e+00
8.773593749999994529e+00
1.169808593750000014e+01
1.043964843750000071e+01
1.097750000000000270e+01
1.134808593750000050e+01
9.693710937499991687e+00
1.092339843749999595e+01
1.054937499999999595e+01
9.606093750000001208e+00
8.435000000000004050e+00
9.087148437500001563e+00
9.727343749999999289e+00
1.268558593749999730e+01
9.235000000000008313e+00
1.220937499999999964e+01
1.338746093749998956e+01
2.122464843750000085e+01
3.581871093749999346e+01
4.031371093750000512e+01
3.899000000000002331e+01
4.263187500000005059e+01
4.463609374999998636e+01
4.796214843749993406e+01
3.835234375000000284e+01
4.595308593750001336e+01
5.254371093749997357e+01
5.513121093750000057e+01
4.020902343750002217e+01
4.413734375000001364e+01
3.890464843750000767e+01
3.398187500000003070e+01
3.283999999999998209e+01
3.270464843749999062e+01
3.014609374999999858e+01
3.107964843750000838e+01
3.437339843749998636e+01
3.015249999999999275e+01
3.420250000000001478e+01
2.512750000000001904e+01
2.787250000000000938e+01
3.075687499999999019e+01
2.207984374999999488e+01
2.653187499999999233e+01
2.547484374999999801e+01
2.191859374999996390e+01
2.117484374999997954e+01
2.001371093749998309e+01
2.348183593750000142e+01
1.904589843750000000e+01
2.611859374999996675e+01
2.588871093749997243e+01
1.998871093749995964e+01
1.761933593750000071e+01
2.205687500000000156e+01
2.640859375000000142e+01
1.876933593749999929e+01
1.827187500000000142e+01
2.082152343750001222e+01
2.208687500000002402e+01
2.113109375000002288e+01
1.709859374999998138e+01
1.495121093750001684e+01
1.740484375000000128e+01
1.234234375000001194e+01
1.074339843750000512e+01
1.612652343749999773e+01
1.266109374999999737e+01
1.404859375000001442e+01
1.343964843750000071e+01
1.609859374999997073e+01
1.536683593750000298e+01
1.505687500000001577e+01
1.255249999999998956e+01
1.329683593749999204e+01
1.080687499999998913e+01
1.319859374999998103e+01
1.333984375000000000e+01
9.777499999999985647e+00
1.197308593750000227e+01
1.100121093749999623e+01
1.237496093750000803e+01
1.349496093749999126e+01
1.434750000000001968e+01
1.099964843750001542e+01
8.999023437500000000e+00
9.624375000000011227e+00
1.096234374999999872e+01
9.684960937499999645e+00
1.027500000000000036e+01
9.035585937500005826e+00
1.052808593750000732e+01
8.802499999999994884e+00
7.753085937500010516e+00
8.262343750000002984e+00
8.486874999999997726e+00
8.669374999999996945e+00
9.396093750000000355e+00
1.015839843750000071e+01
9.552773437500004405e+00
9.874843749999989484e+00
8.555898437499980247e+00
1.093121093749999417e+01
1.109437499999998522e+01
9.887148437499993392e+00
8.331093749999997300e+00
8.562500000000000000e+00
8.115000000000007319e+00
7.961874999999997371e+00
7.863085937500000178e+00
7.677773437500005294e+00
8.699999999999999289e+00
7.708398437499999645e+00
8.722500000000010800e+00
7.194960937499999432e+00
7.453085937500003588e+00
7.294375000000006715e+00
7.899843750000009379e+00
7.571835937500004832e+00
7.681093749999978293e+00
7.586093749999994529e+00
8.899843749999991616e+00
9.556210937499999503e+00
8.775000000000000355e+00
8.287499999999999645e+00
8.544374999999989839e+00
7.619375000000000675e+00
6.863710937499995168e+00
7.799648437500010800e+00
7.472500000000012577e+00
9.435000000000012932e+00
6.337460937499999503e+00
8.432773437500014069e+00
8.828085937500009805e+00
9.319960937500001208e+00
7.827343749999999822e+00
7.860898437499988844e+00
7.332460937499995168e+00
7.676523437499997549e+00
8.211523437500000355e+00
8.181093750000002274e+00
7.343710937499997371e+00
7.202773437499999432e+00
7.964843750000000000e+00
8.165273437500005116e+00
7.849375000000001990e+00
6.918593749999994102e+00
7.199648437499999609e+00
7.586093749999994529e+00
7.693398437499993747e+00
8.074375000000005187e+00
6.960898437499999147e+00
7.327773437500003872e+00
7.486875000000003055e+00
8.226523437499995595e+00
8.599999999999999645e+00
9.329335937499996234e+00
8.252343749999999645e+00
8.244960937499994813e+00
7.439999999999993285e+00
7.993710937499995062e+00
7.080273437499999822e+00
6.907460937499998010e+00
8.239843750000000355e+00
6.827499999999995239e+00
8.181874999999999787e+00
8.190273437499998366e+00
7.772500000000006182e+00
9.098398437499993108e+00
7.898593750000000746e+00
7.196835937500004832e+00
6.964999999999993641e+00
7.309023437499996945e+00
6.655898437499992326e+00
9.277499999999999858e+00
8.261093750000000568e+00
6.902343750000000000e+00
8.060000000000012932e+00
7.079843750000003766e+00
8.298085937500008669e+00
8.884375000000000355e+00
8.443398437499997300e+00
9.449999999999999289e+00
7.887343749999987885e+00
8.151210937500000142e+00
7.546093749999999822e+00
8.603085937500003055e+00
7.437148437500003872e+00
7.548085937499993570e+00
8.173085937499996234e+00
6.846523437499998366e+00
7.470898437499999822e+00
8.417343750000004121e+00
7.844960937499999787e+00
6.864648437499999645e+00
7.608593749999999822e+00
7.029648437499996128e+00
7.446523437499999787e+00
7.896523437499995524e+00
7.098085937500009379e+00
7.571093750000000178e+00
7.860000000000004761e+00
8.443398437499986642e+00
8.792773437499999289e+00
8.542148437499990976e+00
8.485898437499999503e+00
8.911523437499999645e+00
8.705273437500000711e+00
8.683593750000000000e+00
9.419374999999998721e+00
9.405898437499999432e+00
8.760585937500000142e+00
7.479335937499986819e+00
7.115000000000000213e+00
7.951523437500007674e+00
7.996093750000000000e+00
7.657773437499999503e+00
7.724999999999999645e+00
8.240273437500000853e+00
6.929648437499993818e+00
7.345273437500006608e+00
8.555898437499994458e+00
7.794960937499999076e+00
6.992343750000007851e+00
6.837343750000004938e+00
7.949843749999990550e+00
6.968710937499994706e+00
6.923593750000000213e+00
7.523593749999998970e+00
8.179843750000006963e+00
7.825000000000000178e+00
6.949843750000003872e+00
7.795273437499993463e+00
6.547499999999999432e+00
6.986093749999997549e+00
6.754648437499993108e+00
6.018593749999991971e+00
6.586875000000001812e+00
7.392343750000009095e+00
7.527500000000010516e+00
7.911875000000010871e+00
8.519375000000003695e+00
8.793593750000002984e+00
8.389999999999998792e+00
9.869374999999999787e+00
8.249375000000011227e+00
7.296093749999999822e+00
7.982773437499997904e+00
7.726210937499994991e+00
7.053710937500000000e+00
7.754335937499986287e+00
6.671875000000000000e+00
6.397499999999997300e+00
5.965585937500000213e+00
6.573593750000000568e+00
6.647500000000020393e+00
7.295273437500002345e+00
7.234335937500001812e+00
6.761093749999998792e+00
6.717148437499996128e+00
8.159375000000000711e+00
6.649843749999996945e+00
6.553710937500000000e+00
6.735585937500012221e+00
6.983593749999999822e+00
9.074843750000004761e+00
7.477500000000004476e+00
7.833593750000000355e+00
8.650585937500000711e+00
7.065000000000002167e+00
6.626523437499999503e+00
6.259375000000000355e+00
9.386093749999995239e+00
6.596835937500003411e+00
7.077773437500006537e+00
6.381835937500000000e+00
8.967343750000008384e+00
7.802500000000000213e+00
7.190000000000002167e+00
8.464023437499999858e+00
7.506093750000010445e+00
7.945273437500008029e+00
7.935000000000004938e+00
7.032773437500004832e+00
8.108593750000000711e+00
6.987343749999995524e+00
6.474843750000002451e+00
7.846523437499996589e+00
1.066996093750000973e+01
9.027343750000000000e+00
8.297500000000010090e+00
8.131093749999996234e+00
8.787343749999994458e+00
7.960000000000010623e+00
8.162499999999999645e+00
6.735000000000013642e+00
8.368398437499998010e+00
8.164999999999999147e+00
7.627343749999999645e+00
7.320898437500000355e+00
7.665273437500003340e+00
8.065273437500000142e+00
8.629335937499996945e+00
8.448593749999998792e+00
9.462343750000000497e+00
8.721093749999999645e+00
8.765000000000002345e+00
8.548593749999991331e+00
7.811875000000003233e+00
7.729335937499986819e+00
8.093710937499999147e+00
9.754843749999999147e+00
1.013714843750000405e+01
1.061402343749999133e+01
9.639843750000000711e+00
8.060000000000002274e+00
7.642148437499999503e+00
7.106210937499993108e+00
9.343593749999989484e+00
7.441210937500000178e+00
7.920273437499997904e+00
8.051523437499998437e+00
7.756875000000000853e+00
7.604648437499986535e+00
8.335000000000002629e+00
8.819374999999990195e+00
7.270898437499999645e+00
7.740000000000003766e+00
8.737148437499994813e+00
8.324648437500007603e+00
9.048593750000001990e+00
7.937460937499994706e+00
7.699374999999996305e+00
8.732460937500007958e+00
7.997500000000009379e+00
9.692343750000002700e+00
7.411093749999994706e+00
8.536093749999993818e+00
7.891835937499986464e+00
9.427773437500004405e+00
9.847500000000012577e+00
1.165464843749998280e+01
9.029843750000006608e+00
7.981835937499999645e+00
7.662343750000005116e+00
9.872500000000005826e+00
9.937148437500011866e+00
8.948398437499992752e+00
8.996835937500003766e+00
9.614023437500005542e+00
9.069960937500004761e+00
8.443593750000001563e+00
8.711874999999995595e+00
8.239023437499998437e+00
8.342343750000004832e+00
8.446093749999999289e+00
8.272500000000018616e+00
8.431210937499988844e+00
7.299375000000003055e+00
8.419335937499999645e+00
8.410585937500007603e+00
8.490273437499997300e+00
9.437343749999989484e+00
1.028609374999999559e+01
1.032027343750001336e+01
8.963085937500000711e+00
8.117148437499986713e+00
1.118609374999998884e+01
9.250000000000000000e+00
1.018183593750000071e+01
1.086839843749999801e+01
8.077148437500000000e+00
8.010000000000005116e+00
7.740273437500006182e+00
7.694960937500004761e+00
8.113085937499999289e+00
8.123085937500000853e+00
8.361093749999996660e+00
9.056093749999991616e+00
9.173398437499995950e+00
7.684023437499993392e+00
8.586875000000004476e+00
8.260898437499999858e+00
8.088710937499996589e+00
7.546523437499990550e+00
7.211875000000006253e+00
7.749843749999998366e+00
7.114999999999996660e+00
7.312343750000003695e+00
9.859375000000000000e+00
9.468710937499988489e+00
8.469960937500001563e+00
7.712343749999992504e+00
7.621093750000000000e+00
9.074999999999999289e+00
7.984335937499996483e+00
8.227773437500001563e+00
8.256093749999980247e+00
7.434375000000000178e+00
9.208593750000000355e+00
1.017246093750000036e+01
7.856875000000004050e+00
9.036093749999999147e+00
8.252343749999999645e+00
8.464999999999982094e+00
8.464999999999982094e+00
8.865273437500002629e+00
1.043609375000000128e+01
1.360687500000000760e+01
1.565746093750001400e+01
2.923359375000000071e+01
2.636371093749999517e+01
3.979527343749998636e+01
3.446558593750002331e+01
3.927984375000001194e+01
3.734183593750002217e+01
3.038749999999999929e+01
3.551464843750000000e+01
2.677871093750000142e+01
3.412734375000000142e+01
3.486484374999999858e+01
3.720152343750000057e+01
2.756214843749996390e+01
3.780790500825643221e+02
2.268027343749999858e+01
2.372359375000000270e+01
2.403734375000001222e+01
2.050687500000001862e+01
1.912496093749998138e+01
2.332249999999998380e+01
2.315687499999999943e+01
1.707499999999999929e+01
1.596109374999998387e+01
2.009437499999997456e+01
1.422750000000000981e+01
1.839808593749998522e+01
1.889964843749999801e+01
1.333027343750000071e+01
1.779000000000001691e+01
1.382871093750000036e+01
1.481937500000001684e+01
1.531734374999999737e+01
1.574183593750000298e+01
1.333687500000001158e+01
1.648750000000000071e+01
1.187984375000000625e+01
1.211714843750000625e+01
8.373085937500007958e+00
9.906210937499984936e+00
1.259234375000000128e+01
1.308277343750001442e+01
8.986093749999989555e+00
1.194609374999999929e+01
8.843593749999982379e+00
9.671835937499995595e+00
1.206859375000000689e+01
1.078277343750000661e+01
9.657460937500001563e+00
1.090777343750001549e+01
9.678085937500004121e+00
9.801523437500001990e+00
1.291839843750001116e+01
8.979843750000000568e+00
7.452343749999999822e+00
8.656093750000000142e+00
9.522500000000009734e+00
8.619375000000001563e+00
8.582773437500016200e+00
9.652343750000000000e+00
8.120273437500006963e+00
8.953710937500000355e+00
8.288710937499994102e+00
9.088710937500012577e+00
1.260687500000000050e+01
8.767773437500000711e+00
7.967343750000003055e+00
8.559023437499988063e+00
8.927500000000000213e+00
9.312500000000000000e+00
1.043902343749999417e+01
1.160371093750000071e+01
6.884375000000000355e+00
8.520273437500010871e+00
8.307773437500001634e+00
7.283593749999999645e+00
7.344335937500000355e+00
7.536875000000004654e+00
8.631835937500000000e+00
8.524375000000009805e+00
6.513710937499999076e+00
7.319960937500001208e+00
7.464648437500000178e+00
6.870273437499998082e+00
7.398593749999998970e+00
7.014999999999996128e+00
6.731093749999994991e+00
8.062343750000003695e+00
7.762148437499996945e+00
6.878085937500003411e+00
1.079371093749998423e+01
9.599960937499993463e+00
7.062500000000000000e+00
6.590585937499999325e+00
7.665273437500002451e+00
8.812148437500002984e+00
8.065273437500003695e+00
7.561874999999998792e+00
8.764023437500000568e+00
8.434335937499996660e+00
8.985585937500008669e+00
9.806874999999999787e+00
9.462460937499997726e+00
9.121093750000000000e+00
8.981093749999995879e+00
8.762460937499991331e+00
8.272500000000000853e+00
7.687500000000000000e+00
8.480273437499999289e+00
8.096875000000000711e+00
9.670898437500000000e+00
8.433593750000000000e+00
8.111523437500000711e+00
7.834023437499993747e+00
9.241835937499994102e+00
9.731875000000007603e+00
9.580273437500000711e+00
6.761875000000006075e+00
9.099960937499989910e+00
7.775000000000000355e+00
7.778085937500006430e+00
7.854335937499996589e+00
7.114648437499999645e+00
7.306875000000006892e+00
7.119335937499999822e+00
7.640000000000000568e+00
7.393593750000006182e+00
9.123593749999992397e+00
7.515000000000005009e+00
7.637460937499994884e+00
6.256835937500000000e+00
7.917343749999997904e+00
7.559960937499999645e+00
8.124960937499993818e+00
1.047621093749999233e+01
7.283593749999999645e+00
7.974375000000000213e+00
7.226523437500004476e+00
8.884023437499987352e+00
8.239999999999993108e+00
8.198593749999993463e+00
7.343710937499993818e+00
8.447500000000001563e+00
8.897460937500000000e+00
7.685000000000006715e+00
9.024843749999993392e+00
7.587343749999992504e+00
1.014433593749999929e+01
8.219335937500000355e+00
8.947500000000012221e+00
1.137984375000000270e+01
1.050121093749999091e+01
7.352148437500000355e+00
1.010687499999999339e+01
1.455609374999998451e+01
1.495777343750000909e+01
9.906093749999993037e+00
7.574960937499993108e+00
7.911093749999996483e+00
9.337148437499994458e+00
8.613710937499991616e+00
8.003085937500005187e+00
1.087183593750000021e+01
6.837500000000000355e+00
7.562343749999991260e+00
8.351210937499995879e+00
7.087343749999996945e+00
8.499375000000000568e+00
9.411875000000005542e+00
1.039027343750000121e+01
9.196523437499994458e+00
9.979648437499985647e+00
7.995898437500000178e+00
9.095273437500001279e+00
8.724843749999994458e+00
7.296093749999999822e+00
7.598085937500006715e+00
7.884335937500004832e+00
7.144374999999996589e+00
8.843593750000000142e+00
8.367148437500002700e+00
9.062500000000000000e+00
7.286093749999997371e+00
8.227500000000000924e+00
7.811093750000003055e+00
8.476523437499997371e+00
8.733593750000000711e+00
9.562148437499988773e+00
7.684023437499996945e+00
6.474843749999999787e+00
7.985585937499998010e+00
7.276523437500007851e+00
8.302773437500000853e+00
7.674648437500005471e+00
8.371093750000000000e+00
7.065000000000000391e+00
9.564999999999994174e+00
8.261093749999993463e+00
1.009058593750001265e+01
9.007773437500002700e+00
6.277343750000000000e+00
6.586875000000001812e+00
8.356093750000002984e+00
7.711875000000008029e+00
5.969374999999993214e+00
7.764843749999999822e+00
7.231875000000002274e+00
7.372460937499999645e+00
6.274960937499992397e+00
6.757773437500004476e+00
7.531874999999994102e+00
7.677499999999996660e+00
7.352343750000000178e+00
8.184335937500005542e+00
7.449843749999997655e+00
8.285000000000000142e+00
8.819335937500000000e+00
8.619375000000003340e+00
7.604843750000005898e+00
8.814648437500000711e+00
7.755898437499993747e+00
7.998593749999997726e+00
1.132339843750000163e+01
7.702500000000005009e+00
7.642343750000009095e+00
6.490000000000000213e+00
7.371875000000000178e+00
7.909335937500003411e+00
6.574023437500000178e+00
6.784960937500000178e+00
8.032773437499994174e+00
8.809335937499994884e+00
7.644335937500000178e+00
7.936093749999995062e+00
7.377343749999999645e+00
7.136523437500000178e+00
7.059375000000000178e+00
7.587460937499990621e+00
7.987148437499994813e+00
9.321835937500001279e+00
8.927343750000000355e+00
8.962148437500008669e+00
7.046875000000000000e+00
8.546093750000000711e+00
1.019839843749999275e+01
1.144027343750000725e+01
8.207773437500007319e+00
8.010000000000013998e+00
8.442148437499982450e+00
9.353085937500008384e+00
8.559023437499989839e+00
6.637460937499994884e+00
1.129437499999999162e+01
8.521835937500000568e+00
9.289023437500006253e+00
9.408593749999999645e+00
7.562343750000001918e+00
1.132339843749999986e+01
1.205152343749999133e+01
9.591835937499990195e+00
1.378359374999999964e+01
1.176371093750001506e+01
9.456093749999979536e+00
8.258593749999999289e+00
7.830898437499998366e+00
7.375000000000000000e+00
9.343593750000000142e+00
9.174843750000004405e+00
7.737343750000000853e+00
7.264843749999999822e+00
1.087734374999999964e+01
9.661093749999993818e+00
8.777500000000012292e+00
1.094964843749999162e+01
8.392773437500000711e+00
9.346093749999999645e+00
7.921835937499999147e+00
6.045273437499999680e+00
6.112343750000000853e+00
6.261875000000008740e+00
6.809023437499992504e+00
8.174843749999993747e+00
7.419375000000004938e+00
6.748398437500000568e+00
5.986874999999999503e+00
7.035000000000003695e+00
7.306093749999993392e+00
6.789023437500000924e+00
7.575585937499999645e+00
9.016835937499987352e+00
8.789648437500000355e+00
7.628085937500010516e+00
7.906874999999987885e+00
6.830898437499993925e+00
6.350585937500000000e+00
8.444374999999988418e+00
8.149375000000008029e+00
7.139843749999999822e+00
7.074374999999998970e+00
6.434023437499989839e+00
6.262500000000000178e+00
6.432460937499996589e+00
6.265585937500001812e+00
6.700000000000000178e+00
8.946875000000000355e+00
6.867343750000005187e+00
6.717773437500000000e+00
7.459335937500003233e+00
7.982460937499991971e+00
7.500000000000000000e+00
7.709999999999995524e+00
7.474960937499990798e+00
7.169374999999992504e+00
8.090585937500012648e+00
6.531875000000011866e+00
6.677148437499999645e+00
6.844960937499998010e+00
7.679843750000000746e+00
6.962343750000004938e+00
6.494375000000007780e+00
6.174648437500010800e+00
6.023593749999992752e+00
6.399648437500003340e+00
7.146093750000000355e+00
8.810000000000007603e+00
7.187343749999999254e+00
6.672500000000013642e+00
6.986093749999994884e+00
7.331835937500000178e+00
7.056210937499993285e+00
7.215273437500000497e+00
6.704335937499998010e+00
5.889843749999999822e+00
5.665000000000004476e+00
7.188710937499995346e+00
6.959335937500003233e+00
6.118710937499995062e+00
7.099960937499993463e+00
6.067343750000008029e+00
6.422460937500000355e+00
6.420273437499997904e+00
7.594375000000006537e+00
6.407773437500000391e+00
6.724960937499993463e+00
7.102773437500006892e+00
6.902773437500007603e+00
7.552499999999993108e+00
7.319374999999991971e+00
7.311875000000003233e+00
7.080898437499994813e+00
8.181874999999998010e+00
7.524843749999999609e+00
7.179843750000000746e+00
6.478710937499999822e+00
8.046875000000000000e+00
8.889999999999991687e+00
7.104843750000000568e+00
6.946523437499993570e+00
6.690000000000003055e+00
7.270898437499999645e+00
8.840273437499998721e+00
7.298593749999992220e+00
6.906093750000013465e+00
7.406210937499993818e+00
6.872500000000000497e+00
7.606874999999999609e+00
6.009335937500005720e+00
7.911093750000000924e+00
7.442148437499993108e+00
8.724960937499993463e+00
9.062500000000000000e+00
8.482773437500004121e+00
7.615585937500010338e+00
7.596835937500001634e+00
9.731093750000017195e+00
1.011734374999999986e+01
8.440273437500009024e+00
1.022183593749999631e+01
9.802500000000019753e+00
1.172359374999997783e+01
9.909960937499999289e+00
9.988085937499999289e+00
1.132621093750000973e+01
9.725585937500000000e+00
1.195687499999997705e+01
8.059023437499996945e+00
9.285000000000007248e+00
7.794960937500002629e+00
7.794960937500002629e+00
1.264859375000000163e+01
9.711093749999992752e+00
1.429058593750001194e+01
1.160777343750000945e+01
3.049746093750000142e+01
3.165234375000000000e+01
3.310249999999998494e+01
3.646871093750000625e+01
3.448652343749999716e+01
3.900527343750000142e+01
3.734234375000001194e+01
1.075057820410131853e+03
1.417058837041854986e+03
3.115963868913054284e+03
5.633155633162858066e+03
8.013002204225056630e+03
8.025925998780720874e+03
1.010097772935330795e+04
9.094308397710323334e+03
1.190487348596990341e+04
1.168528202958048132e+04
1.108868716523885814e+04
1.369779867589713285e+04
1.390729474224091064e+04
1.471715396297217558e+04
1.446949266959190209e+04
1.448489629566609801e+04
1.380863101415395431e+04
1.290321782546996837e+04
1.246905771121441285e+04
1.175786836686075549e+04
1.195353427541494966e+04
8.866229000005718262e+03
9.139036778387428058e+03
6.455309402841920019e+03
3.605233436563013584e+03
2.540082097501161570e+03
1.124914441809058189e+03
2.881507349357608291e+03
1.832403873752951085e+03
2.518093385953310644e+03
2.165028643128872773e+03
1.442908708868027816e+03
3.801217988008260704e+02
3.829037668794393312e+02
3.780231980317831244e+02
1.186859375000001648e+01
1.223183593749999964e+01
1.295777343750000377e+01
1.382496093749998600e+01
1.463589843749999986e+01
1.716859375000000654e+01
1.505902343750001293e+01
1.093714843750001542e+01
1.547777343749999623e+01
1.114750000000002039e+01
1.216214843750000796e+01
9.724960937499989910e+00
8.921523437499992326e+00
1.138402343749999446e+01
1.209984374999999268e+01
9.198593749999997016e+00
8.759335937500001279e+00
8.184023437499991616e+00
9.950585937499999645e+00
1.046234375000000227e+01
8.901210937500012577e+00
8.865000000000000213e+00
9.040585937500008384e+00
1.072308593750000227e+01
1.124937499999999524e+01
9.961875000000016911e+00
1.207246093750000071e+01
1.371371093749999126e+01
1.109214843750000412e+01
9.797500000000008313e+00
1.104859375000000377e+01
9.956093750000018616e+00
1.478121093750000981e+01
9.901210937499991260e+00
9.152499999999999858e+00
1.190589843749998167e+01
9.271523437499991971e+00
8.335898437499993818e+00
8.769960937499998721e+00
8.976210937500015419e+00
1.072359374999998849e+01
9.976523437500002700e+00
1.010746093750000618e+01
1.064339843749998593e+01
1.134687500000000071e+01
9.832773437500000213e+00
9.729335937499985931e+00
1.248984375000000036e+01
9.474999999999999645e+00
8.131874999999993747e+00
9.171835937500004476e+00
8.751523437499992397e+00
7.913710937500009202e+00
9.917343750000005898e+00
9.259023437499994458e+00
9.004843750000004476e+00
8.354648437500003411e+00
8.248085937500004405e+00
9.654843750000003055e+00
7.457460937499992504e+00
6.929648437499994706e+00
7.606875000000004938e+00
7.715585937500003766e+00
1.094589843750000036e+01
8.928710937500000000e+00
1.053437500000000071e+01
9.055273437500000355e+00
8.894335937499999289e+00
8.061875000000004121e+00
8.748085937500009734e+00
9.520273437500005542e+00
9.751210937500021103e+00
8.524375000000006253e+00
9.390585937500009805e+00
7.654335937499989306e+00
7.089999999999996305e+00
8.914023437500006253e+00
7.834374999999999645e+00
1.000152343749999773e+01
1.153433593749999453e+01
9.374648437499997655e+00
9.161093749999977831e+00
9.592343750000008384e+00
8.476523437500004476e+00
9.055898437499990905e+00
7.582460937499995168e+00
8.610000000000008313e+00
9.586875000000002700e+00
8.637343750000006537e+00
7.750585937500000355e+00
9.199648437499995168e+00
1.201089843749999808e+01
1.047339843749999488e+01
9.206210937499989200e+00
8.840585937500001990e+00
9.692343750000004476e+00
9.447500000000015774e+00
8.202343750000000711e+00
8.628085937500012292e+00
9.585585937500008313e+00
9.980273437499999289e+00
9.029843749999994174e+00
7.512148437499997833e+00
8.362343750000002629e+00
8.434960937499999645e+00
9.210898437499988489e+00
1.005152343750000554e+01
9.760898437499990976e+00
9.870273437500012292e+00
9.197500000000013998e+00
7.992343750000003411e+00
8.299374999999999503e+00
8.019960937500000497e+00
9.794374999999998721e+00
6.476523437499999147e+00
7.290585937500007496e+00
8.363710937499996945e+00
7.648085937500008313e+00
7.956874999999994813e+00
7.123085937500009734e+00
8.177343750000000355e+00
8.906874999999990550e+00
7.935000000000007603e+00
8.314999999999990621e+00
8.224648437499993747e+00
8.028710937499999645e+00
8.437500000000000000e+00
8.198398437499999858e+00
7.953085937500004476e+00
7.789023437500004476e+00
8.096835937500006963e+00
7.581093749999995524e+00
8.131875000000004405e+00
8.152500000000003411e+00
7.344335937500000355e+00
8.723593749999988489e+00
7.724648437499998188e+00
7.431093749999996945e+00
1.008359375000000036e+01
8.745273437500012292e+00
8.174843749999997300e+00
8.464843750000000000e+00
7.624374999999998792e+00
9.627773437500009024e+00
9.464023437499999858e+00
8.652500000000003411e+00
8.408593749999999645e+00
8.311874999999995239e+00
7.448593749999986358e+00
8.856874999999996945e+00
8.473398437500003766e+00
8.561875000000000568e+00
8.749843749999996589e+00
7.543710937499992220e+00
1.106371093750001577e+01
1.058433593749999346e+01
9.016210937500000355e+00
8.245273437500006963e+00
9.018710937499990976e+00
8.612148437500007248e+00
7.286874999999999325e+00
8.013710937499999076e+00
9.038710937499997655e+00
8.449374999999996305e+00
7.622500000000000497e+00
9.410000000000012577e+00
8.564023437499997726e+00
1.034527343750002082e+01
1.131839843749999019e+01
1.355589843749998735e+01
1.073433593750000270e+01
8.999023437500000000e+00
1.096000000000002039e+01
8.104843750000011227e+00
8.779843750000008384e+00
8.827500000000007674e+00
7.125000000000000000e+00
