2.301275293400396185e+04
2.272187044657826482e+04
2.236859746989788255e+04
2.208462124676116582e+04
2.173564029873495019e+04
2.130171620179850652e+04
2.091239018442310771e+04
2.072580399329370630e+04
2.027143423258649636e+04
1.990692394452065128e+04
1.964495412284712802e+04
1.912963755525072338e+04
1.904609907026368091e+04
1.879021612559061032e+04
1.873180551745160847e+04
1.855957811309251701e+04
1.802994177716811464e+04
1.790098582533150329e+04
1.772376406035665423e+04
1.739296570644718668e+04
1.697394665447340230e+04
1.680608931565310195e+04
1.658446456332876187e+04
1.613052400548696824e+04
1.611698460600518229e+04
1.577444170096022026e+04
1.526209053497942477e+04
1.488724035970126533e+04
1.471247675659198285e+04
1.450563999390336903e+04
1.422630696540161625e+04
1.419957933241883802e+04
1.390627770156988299e+04
1.367825392470659972e+04
1.359108672458466754e+04
1.300073769242493472e+04
1.288735009907026324e+04
1.258394269166285630e+04
1.256033653406492886e+04
1.215961713153482742e+04
1.211170248437738155e+04
1.189362841030330674e+04
1.174836274958085596e+04
1.157871056241426595e+04
1.136984484072550003e+04
1.107708946806889253e+04
1.077422831885383312e+04
1.049036915104404761e+04
1.055611522633744789e+04
1.025407346441091249e+04
1.024923517756439651e+04
1.004778295991464802e+04
9.894752629172382512e+03
9.916446883097089085e+03
9.495828074988568915e+03
9.513425392470659062e+03
9.190196616369456024e+03
9.068927297668038591e+03
8.834816643804299019e+03
8.565862520957171000e+03
8.690955647005030187e+03
8.549201646090534268e+03
8.462619722603261835e+03
8.297025453436976022e+03
8.323362901996646542e+03
8.157846669714982454e+03
8.153749733272366939e+03
8.007664685261393061e+03
8.176809632677945046e+03
7.888970583752477069e+03
7.564922420362750017e+03
7.807109891784788488e+03
7.363119036732205132e+03
7.388637098003353458e+03
7.337796067672610661e+03
7.154643499466545109e+03
6.903247675659198649e+03
6.976368236549306857e+03
6.861458923944520393e+03
6.545526596555403557e+03
6.658914189910075038e+03
6.342864807194025161e+03
6.320585276634659749e+03
5.960406035665295349e+03
6.018075293400396731e+03
6.040823045267489761e+03
5.852402987349489194e+03
5.760007315957933315e+03
5.742136869379667587e+03
5.625003505563176077e+03
5.511967078189300082e+03
5.394677640603566942e+03
5.214607529340039946e+03
5.037229690595945613e+03
5.160098765432098844e+03
5.175784179240969024e+03
4.996845602804450209e+03
5.080188995579942457e+03
4.950335619570187191e+03
4.719931717725956332e+03
4.586449626581314078e+03
4.336887669562566771e+03
4.410710562414265951e+03
4.333532083523852634e+03
4.275745770461820030e+03
4.218037494284408240e+03
4.177146166742874811e+03
3.928910836762688632e+03
3.861447950007620875e+03
3.825082761774119717e+03
3.816342630696540255e+03
4.090408169486358929e+03
4.103674439871971117e+03
4.120530406950159886e+03
3.999924401768023017e+03
4.108122542295382118e+03
4.029383325712543865e+03
3.850717878372199266e+03
3.712319463496418393e+03
3.692693187014174782e+03
3.888253619875019012e+03
3.616451150739216700e+03
3.703696235329980027e+03
3.663117207742722258e+03
3.612042066758116107e+03
3.527723212924859126e+03
3.632019509221155204e+03
3.403761621704008576e+03
3.225876543209876672e+03
3.213975918305136474e+03
3.228607834171620198e+03
3.114010669105319266e+03
3.214128181679622230e+03
2.944046334400243722e+03
2.839359853680841297e+03
2.838384392623075655e+03
3.075537113244932243e+03
2.742399024538942285e+03
2.752504801097393738e+03
2.734946502057613088e+03
2.703184423106233680e+03
2.437860082304526713e+03
2.328257125438195544e+03
2.432787684804145556e+03
2.341679622008839942e+03
2.274099679926840508e+03
2.332861454046639210e+03
2.274216735253772185e+03
2.227706752019509167e+03
2.130589696692577490e+03
2.126688004877305502e+03
2.032419448254839153e+03
2.179361530254534500e+03
2.036706752019509167e+03
1.972796220088401242e+03
1.906856729157140762e+03
1.766543514708123666e+03
2.042554793476604118e+03
2.427895595183661044e+03
2.247672763298277914e+03
2.013331351928059803e+03
1.918048468221307758e+03
2.948196616369456024e+03
2.801057918000304653e+03
2.043412894375857377e+03
2.063000762078951539e+03
1.673249352232891397e+03
2.801098765432098844e+03
2.658448864502362539e+03
4.911335467154397520e+03
3.908929431489102171e+03
4.954136107300716503e+03
5.387038561194939575e+03
6.277306812985825673e+03
7.190558756287151482e+03
1.017116872427983617e+04
9.340790580704160675e+03
1.067703444596860209e+04
1.163355601280292649e+04
1.477811995122694680e+04
1.888599451303155001e+04
1.888599451303155001e+04
6.145658344764517824e+04
6.034540085352842289e+04
3.714957735101356229e+04
1.138064883401920451e+04
2.312023167200121861e+03
3.372702941624752384e+03
4.595228776101203948e+03
5.826962962962962592e+03
6.795283645785703811e+03
7.607530559365950467e+03
8.361483920134125583e+03
9.077550373418685922e+03
9.543430574607529707e+03
1.020139856729157145e+04
1.065471483005639311e+04
1.081527572016460908e+04
1.122793476604176249e+04
1.129336869379667769e+04
1.128685261393080327e+04
1.144401889955799379e+04
1.172378113092516469e+04
1.158331473860691949e+04
1.166053223593964321e+04
1.143812711476908953e+04
1.169994086267337298e+04
1.150176619417771690e+04
1.137878006401463244e+04
1.148042310623380581e+04
1.131775522024081693e+04
1.128279469593049907e+04
1.102499984758420942e+04
1.099335589087029439e+04
1.070060051821368688e+04
1.061756927297667971e+04
1.036430056393842460e+04
1.017783142813595441e+04
9.863967078189300082e+03
9.828733424782807560e+03
9.572070111263526996e+03
9.546122847126962370e+03
9.312558451455570321e+03
9.149734491693339805e+03
8.617015698826398875e+03
8.714327693949093373e+03
8.298274043590916335e+03
8.315247065996036326e+03
7.883625057155921240e+03
7.697663161103489983e+03
7.447203779911598758e+03
7.404010364273738560e+03
7.404907788446883387e+03
7.085385764365188152e+03
6.945192501143118534e+03
6.983157445511355036e+03
6.688607224508458785e+03
6.397997866178936420e+03
6.303612254229537939e+03
6.096853528425544937e+03
6.083392165828379802e+03
5.845145557079713399e+03
5.781038256363359324e+03
5.609240054869684172e+03
5.398150281969212301e+03
5.291786008230452353e+03
5.123811614083218956e+03
5.147183661027282142e+03
5.035746989788141946e+03
4.790047858558146800e+03
4.710762383782959660e+03
4.547197073616826856e+03
4.481841182746532468e+03
4.224202408169486262e+03
4.132235939643346683e+03
3.970855662246608972e+03
4.038123456790123328e+03
3.937455875628715148e+03
3.844123761621704034e+03
3.957667428745618054e+03
3.888214601432708605e+03
4.065826550830665838e+03
3.660776101204084625e+03
3.767764670019814275e+03
3.508643194634964402e+03
3.452495656149977094e+03
3.192710867245846657e+03
3.216512117055327053e+03
3.387334857491236107e+03
3.073704618198445132e+03
3.255530559365950467e+03
3.141206523395823751e+03
2.957273433927754922e+03
3.109949550373418788e+03
2.578911751257430296e+03
3.013885535741502736e+03
2.873457399786617771e+03
2.776306050906874134e+03
2.540829751562261663e+03
3.169600823045267589e+03
2.973184423106233680e+03
2.503955799420819858e+03
2.396032312147538505e+03
2.838570187471421832e+03
2.312647005029721186e+03
2.473866331351928238e+03
2.052786922725194472e+03
2.152477518670934387e+03
2.687334247828075149e+03
2.197464258497180253e+03
2.475935070873342283e+03
2.489353299801859521e+03
2.623144642584971734e+03
2.605781588172534612e+03
2.562939948178631312e+03
2.920964791952446376e+03
2.701646547782350353e+03
3.115548392013412467e+03
2.864155006858710749e+03
2.852254229538179970e+03
3.785829599146471537e+03
4.135976070720927055e+03
6.328892394452065673e+03
6.021510897729004682e+03
5.398357567443987136e+03
4.563143270842859238e+03
4.783282578875171566e+03
3.601785398567291395e+03
3.178599298887364512e+03
4.100004420057917741e+03
3.360851089772900650e+03
2.943790580704161130e+03
3.485787379972565304e+03
3.105130315500685811e+03
3.337558908702941608e+03
3.152105776558451453e+03
3.029160951074531113e+03
2.668831732967535572e+03
3.629254229538179970e+03
4.091966773357719831e+03
3.350784941319920563e+03
3.383402225270538111e+03
3.814510288065843724e+03
5.096556774881877573e+03
6.457184880353604967e+03
5.110445663770766259e+03
4.772432251181222455e+03
6.395846517299191873e+03
1.139484727937814387e+04
1.070887578113092604e+04
6.862929888736473004e+03
9.443997713763146749e+03
1.027535086114921432e+04
8.352317939338516226e+03
8.503902149062643730e+03
8.760794543514708494e+03
9.306769699740892975e+03
1.008416003657978945e+04
8.691418991007469231e+03
1.465158634354519199e+04
1.524446288675506730e+04
1.883105944215820637e+04
2.060008794391098854e+04
2.319836335924401646e+04
2.042489788142051475e+04
2.414829141899100796e+04
2.330468648071940333e+04
3.005715134887974273e+04
2.553471208657216994e+04
3.056118366102728396e+04
2.667801219326322098e+04
3.262819234872732704e+04
3.795943270842859056e+04
3.119514540466392282e+04
2.976408885840573203e+04
2.906262612406645349e+04
2.749902514860539668e+04
3.357476375552506943e+04
3.449059000152415683e+04
3.059633790580704226e+04
3.422971665904588008e+04
3.233700045724736992e+04
3.445718975765889627e+04
3.446749032159731723e+04
4.280681069958848093e+04
4.065193430879439256e+04
4.316585200426763913e+04
3.821448940710257739e+04
4.101234156378600892e+04
4.539306736777930200e+04
4.087195564700503019e+04
4.778154534369760950e+04
4.585375262917238433e+04
5.045481298582533054e+04
5.130602560585276660e+04
4.983497454656302580e+04
5.167524950464868016e+04
5.148051257430269470e+04
5.214923853071178019e+04
5.095607453132144292e+04
5.344490519737845170e+04
5.370706477671086759e+04
5.619410059442157944e+04
5.710598613016308809e+04
5.939278158817253279e+04
5.404648163389727415e+04
6.055551165980795486e+04
6.117289163237311732e+04
6.071169989330894896e+04
6.086496143880506133e+04
5.972271422039323079e+04
6.038129553421734454e+04
6.072948971193415491e+04
6.087662673372961581e+04
6.117565828379819868e+04
6.179081405273586279e+04
6.197052918762384070e+04
6.172932129248590354e+04
6.251065051059289544e+04
6.240635253772290889e+04
6.252961027282426221e+04
6.264639094650205516e+04
6.261595656149977003e+04
6.265739414723365189e+04
6.124729294314891013e+04
6.224611050144794717e+04
6.262099512269470870e+04
6.193127815881725110e+04
6.160122740435909509e+04
6.168292912665752374e+04
5.721480612711476715e+04
6.158597012650510442e+04
6.188566499009297695e+04
6.266469379667733301e+04
6.197318152720621583e+04
6.214388538332570897e+04
6.174863542142965889e+04
6.244104450541076221e+04
6.171546944063404953e+04
6.215098552049992577e+04
6.228083310470965080e+04
6.191711202560584934e+04
6.242871132449321885e+04
6.228044551135497750e+04
6.164503901844230859e+04
6.246308520042676537e+04
6.241415454961133946e+04
6.241731672001218976e+04
6.251166300868769758e+04
6.239363435451912665e+04
6.207205014479500096e+04
6.244088355433622928e+04
6.172365797896662116e+04
6.259086800792562281e+04
6.242285871056241740e+04
6.247553254077122256e+04
6.271158939186099451e+04
6.260136244474927662e+04
6.255219935985367920e+04
6.233677686328303389e+04
6.259804450541076221e+04
6.245017162017984811e+04
6.265450403901844402e+04
6.263245968602347421e+04
6.250444185337601084e+04
6.247895869532083452e+04
6.251965614997713419e+04
6.245086541685718839e+04
6.227988797439415066e+04
6.229334933699131216e+04
6.231656531016613008e+04
6.225831214753848326e+04
6.247338042981252511e+04
6.235917482091144484e+04
6.230934827008077991e+04
6.251942234415485291e+04
6.245835832952294004e+04
6.240162414266118139e+04
6.241407239750037843e+04
6.216451318396585702e+04
6.238473052888279199e+04
6.226634857491235744e+04
6.212993872885230667e+04
6.214137250419143675e+04
6.222928105471727031e+04
6.233966422801402223e+04
6.216392379210486251e+04
6.219990016765736800e+04
6.221909586953208054e+04
6.203012955342173518e+04
6.199497393689986347e+04
6.205006797744246433e+04
6.193675842097241548e+04
6.186160890108215244e+04
6.169028029263831559e+04
6.165278219783569511e+04
6.176300929736320541e+04
6.185860448102423106e+04
6.170237463801250124e+04
6.172324950464868016e+04
6.172075232434079953e+04
6.185989208962048724e+04
6.179438012498094758e+04
6.167935375704923354e+04
6.180245694253924739e+04
6.175216217040085030e+04
6.164458832495046227e+04
6.159803932327389339e+04
6.152651851851851825e+04
6.163651150739216246e+04
6.175590794086267124e+04
6.172410791037951276e+04
6.165414784331656847e+04
6.165680109739369072e+04
6.167861240664532670e+04
6.177760219478738145e+04
6.174689468068892165e+04
6.175044535893918510e+04
6.169983843926230475e+04
6.158227587258040148e+04
6.170643392775491520e+04
6.189473555860386841e+04
6.206895290352080337e+04
6.208803429355280969e+04
6.211686892242036265e+04
6.223474363664075645e+04
6.209447096479195170e+04
6.219841609510745184e+04
6.217391388507849479e+04
6.218440847431794100e+04
6.209213122999542975e+04
6.218226245999085222e+04
6.215260844383478252e+04
6.218995046486816136e+04
6.216965950312452333e+04
6.224508352385307080e+04
6.209759381191891589e+04
6.219993918609967659e+04
6.199470355128791562e+04
6.218514982472184056e+04
6.223599085505258699e+04
6.218846639231824520e+04
6.210652766346593853e+04
6.204905486968449986e+04
6.207281572930955736e+04
6.213824980948026496e+04
6.220602469135802676e+04
6.215292059137326578e+04
6.207800823045267316e+04
6.214472671848803293e+04
6.200250449626581394e+04
6.200706965401615889e+04
6.205369669257735222e+04
6.203933790580704226e+04
6.189239445206523669e+04
6.207687501905197132e+04
6.196094985520499904e+04
6.199883676268861745e+04
6.192001950922115793e+04
6.196013046791647503e+04
6.205439902453894319e+04
6.189294071025758603e+04
6.199985124218869169e+04
6.205837890565462294e+04
6.206111019661636965e+04
6.182801402225270431e+04
6.187620179850632849e+04
6.162839567139155406e+04
6.173074104557232204e+04
6.167022344154854363e+04
6.171716262764822750e+04
6.190476329827769950e+04
6.208108763907940738e+04
6.212900228623685689e+04
6.205794970278920664e+04
6.208362399024538900e+04
6.204686846517299273e+04
6.199314007011126523e+04
6.195611156835847942e+04
6.194565462581923202e+04
6.176831580551744992e+04
6.174279774424630159e+04
6.198627282426459715e+04
6.176269714982472215e+04
6.187292424935223244e+04
6.190464624295076646e+04
6.190168084133516095e+04
6.178208931565310195e+04
6.187233897271757451e+04
6.197148483462887089e+04
6.190632403597012308e+04
6.184607956104252662e+04
6.164275445816186402e+04
6.155199756134735799e+04
6.155199756134735799e+04
5.498730071635421336e+04
5.561307849413199438e+04
5.657979942081999616e+04
5.779401432708428911e+04
5.901806188081084838e+04
6.042775918305136292e+04
6.141984362139917357e+04
6.001065035817711032e+04
4.779800624904740107e+04
3.457264548087181902e+04
2.213045145557079741e+04
8.724006858710561573e+03
2.437463344002438589e+03
2.457093430879438984e+03
2.951615912208504596e+03
3.054702636793171678e+03
3.289905807041609478e+03
3.444067672610882710e+03
3.636038408779149449e+03
3.817005944215820818e+03
3.556128638926993062e+03
3.749074836153025444e+03
3.777324188385916841e+03
3.992784026825178898e+03
3.971518975765889536e+03
4.041440024386526602e+03
4.030983081847279209e+03
3.881425392470659972e+03
3.839792714525224710e+03
3.595615302545343638e+03
3.629561347355585895e+03
3.459636031092821213e+03
3.255998780673677629e+03
3.089858253315043385e+03
3.023800030483158025e+03
2.789572321292485867e+03
2.755938424020728689e+03
2.683832342630696530e+03
2.548867550678250154e+03
2.276596860234720225e+03
2.190288065843621553e+03
2.096838896509678307e+03
2.238631915866483723e+03
1.825348574912360846e+03
1.740090534979423865e+03
1.968030940405426009e+03
2.759895747599451170e+03
2.434057613168724401e+03
2.772846669714982454e+03
4.060901539399481862e+03
5.286020576131687449e+03
9.168840725499161636e+03
9.829880201188843785e+03
1.246245115073921625e+04
1.616774028349336913e+04
2.621241289437585874e+04
3.056317436366407492e+04
4.247207940862673422e+04
4.623503688462124410e+04
5.213195701874713995e+04
5.262467398262459756e+04
5.734317588782197708e+04
5.535724645633287582e+04
6.004160722450845788e+04
6.057661728395061800e+04
6.118646319158664846e+04
6.180801676573693112e+04
6.232574165523548436e+04
6.193810013717420952e+04
6.233373632068282313e+04
6.223173921658283507e+04
6.221027907331199822e+04
6.223462520957171364e+04
6.207270004572473408e+04
6.220380064014632080e+04
6.217207864654777950e+04
6.202119433013260277e+04
6.208163389727175672e+04
6.205892516384697228e+04
6.212443712848651194e+04
6.199302301478433219e+04
6.194186983691510250e+04
6.184982533150434028e+04
6.178302575826855900e+04
6.165309434537417837e+04
6.175949763755525055e+04
6.151528120713305543e+04
6.150622892851699726e+04
6.140193263222069800e+04
6.119946593507087528e+04
6.135912940100594278e+04
6.134402926383173326e+04
6.111296204846822366e+04
6.088833287608596584e+04
6.093495991464715917e+04
6.091548971193415491e+04
6.092750739216582588e+04
6.085075811614083068e+04
6.099641396128638735e+04
6.082375735406188323e+04
6.069156287151348806e+04
6.080487242798353691e+04
6.052276909007773065e+04
6.044594177716811100e+04
6.030637280902301427e+04
6.031862459990855132e+04
6.021534278311233356e+04
6.030348544429202593e+04
6.021620118884316616e+04
6.013820332266423065e+04
6.017804115226337308e+04
6.007015515927450178e+04
5.995547995732357958e+04
5.989987867703093798e+04
5.989305044962657848e+04
5.979148544429202593e+04
5.973697668038409029e+04
5.954789330894680461e+04
5.965929096174363804e+04
5.953513427831123408e+04
5.987521902149062953e+04
5.997100929736320541e+04
6.029903734186861402e+04
6.035834537418076798e+04
6.054337082761774218e+04
6.051781374790428526e+04
6.055449108367627196e+04
6.072289468068892165e+04
6.091498247218412143e+04
6.086425849718030804e+04
6.082512299954274931e+04
6.095169882639841671e+04
6.073327358634354459e+04
6.104495290352080337e+04
6.097776314586191438e+04
6.103262307575064915e+04
6.098322572778540052e+04
6.092594665447340230e+04
6.100550525834476139e+04
6.080366285627191246e+04
6.069940557841792179e+04
6.073721444901691575e+04
6.070377564395671652e+04
6.057922877610120486e+04
6.057934583142813790e+04
6.052530528882791987e+04
6.053256271909769566e+04
6.061344795000761951e+04
6.065355890870294388e+04
6.035022953818015230e+04
6.067084407864655077e+04
6.056849870446578279e+04
6.052351044048163749e+04
6.060525407712238666e+04
6.033345160798658617e+04
6.033473921658283507e+04
6.025666331351928238e+04
6.013871056241426413e+04
6.021444535893918510e+04
6.023422770919067261e+04
6.029158481938728801e+04
6.027047584209724300e+04
6.014787989635726262e+04
6.017601219326322462e+04
6.014752873037646350e+04
6.006793110806279583e+04
6.021503063557384303e+04
5.996792684042066685e+04
5.981146288675507094e+04
5.985083249504648848e+04
5.993452705380277621e+04
5.980795122694710881e+04
5.981981283340953814e+04
5.993819478737997269e+04
5.996316659045877168e+04
5.982863100137174479e+04
5.984146806889193977e+04
6.007819295839048573e+04
5.981981283340953814e+04
5.973299679926840327e+04
5.967193293705227552e+04
5.968301417466849671e+04
5.949404785855814407e+04
5.965176040237768757e+04
5.947527998780673806e+04
5.956576375552506943e+04
5.947317299192196515e+04
5.959471543971955543e+04
5.943165736930345884e+04
5.940613930803231051e+04
5.930874927602499520e+04
5.921077396738302195e+04
5.921420759030635236e+04
5.927956348117665038e+04
5.931183173296753375e+04
5.925279682975156175e+04
5.947157323578722571e+04
5.936360920591372997e+04
5.938889315653101949e+04
5.930250632525529363e+04
5.925626947111720801e+04
5.934530955647004885e+04
5.957704008535284083e+04
5.956213504039018153e+04
5.960950342935528170e+04
5.929993110806279583e+04
5.926387806736778293e+04
5.944461149215058686e+04
5.949385276634659385e+04
5.936138515470202401e+04
5.940227648224356381e+04
5.935155250723975041e+04
5.912762566681908356e+04
5.938694223441548820e+04
5.913246395366560319e+04
5.911634933699131216e+04
5.915700655387897859e+04
5.899898186252095911e+04
5.912259228776101372e+04
5.920090230147843249e+04
5.917873982624599739e+04
5.936961804602956545e+04
5.942557049230300618e+04
5.940106691053193208e+04
5.934967962200884358e+04
5.925490382563633466e+04
5.933816918152720609e+04
5.927051120256058493e+04
5.924089620484682382e+04
5.920585764365188516e+04
5.921338820301783562e+04
5.920897911903673230e+04
5.909941533302850439e+04
5.902094924554183672e+04
5.897397104099984426e+04
5.882819814052736183e+04
5.900358603871361265e+04
5.898193080323121831e+04
5.884614662399024382e+04
5.890217710714830173e+04
5.899414357567443949e+04
5.893670842859319964e+04
5.889452949245541822e+04
5.895418869074836402e+04
5.912044627343392494e+04
5.905883615302545513e+04
5.904233135192805639e+04
5.909699618960524094e+04
5.909867398262459756e+04
5.908423715896967042e+04
5.923477030940405530e+04
5.914721292485901358e+04
5.907401432708428911e+04
5.904455540313976235e+04
5.899375339125133178e+04
5.894622892851699726e+04
5.885714982472184056e+04
5.898513031550068263e+04
5.908053040695015807e+04
5.903054778235025151e+04
5.913472702331961773e+04
5.909972748056698765e+04
5.891602865416857094e+04
5.892164730986129871e+04
5.893421124828531902e+04
5.884446883097088721e+04
5.880178265508306504e+04
5.883057826550830941e+04
5.878605822283188900e+04
5.891177564395671652e+04
5.877997134583142906e+04
5.882070659960371995e+04
5.885578417924096721e+04
5.873997744246303773e+04
5.889601219326322462e+04
5.870146623990245280e+04
5.865534644109130022e+04
5.862779942081999616e+04
5.866416460905349959e+04
5.841971406797744567e+04
5.867739186099680228e+04
5.872854503886602470e+04
5.871957079713458370e+04
5.881220057918000384e+04
5.875507757963724725e+04
5.858487913427830790e+04
5.849681450998323271e+04
5.866201859472641081e+04
5.851121231519585126e+04
5.850684224965706380e+04
5.854211492150586855e+04
5.856845237006554089e+04
5.845042158207590546e+04
5.856868648071939970e+04
5.859518000304831367e+04
5.854133455265965313e+04
5.849888248742569704e+04
5.842837616217040340e+04
5.865948239597622160e+04
5.854628989483310579e+04
5.854609480262154830e+04
5.857235421429660346e+04
5.850852004267642042e+04
5.856622831885383493e+04
5.856337997256515519e+04
5.852244962658131408e+04
5.835974272214601660e+04
5.841292485901539476e+04
5.846563877457704803e+04
5.819859655540314270e+04
5.838728974241731339e+04
5.847141350403901743e+04
5.821201889955799561e+04
5.838202225270537747e+04
5.840180460295686498e+04
5.831494955037342152e+04
5.858523030025910703e+04
5.840461393080322887e+04
5.845537692424935085e+04
5.855662978204542014e+04
5.884107422648986540e+04
5.873190062490473792e+04
5.886027130010668770e+04
5.891021490626428567e+04
5.887416186556927278e+04
5.890584484072549822e+04
5.891450693491845595e+04
5.890022618503277045e+04
5.940286175887822174e+04
5.934374881877762527e+04
5.911369608291418990e+04
5.923063435451912665e+04
5.912544063404968620e+04
5.908650022862368496e+04
5.923988172534674231e+04
5.920741838134430873e+04
5.905294436823655269e+04
5.928713305898490944e+04
5.911080871818320156e+04
5.917803749428440642e+04
5.945030818472793908e+04
5.925111903673220513e+04
5.938307940862673422e+04
5.946193568053650233e+04
5.946357445511355036e+04
5.924842676421277429e+04
5.927850998323426029e+04
5.924405669867397955e+04
5.936602834933699341e+04
5.922630330742264778e+04
5.929415637860082643e+04
5.911900259106843441e+04
5.906035787227557012e+04
5.919204511507392453e+04
5.910581435756744759e+04
5.924858283798201592e+04
5.916200091449473985e+04
5.900620027434841904e+04
5.911662246608748683e+04
5.901177991159883823e+04
5.898680810852003924e+04
5.894732144490168866e+04
5.912056332876085798e+04
5.900151806127114833e+04
5.895426672763298120e+04
5.902258802011888474e+04
5.913652187166590738e+04
5.929817527815881476e+04
5.937098369151043880e+04
5.928502606310013653e+04
5.932396646852613776e+04
5.928658680079256010e+04
5.926696052431032149e+04
5.912762566681908356e+04
5.910792135345222050e+04
5.909371864045115217e+04
5.917253589391861169e+04
5.913593659503124218e+04
5.913659990855052456e+04
5.909652796829751605e+04
5.909465508306660922e+04
5.900030848955951660e+04
5.901751562261850631e+04
5.897120073159579624e+04
5.883725041914342000e+04
5.884704404816339229e+04
5.898821277244322846e+04
5.883647005029721186e+04
5.879518853833257162e+04
5.870240268251790985e+04
5.891005883249504404e+04
5.891868190824569319e+04
5.236229599146471446e+04
5.274986617893613584e+04
5.343620057918000384e+04
5.464748910227099259e+04
5.573672793781435757e+04
5.698804938271604624e+04
5.819524096936442947e+04
5.924975339125133178e+04
6.019076284103032958e+04
6.118639475689681421e+04
6.068737235177564435e+04
5.890001173601585469e+04
5.191442249657064531e+04
4.809387730528882821e+04
3.974449489407102374e+04
3.288321460143270815e+04
2.889091098917847921e+04
2.272570598994055763e+04
1.372480170705685123e+04
1.103990550221002923e+04
1.206673723517756480e+04
4.630760707209266911e+03
5.045247218411827816e+03
2.767038256363359324e+03
2.217396585886297999e+03
1.830924706599603724e+03
1.716718640451150804e+03
2.241743026977595036e+03
1.962881115683584767e+03
1.908100289590001466e+03
2.389226185032769536e+03
3.814546715439719719e+03
3.169307270233196050e+03
2.805935985368083948e+03
3.169893918609967841e+03
5.080202255753695681e+03
3.816794436823655269e+04
6.155453376009754720e+04
5.810382075903063378e+04
5.479813930803231051e+04
5.264256546258192247e+04
5.040388233500990464e+04
4.903687120865721954e+04
4.779073921658283507e+04
4.684606370980033535e+04
4.607318640451150713e+04
4.574937235177564435e+04
4.600029995427526592e+04
4.603678219783569511e+04
4.631755890870294388e+04
4.659205365035817522e+04
4.693237250419143675e+04
4.800799390336839133e+04
4.845522328913275123e+04
4.897584636488340038e+04
4.915521414418533823e+04
5.002009693644261279e+04
5.081786800792562281e+04
5.149717908855357382e+04
5.266016278006401262e+04
5.367577381496722955e+04
5.435016857186404377e+04
5.516194726413656463e+04
5.613139948178631312e+04
5.692913153482700727e+04
5.740086450236244127e+04
5.740086450236244127e+04
3.645897637555250549e+04
3.812510288065843633e+04
4.056781344307270047e+04
4.272900594421582355e+04
4.543399847584209783e+04
4.722268190824569319e+04
4.881084956561499712e+04
5.059929888736473367e+04
5.227057582685566013e+04
5.326897972869989462e+04
5.472198750190519786e+04
5.552206066148453101e+04
5.600167535436671460e+04
5.663592013412589586e+04
5.753420271300106833e+04
5.814527053802774026e+04
5.850970278920896089e+04
5.896879378143575741e+04
5.940431763450693688e+04
5.953502941624752566e+04
6.027329736320683151e+04
6.026147477518671076e+04
6.081385886297820252e+04
6.102424630391708342e+04
6.102057857033988694e+04
6.122031397652797023e+04
6.138399634202103334e+04
6.161697546105776564e+04
6.206553147386069031e+04
6.194454168571864284e+04
6.213448209114464407e+04
6.121035040390184440e+04
6.128382197835695843e+04
6.198707788446883205e+04
5.869827236701721995e+04
5.869827236701721995e+04
4.370934430727023573e+04
4.473139338515470445e+04
4.640516750495351152e+04
4.759097698521566781e+04
4.985689498552049918e+04
5.129967992684042110e+04
5.246781405273586279e+04
5.364550769699741068e+04
5.445229202865417028e+04
5.516476878524615313e+04
5.566006889193720417e+04
5.599359853680841479e+04
5.628783661027282506e+04
5.637956896814509673e+04
5.623996098155769141e+04
5.650118945282731147e+04
5.683382167352537363e+04
5.680147538484987308e+04
5.710722389879591356e+04
5.725900563938423875e+04
5.710250266727632697e+04
5.716910714830056531e+04
5.717585733882030036e+04
5.711420819996951468e+04
5.682531565310166479e+04
5.667181710105166712e+04
5.639482517908855516e+04
5.609087151348879706e+04
5.615107696997409221e+04
5.631042828837067646e+04
5.597475262917238433e+04
5.576011217802164174e+04
5.560922786160646501e+04
5.563014174668495980e+04
5.560704282883706765e+04
5.565507453132144292e+04
5.570708611492150521e+04
5.567466178936138022e+04
5.547968663313519210e+04
5.527604938271604624e+04
5.548019387288523285e+04
5.549057277853985579e+04
5.548202773967383109e+04
5.557656942539247393e+04
5.562089437585733685e+04
5.563369242493522324e+04
5.558558268556622352e+04
5.547921841182746721e+04
5.564941685718640656e+04
5.558484133516232396e+04
5.545011065386373957e+04
5.564044261545495829e+04
5.585305410760554514e+04
5.575574211248285428e+04
5.593280780368846172e+04
5.570849077884468716e+04
5.572472245084591123e+04
5.575866849565615121e+04
5.581477701569882629e+04
5.569054229538180516e+04
5.579511172077427182e+04
5.585001066910532245e+04
5.594564487120865670e+04
5.590877244322511979e+04
5.596101813747904089e+04
5.594662033226642234e+04
5.605325773510135332e+04
5.595313641213229857e+04
5.608041457094954967e+04
5.623980490778844978e+04
5.639985855814662500e+04
5.646517543057460716e+04
5.625026185032769718e+04
5.616106569120560744e+04
5.624183386678859824e+04
5.621779850632525631e+04
5.611237067520194978e+04
5.609231519585428759e+04
5.644422252705380379e+04
5.623933668648071762e+04
5.603636274958085414e+04
5.622806035665294621e+04
5.607830757506477676e+04
5.633067885992988886e+04
5.623188416399939160e+04
5.613234811766498751e+04
5.600585032769395184e+04
5.612520774272214476e+04
5.620621002895900165e+04
5.637843743331808946e+04
5.632982045419905626e+04
5.641690961743636581e+04
5.636298613016308809e+04
5.642845907636031188e+04
5.636657582685566013e+04
5.650602773967383109e+04
5.640426764212772105e+04
5.637235055631763680e+04
5.642170888584056956e+04
5.653794482548392261e+04
5.635050022862368496e+04
5.634870538027739531e+04
5.608088279225727456e+04
5.640059990855052456e+04
5.639384971803078952e+04
5.642483036122542399e+04
5.627940862673372612e+04
5.624538454503886896e+04
5.625978235025148751e+04
5.619165614997713419e+04
5.622727998780673806e+04
5.610917116293247818e+04
5.593647553726565820e+04
5.616859625057155790e+04
5.613543057460752607e+04
5.624460417619265354e+04
5.641144703551287967e+04
5.646400487730529130e+04
5.643641883859167865e+04
5.640282395976223052e+04
5.638311964639536745e+04
5.651574333180917893e+04
5.657653406492912472e+04
5.648004145709495788e+04
5.630075171467763721e+04
5.638893339429965272e+04
5.651515805517451372e+04
5.635881115683585085e+04
5.641874348422496405e+04
5.633973113854595431e+04
5.636766834324035881e+04
5.663787105624142714e+04
5.654594360615759797e+04
5.660127175735406490e+04
5.645717664990093181e+04
5.642756165218716342e+04
5.640949611339734838e+04
5.624612589544276852e+04
5.611295595183660771e+04
5.613433805822283466e+04
5.616785490016765834e+04
5.657665112025605777e+04
5.626836640755982080e+04
5.622392440176802484e+04
5.632525529644871131e+04
5.621100929736320541e+04
5.621951531778692151e+04
5.613028014022253046e+04
5.623676146928821981e+04
5.586831031854900357e+04
5.589316506630086951e+04
5.591396189605243126e+04
5.603651882335009577e+04
5.583128181679621775e+04
5.565386495960981847e+04
5.571118305136411800e+04
5.571801127876847750e+04
5.536645511354976043e+04
5.545210059442157944e+04
5.540118152720621583e+04
5.527772717573540285e+04
5.544577960676726070e+04
5.538553513183965697e+04
5.564715378753238474e+04
5.577049108367627196e+04
5.560559914647157711e+04
5.574411461667429103e+04
5.594377198597774986e+04
5.582156622466087720e+04
5.633017162017984811e+04
5.610647889041304734e+04
5.595961347355585895e+04
5.597459655540314270e+04
5.586058466697149561e+04
5.588138149672305735e+04
5.608322389879591356e+04
5.597752293857643963e+04
5.595461911294009769e+04
5.604537600975461100e+04
5.604717085810090066e+04
5.595114647157445870e+04
5.592851577503429144e+04
5.601907757963724725e+04
5.598821399176954583e+04
5.582453162627648271e+04
5.588462002743484481e+04
5.584154366712391493e+04
5.576612101813747722e+04
5.594127480566986924e+04
5.609805090687395568e+04
5.599937326627038419e+04
5.591716140832190285e+04
5.587740161560737761e+04
5.604049870446578279e+04
5.601381008992531861e+04
5.587560676726108795e+04
5.574356835848194169e+04
5.592808657216887514e+04
5.580693430879439256e+04
5.555471909769852209e+04
5.557411126352690189e+04
5.562967352537722763e+04
5.566802865416857094e+04
5.540812680993750837e+04
5.554980277396738529e+04
5.540722938576436718e+04
5.549584026825179171e+04
5.562069928364578664e+04
5.552955220240817289e+04
5.555292424935223244e+04
5.539607011126352882e+04
5.549014357567443949e+04
5.569943850022862171e+04
5.577107636031092989e+04
5.575156713915561704e+04
5.592219478737997269e+04
5.615447157445511402e+04
5.599332540771224012e+04
5.624386282578875398e+04
5.633781923487273161e+04
5.647969029111415875e+04
5.626723487273281353e+04
5.643399969516842248e+04
5.632154854442920623e+04
5.642619600670629734e+04
5.644601737540009344e+04
5.644313001066910510e+04
5.658254290504496021e+04
5.647102819692120102e+04
5.646025910684347036e+04
5.643384362139917357e+04
5.621967139155616314e+04
5.607350830666057300e+04
5.615501783264746336e+04
5.610125041914342000e+04
5.610429385764364997e+04
5.618330620332266699e+04
5.642260631001371803e+04
5.642046029568663653e+04
5.654309525986892550e+04
5.644535406188081106e+04
5.619274866636183287e+04
5.615490077732053032e+04
5.629396250571559358e+04
5.600838652644414105e+04
5.611849657064471830e+04
5.594857125438195362e+04
5.596027678707514133e+04
5.602368175582990079e+04
5.620905837524767412e+04
5.602571071483005653e+04
5.622895778082609468e+04
5.620710745313214284e+04
5.611463374485596432e+04
5.654446090534979157e+04
5.636095717116293235e+04
5.645811309251638158e+04
5.624042920286541630e+04
5.611557018747142138e+04
5.616828410303307464e+04
5.616859625057155790e+04
5.634679347660417261e+04
5.626001646090534632e+04
5.636958024691358150e+04
5.641308581008992769e+04
5.632669897881420184e+04
5.625268099375095335e+04
5.658035787227557012e+04
5.623957079713458370e+04
5.618112117055326962e+04
5.620277640603566397e+04
5.584962048468221474e+04
5.601899954275263008e+04
5.587580185947263817e+04
5.587619204389574588e+04
5.584548452979728609e+04
5.581524523700655118e+04
5.556810242341106641e+04
5.550426825179088337e+04
5.539505563176344731e+04
5.558772869989331230e+04
5.545159335467154597e+04
5.539856729157140944e+04
5.531670659960371995e+04
5.529575369608291658e+04
5.537476604176192632e+04
5.544897911903673230e+04
5.543165493065081682e+04
5.529942142966011306e+04
5.534612650510593085e+04
5.540676116445663502e+04
5.532240329218107217e+04
5.544004389574759989e+04
5.564032556012803252e+04
5.550660935832952237e+04
5.544683310470965080e+04
5.531592623075750453e+04
5.558843103185490327e+04
5.560536503581771103e+04
5.547278036884621542e+04
5.543372290809328115e+04
5.538331108062795101e+04
5.543836610272824328e+04
5.553076177411979734e+04
5.548811461667429103e+04
5.550434628867550782e+04
5.539845023624447640e+04
5.545178844688309619e+04
5.526840176802317001e+04
5.541554031397652579e+04
5.600132418838591548e+04
5.581118731900624698e+04
5.584435299497027881e+04
5.581704008535284083e+04
5.582823837829599506e+04
5.572636122542295197e+04
5.583354488645023957e+04
5.570443286084438296e+04
5.578254778235025151e+04
5.539329980185947352e+04
5.534074196006706188e+04
5.563622862368541246e+04
5.561133485749123793e+04
5.575894162475232588e+04
5.569510745313214284e+04
5.580654412437128485e+04
5.551609083981100412e+04
5.584618686175887706e+04
5.605146288675507094e+04
5.594849321749732917e+04
5.600666971498246858e+04
5.600436762688614544e+04
5.587521658283798024e+04
5.587353878981862363e+04
5.571165127267185017e+04
5.587646517299192055e+04
5.577622679469593277e+04
5.555885505258345074e+04
5.571820637098003499e+04
5.549119707361682958e+04
5.564805121170553321e+04
5.555862094192958466e+04
5.575812223746380187e+04
5.569397591830513556e+04
5.568863039170858247e+04
5.567075994513031765e+04
5.551480323121475521e+04
5.553419539704313502e+04
5.558792379210486251e+04
5.578352324340801715e+04
5.578722999542752950e+04
5.567903185490016767e+04
5.588294223441548820e+04
5.586436945587562514e+04
5.594798597774729569e+04
5.569038622161255626e+04
5.560150221002895705e+04
5.575137204694406682e+04
5.561870934308794676e+04
5.553860448102423106e+04
5.545334918457551976e+04
5.535978295991464984e+04
5.551246212467611622e+04
5.544164365188233205e+04
5.541479896357262623e+04
5.532482243560432835e+04
5.553052766346593853e+04
5.555862094192958466e+04
5.551730041152263584e+04
5.557383813443072722e+04
5.560294589239445486e+04
5.567684682213077031e+04
5.563525316262764682e+04
5.554488645023624122e+04
5.566069318701417797e+04
5.549556713915561704e+04
5.543270842859319964e+04
5.538678372199359728e+04
5.514728852309098875e+04
5.542389026063100027e+04
5.521947264136564627e+04
5.522583264746227360e+04
5.534866270385612006e+04
5.534725803993293812e+04
5.528116079865874053e+04
5.533641091297058301e+04
5.514600091449473985e+04
5.535724676116445335e+04
5.533914220393232972e+04
5.534854564852918702e+04
5.540785368084133370e+04
5.532201310775796446e+04
5.532201310775796446e+04
4.916283493369913049e+04
5.034798110044200439e+04
5.180664654778235126e+04
5.355490687395213899e+04
5.509106294772138062e+04
5.619528486511202209e+04
5.751676146928821981e+04
5.824133394299649080e+04
5.889407346441091067e+04
5.918085901539399492e+04
5.966636549306508095e+04
5.964182289285169827e+04
5.967096966925773449e+04
5.987015881725346844e+04
5.988771711629325000e+04
6.007699557994207862e+04
6.008998872123152250e+04
6.036764395671391685e+04
6.027360951074531476e+04
6.026693735711019690e+04
6.007153299801859248e+04
5.997734247828074876e+04
5.991694192958390340e+04
5.966737997256515519e+04
5.953249321749732917e+04
5.939698216735253664e+04
5.932869989330894896e+04
5.912463344002438680e+04
5.891022709952751029e+04
5.880316049382716301e+04
5.862921627800640272e+04
5.861833013260173902e+04
5.850478646547782409e+04
5.849479774424630159e+04
5.845484285932022613e+04
5.822248803536046034e+04
5.792302149062643002e+04
5.771189269928364229e+04
5.764064502362444910e+04
5.758110288065843633e+04
5.749436488340191863e+04
5.756506630086876976e+04
5.756611979881115985e+04
5.741476726108825096e+04
5.726528760859624890e+04
5.741792775491540669e+04
5.747110989178479213e+04
5.727617375400091260e+04
5.704456028044505365e+04
5.683659198292942892e+04
5.664973266270385648e+04
5.680159244017679885e+04
5.667794299649443565e+04
5.658168449931412761e+04
5.665289315653101949e+04
5.656943270842859056e+04
5.656404816338972887e+04
5.666350617283950851e+04
5.662507300716354075e+04
5.683596768785246240e+04
5.664918640451150713e+04
5.659916476146928471e+04
5.656919859777473175e+04
5.665453193110806023e+04
5.648386526444139599e+04
5.621592562109434220e+04
5.630769699740892975e+04
5.654446090534979157e+04
5.634394513031550014e+04
5.623473251028806408e+04
5.612161804602956545e+04
5.600089498552049918e+04
5.605325773510135332e+04
5.603913305898490944e+04
5.594029934461210360e+04
5.591735650053345307e+04
5.599203779911599122e+04
5.588945831428135716e+04
5.606714830056393839e+04
5.590846029568663653e+04
5.591123060509068455e+04
5.595559457399786334e+04
5.590830422191738762e+04
5.575269867398262431e+04
5.583260844383478252e+04
5.580229111415943044e+04
5.574403657978966658e+04
5.580084743179393263e+04
5.596308611492150521e+04
5.599207681755829981e+04
5.598419509221155022e+04
5.590498765432099026e+04
5.597982502667276276e+04
5.595820880963267700e+04
5.608833531473860785e+04
5.611884773662551743e+04
5.623438134430727223e+04
5.613074836153025535e+04
5.636364944368236320e+04
5.618935406188081106e+04
5.610991251333638502e+04
5.606687517146776372e+04
5.605552080475537514e+04
5.592032190214906586e+04
5.615380826093583164e+04
5.575687364730986155e+04
5.566311233043743414e+04
5.551780765127266932e+04
5.554371589696692536e+04
5.536290443529949698e+04
5.553743392775491520e+04
5.548116933394299849e+04
5.566939429964944429e+04
5.565230422191738762e+04
5.590249047401310963e+04
5.599469105319311348e+04
5.612509068739521172e+04
5.616274348422496405e+04
5.613714738606919855e+04
5.616453833257125370e+04
5.621537936290200014e+04
5.611896479195244319e+04
5.616566986739826098e+04
5.606816278006401262e+04
5.617476116445663502e+04
5.633387837219936046e+04
5.635448010973937198e+04
5.619532388355433795e+04
5.623808809632677730e+04
5.618900289590001194e+04
5.622310501447950082e+04
5.626067977442462870e+04
5.632392866941015382e+04
5.632861088248742453e+04
5.647738820301783562e+04
5.631827099527511018e+04
5.641523182441700919e+04
5.638748971193415491e+04
5.651184148757811636e+04
5.640508702941624506e+04
5.647528120713305543e+04
5.651230970888584125e+04
5.658621063862216397e+04
5.649525864959610044e+04
5.666264776710867591e+04
5.651800640146319347e+04
5.643731626276481984e+04
5.632708916323730955e+04
5.650708123761621391e+04
5.641347599451302813e+04
5.651851364121322695e+04
5.648647950007620966e+04
5.646018106995884591e+04
5.630114189910074492e+04
5.629169943606157904e+04
5.633259076360311155e+04
5.642299649443682574e+04
5.633469775948788447e+04
5.633996524919982039e+04
5.624132662703856477e+04
5.619200731595793332e+04
5.625030086877000576e+04
5.622119311080627813e+04
5.613890321597317234e+04
5.628284224965706380e+04
5.627172199359853403e+04
5.640641365645480982e+04
5.628896814509983233e+04
5.668516140832190285e+04
5.634975887821978540e+04
5.633356622466087720e+04
5.629142630696540436e+04
5.638667032464563090e+04
5.648718183203780063e+04
5.637769608291418990e+04
5.649420515165371035e+04
5.647083310470965080e+04
5.637118000304831367e+04
5.648117299192196515e+04
5.641449047401310963e+04
5.635748452979728609e+04
5.646201493674744415e+04
5.634913458314281161e+04
5.638491449474165711e+04
5.611619448254839517e+04
5.606882609358329501e+04
5.629848864502362267e+04
5.627609205913732876e+04
5.625705105928974081e+04
5.637839841487578087e+04
5.638171498247218551e+04
5.637235055631763680e+04
5.630043956713915395e+04
5.635412894375857286e+04
5.640110714830056531e+04
5.619501173601585469e+04
5.632525529644871131e+04
5.615751501295534399e+04
5.627890138698369265e+04
5.633934095412284660e+04
5.622833348574912088e+04
5.612630025910684344e+04
5.622505593659503211e+04
5.634492059137326578e+04
5.636087913427830790e+04
5.607561530254534591e+04
5.613933241883858864e+04
5.604916079865874053e+04
5.601142996494437102e+04
5.603921109586953389e+04
5.615373022405121446e+04
5.634944673068130214e+04
5.644219356805364805e+04
5.671204511507392453e+04
5.677396738302087761e+04
5.675340466392318194e+04
5.692290077732053032e+04
5.684287395214143908e+04
5.666050175278158713e+04
5.690830787989635428e+04
5.680537722908093565e+04
5.673959213534522132e+04
5.664540161560737761e+04
5.662081999695168633e+04
5.668664410912970925e+04
5.675055631763450947e+04
5.655569821673525439e+04
5.656385307117817138e+04
5.656159000152415683e+04
5.637703276939490752e+04
5.635529949702788872e+04
5.637531595793324232e+04
5.625147142203932162e+04
5.624039018442310771e+04
5.621971040999847901e+04
5.675555067825026345e+04
5.650314037494284275e+04
5.653517451607986732e+04
5.628775857338820060e+04
5.661808870598993963e+04
5.634667642127724685e+04
5.662238073464410991e+04
5.642564974851394800e+04
5.627285352842554130e+04
5.617987258039932931e+04
5.626118701417466946e+04
5.617534644109130022e+04
5.640625758268556820e+04
5.632424081694863708e+04
5.620644413961286045e+04
5.631920743789056723e+04
5.626762505715592124e+04
5.604081085200426605e+04
5.634901752781587857e+04
5.603343636640755722e+04
5.593717786922724918e+04
5.569975064776711224e+04
5.591934644109130022e+04
5.564863648834019114e+04
5.583853924706599355e+04
5.582195640908397763e+04
5.589456973022405145e+04
5.614128334095411992e+04
5.601931169029111334e+04
5.594104069501600316e+04
5.639662002743484481e+04
5.646935040390184440e+04
5.661840085352842289e+04
5.644328608443834673e+04
5.639849291266575165e+04
5.651706995884773642e+04
5.644055479347660730e+04
5.645854229538180516e+04
5.655889772900472599e+04
5.627246334400244086e+04
5.619228044505410799e+04
5.636279103795153060e+04
5.637492577351013460e+04
5.634421825941167481e+04
5.633781923487273161e+04
5.619302179545800755e+04
5.635853802773967618e+04
5.624877914951989078e+04
5.621932022557537130e+04
5.630644840725498943e+04
5.633715592135344923e+04
5.620773174820911663e+04
5.644640755982320115e+04
5.652065965554031573e+04
5.638249535131839366e+04
5.640418960524310387e+04
5.650946136259716150e+04
5.639568358481938776e+04
5.638651425087638927e+04
5.632724523700655118e+04
5.635311446425849863e+04
5.649053741807651386e+04
5.645272854747751990e+04
5.653412101813747722e+04
5.647606157597927086e+04
5.669358939186099451e+04
5.650376467001981655e+04
5.643969638774576742e+04
5.637059472641365574e+04
5.641312482853223628e+04
5.620503947568967851e+04
5.621346745922877744e+04
5.644355921353452140e+04
5.618962719097698573e+04
5.653521353452217591e+04
5.657704130467916548e+04
5.663389117512574012e+04
5.632143148910227319e+04
5.662854564852918702e+04
5.676390062490473792e+04
5.655628349336991232e+04
5.666881268099375302e+04
5.673245176040237857e+04
5.690471818320378225e+04
5.658667885992988886e+04
5.656775491540923394e+04
5.657750952598689037e+04
5.660123273891174904e+04
5.646131260478585318e+04
5.630898460600517865e+04
5.617987258039932931e+04
5.625576345069349190e+04
5.621350647767108603e+04
5.615185733882030036e+04
5.650688614540466369e+04
5.657938241121780447e+04
5.655085992988873477e+04
5.623976588934613392e+04
5.637913976527968043e+04
5.621760341411369882e+04
5.636981435756744759e+04
5.657025209571711457e+04
5.639646395366560319e+04
5.642611796982167289e+04
5.651667977442462870e+04
5.660966072245084797e+04
5.636220576131687267e+04
5.623957079713458370e+04
5.605150190519737953e+04
5.590682152110958850e+04
5.592114128943758260e+04
5.605345282731291081e+04
5.600756713915561704e+04
5.591204999237920856e+04
5.592785246151501633e+04
5.589156531016613008e+04
5.603690900777320348e+04
5.594837616217040340e+04
5.578246974546562706e+04
5.568683554336229281e+04
5.570907605547934509e+04
5.562460112787684920e+04
5.560938393537570664e+04
5.576916445663770719e+04
5.582831641518061224e+04
5.581110928212162980e+04
5.583600304831580434e+04
5.578855662246608699e+04
5.596636366407560126e+04
5.597444048163389380e+04
5.584419692120103718e+04
5.584482121627800370e+04
5.587002713001066877e+04
5.617854595336076454e+04
5.590463648834019114e+04
5.601279561042523710e+04
5.596620759030635236e+04
5.586530589849108219e+04
5.595945739978661732e+04
5.587712848651120294e+04
5.587693339429965272e+04
5.598095656149977003e+04
5.594143087943911087e+04
5.599137448559670884e+04
5.599551044048163749e+04
5.581306020423716109e+04
5.591930742264898436e+04
5.589164334705075453e+04
5.581165554031397915e+04
5.556135223289132409e+04
5.579078067367779295e+04
5.587381191891479830e+04
5.569740954122847324e+04
5.599789056546258507e+04
5.579538484987044649e+04
5.574399756134735799e+04
5.574934308794391109e+04
4.941657186404511594e+04
5.000192653558908933e+04
5.144970583752476523e+04
5.294009327846364613e+04
5.404899740893156559e+04
5.530671787837219745e+04
5.662347325102880859e+04
5.792040725499161636e+04
5.860358116140832135e+04
5.887542264898643771e+04
5.941454046639231819e+04
5.983988050602042495e+04
5.983352049992379034e+04
6.014211736015851056e+04
6.031695900015241932e+04
6.048110958695320733e+04
6.049398567291571089e+04
6.045559152568205900e+04
6.026643011736015615e+04
6.032932784636488213e+04
6.014211736015851056e+04
6.027517024843773834e+04
6.005850083828684728e+04
5.967167200121932547e+04
5.945539277549154212e+04
5.931929644871208438e+04
5.907297302240512363e+04
5.912974485596708109e+04
5.905916049382716301e+04
5.889161530254534591e+04
5.882758603871361265e+04
5.860252766346593853e+04
5.850720560890108027e+04
5.830068099375095335e+04
5.813270659960371995e+04
5.777596098155769141e+04
5.784229233348574780e+04
5.741308946806889435e+04
5.731511415942691383e+04
5.724027678707514133e+04
5.719353269318701496e+04
5.725693766194177442e+04
5.710499984758420760e+04
5.696570400853528554e+04
5.659518488035360497e+04
5.668250815424478060e+04
5.654961133973479446e+04
5.656783295229385840e+04
5.643567748818777909e+04
5.642018716659046186e+04
5.617901417466849671e+04
5.635272427983539092e+04
5.644695381801554322e+04
5.632537235177564435e+04
5.638409510745313310e+04
5.631261332114006655e+04
5.625248590153939585e+04
5.637309190672153636e+04
5.636864380429812445e+04
5.622954305746075261e+04
5.600951806127114833e+04
5.594037738149672077e+04
5.591883920134125947e+04
5.612286663618350576e+04
5.629805944215820637e+04
5.618139429964944429e+04
5.609543667123914202e+04
5.618588142051516479e+04
5.631023319615911896e+04
5.623820515165371035e+04
5.633352720621856133e+04
5.619516780978509632e+04
5.600300198140527209e+04
5.591006005182136869e+04
5.630207834171620198e+04
5.642522054564853170e+04
5.641698765432099026e+04
5.640688187776253471e+04
5.630129797286998655e+04
5.630149306508154405e+04
5.624226306965401454e+04
5.612587105624142714e+04
5.623992196311537555e+04
5.615829538180155214e+04
5.600253376009754720e+04
5.605649626581314078e+04
5.584154366712391493e+04
5.601966285627191246e+04
5.589250175278158713e+04
5.579046852613930969e+04
5.612442737387593661e+04
5.589410150891632657e+04
5.571890870294162596e+04
5.580950952598689037e+04
5.585578539856729185e+04
5.579916963877457601e+04
5.565078250266727991e+04
5.568574302697759413e+04
5.558246121018137637e+04
5.560653558908702689e+04
5.547816491388507711e+04
5.528439932937052072e+04
5.561133485749123793e+04
5.566990153939948505e+04
5.554582289285169827e+04
5.566849687547629583e+04
5.561414418533760181e+04
5.569549763755525055e+04
5.559678097850937047e+04
5.555729431489101989e+04
5.550746776406035497e+04
5.549053376009754720e+04
5.584735741502820019e+04
5.583444231062338076e+04
5.583963176345069223e+04
5.587506050906873861e+04
5.579437037037037226e+04
5.583167200121932547e+04
5.608181923487273161e+04
5.610245999085505173e+04
5.603925011431184248e+04
5.587666026520347805e+04
5.581294314891022805e+04
5.568812315195854171e+04
5.582827739673830365e+04
5.589706691053193208e+04
5.555382167352537363e+04
5.538514494741654926e+04
5.577205182136869553e+04
5.555167565919829212e+04
5.576136076817558205e+04
5.577212985825331270e+04
5.570369151044048340e+04
5.570064807194025343e+04
5.543742966011278622e+04
5.540379576284102950e+04
5.571122206980643386e+04
5.577228593202255433e+04
5.581430879439110140e+04
5.588313732662703842e+04
5.578898582533150329e+04
5.571527998780673806e+04
5.570782746532540477e+04
5.562393781435756682e+04
5.575839536655997654e+04
5.558312452370065876e+04
5.561305166895290313e+04
5.566303429355280969e+04
5.565538667885993345e+04
5.561172504191434564e+04
5.568913763145861594e+04
5.554262338058222667e+04
5.575429843011736375e+04
5.567485688157293043e+04
5.571110501447950082e+04
5.574903094040542783e+04
5.575601524157902895e+04
5.566280018289895088e+04
5.559436183508611430e+04
5.550485352842554130e+04
5.537394665447340230e+04
5.536107056851089874e+04
5.540754153330285044e+04
5.531998414875780873e+04
5.529895320835238817e+04
5.527495686633135483e+04
5.545549519890260854e+04
5.564219844535893935e+04
5.540278128334095527e+04
5.559873190062490175e+04
5.565320164609053609e+04
5.562276726108825096e+04
5.544613077274805983e+04
5.542568510897728993e+04
5.574602652034750645e+04
5.574364639536655886e+04
5.578652766346593853e+04
5.556318609967992961e+04
5.559814662399024382e+04
5.561699253162627429e+04
5.536403597012650425e+04
5.537913610730071377e+04
5.545108611492150521e+04
5.515232190214906586e+04
5.525310653863740299e+04
5.531928181679621775e+04
5.538307696997409221e+04
5.510015424477976194e+04
5.518334156378600892e+04
5.482425483920134138e+04
5.488750373418685922e+04
5.496760859625057492e+04
5.513690961743636581e+04
5.522462307575064915e+04
5.534659472641365574e+04
5.509574516079865862e+04
5.515415576893766411e+04
5.498270873342478444e+04
5.481453924706599355e+04
5.502363907940862555e+04
5.518100045724736992e+04
5.516301295534217206e+04
5.523340222527053993e+04
5.510393903368389147e+04
5.494497789971040766e+04
5.501329919219631120e+04
5.500237402834933891e+04
5.483385337600975618e+04
5.458846639231824520e+04
5.456751348879744182e+04
5.474255022100289352e+04
5.500455906111872901e+04
5.525365279682975233e+04
5.523242676421277429e+04
5.520534796524920239e+04
5.504525529644871131e+04
5.529473921658283507e+04
5.538311598841640080e+04
5.545565127267185017e+04
5.544109739368998271e+04
5.555468007925621350e+04
5.578516201798506518e+04
5.557364304221917700e+04
5.562354762993445911e+04
5.559990245389422489e+04
5.575457155921353115e+04
5.551929035208047571e+04
5.563458984910836443e+04
5.552444078646547860e+04
5.561270050297211128e+04
5.578278189300411759e+04
5.567466178936138022e+04
5.578867367779302003e+04
5.562854199055022036e+04
5.578707392165828060e+04
5.602118457552202744e+04
5.608146806889193977e+04
5.654582655083066493e+04
5.636876085962505749e+04
5.656178509373571433e+04
5.634765188233501249e+04
5.648671361073006847e+04
5.641261758878219553e+04
5.644839750038104103e+04
5.671399603718945582e+04
5.642291845755220129e+04
5.643446791647614737e+04
5.654313427831123408e+04
5.644835848193873244e+04
5.647075506782502634e+04
5.638667032464563090e+04
5.630613625971650617e+04
5.613976162170400494e+04
5.593152019509221282e+04
5.617394177716811100e+04
5.582230757506477676e+04
5.594650327693948930e+04
5.587162688614540821e+04
5.592824264593811677e+04
5.624979362901996501e+04
5.595028806584361882e+04
5.610737631458618853e+04
5.619704069501600316e+04
5.609914342325864709e+04
5.581922511812223820e+04
5.600811339734796638e+04
5.606511934156378265e+04
5.602118457552202744e+04
5.608712574302697612e+04
5.595243408017070760e+04
5.572023532998018345e+04
5.542775308641975425e+04
5.583826611796981888e+04
5.589519402530101797e+04
5.583889041304679267e+04
5.562393781435756682e+04
5.584923030025910703e+04
5.570224782807498559e+04
5.570017985063252854e+04
5.577212985825331270e+04
5.572721963115378458e+04
5.543571284865112102e+04
5.573720835238530708e+04
5.573919829294314695e+04
5.575418137479043071e+04
5.569323456790123601e+04
5.575020149367474369e+04
5.558488035360463255e+04
5.535970492303002538e+04
5.582078585581466177e+04
5.554820301783264586e+04
5.552416765736930392e+04
5.529575369608291658e+04
5.531019051973784372e+04
5.511107940862673422e+04
5.509356012802926125e+04
5.515634080170705420e+04
5.523691388507849479e+04
5.501603048315805790e+04
5.502430239292790793e+04
5.510155890870294388e+04
5.516734400243865093e+04
5.512750617283950851e+04
5.533797165066300659e+04
5.530726413656454679e+04
5.532259838439262239e+04
5.522364761469288351e+04
5.506776893766193825e+04
5.525763267794543208e+04
5.549100198140527209e+04
5.544640390184423450e+04
5.576241426611797215e+04
5.567302301478433219e+04
5.567329614388050686e+04
5.573326748971193592e+04
5.551316445663770719e+04
5.566166864807194361e+04
5.591868312757201784e+04
5.550937966773357766e+04
5.589398445358939352e+04
5.565885932022557245e+04
5.551936838896510017e+04
5.543216217040085030e+04
5.553630239292790793e+04
5.555908916323730955e+04
5.525864715744551359e+04
5.522208687700045994e+04
5.561843621399177209e+04
5.553446852613930969e+04
5.547617497332723724e+04
5.538994421582076029e+04
5.522985154702026921e+04
5.521529766803840903e+04
5.535467154397195554e+04
5.555038805060204322e+04
5.516340313976527978e+04
5.521810699588477291e+04
5.546091876238378609e+04
5.542997713763146021e+04
5.571840146319158521e+04
5.551277427221459948e+04
5.565359183051364380e+04
5.542307087334247626e+04
5.541101417466849671e+04
5.540839993903368304e+04
5.573026306965401454e+04
5.568297271757353883e+04
5.559229385764364997e+04
5.564395427526292042e+04
5.547703337905806984e+04
5.543813199207437719e+04
5.538955403139765258e+04
5.531530193568053801e+04
5.526067611644566205e+04
5.504131443377534015e+04
5.505325407712238666e+04
5.499698948331046995e+04
5.514307453132144292e+04
5.530823959762231243e+04
5.534749215058680420e+04
5.557941777168114641e+04
5.556361530254534591e+04
5.558780673677792947e+04
5.561492455418380996e+04
5.559642981252857862e+04
5.574782136869379610e+04
5.557598414875780873e+04
5.576647218411827635e+04
5.600015363511659962e+04
5.595891114159426797e+04
5.602676421277244663e+04
5.585371742112482752e+04
5.583280353604633274e+04
5.590264654778235126e+04
5.587010516689529322e+04
5.577333942996494443e+04
5.601997500381039572e+04
5.590510470964791602e+04
5.602091144642585277e+04
5.577236396890717879e+04
5.572398110044200439e+04
5.608154610577655694e+04
5.556927297668038227e+04
5.553876055479347997e+04
5.558226611796981888e+04
5.551386678859929816e+04
5.551312543819539860e+04
5.565413808870599314e+04
5.556985825331504020e+04
5.549459167809785140e+04
5.529981161408322077e+04
5.530277701569882629e+04
5.530277701569882629e+04
4.897847279378143867e+04
5.005772290809328115e+04
5.139582136869379610e+04
5.292472001219326194e+04
5.449759244017679885e+04
5.541390153939948505e+04
5.660400304831580434e+04
5.746451577503429144e+04
5.826720317024843825e+04
5.852421764974851249e+04
5.919240847431794100e+04
5.936135832952294004e+04
5.990625087639079720e+04
6.035933302850175096e+04
6.044338149672305735e+04
6.067210486206370842e+04
6.083785810089925508e+04
6.083633348574912088e+04
6.070503642737387418e+04
6.070581679622008960e+04
6.051326078341716493e+04
6.015495442767870554e+04
6.000227526291723916e+04
5.992388721231519594e+04
5.952800609663160867e+04
5.949265538789818675e+04
5.926404633440024190e+04
5.905962871513488790e+04
5.885907392165828060e+04
5.847540557841792179e+04
5.813024843773814791e+04
5.786980033531473600e+04
5.771435086114921432e+04
5.761871665904588008e+04
5.753798750190519786e+04
5.741195793324188708e+04
5.744051943301325809e+04
5.721171528730376303e+04
5.697690230147843249e+04
5.693534766041761759e+04
5.671664929126657808e+04
5.655729797286998655e+04
5.657848498704465601e+04
5.642572778539856517e+04
5.650193080323121831e+04
5.626411339734796638e+04
5.628151562261850631e+04
5.630500472488949890e+04
5.627086358786770143e+04
5.631319859777473175e+04
5.625451486053955159e+04
5.621210181374790409e+04
5.650356957780825906e+04
5.633551714677640848e+04
5.621764243255601468e+04
5.606067123914037802e+04
5.617651699436061608e+04
5.591556165218716342e+04
5.584431397652797023e+04
5.584895717116293235e+04
5.581419173906416836e+04
5.573237006553878746e+04
5.585972626124066301e+04
5.583143789056545938e+04
5.601993598536808713e+04
5.585562932479805022e+04
5.573182380734643812e+04
5.587135375704923354e+04
5.578332815119646693e+04
5.566674104557232204e+04
5.569826794695930585e+04
5.568933272367017344e+04
5.563977930193568318e+04
5.563927206218564243e+04
5.569214205151653732e+04
5.571075384849870170e+04
5.587299253162627429e+04
5.583214022252705035e+04
5.602703734186861402e+04
5.575390824569425604e+04
5.596811949397957505e+04
5.585457582685566013e+04
5.552705502210029226e+04
5.557028745618046378e+04
5.543263039170858247e+04
5.549084590763603046e+04
5.540309343087943853e+04
5.547726748971193592e+04
5.582336107300716685e+04
5.578504496265813214e+04
5.593565614997713419e+04
5.571196342021033342e+04
5.571192440176802484e+04
5.570810059442157944e+04
5.563357536960829020e+04
5.551952446273434180e+04
5.559116232281664270e+04
5.528857430269775796e+04
5.551850998323426029e+04
5.555124645633287582e+04
5.577837280902301427e+04
5.580763664075598354e+04
5.566389269928364229e+04
5.539158299039780832e+04
5.533149458923944621e+04
5.533196281054717110e+04
5.523843560432860977e+04
5.533102636793172132e+04
5.533044109129705612e+04
5.574388050602042495e+04
5.528229233348574780e+04
5.568457247370827827e+04
5.567989026063100027e+04
5.555343148910227319e+04
5.551519341563786293e+04
5.541854473403444717e+04
5.565359183051364380e+04
5.563642371589696995e+04
5.546591312299954006e+04
5.562538149672305735e+04
5.573752049992379034e+04
5.576483340954122832e+04
5.577607072092669114e+04
5.588485413808870362e+04
5.593058375247675576e+04
5.614198567291571089e+04
5.612017436366407492e+04
5.593140313976527978e+04
5.606827983539094566e+04
5.597299679926840327e+04
5.598158085657674383e+04
5.601111781740588049e+04
5.611240969364425837e+04
5.611826245999085222e+04
5.588251303155007190e+04
5.618826154549611238e+04
5.623902453894223436e+04
5.631889529035208398e+04
5.641257857033988694e+04
5.631249626581314078e+04
5.626801524157902895e+04
5.644956805365035689e+04
5.641815820759030612e+04
5.645639628105471638e+04
5.649888736473098834e+04
5.626770309404054569e+04
5.623652735863435373e+04
5.629829355281207245e+04
5.608615028196921048e+04
5.620710745313214284e+04
5.641729980185947352e+04
5.636556134735558589e+04
5.616278250266727991e+04
5.626075781130925316e+04
5.625299314128943661e+04
5.610534735558604007e+04
5.596433470507544553e+04
5.607202560585276660e+04
5.583030635573845211e+04
5.596538820301783562e+04
5.596425666819082107e+04
5.609434415485444333e+04
5.613757658893461485e+04
5.612454442920286237e+04
5.617550251486054185e+04
5.595364365188233205e+04
5.614459990855052456e+04
5.622907483615302772e+04
5.612637829599146789e+04
5.599449596098155598e+04
5.585824356043286389e+04
5.571699679926840327e+04
5.592359945130315464e+04
5.615466666666666424e+04
5.603156348117665038e+04
5.588731229995427566e+04
5.580076939490931545e+04
5.607085505258345074e+04
5.586245755220240972e+04
5.593323700655387802e+04
5.594068952903521131e+04
5.569229812528577895e+04
5.584123151958543167e+04
5.591130864197530900e+04
5.611646761164456984e+04
5.605712056089010730e+04
5.606289529035208398e+04
5.613847401310775604e+04
5.610753238835543016e+04
5.605224325560127909e+04
5.588945831428135716e+04
5.599156957780825906e+04
5.609609998475842440e+04
5.592414570949550398e+04
5.569822892851699726e+04
5.563642371589696995e+04
5.555924523700655118e+04
5.544086328303612390e+04
5.555034903215973463e+04
5.570337936290200014e+04
5.560856454808718263e+04
5.569362475232434372e+04
5.562280627953055955e+04
5.553774607529339846e+04
5.547344368236549053e+04
5.548889498552049918e+04
5.564754397195549245e+04
5.561071056241426413e+04
5.560934491693339078e+04
5.590814814814814599e+04
5.591478128334095527e+04
5.575859045877152676e+04
5.585664380429812445e+04
5.596964121322969004e+04
5.604596128638926893e+04
5.603035390946501866e+04
5.623469349184575549e+04
5.619388020118884015e+04
5.607850266727632697e+04
5.587147081237615930e+04
5.616141685718640656e+04
5.586007742722146213e+04
5.598345374180765066e+04
5.572144490169181518e+04
5.580353970431336347e+04
5.589819844535893935e+04
5.608591617131535168e+04
5.593990916018899588e+04
5.591419600670629734e+04
5.576854016156074067e+04
5.574786038713610469e+04
5.580599786617893551e+04
5.571161225422954158e+04
5.582999420819996885e+04
5.584517238225880283e+04
5.549131412894375535e+04
5.543368388965096528e+04
5.544663801249809330e+04
5.516227160493827250e+04
5.529107148300563858e+04
5.539337783874409070e+04
5.543945861911294196e+04
5.543902941624752566e+04
5.527550312452370417e+04
5.546205029721079336e+04
5.559252796829751605e+04
5.539926962353300041e+04
5.544363359244017920e+04
5.542775308641975425e+04
5.536945953360768181e+04
5.535709068739521172e+04
5.535966590458771680e+04
5.540785368084133370e+04
5.507389483310470678e+04
5.509625240054869937e+04
5.517600609663160867e+04
5.518158573388202785e+04
5.516851455570797407e+04
5.510475842097241548e+04
5.522189178478890244e+04
5.527741502819691959e+04
5.533172869989331230e+04
5.533122146014327154e+04
5.546485962505715725e+04
5.544667703094040189e+04
5.545483188538332615e+04
5.549505989940557629e+04
5.547336564548087335e+04
5.555054412437128485e+04
5.533726931870141561e+04
5.550988690748361842e+04
5.545264685261392879e+04
5.573393080323121831e+04
5.545081298582533054e+04
5.531600426764212898e+04
5.502769699740892975e+04
5.501536716963877552e+04
5.485394787379972695e+04
5.476658558146624273e+04
5.479034781283340999e+04
5.483217558299039956e+04
5.475437280902301427e+04
5.474270629477213515e+04
5.464359945130315464e+04
5.477575491540923394e+04
5.497330528882791987e+04
5.503518853833257162e+04
5.510932357872275315e+04
5.490720804755372956e+04
5.483607742722146213e+04
5.480618930041151907e+04
5.453606462429507519e+04
5.488957171162932354e+04
5.478043712848651194e+04
5.468417863130620390e+04
5.484399817101052031e+04
5.478578265508306504e+04
5.475394360615759797e+04
5.475964029873495019e+04
5.467212193263221707e+04
5.471391068434689805e+04
5.480002438652644196e+04
5.472787928669410030e+04
5.470306355738454295e+04
5.477286755067825288e+04
5.461519402530101797e+04
5.478812376162170403e+04
5.479097210791037651e+04
5.484009632677945774e+04
5.485000701112635579e+04
5.477930559365950467e+04
5.492956561499771487e+04
5.519438378295991424e+04
5.518334156378600892e+04
5.489671208657216630e+04
5.496721841182746721e+04
5.491528486511202209e+04
5.499336076817558205e+04
5.497724615150129830e+04
5.512805243103185785e+04
5.532127175735406490e+04
5.526188568815729377e+04
5.507576771833562088e+04
5.515743331809175288e+04
5.527909282121627621e+04
5.513761194939795678e+04
5.518302941624752566e+04
5.503027221460143483e+04
5.500003292181069992e+04
5.500370065538789640e+04
5.497896296296296350e+04
5.499355586038713955e+04
5.506394513031550014e+04
5.501091906721536361e+04
5.516145221764974849e+04
5.500787562871513364e+04
5.493896905959457217e+04
5.499925255296448449e+04
5.492819996951684152e+04
5.486682395976223052e+04
5.458870050297211128e+04
5.440761591220850823e+04
5.435548727328151290e+04
5.441186892242036265e+04
5.442611065386373957e+04
5.429032647462277237e+04
5.428818046029568359e+04
5.416991556165218935e+04
5.420034994665447448e+04
5.418119189147996076e+04
5.398613869836914819e+04
5.396093278463649040e+04
5.383392775491540669e+04
5.394232098765431874e+04
5.391996342021033342e+04
5.404154488645023957e+04
5.399476177411979734e+04
5.396569303459838557e+04
5.386572778539856517e+04
5.395632860844383686e+04
5.411727968297515326e+04
5.424057796067672462e+04
5.409332235939643579e+04
5.415212315195854171e+04
5.423218899557994155e+04
5.414170522786160291e+04
5.394497424173144100e+04
5.427163664075598354e+04
5.422750678250267083e+04
5.413975430574607890e+04
5.424291906721536361e+04
5.423304740131077415e+04
5.423706630086876976e+04
5.427491418991007231e+04
5.418365005334552552e+04
5.426519859777473175e+04
5.433656332876085798e+04
5.428365432098765450e+04
5.385753391251333960e+04
5.434666910531931353e+04
5.418778600823045417e+04
5.424502606310013653e+04
5.434202591068434413e+04
5.440562597165066109e+04
5.436933882030178211e+04
5.426687639079408837e+04
5.466252339582380955e+04
5.427760646242951043e+04
5.441990672153635387e+04
5.425985307117817138e+04
5.447734186861758644e+04
5.445794970278920664e+04
5.445794970278920664e+04
4.931130010669105104e+04
5.053624508459076606e+04
5.183306203322664078e+04
5.328579667733576935e+04
5.470220515165371035e+04
5.591579576284102950e+04
5.686370980033531669e+04
5.752604785855814407e+04
5.819993537570492481e+04
5.867720896204846940e+04
5.916369090077732108e+04
5.947326322206980694e+04
5.965824965706447256e+04
5.987772976680383726e+04
5.993914342325864709e+04
5.981600121932632464e+04
5.968333851547020458e+04
5.981600121932632464e+04
5.968388477366255393e+04
5.951692485901539476e+04
5.919010638622161059e+04
5.912240938881268085e+04
5.892645877152872708e+04
5.876238622161255626e+04
5.863947812833409262e+04
5.840298734948940546e+04
5.830696296296296350e+04
5.779449474165523861e+04
5.760303124523700535e+04
5.746018472793781257e+04
5.724164243255601468e+04
5.706457674135040725e+04
5.688840847431794100e+04
5.661992257277853787e+04
5.646178082609358535e+04
5.627168297515622544e+04
5.629911294010059646e+04
5.626524493217497366e+04
5.616851821368694073e+04
5.592231184270690574e+04
5.587841609510745184e+04
5.569647309861301619e+04
5.582804328608443757e+04
5.558714342325864709e+04
5.562464014631915779e+04
5.553876055479347997e+04
5.543653223593964503e+04
5.530039689071787870e+04
5.551800274348422681e+04
5.522836884621247009e+04
5.504135345221764874e+04
5.503842706904435181e+04
5.475242188690748299e+04
5.479686389269928623e+04
5.460286419753086375e+04
5.476334705075445527e+04
5.471145252248132601e+04
5.442720317024843825e+04
5.443289986282579048e+04
5.433496357262612582e+04
5.444312269471117179e+04
5.470029324798048765e+04
5.481184697454656271e+04
5.490716902911141369e+04
5.477450632525529363e+04
5.497162749580856325e+04
5.483990123456790025e+04
5.490373540618808329e+04
5.491317786922724918e+04
5.528517969821673614e+04
5.503553970431336347e+04
5.499254138088705804e+04
5.507373875933546515e+04
5.512052187166590738e+04
5.521030330742264778e+04
5.508361042524005461e+04
5.515774546563023614e+04
5.507389483310470678e+04
5.516394939795762912e+04
5.500526139308031998e+04
5.507362170400853211e+04
5.499835512879134330e+04
5.493178966620942083e+04
5.501856668190824712e+04
5.490127724432251125e+04
5.496214601432708150e+04
5.504626977594878554e+04
5.501181649138850480e+04
5.490474988568815752e+04
5.473950678250267083e+04
5.493896905959457217e+04
5.480599420819996885e+04
5.457551226947111718e+04
5.451448742569730530e+04
5.423476421277244663e+04
5.425805822283188900e+04
5.441842402072854748e+04
5.433613412589544168e+04
5.436274470355128869e+04
5.412512238987959427e+04
5.420194970278920664e+04
5.411739673830208631e+04
5.407030147843316809e+04
5.419141472336534207e+04
5.388707087334247626e+04
5.391824660874866822e+04
5.384200457247370650e+04
5.389171406797744567e+04
5.386682030178326386e+04
5.409734125895442412e+04
5.404501752781587857e+04
5.406398049077884207e+04
5.429906660570034728e+04
5.389943971955494635e+04
5.400537479042828636e+04
5.426340374942844210e+04
5.425876055479347997e+04
5.436165218716659001e+04
5.415231824417009921e+04
5.429715470202713186e+04
5.427144154854442604e+04
5.421490382563633466e+04
5.438151257430269470e+04
5.433753878981862363e+04
5.425068373723518016e+04
5.458113092516384495e+04
5.454277579637250165e+04
5.474567169638774794e+04
5.467598475842097105e+04
5.461753513183965697e+04
5.414541197988111526e+04
5.453590855052583356e+04
5.455518366102728032e+04
5.457976527968297160e+04
5.466260143270842673e+04
5.444538576436518633e+04
5.471601768023167097e+04
5.456376771833562088e+04
5.467259015393994923e+04
5.493850083828684728e+04
5.508926809937509825e+04
5.509687669562566589e+04
5.494770919067215436e+04
5.502422435604328348e+04
5.477411614083219320e+04
5.460087425697302388e+04
5.466104069501600316e+04
5.479604450541076221e+04
5.447597622313672036e+04
5.438572656607224781e+04
5.429399420819996885e+04
5.430296844993140985e+04
5.417771925011431449e+04
5.404634415485444333e+04
5.426387197073616699e+04
5.426434019204389915e+04
5.422614113702179748e+04
5.401579271452522516e+04
5.422060051821368688e+04
5.417596342021033342e+04
5.447086480719402607e+04
5.449649992379210744e+04
5.467383874409388955e+04
5.458101386983691191e+04
5.426832007315957890e+04
5.444304465782654734e+04
5.469053863740283850e+04
5.450102606310013653e+04
5.463817588782197708e+04
5.462904557232129446e+04
5.468406157597927086e+04
5.499695046486816136e+04
5.491797713763146021e+04
5.487720286541686073e+04
5.488637219935985195e+04
5.452923639689071570e+04
5.476389330894680461e+04
5.438701417466849671e+04
5.460356652949245472e+04
5.460938027739673998e+04
5.456368968145099643e+04
5.449415881725346844e+04
5.463716140832190285e+04
5.442443286084438296e+04
5.457789239445206476e+04
5.447632738911751221e+04
5.436485169943606161e+04
5.430780673677792947e+04
5.465624142661179940e+04
5.439150129553421721e+04
5.442771040999847901e+04
5.458713976527968043e+04
5.443063679317177593e+04
5.435700899253162788e+04
5.430706538637402991e+04
5.431061606462429336e+04
5.431642981252857862e+04
5.426500350556317426e+04
5.419558969669257931e+04
5.422177107148300274e+04
5.433683645785703266e+04
5.450414753848498367e+04
5.433640725499161636e+04
5.409589757658893359e+04
5.430308550525834289e+04
5.443321201036427374e+04
5.438888705989940354e+04
5.445588172534674231e+04
5.472101204084743222e+04
5.489690717878372379e+04
5.491306081390032341e+04
5.481145679012345499e+04
5.477282853223593702e+04
5.491118792866940930e+04
5.484790001524157560e+04
5.481013016308489750e+04
5.471878798963572626e+04
5.490572534674592316e+04
5.486210272824264393e+04
5.493893004115226358e+04
5.505973113854595431e+04
5.500873403444596624e+04
5.492792684042066685e+04
5.479128425544886704e+04
5.491208535284255777e+04
5.505774119798811444e+04
5.494607041609510634e+04
5.486323426306965121e+04
5.481266636183508672e+04
5.486698003353147215e+04
5.496647706142356037e+04
5.494786526444139599e+04
5.496803779911599122e+04
5.484099375095259893e+04
5.504548940710257739e+04
5.497681694863588200e+04
5.497931412894375535e+04
5.503612498094802868e+04
5.491044657826550974e+04
5.502465355890869978e+04
5.486971132449321885e+04
5.495703459838439449e+04
5.501829355281207245e+04
5.508677091906721762e+04
5.496222405121170596e+04
5.524846334400244086e+04
5.525236518823350343e+04
5.510382197835695843e+04
5.510827008078037034e+04
5.505801432708428911e+04
5.494895778082609468e+04
5.497108123761621391e+04
5.489792165828379802e+04
5.482070416095107794e+04
5.491185124218869169e+04
5.504744032921810867e+04
5.495266453284559975e+04
5.508263496418228897e+04
5.529708032312147407e+04
5.517066057003505557e+04
5.517986892242036265e+04
5.504123639689071570e+04
5.558468526139308233e+04
5.524541990550221090e+04
5.517526474622770911e+04
5.531916476146928471e+04
5.541823258649596391e+04
5.535291571406797448e+04
5.546048955951836251e+04
5.558839201341258740e+04
5.560778417924096721e+04
5.560626245999085222e+04
5.577041304679164750e+04
5.550001524157902895e+04
5.552412863892699534e+04
5.539392409693644004e+04
5.533843987197073875e+04
5.545389544276786910e+04
5.523757719859777717e+04
5.523757719859777717e+04
5.540648803536046034e+04
5.529520743789056723e+04
5.550976985215668537e+04
5.572359091601889668e+04
5.568664045115074259e+04
5.550856028044505365e+04
5.551285230909922393e+04
5.554258436213991808e+04
5.559287913427830790e+04
5.552260691967688035e+04
5.565413808870599314e+04
5.540945343697607314e+04
5.540106447187929007e+04
5.559912208504800947e+04
5.578188446883096913e+04
5.546802011888431298e+04
5.543122572778540052e+04
5.537492211553116795e+04
5.539669440634049533e+04
5.556400548696844635e+04
5.546193324188386032e+04
5.542467062947721570e+04
5.551300838286846556e+04
5.524990702636793139e+04
5.509418442310623504e+04
5.526356348117665038e+04
5.546041152263374534e+04
5.530948818777625274e+04
5.547812589544276852e+04
5.558612894375857286e+04
5.558737753391251317e+04
5.559873190062490175e+04
5.543778082609358535e+04
5.548628074988568551e+04
5.554000914494741301e+04
5.546934674592287774e+04
5.550017131534827058e+04
5.544308733424782986e+04
5.549002652034750645e+04
5.561195915256820444e+04
5.549732296905959811e+04
5.546954183813442796e+04
5.544390672153635387e+04
5.534870172229842865e+04
5.532131077579637349e+04
5.534394147233653348e+04
5.535139399481785949e+04
5.533336747447035305e+04
5.530090413046791946e+04
5.544183874409388955e+04
5.542131504343850247e+04
5.561984087791495404e+04
5.563915500685870938e+04
5.556720499923791795e+04
5.565745465630239050e+04
5.571262673372961581e+04
5.586620332266423065e+04
5.566720926688004693e+04
5.556888279225727456e+04
5.548710013717420952e+04
5.541745221764974849e+04
5.549080688919372187e+04
5.537519524462734262e+04
5.527932693187014229e+04
5.541300411522633658e+04
5.545729004724889819e+04
5.543075750647766836e+04
5.528334583142813790e+04
5.532314464258497173e+04
5.520558207590306120e+04
5.558421704008535016e+04
5.549630848955951660e+04
5.859300716354214092e+04
5.865118366102728032e+04
5.859273403444596624e+04
5.872328974241731339e+04
5.889766316110348998e+04
5.873558055174515903e+04
5.890316476146928471e+04
