0.000000000000000000e+00
3.383366666666666424e+04
3.324593333333333430e+04
3.301126666666667006e+04
3.261340000000000146e+04
3.222406666666666570e+04
3.194993333333333430e+04
3.170673333333333358e+04
3.152859999999999854e+04
3.107740000000000146e+04
3.063579999999999927e+04
3.009286666666666497e+04
3.016220000000000073e+04
2.972486666666666497e+04
2.951900000000000000e+04
2.914566666666666788e+04
2.866033333333333212e+04
2.856859999999999854e+04
2.828593333333333430e+04
2.805979999999999927e+04
2.777820000000000073e+04
2.781553333333333285e+04
2.720540000000000146e+04
2.687259999999999854e+04
2.686406666666666570e+04
2.652379999999999927e+04
2.630300000000000000e+04
2.604806666666666570e+04
2.589233333333333212e+04
2.564273333333333358e+04
2.544433333333333212e+04
2.551579999999999927e+04
2.532059999999999854e+04
2.498779999999999927e+04
2.472326666666666642e+04
2.488006666666666570e+04
2.462086666666666497e+04
2.446086666666666497e+04
2.417820000000000073e+04
2.408220000000000073e+04
2.367579999999999927e+04
2.360113333333333503e+04
2.343579999999999927e+04
2.339846666666666715e+04
2.297713333333333503e+04
2.308913333333333503e+04
2.293766666666666788e+04
2.266566666666666788e+04
2.261233333333333212e+04
2.260379999999999927e+04
1.492700000000000000e+04
1.497713333333333321e+04
1.580166666666666606e+04
1.662406666666666570e+04
1.792540000000000146e+04
1.912859999999999854e+04
1.993606666666666570e+04
2.118086666666666497e+04
2.208433333333333212e+04
2.322033333333333212e+04
2.366726666666666642e+04
2.412273333333333358e+04
2.465926666666666642e+04
2.517553333333333285e+04
2.528006666666666570e+04
2.559366666666666788e+04
2.573766666666666788e+04
2.572806666666666570e+04
2.597979999999999927e+04
2.588913333333333503e+04
2.594459999999999854e+04
2.608646666666666715e+04
2.558193333333333430e+04
2.578566666666666788e+04
2.566833333333333212e+04
2.540379999999999927e+04
2.515313333333333503e+04
2.481820000000000073e+04
2.466459999999999854e+04
2.476913333333333503e+04
2.475313333333333503e+04
2.440646666666666715e+04
2.440646666666666715e+04
2.402353333333333285e+04
2.383366666666666788e+04
2.372273333333333358e+04
2.356166666666666788e+04
2.336113333333333503e+04
2.307953333333333285e+04
2.278513333333333503e+04
2.240646666666666715e+04
2.226993333333333430e+04
2.201713333333333503e+04
2.164593333333333430e+04
2.168859999999999854e+04
2.112220000000000073e+04
2.098246666666666715e+04
2.090886666666666497e+04
2.066886666666666497e+04
2.042779999999999927e+04
2.013126666666666642e+04
1.983686666666666497e+04
1.945713333333333503e+04
1.928966666666666788e+04
1.905393333333333430e+04
1.883740000000000146e+04
1.885446666666666715e+04
1.861979999999999927e+04
1.842886666666666497e+04
1.816326666666666642e+04
1.811206666666666570e+04
1.790620000000000073e+04
1.743686666666666497e+04
1.736540000000000146e+04
1.704326666666666642e+04
1.706033333333333212e+04
1.692166666666666788e+04
1.675846666666666715e+04
1.649500000000000000e+04
1.645020000000000073e+04
1.618566666666666606e+04
1.599046666666666715e+04
1.576113333333333321e+04
1.551579999999999927e+04
1.536326666666666642e+04
1.527473333333333358e+04
1.496646666666666715e+04
1.495046666666666715e+04
1.482246666666666715e+04
1.469553333333333285e+04
1.451313333333333321e+04
1.458246666666666715e+04
1.434673333333333358e+04
1.419526666666666642e+04
1.419206666666666752e+04
1.400646666666666715e+04
1.392006666666666752e+04
1.377286666666666679e+04
1.368220000000000073e+04
1.349660000000000036e+04
1.329393333333333248e+04
1.360966666666666606e+04
1.324379999999999927e+04
1.310193333333333248e+04
1.319579999999999927e+04
1.291953333333333285e+04
1.283526666666666642e+04
1.261553333333333285e+04
1.269660000000000036e+04
1.238620000000000073e+04
1.239366666666666606e+04
1.212060000000000036e+04
1.220913333333333321e+04
1.199046666666666715e+04
1.200433333333333394e+04
1.194353333333333285e+04
1.178139999999999964e+04
1.176966666666666606e+04
1.172166666666666606e+04
1.198939999999999964e+04
1.172913333333333321e+04
1.140273333333333358e+04
1.147739999999999964e+04
1.113073333333333358e+04
1.102406666666666752e+04
1.119473333333333358e+04
1.137606666666666752e+04
1.121606666666666752e+04
1.103579999999999927e+04
1.084700000000000000e+04
1.050779999999999927e+04
1.052913333333333321e+04
1.062833333333333394e+04
1.033393333333333248e+04
1.020913333333333321e+04
1.017926666666666642e+04
1.021660000000000036e+04
1.027846666666666715e+04
1.023793333333333248e+04
1.038833333333333394e+04
1.025286666666666679e+04
1.026139999999999964e+04
1.008539999999999964e+04
1.030726666666666642e+04
1.020379999999999927e+04
9.984066666666667516e+03
9.949933333333332484e+03
9.833666666666666060e+03
9.863533333333332848e+03
9.924333333333333940e+03
9.833666666666666060e+03
9.797399999999999636e+03
9.772866666666666788e+03
9.789933333333332484e+03
9.746200000000000728e+03
9.640600000000000364e+03
9.444333333333333940e+03
9.442200000000000728e+03
9.672600000000000364e+03
9.344066666666667516e+03
9.104066666666667516e+03
9.149933333333332484e+03
9.187266666666666424e+03
8.995266666666666424e+03
9.215000000000000000e+03
9.205399999999999636e+03
8.869399999999999636e+03
8.983533333333332848e+03
8.870466666666667152e+03
8.853399999999999636e+03
8.714733333333333576e+03
8.844866666666666788e+03
8.699799999999999272e+03
8.724333333333333940e+03
8.636866666666666788e+03
8.576066666666667516e+03
8.534466666666667152e+03
8.646466666666667152e+03
8.601666666666666060e+03
8.340333333333333940e+03
8.372333333333333940e+03
8.175000000000000000e+03
8.088600000000000364e+03
7.815533333333333758e+03
7.939266666666666424e+03
7.699266666666666424e+03
7.844333333333333030e+03
7.943533333333333758e+03
7.896600000000000364e+03
7.771800000000000182e+03
7.759000000000000000e+03
7.621399999999999636e+03
7.603266666666666424e+03
7.549933333333333394e+03
7.512600000000000364e+03
7.508333333333333030e+03
7.394199999999999818e+03
7.401666666666666970e+03
7.352600000000000364e+03
7.237399999999999636e+03
7.297133333333333212e+03
7.217133333333333212e+03
7.367533333333333758e+03
7.203266666666666424e+03
7.317399999999999636e+03
7.176600000000000364e+03
7.185133333333333212e+03
7.090199999999999818e+03
7.095533333333333758e+03
7.000600000000000364e+03
6.959000000000000000e+03
6.896066666666666606e+03
6.955800000000000182e+03
6.995266666666666424e+03
6.772333333333333030e+03
6.898199999999999818e+03
6.781933333333333394e+03
6.619800000000000182e+03
6.572866666666666788e+03
6.570733333333333576e+03
6.675266666666666424e+03
6.556866666666666788e+03
6.476866666666666788e+03
6.539800000000000182e+03
6.469399999999999636e+03
6.482199999999999818e+03
6.232600000000000364e+03
6.229399999999999636e+03
6.130199999999999818e+03
6.104600000000000364e+03
6.167533333333333758e+03
6.086466666666666242e+03
5.754733333333333576e+03
5.862466666666666242e+03
5.852866666666666788e+03
6.042733333333333576e+03
6.247533333333333758e+03
6.261399999999999636e+03
6.417133333333333212e+03
6.559000000000000000e+03
6.262466666666666242e+03
6.472600000000000364e+03
6.376600000000000364e+03
6.400066666666666606e+03
6.386199999999999818e+03
6.530199999999999818e+03
6.372333333333333030e+03
6.284866666666666788e+03
6.278466666666666242e+03
6.283800000000000182e+03
6.167533333333333758e+03
6.079000000000000000e+03
6.027800000000000182e+03
6.216600000000000364e+03
6.216600000000000364e+03
6.135373333333332994e+04
6.215266666666666424e+04
6.311266666666666424e+04
5.968660416666666424e+04
3.833441249999999854e+04
5.236270833333333030e+03
2.309400000000000091e+03
3.583000000000000000e+03
4.571800000000000182e+03
5.579800000000000182e+03
6.267800000000000182e+03
6.804333333333333030e+03
7.187266666666666424e+03
7.590466666666666242e+03
8.029933333333333394e+03
8.391533333333332848e+03
8.693399999999999636e+03
8.829933333333332484e+03
8.880066666666667516e+03
9.237399999999999636e+03
8.941933333333332484e+03
8.982466666666667152e+03
9.039000000000000000e+03
8.879000000000000000e+03
9.017666666666666060e+03
8.791533333333332848e+03
8.804333333333333940e+03
8.582466666666667152e+03
8.568600000000000364e+03
8.437399999999999636e+03
8.714733333333333576e+03
8.432066666666667516e+03
8.211266666666666424e+03
7.905133333333333212e+03
7.749399999999999636e+03
7.796333333333333030e+03
7.605399999999999636e+03
7.385666666666666970e+03
7.039000000000000000e+03
6.999533333333333758e+03
6.931266666666666424e+03
6.858733333333333576e+03
6.690199999999999818e+03
6.439533333333333758e+03
6.447000000000000000e+03
6.211266666666666424e+03
5.975533333333333758e+03
5.727000000000000000e+03
5.663000000000000000e+03
5.369666666666666970e+03
5.365399999999999636e+03
5.187266666666666424e+03
4.988866666666666788e+03
4.735000000000000000e+03
4.453399999999999636e+03
4.415000000000000000e+03
4.252866666666666788e+03
3.868866666666666788e+03
3.698199999999999818e+03
3.667266666666666879e+03
3.451800000000000182e+03
3.331266666666666879e+03
3.133933333333333394e+03
3.049666666666666515e+03
2.875800000000000182e+03
2.736066666666666606e+03
2.650733333333333121e+03
2.427800000000000182e+03
2.346733333333333121e+03
2.145133333333333212e+03
1.963799999999999955e+03
1.989400000000000091e+03
2.344591666666666697e+03
2.435254166666666606e+03
2.028862499999999955e+03
1.480599999999999909e+03
2.182454166666666879e+03
1.473133333333333439e+03
1.515799999999999955e+03
1.466733333333333348e+03
1.662995833333333394e+03
1.804862499999999955e+03
1.546729166666666742e+03
1.351533333333333303e+03
2.630445833333333212e+03
2.040587500000000091e+03
2.167520833333333485e+03
2.697641666666666879e+03
3.918954166666666879e+03
4.115216666666666242e+03
3.865620833333333394e+03
5.643725000000000364e+03
6.718908333333333758e+03
4.892804166666666788e+03
1.090230833333333248e+04
1.042978333333333285e+04
1.142923333333333358e+04
1.562223333333333358e+04
1.429745416666666642e+04
2.386637083333333430e+04
1.899604583333333358e+04
3.347475416666666570e+04
2.731804999999999927e+04
3.293929583333332994e+04
3.805175000000000000e+04
4.176369166666666570e+04
3.770722083333333285e+04
3.715896250000000146e+04
4.622335416666666424e+04
4.493590833333333285e+04
5.107021250000000146e+04
5.677998750000000291e+04
5.942421250000000146e+04
6.150631250000000000e+04
5.992767083333332994e+04
6.075112500000000000e+04
5.991060416666666424e+04
6.174950833333333139e+04
6.140711250000000291e+04
6.109351666666667006e+04
6.252069166666666570e+04
6.300494999999999709e+04
6.153830833333333430e+04
6.340387500000000000e+04
6.330787500000000000e+04
6.340280416666666861e+04
6.353720416666667006e+04
6.264015416666666715e+04
6.358093750000000000e+04
6.328227500000000146e+04
6.328654166666666424e+04
6.322680833333333430e+04
6.382733333333333576e+04
6.325667500000000291e+04
6.332494166666666570e+04
6.390200000000000000e+04
6.331853749999999854e+04
6.333667083333332994e+04
6.346146666666666715e+04
6.367693333333333430e+04
6.350840000000000146e+04
6.339746666666666715e+04
6.351266666666666424e+04
6.324493750000000000e+04
6.344013333333333139e+04
6.331746666666666715e+04
6.347213333333333139e+04
6.325559999999999854e+04
6.315106666666666570e+04
6.322146666666666715e+04
6.318626666666667006e+04
6.324493333333333430e+04
6.318093333333333430e+04
6.314040000000000146e+04
6.301240416666666715e+04
6.304333333333333576e+04
6.314573333333332994e+04
6.300919999999999709e+04
6.302733333333333576e+04
6.291959999999999854e+04
6.305506666666666570e+04
6.285773333333332994e+04
6.275106666666666570e+04
6.295053333333333285e+04
6.287053333333333285e+04
6.294093333333333430e+04
6.289293333333333430e+04
6.297080000000000291e+04
6.288973333333332994e+04
6.279053333333333285e+04
6.285133333333333576e+04
6.243106666666666570e+04
6.261773333333332994e+04
6.244919999999999709e+04
6.238200000000000000e+04
6.261453333333333285e+04
6.279480000000000291e+04
6.296013333333333139e+04
6.292173333333332994e+04
6.288119999999999709e+04
6.281933333333333576e+04
6.287266666666666424e+04
6.295586666666666861e+04
6.295480000000000291e+04
6.296973333333332994e+04
6.300493333333333430e+04
6.257187083333333430e+04
6.290040000000000146e+04
6.283213333333333139e+04
6.278946666666666715e+04
6.277133333333333576e+04
6.263159999999999854e+04
6.268386666666666861e+04
6.250040000000000146e+04
6.261559999999999854e+04
6.259640000000000146e+04
6.251853333333333285e+04
6.243640000000000146e+04
6.236173333333332994e+04
6.237346666666666715e+04
6.246840000000000146e+04
6.253666666666666424e+04
6.241719999999999709e+04
6.231266666666666424e+04
6.240013333333333139e+04
6.242573333333332994e+04
6.244173333333332994e+04
6.240973333333332994e+04
6.239906666666666570e+04
6.235106666666666570e+04
6.247586666666666861e+04
6.226359999999999854e+04
6.239266666666666424e+04
6.235746666666666715e+04
6.231266666666666424e+04
6.229133333333333576e+04
6.222840000000000146e+04
6.248333333333333576e+04
6.229773333333332994e+04
6.222519999999999709e+04
6.228280000000000291e+04
6.195000000000000000e+04
6.182200000000000000e+04
6.179746666666666715e+04
6.189240000000000146e+04
6.215586666666666861e+04
6.202466666666666424e+04
6.221026666666667006e+04
6.209186666666666861e+04
6.212066666666666424e+04
6.226680000000000291e+04
6.229880000000000291e+04
6.218359999999999854e+04
6.198626666666667006e+04
6.191906666666666570e+04
6.213133333333333576e+04
6.206200000000000000e+04
6.191480000000000291e+04
6.199159999999999854e+04
6.198413333333333139e+04
6.186893333333333430e+04
6.182306666666666570e+04
6.186253333333333285e+04
6.162573333333332994e+04
6.165666666666666424e+04
6.163640000000000146e+04
6.160546666666666715e+04
6.157559999999999854e+04
6.165880000000000291e+04
6.165453333333333285e+04
6.155533333333333576e+04
6.157773333333332994e+04
6.151159999999999854e+04
6.154786666666666861e+04
6.163533333333333576e+04
6.161080000000000291e+04
6.166306666666666570e+04
6.154573333333332994e+04
6.150946666666666715e+04
6.164280000000000291e+04
6.166733333333333576e+04
6.164173333333332994e+04
6.181133333333333576e+04
6.154573333333332994e+04
6.154040000000000146e+04
6.137719999999999709e+04
6.123319999999999709e+04
6.114680000000000291e+04
6.110413333333333139e+04
6.095906666666666570e+04
6.107533333333333576e+04
6.118519999999999709e+04
6.132066666666666424e+04
6.130040000000000146e+04
6.145613333333333139e+04
6.150413333333333139e+04
6.141346666666666715e+04
6.128973333333332994e+04
6.133559999999999854e+04
6.141773333333332994e+04
6.132173333333332994e+04
6.152013333333333139e+04
6.151053333333333285e+04
6.159053333333333285e+04
6.140173333333332994e+04
6.144759999999999854e+04
6.144440000000000146e+04
6.152973333333332994e+04
6.134200000000000000e+04
6.138253333333333285e+04
6.128226666666667006e+04
6.117240000000000146e+04
6.133346666666666715e+04
6.120333333333333576e+04
6.119373333333332994e+04
6.087266666666666424e+04
6.102519999999999709e+04
6.121400000000000000e+04
6.113719999999999709e+04
6.116173333333332994e+04
6.129826666666667006e+04
6.118733333333333576e+04
6.123959999999999854e+04
6.123853333333333285e+04
6.121826666666667006e+04
6.122466666666666424e+04
6.119693333333333430e+04
6.097506666666666570e+04
6.089506666666666570e+04
6.104973333333332994e+04
6.095906666666666570e+04
6.086840000000000146e+04
6.095373333333332994e+04
6.089186666666666861e+04
6.091746666666666715e+04
6.080546666666666715e+04
6.077986666666666861e+04
6.071053333333333285e+04
6.071266666666666424e+04
6.080653333333333285e+04
6.068280000000000291e+04
6.089506666666666570e+04
6.098466666666666424e+04
6.085986666666666861e+04
6.111800000000000000e+04
6.105293333333333430e+04
6.104013333333333139e+04
6.087586666666666861e+04
6.088653333333333285e+04
6.104546666666666715e+04
6.072759999999999854e+04
6.080653333333333285e+04
6.090786666666666861e+04
6.092386666666666861e+04
6.118093333333333430e+04
6.072866666666666424e+04
6.073400000000000000e+04
6.072440000000000146e+04
6.069026666666667006e+04
6.048759999999999854e+04
6.051640000000000146e+04
6.059213333333333139e+04
6.040546666666666715e+04
6.032973333333332994e+04
6.041293333333333430e+04
6.025186666666666861e+04
6.037773333333332994e+04
6.031586666666666861e+04
6.038306666666666570e+04
6.038946666666666715e+04
6.038413333333333139e+04
6.022840000000000146e+04
6.027959999999999854e+04
6.042786666666666861e+04
6.024226666666667006e+04
6.022840000000000146e+04
6.008226666666667006e+04
6.025613333333333139e+04
6.022840000000000146e+04
6.019959999999999854e+04
6.017080000000000291e+04
6.025933333333333576e+04
6.007159999999999854e+04
6.006200000000000000e+04
6.006200000000000000e+04
5.997559999999999854e+04
6.003533333333333576e+04
5.999800000000000000e+04
5.986893333333333430e+04
5.989559999999999854e+04
5.991800000000000000e+04
6.014519999999999709e+04
6.039800000000000000e+04
6.065293333333333430e+04
6.058893333333333430e+04
6.091319999999999709e+04
6.100600000000000000e+04
6.121613333333333139e+04
6.118733333333333576e+04
6.140813333333333139e+04
6.132813333333333139e+04
6.138146666666666715e+04
6.129293333333333430e+04
6.143053333333333285e+04
6.147106666666666570e+04
6.145400000000000000e+04
6.149453333333333285e+04
6.142840000000000146e+04
6.140386666666666861e+04
6.166946666666666715e+04
6.150093333333333430e+04
6.164386666666666861e+04
5.511053333333333285e+04
5.543159999999999854e+04
5.644386666666666861e+04
5.777080000000000291e+04
5.884066666666666424e+04
6.026253333333333285e+04
6.157987083333333430e+04
6.206093750000000000e+04
5.785088749999999709e+04
5.358749583333333430e+04
4.086770416666667006e+04
2.464182916666666642e+04
1.105804583333333358e+04
2.525920833333333121e+03
2.056599999999999909e+03
2.523800000000000182e+03
2.617666666666666515e+03
2.928066666666666606e+03
3.058199999999999818e+03
3.127533333333333303e+03
3.298199999999999818e+03
3.339800000000000182e+03
3.238466666666666697e+03
3.146733333333333121e+03
3.155266666666666879e+03
3.143533333333333303e+03
2.909933333333333394e+03
2.928066666666666606e+03
3.072066666666666606e+03
3.112599999999999909e+03
3.001666666666666515e+03
2.808599999999999909e+03
2.657133333333333212e+03
2.838462500000000091e+03
2.583533333333333303e+03
2.317933333333333394e+03
2.204866666666666788e+03
2.186733333333333121e+03
1.993662499999999909e+03
1.970195833333333439e+03
1.772862499999999955e+03
1.565929166666666561e+03
2.775508333333333212e+03
1.896587500000000091e+03
3.576558333333333394e+03
7.189300000000000182e+03
7.148766666666666424e+03
1.668568333333333430e+04
1.535557083333333321e+04
2.169787083333333430e+04
3.350675416666666570e+04
4.607615833333333285e+04
4.282074166666666861e+04
5.131234166666666715e+04
5.411442916666666861e+04
5.905194999999999709e+04
6.115325000000000000e+04
6.312441666666666424e+04
6.360654166666666424e+04
6.393933333333333576e+04
6.382519999999999709e+04
6.337400416666666570e+04
6.344866666666666424e+04
6.327266666666666424e+04
6.328226666666667006e+04
6.318733333333333576e+04
6.304013333333333139e+04
6.307000000000000000e+04
6.288759999999999854e+04
6.278093333333333430e+04
6.274359999999999854e+04
6.273826666666667006e+04
6.247159999999999854e+04
6.216866666666666424e+04
6.215693333333333430e+04
6.217080000000000291e+04
6.215266666666666424e+04
6.230413333333333139e+04
6.225400000000000000e+04
6.211426666666667006e+04
6.223906666666666570e+04
6.205240000000000146e+04
6.207693333333333430e+04
6.214626666666667006e+04
6.195213333333333139e+04
6.199266666666666424e+04
6.175159999999999854e+04
6.162466666666666424e+04
6.157880000000000291e+04
6.156493333333333430e+04
6.155426666666667006e+04
6.150946666666666715e+04
6.123533333333333576e+04
6.125986666666666861e+04
6.131426666666667006e+04
6.117346666666666715e+04
6.120546666666666715e+04
6.101346666666666715e+04
6.104973333333332994e+04
6.091000000000000000e+04
6.118413333333333139e+04
6.098359999999999854e+04
6.098253333333333285e+04
6.092173333333332994e+04
6.088333333333333576e+04
6.092173333333332994e+04
6.079480000000000291e+04
6.094413333333333139e+04
6.103586666666666861e+04
6.116173333333332994e+04
6.073080000000000291e+04
6.065400000000000000e+04
6.047800000000000000e+04
6.051106666666666570e+04
6.061773333333332994e+04
6.057080000000000291e+04
6.051213333333333139e+04
6.055373333333332994e+04
6.050893333333333430e+04
6.054093333333333430e+04
6.040973333333332994e+04
6.037773333333332994e+04
6.024653333333333285e+04
6.025293333333333430e+04
6.025400000000000000e+04
6.023266666666666424e+04
6.030200000000000000e+04
6.023693333333333430e+04
6.028600000000000000e+04
6.033506666666666570e+04
6.026466666666666424e+04
6.018786666666666861e+04
6.007906666666666570e+04
6.023266666666666424e+04
6.017719999999999709e+04
6.002573333333332994e+04
6.001080000000000291e+04
5.998413333333333139e+04
5.981559999999999854e+04
6.004493333333333430e+04
5.992013333333333139e+04
6.001293333333333430e+04
6.007586666666666861e+04
5.970040000000000146e+04
5.985613333333333139e+04
6.000546666666666715e+04
5.965240000000000146e+04
5.976226666666667006e+04
5.973133333333333576e+04
5.955106666666666570e+04
5.955000000000000000e+04
5.954146666666666715e+04
5.959159999999999854e+04
5.952866666666666424e+04
5.944973333333332994e+04
5.943480000000000291e+04
5.960119999999999709e+04
5.960013333333333139e+04
5.950626666666667006e+04
5.957240000000000146e+04
5.938573333333332994e+04
5.935906666666666570e+04
5.942200000000000000e+04
5.938893333333333430e+04
5.957986666666666861e+04
5.944759999999999854e+04
5.927480000000000291e+04
5.919159999999999854e+04
5.925240000000000146e+04
5.922893333333333430e+04
5.905506666666666570e+04
5.902519999999999709e+04
5.902200000000000000e+04
5.898893333333333430e+04
5.926306666666666570e+04
5.926733333333333576e+04
5.921186666666666861e+04
5.932280000000000291e+04
5.918413333333333139e+04
5.947213333333333139e+04
5.941773333333332994e+04
5.953506666666666570e+04
5.954786666666666861e+04
5.935373333333332994e+04
5.955319999999999709e+04
5.948706666666666570e+04
5.930573333333332994e+04
5.944653333333333285e+04
5.931000000000000000e+04
5.941026666666667006e+04
5.965026666666667006e+04
5.951373333333332994e+04
5.950519999999999709e+04
5.968440000000000146e+04
5.955853333333333285e+04
5.946680000000000291e+04
5.939000000000000000e+04
5.944973333333332994e+04
5.945613333333333139e+04
5.948493333333333430e+04
5.957133333333333576e+04
5.952973333333332994e+04
5.950626666666667006e+04
5.949773333333332994e+04
5.934840000000000146e+04
5.956706666666666570e+04
5.940280000000000291e+04
5.920119999999999709e+04
5.920333333333333576e+04
5.899640000000000146e+04
5.904866666666666424e+04
5.917026666666667006e+04
5.906253333333333285e+04
5.908386666666666861e+04
5.897293333333333430e+04
5.911053333333333285e+04
5.909773333333332994e+04
5.892280000000000291e+04
5.907959999999999854e+04
5.895800000000000000e+04
5.899213333333333139e+04
5.882466666666666424e+04
5.885880000000000291e+04
5.890040000000000146e+04
5.895373333333332994e+04
5.898466666666666424e+04
5.905506666666666570e+04
5.893559999999999854e+04
5.903480000000000291e+04
5.890893333333333430e+04
5.902946666666666715e+04
5.894840000000000146e+04
5.888119999999999709e+04
5.885133333333333576e+04
5.913400000000000000e+04
5.910200000000000000e+04
5.903266666666666424e+04
5.900600000000000000e+04
5.893559999999999854e+04
5.895586666666666861e+04
5.894306666666666570e+04
5.888333333333333576e+04
5.888333333333333576e+04
5.885133333333333576e+04
5.894840000000000146e+04
5.887480000000000291e+04
5.887693333333333430e+04
5.871586666666666861e+04
5.886626666666667006e+04
5.863693333333333430e+04
5.879800000000000000e+04
5.881400000000000000e+04
5.880973333333332994e+04
5.871480000000000291e+04
5.880440000000000146e+04
5.870840000000000146e+04
5.850253333333333285e+04
5.853240000000000146e+04
5.847053333333333285e+04
5.839693333333333430e+04
5.850146666666666715e+04
5.850466666666666424e+04
5.823586666666666861e+04
5.846093333333333430e+04
5.831800000000000000e+04
5.828813333333333139e+04
5.848119999999999709e+04
5.835426666666667006e+04
5.836066666666666424e+04
5.836173333333332994e+04
5.826786666666666861e+04
5.840653333333333285e+04
5.835533333333333576e+04
5.836493333333333430e+04
5.854200000000000000e+04
5.873719999999999709e+04
5.861240000000000146e+04
5.891640000000000146e+04
5.867533333333333576e+04
5.874893333333333430e+04
5.877240000000000146e+04
5.871800000000000000e+04
5.880013333333333139e+04
5.860066666666666424e+04
5.879159999999999854e+04
5.888119999999999709e+04
5.887266666666666424e+04
5.884813333333333139e+04
5.891106666666666570e+04
5.889400000000000000e+04
5.881613333333333139e+04
5.888973333333332994e+04
5.892706666666666570e+04
5.878840000000000146e+04
5.880759999999999854e+04
5.862093333333333430e+04
5.875853333333333285e+04
5.884493333333333430e+04
5.896973333333332994e+04
5.892066666666666424e+04
5.872653333333333285e+04
5.865400000000000000e+04
5.875000000000000000e+04
5.881826666666667006e+04
5.882786666666666861e+04
5.875533333333333576e+04
5.859106666666666570e+04
5.860813333333333139e+04
5.891000000000000000e+04
5.856226666666667006e+04
5.855693333333333430e+04
5.851746666666666715e+04
5.863693333333333430e+04
5.850786666666666861e+04
5.852280000000000291e+04
5.850359999999999854e+04
5.863373333333332994e+04
5.843640000000000146e+04
5.856440000000000146e+04
5.854093333333333430e+04
5.850573333333332994e+04
5.867853333333333285e+04
5.880759999999999854e+04
5.886093333333333430e+04
5.911373333333332994e+04
5.893026666666667006e+04
5.888440000000000146e+04
5.913400000000000000e+04
5.909986666666666861e+04
5.886733333333333576e+04
5.890040000000000146e+04
5.886200000000000000e+04
5.874146666666666715e+04
5.895159999999999854e+04
5.892813333333333139e+04
5.866893333333333430e+04
5.883426666666667006e+04
5.883426666666667006e+04
5.879800000000000000e+04
5.879800000000000000e+04
5.893346666666666715e+04
5.876493333333333430e+04
5.862413333333333139e+04
5.886946666666666715e+04
5.868493333333333430e+04
5.865080000000000291e+04
5.869880000000000291e+04
5.876173333333332994e+04
5.873933333333333576e+04
5.884066666666666424e+04
5.855373333333332994e+04
5.855586666666666861e+04
5.865080000000000291e+04
5.869346666666666715e+04
5.843533333333333576e+04
5.863800000000000000e+04
5.845559999999999854e+04
5.854946666666666715e+04
5.858253333333333285e+04
5.846840000000000146e+04
5.860066666666666424e+04
5.883000000000000000e+04
5.874040000000000146e+04
5.862093333333333430e+04
5.856866666666666424e+04
5.850680000000000291e+04
5.854519999999999709e+04
5.837453333333333285e+04
5.836386666666666861e+04
5.834466666666666424e+04
5.869133333333333576e+04
5.864333333333333576e+04
5.899426666666667006e+04
5.890680000000000291e+04
5.894840000000000146e+04
5.895053333333333285e+04
5.899533333333333576e+04
5.894946666666666715e+04
5.912013333333333139e+04
5.880013333333333139e+04
5.869026666666667006e+04
5.864546666666666715e+04
5.866040000000000146e+04
5.888226666666667006e+04
5.883106666666666570e+04
5.882573333333332994e+04
5.869453333333333285e+04
5.861880000000000291e+04
5.857506666666666570e+04
5.871800000000000000e+04
5.864759999999999854e+04
5.864119999999999709e+04
5.864119999999999709e+04
5.344866666666666424e+04
5.390093333333333430e+04
5.490466666666666424e+04
5.621453333333333285e+04
5.754573333333332994e+04
5.873400000000000000e+04
5.995000000000000000e+04
6.100493750000000000e+04
6.117347916666666424e+04
5.885246250000000146e+04
5.648130833333333430e+04
5.274804166666666424e+04
4.536469583333333139e+04
3.483367083333332994e+04
2.398050833333333503e+04
1.368307083333333321e+04
9.242608333333333576e+03
5.699199999999999818e+03
4.236824999999999818e+03
3.825099999999999909e+03
4.805350000000000364e+03
2.122729166666666515e+03
2.171795833333333121e+03
1.832599999999999909e+03
1.857129166666666606e+03
1.936062500000000000e+03
2.040591666666666697e+03
3.134974999999999909e+03
2.595250000000000000e+03
1.979791666666666742e+03
3.488033333333333303e+03
1.918991666666666561e+03
4.605879166666666606e+03
2.457645833333333485e+03
9.448466666666667152e+03
1.443932083333333321e+04
1.782059999999999854e+04
2.043922499999999854e+04
3.352702083333333576e+04
3.645177500000000146e+04
4.171675833333333139e+04
4.756840000000000146e+04
5.629892916666666861e+04
5.808023333333332994e+04
5.888555416666666861e+04
6.131324583333333430e+04
6.243962500000000000e+04
6.325667500000000291e+04
6.275001666666667006e+04
6.244388749999999709e+04
6.225188749999999709e+04
6.283320833333333576e+04
6.323640000000000146e+04
6.332813333333333139e+04
6.307000000000000000e+04
6.287693333333333430e+04
6.269453333333333285e+04
6.251213333333333139e+04
6.231373333333332994e+04
6.208013333333333139e+04
6.192013333333333139e+04
6.189240000000000146e+04
6.163213333333333139e+04
6.170040000000000146e+04
6.160653333333333285e+04
6.155106666666666570e+04
6.119266666666666424e+04
6.114680000000000291e+04
6.102733333333333576e+04
6.085453333333333285e+04
6.066359999999999854e+04
6.056333333333333576e+04
6.057293333333333430e+04
6.040440000000000146e+04
6.047266666666666424e+04
6.056440000000000146e+04
6.054519999999999709e+04
6.055480000000000291e+04
6.054519999999999709e+04
6.055266666666666424e+04
6.045133333333333576e+04
6.021453333333333285e+04
6.020493333333333430e+04
6.024333333333333576e+04
6.017293333333333430e+04
5.999693333333333430e+04
6.021346666666666715e+04
6.013133333333333576e+04
6.017186666666666861e+04
5.996706666666666570e+04
5.986146666666666715e+04
5.978466666666666424e+04
5.977400000000000000e+04
5.968119999999999709e+04
5.963000000000000000e+04
5.962466666666666424e+04
5.950306666666666570e+04
5.937613333333333139e+04
5.941880000000000291e+04
5.938893333333333430e+04
5.926306666666666570e+04
5.909346666666666715e+04
5.914893333333333430e+04
5.905719999999999709e+04
5.909559999999999854e+04
5.913293333333333430e+04
5.915000000000000000e+04
5.879266666666666424e+04
5.898786666666666861e+04
5.871159999999999854e+04
5.859853333333333285e+04
5.872013333333333139e+04
5.859213333333333139e+04
5.870519999999999709e+04
5.857186666666666861e+04
5.842466666666666424e+04
5.815586666666666861e+04
5.821453333333333285e+04
5.818786666666666861e+04
5.836919999999999709e+04
5.834786666666666861e+04
5.807586666666666861e+04
5.817719999999999709e+04
5.823480000000000291e+04
5.822200000000000000e+04
5.829559999999999854e+04
5.813133333333333576e+04
5.839053333333333285e+04
5.828813333333333139e+04
5.811640000000000146e+04
5.804280000000000291e+04
5.800333333333333576e+04
5.804493333333333430e+04
5.792546666666666715e+04
5.790840000000000146e+04
5.795640000000000146e+04
5.801933333333333576e+04
5.783266666666666424e+04
5.782840000000000146e+04
5.794573333333332994e+04
5.786573333333332994e+04
5.777613333333333139e+04
5.779959999999999854e+04
5.777826666666667006e+04
5.785719999999999709e+04
5.774413333333333139e+04
5.761826666666667006e+04
5.766626666666667006e+04
5.774946666666666715e+04
5.793613333333333139e+04
5.785506666666666570e+04
5.779533333333333576e+04
5.765773333333332994e+04
5.791159999999999854e+04
5.780280000000000291e+04
5.754359999999999854e+04
5.751159999999999854e+04
5.747426666666667006e+04
5.737400000000000000e+04
5.783693333333333430e+04
5.761506666666666570e+04
5.753293333333333430e+04
5.749240000000000146e+04
5.754359999999999854e+04
5.748493333333333430e+04
5.742306666666666570e+04
5.725026666666667006e+04
5.733880000000000291e+04
5.738359999999999854e+04
5.710200000000000000e+04
5.725133333333333576e+04
5.736866666666666424e+04
5.751480000000000291e+04
5.753400000000000000e+04
5.770040000000000146e+04
5.763746666666666715e+04
5.783373333333332994e+04
5.782946666666666715e+04
5.790733333333333576e+04
5.803533333333333576e+04
5.801613333333333139e+04
5.804813333333333139e+04
5.799906666666666570e+04
5.809506666666666570e+04
5.808119999999999709e+04
5.822306666666666570e+04
5.824973333333332994e+04
5.835853333333333285e+04
5.823266666666666424e+04
5.829880000000000291e+04
5.835213333333333139e+04
5.842253333333333285e+04
5.821559999999999854e+04
5.822733333333333576e+04
5.811000000000000000e+04
5.798840000000000146e+04
5.802893333333333430e+04
5.802573333333332994e+04
5.831159999999999854e+04
5.815906666666666570e+04
5.826893333333333430e+04
5.811106666666666570e+04
5.815053333333333285e+04
5.805026666666667006e+04
5.800013333333333139e+04
5.796600000000000000e+04
5.808653333333333285e+04
5.799800000000000000e+04
5.813559999999999854e+04
5.805880000000000291e+04
5.779213333333333139e+04
5.784440000000000146e+04
5.785506666666666570e+04
5.785826666666667006e+04
5.796066666666666424e+04
5.779959999999999854e+04
5.786040000000000146e+04
5.776119999999999709e+04
5.776759999999999854e+04
5.775480000000000291e+04
5.789453333333333285e+04
5.779213333333333139e+04
5.789026666666667006e+04
5.782093333333333430e+04
5.771319999999999709e+04
5.785293333333333430e+04
5.787640000000000146e+04
5.789666666666666424e+04
5.780280000000000291e+04
5.797133333333333576e+04
5.793506666666666570e+04
5.802146666666666715e+04
5.774413333333333139e+04
5.778680000000000291e+04
5.775586666666666861e+04
5.773133333333333576e+04
5.763533333333333576e+04
5.777613333333333139e+04
5.765240000000000146e+04
5.763319999999999709e+04
5.763746666666666715e+04
5.775693333333333430e+04
5.763533333333333576e+04
5.765559999999999854e+04
5.754253333333333285e+04
5.759159999999999854e+04
5.766093333333333430e+04
5.763853333333333285e+04
5.780280000000000291e+04
5.773026666666667006e+04
5.775693333333333430e+04
5.782306666666666570e+04
5.779959999999999854e+04
5.769613333333333139e+04
5.780600000000000000e+04
5.775480000000000291e+04
5.763000000000000000e+04
5.758306666666666570e+04
5.754466666666666424e+04
5.769186666666666861e+04
5.754893333333333430e+04
5.780173333333332994e+04
5.774733333333333576e+04
5.748386666666666861e+04
5.759906666666666570e+04
5.758519999999999709e+04
5.740813333333333139e+04
5.736333333333333576e+04
5.722786666666666861e+04
5.733133333333333576e+04
5.742200000000000000e+04
5.767266666666666424e+04
5.748813333333333139e+04
5.761719999999999709e+04
5.771533333333333576e+04
5.775480000000000291e+04
5.774413333333333139e+04
5.769293333333333430e+04
5.772066666666666424e+04
5.779533333333333576e+04
5.765240000000000146e+04
5.776759999999999854e+04
5.766093333333333430e+04
5.766946666666666715e+04
5.772706666666666570e+04
5.763533333333333576e+04
5.785933333333333576e+04
5.760759999999999854e+04
5.745826666666667006e+04
5.727159999999999854e+04
5.757346666666666715e+04
5.759480000000000291e+04
5.741133333333333576e+04
5.746253333333333285e+04
5.752440000000000146e+04
5.749880000000000291e+04
5.760759999999999854e+04
5.766626666666667006e+04
5.763106666666666570e+04
5.757559999999999854e+04
5.747106666666666570e+04
5.744226666666667006e+04
5.750626666666667006e+04
5.767373333333332994e+04
5.757986666666666861e+04
5.762146666666666715e+04
5.755746666666666715e+04
5.776013333333333139e+04
5.775159999999999854e+04
5.774306666666666570e+04
5.770786666666666861e+04
5.774413333333333139e+04
5.779853333333333285e+04
5.767480000000000291e+04
5.759586666666666861e+04
5.764600000000000000e+04
5.764919999999999709e+04
5.764280000000000291e+04
5.759800000000000000e+04
5.761186666666666861e+04
5.755853333333333285e+04
5.769400000000000000e+04
5.770573333333332994e+04
5.782733333333333576e+04
5.767266666666666424e+04
5.771319999999999709e+04
5.765880000000000291e+04
5.757453333333333285e+04
5.750946666666666715e+04
5.754253333333333285e+04
5.742413333333333139e+04
5.750519999999999709e+04
5.745613333333333139e+04
5.741773333333332994e+04
5.727480000000000291e+04
5.735373333333332994e+04
5.731640000000000146e+04
5.732173333333332994e+04
5.736226666666667006e+04
5.727906666666666570e+04
5.711906666666666570e+04
5.712973333333332994e+04
5.704653333333333285e+04
5.718840000000000146e+04
5.708066666666666424e+04
5.710413333333333139e+04
5.703586666666666861e+04
5.718093333333333430e+04
5.712440000000000146e+04
5.725880000000000291e+04
5.721933333333333576e+04
5.712333333333333576e+04
5.704013333333333139e+04
5.704546666666666715e+04
5.698573333333332994e+04
5.700066666666666424e+04
5.703586666666666861e+04
5.723106666666666570e+04
5.703480000000000291e+04
5.719586666666666861e+04
5.694200000000000000e+04
5.693240000000000146e+04
5.714573333333332994e+04
5.687906666666666570e+04
5.707000000000000000e+04
5.677880000000000291e+04
5.682146666666666715e+04
5.706893333333333430e+04
5.726200000000000000e+04
5.761293333333333430e+04
5.774946666666666715e+04
5.784013333333333139e+04
5.816653333333333285e+04
5.811640000000000146e+04
5.816333333333333576e+04
5.823693333333333430e+04
5.827533333333333576e+04
5.840546666666666715e+04
5.842786666666666861e+04
5.832226666666667006e+04
5.838840000000000146e+04
5.861453333333333285e+04
5.845666666666666424e+04
5.852813333333333139e+04
5.857400000000000000e+04
5.865826666666667006e+04
5.862946666666666715e+04
5.853346666666666715e+04
5.851640000000000146e+04
5.859533333333333576e+04
5.841293333333333430e+04
5.837133333333333576e+04
5.336973333333332994e+04
5.323959999999999854e+04
5.415266666666666424e+04
5.522040000000000146e+04
5.637666666666666424e+04
5.797240000000000146e+04
5.905933333333333576e+04
6.032653333333333285e+04
6.118413333333333139e+04
6.208867083333332994e+04
5.987858333333333576e+04
5.713196666666666715e+04
5.177312500000000000e+04
4.515883750000000146e+04
3.993758750000000146e+04
2.645193333333333430e+04
2.150054583333333358e+04
1.252362083333333248e+04
7.915691666666666606e+03
4.176020833333333030e+03
2.994175000000000182e+03
5.467733333333333576e+03
3.782429166666666788e+03
4.830945833333333212e+03
3.006974999999999909e+03
1.734462500000000091e+03
2.294454166666666879e+03
2.305120833333333394e+03
2.260320833333333212e+03
1.726995833333333394e+03
1.895525000000000091e+03
3.046437500000000000e+03
3.492295833333333121e+03
4.753074999999999818e+03
1.176202916666666715e+04
1.469318333333333248e+04
2.154320833333333212e+04
2.074428749999999854e+04
3.052866666666666788e+04
3.106732500000000073e+04
3.662030416666666861e+04
4.092423750000000291e+04
5.521307916666667006e+04
6.064125833333333139e+04
6.054419166666666570e+04
6.241935833333332994e+04
6.279801666666667006e+04
6.347853749999999854e+04
6.345506666666666570e+04
6.346146666666666715e+04
6.338359999999999854e+04
6.303373333333332994e+04
6.297400000000000000e+04
6.277986666666666861e+04
6.276919999999999709e+04
6.253559999999999854e+04
6.219533333333333576e+04
6.210040000000000146e+04
6.205346666666666715e+04
6.195533333333333576e+04
6.157026666666667006e+04
6.137293333333333430e+04
6.134306666666666570e+04
6.127480000000000291e+04
6.108600000000000000e+04
6.101133333333333576e+04
6.078946666666666715e+04
6.094093333333333430e+04
6.073506666666666570e+04
6.066359999999999854e+04
6.043319999999999709e+04
6.028386666666666861e+04
6.034466666666666424e+04
6.040866666666666424e+04
6.056866666666666424e+04
6.042573333333332994e+04
6.032546666666666715e+04
6.028280000000000291e+04
6.022200000000000000e+04
6.001293333333333430e+04
6.028600000000000000e+04
6.008866666666666424e+04
5.993933333333333576e+04
5.985506666666666570e+04
5.973026666666667006e+04
5.995213333333333139e+04
5.980600000000000000e+04
5.972813333333333139e+04
5.961400000000000000e+04
5.961933333333333576e+04
5.933026666666667006e+04
5.955319999999999709e+04
5.931853333333333285e+04
5.939319999999999709e+04
5.930040000000000146e+04
5.938466666666666424e+04
5.934413333333333139e+04
5.901026666666667006e+04
5.927159999999999854e+04
5.936866666666666424e+04
5.909666666666666424e+04
5.924919999999999709e+04
5.908386666666666861e+04
5.894946666666666715e+04
5.886306666666666570e+04
5.892919999999999709e+04
5.881933333333333576e+04
5.890040000000000146e+04
5.878946666666666715e+04
5.871693333333333430e+04
5.885026666666667006e+04
5.869773333333332994e+04
5.857933333333333576e+04
5.855373333333332994e+04
5.850146666666666715e+04
5.857400000000000000e+04
5.835533333333333576e+04
5.833293333333333430e+04
5.815159999999999854e+04
5.830093333333333430e+04
5.829453333333333285e+04
5.809400000000000000e+04
5.821346666666666715e+04
5.825826666666667006e+04
5.841719999999999709e+04
5.821346666666666715e+04
5.825826666666667006e+04
5.827319999999999709e+04
5.827319999999999709e+04
5.825293333333333430e+04
5.820066666666666424e+04
5.825613333333333139e+04
5.796813333333333139e+04
5.794146666666666715e+04
5.817826666666667006e+04
5.828280000000000291e+04
5.809080000000000291e+04
5.804280000000000291e+04
5.812280000000000291e+04
5.805986666666666861e+04
5.814093333333333430e+04
5.801506666666666570e+04
5.789240000000000146e+04
5.787746666666666715e+04
5.782946666666666715e+04
5.765240000000000146e+04
5.788280000000000291e+04
5.788919999999999709e+04
5.801186666666666861e+04
5.781880000000000291e+04
5.779106666666666570e+04
5.784119999999999709e+04
5.787000000000000000e+04
5.801719999999999709e+04
5.780919999999999709e+04
5.782200000000000000e+04
5.787853333333333285e+04
5.771106666666666570e+04
5.771000000000000000e+04
5.770359999999999854e+04
5.776546666666666715e+04
5.766093333333333430e+04
5.774306666666666570e+04
5.774200000000000000e+04
5.757026666666667006e+04
5.753933333333333576e+04
5.754680000000000291e+04
5.762786666666666861e+04
5.748813333333333139e+04
5.741666666666666424e+04
5.749773333333332994e+04
5.761933333333333576e+04
5.786146666666666715e+04
5.807053333333333285e+04
5.798200000000000000e+04
5.813026666666667006e+04
5.829453333333333285e+04
5.815906666666666570e+04
5.816119999999999709e+04
5.825933333333333576e+04
5.814840000000000146e+04
5.816546666666666715e+04
5.811000000000000000e+04
5.817293333333333430e+04
5.846519999999999709e+04
5.834786666666666861e+04
5.853559999999999854e+04
5.834359999999999854e+04
5.849400000000000000e+04
5.833506666666666570e+04
5.823266666666666424e+04
5.838733333333333576e+04
5.829986666666666861e+04
5.800333333333333576e+04
5.808119999999999709e+04
5.805240000000000146e+04
5.818466666666666424e+04
5.848119999999999709e+04
5.835746666666666715e+04
5.805346666666666715e+04
5.817186666666666861e+04
5.807373333333332994e+04
5.805986666666666861e+04
5.814626666666667006e+04
5.804600000000000000e+04
5.805773333333332994e+04
5.786573333333332994e+04
5.810146666666666715e+04
5.805773333333332994e+04
5.823586666666666861e+04
5.814946666666666715e+04
5.806733333333333576e+04
5.808653333333333285e+04
5.807480000000000291e+04
5.796600000000000000e+04
5.799373333333332994e+04
5.793293333333333430e+04
5.801080000000000291e+04
5.786040000000000146e+04
5.783693333333333430e+04
5.777186666666666861e+04
5.797133333333333576e+04
5.799586666666666861e+04
5.803000000000000000e+04
5.786893333333333430e+04
5.771533333333333576e+04
5.800440000000000146e+04
5.780493333333333430e+04
5.767480000000000291e+04
5.776013333333333139e+04
5.795959999999999854e+04
5.767053333333333285e+04
5.791800000000000000e+04
5.777506666666666570e+04
5.781240000000000146e+04
5.788919999999999709e+04
5.781240000000000146e+04
5.777186666666666861e+04
5.769933333333333576e+04
5.764066666666666424e+04
5.752119999999999709e+04
5.748919999999999709e+04
5.775373333333332994e+04
5.790626666666667006e+04
5.788813333333333139e+04
5.784653333333333285e+04
5.772280000000000291e+04
5.783800000000000000e+04
5.800119999999999709e+04
5.784653333333333285e+04
5.797453333333333285e+04
5.796493333333333430e+04
5.770680000000000291e+04
5.790626666666667006e+04
5.797559999999999854e+04
5.786680000000000291e+04
5.789559999999999854e+04
5.760333333333333576e+04
5.773880000000000291e+04
5.769933333333333576e+04
5.781453333333333285e+04
5.757133333333333576e+04
5.753186666666666861e+04
5.749346666666666715e+04
5.755213333333333139e+04
5.739533333333333576e+04
5.755853333333333285e+04
5.753719999999999709e+04
5.760013333333333139e+04
5.776973333333332994e+04
5.768759999999999854e+04
5.781880000000000291e+04
5.773346666666666715e+04
5.785506666666666570e+04
5.787319999999999709e+04
5.798093333333333430e+04
5.797986666666666861e+04
5.780173333333332994e+04
5.810680000000000291e+04
5.784119999999999709e+04
5.781559999999999854e+04
5.790200000000000000e+04
5.789133333333333576e+04
5.780600000000000000e+04
5.763426666666667006e+04
5.778253333333333285e+04
5.784546666666666715e+04
5.781666666666666424e+04
5.782413333333333139e+04
5.768653333333333285e+04
5.765559999999999854e+04
5.781986666666666861e+04
5.777613333333333139e+04
5.793719999999999709e+04
5.780919999999999709e+04
5.815693333333333430e+04
5.816333333333333576e+04
5.785080000000000291e+04
5.807053333333333285e+04
5.813773333333332994e+04
5.798626666666667006e+04
5.784759999999999854e+04
5.793400000000000000e+04
5.792653333333333285e+04
5.801826666666667006e+04
5.784226666666667006e+04
5.793400000000000000e+04
5.797559999999999854e+04
5.792333333333333576e+04
5.793506666666666570e+04
5.778466666666666424e+04
5.770040000000000146e+04
5.764386666666666861e+04
5.747319999999999709e+04
5.767906666666666570e+04
5.765559999999999854e+04
5.755000000000000000e+04
5.766200000000000000e+04
5.770253333333333285e+04
5.785506666666666570e+04
5.768759999999999854e+04
5.763213333333333139e+04
5.772280000000000291e+04
5.767373333333332994e+04
5.753613333333333139e+04
5.749133333333333576e+04
5.761613333333333139e+04
5.748493333333333430e+04
5.783053333333333285e+04
5.730359999999999854e+04
5.740706666666666570e+04
5.739106666666666570e+04
5.740066666666666424e+04
5.741240000000000146e+04
5.752013333333333139e+04
5.728119999999999709e+04
5.712440000000000146e+04
5.721613333333333139e+04
5.712866666666666424e+04
5.699853333333333285e+04
5.714573333333332994e+04
5.718946666666666715e+04
5.719586666666666861e+04
5.718200000000000000e+04
5.695800000000000000e+04
5.716173333333332994e+04
5.712333333333333576e+04
5.713719999999999709e+04
5.712226666666667006e+04
5.706466666666666424e+04
5.693240000000000146e+04
5.696440000000000146e+04
5.695906666666666570e+04
5.696546666666666715e+04
5.700493333333333430e+04
5.707533333333333576e+04
5.697826666666667006e+04
5.695266666666666424e+04
5.699533333333333576e+04
5.698893333333333430e+04
5.687586666666666861e+04
5.680440000000000146e+04
5.683426666666667006e+04
5.676066666666666424e+04
5.684280000000000291e+04
5.712866666666666424e+04
5.739426666666667006e+04
5.748813333333333139e+04
5.748919999999999709e+04
5.754466666666666424e+04
5.750840000000000146e+04
5.767159999999999854e+04
5.787319999999999709e+04
5.767373333333332994e+04
5.764493333333333430e+04
5.782733333333333576e+04
5.775480000000000291e+04
5.789880000000000291e+04
5.789133333333333576e+04
5.798200000000000000e+04
5.785826666666667006e+04
5.785826666666667006e+04
5.787853333333333285e+04
5.775480000000000291e+04
5.789559999999999854e+04
5.783266666666666424e+04
5.785506666666666570e+04
5.776866666666666424e+04
5.785080000000000291e+04
5.782093333333333430e+04
5.782093333333333430e+04
5.310413333333333139e+04
5.349240000000000146e+04
5.468173333333332994e+04
5.588706666666666570e+04
5.694733333333333576e+04
5.843640000000000146e+04
5.963640000000000146e+04
6.058680000000000291e+04
6.143586666666666861e+04
6.082469166666666570e+04
6.145829166666666424e+04
5.511066666666666424e+04
4.885050416666666570e+04
4.349272499999999854e+04
3.719842916666666861e+04
3.043907083333333503e+04
2.479116249999999854e+04
1.788993750000000000e+04
2.083709166666666715e+04
1.631662916666666752e+04
1.313374583333333248e+04
9.500737499999999272e+03
8.171691666666666606e+03
4.781879166666666606e+03
2.740312500000000000e+03
3.463500000000000000e+03
5.559466666666666242e+03
7.266104166666666970e+03
7.531699999999999818e+03
8.095958333333333030e+03
1.592729999999999927e+04
1.701848333333333358e+04
1.986537083333333430e+04
2.584607500000000073e+04
2.771377916666666715e+04
2.842203333333333285e+04
3.152384999999999854e+04
3.630777500000000146e+04
4.469484166666666715e+04
5.336883750000000146e+04
5.416242500000000291e+04
6.046205833333333430e+04
6.279908333333333576e+04
6.267108750000000146e+04
6.278627916666666715e+04
6.347319999999999709e+04
6.318946666666666715e+04
6.286413749999999709e+04
6.302946666666666715e+04
6.295800000000000000e+04
6.304333333333333576e+04
6.273826666666667006e+04
6.265186666666666861e+04
6.240866666666666424e+04
6.206306666666666570e+04
6.210253333333333285e+04
6.192013333333333139e+04
6.191266666666666424e+04
6.178466666666666424e+04
6.156280000000000291e+04
6.152546666666666715e+04
6.141666666666666424e+04
6.116600000000000000e+04
6.128333333333333576e+04
6.115106666666666570e+04
6.103266666666666424e+04
6.106680000000000291e+04
6.093133333333333576e+04
6.078200000000000000e+04
6.053453333333333285e+04
6.080440000000000146e+04
6.062093333333333430e+04
6.064226666666667006e+04
6.050573333333332994e+04
6.037240000000000146e+04
6.042359999999999854e+04
6.041080000000000291e+04
6.040226666666667006e+04
6.035533333333333576e+04
6.033719999999999709e+04
6.030413333333333139e+04
6.028493333333333430e+04
6.012600000000000000e+04
6.008973333333332994e+04
6.004706666666666570e+04
6.006626666666667006e+04
5.984866666666666424e+04
5.974840000000000146e+04
5.985826666666667006e+04
5.972919999999999709e+04
5.968546666666666715e+04
5.964066666666666424e+04
5.964386666666666861e+04
5.967373333333332994e+04
5.939106666666666570e+04
5.926840000000000146e+04
5.942840000000000146e+04
5.944440000000000146e+04
5.951053333333333285e+04
5.938680000000000291e+04
5.932280000000000291e+04
5.939959999999999854e+04
5.936973333333332994e+04
5.922040000000000146e+04
5.907106666666666570e+04
5.926200000000000000e+04
5.914466666666666424e+04
5.906893333333333430e+04
5.914040000000000146e+04
5.917559999999999854e+04
5.895586666666666861e+04
5.904333333333333576e+04
5.894413333333333139e+04
5.897826666666667006e+04
5.888119999999999709e+04
5.883853333333333285e+04
5.849933333333333576e+04
5.846626666666667006e+04
5.844813333333333139e+04
5.864119999999999709e+04
5.859746666666666715e+04
5.864866666666666424e+04
5.858573333333332994e+04
5.849400000000000000e+04
5.856546666666666715e+04
5.845880000000000291e+04
5.835853333333333285e+04
5.841933333333333576e+04
5.827000000000000000e+04
5.831800000000000000e+04
5.838733333333333576e+04
5.807693333333333430e+04
5.825613333333333139e+04
5.826359999999999854e+04
5.809506666666666570e+04
5.821133333333333576e+04
5.824866666666666424e+04
5.817400000000000000e+04
5.810680000000000291e+04
5.822840000000000146e+04
5.785719999999999709e+04
5.807693333333333430e+04
5.796386666666666861e+04
5.779853333333333285e+04
5.787746666666666715e+04
5.785506666666666570e+04
5.803000000000000000e+04
5.792866666666666424e+04
5.781026666666667006e+04
5.774306666666666570e+04
5.756386666666666861e+04
5.776440000000000146e+04
5.775693333333333430e+04
5.763106666666666570e+04
5.762040000000000146e+04
5.749240000000000146e+04
5.762466666666666424e+04
5.742413333333333139e+04
5.746359999999999854e+04
5.762893333333333430e+04
5.742733333333333576e+04
5.739959999999999854e+04
5.721186666666666861e+04
5.696866666666666424e+04
5.698680000000000291e+04
5.702946666666666715e+04
5.689186666666666861e+04
5.688013333333333139e+04
5.688333333333333576e+04
5.706359999999999854e+04
5.721933333333333576e+04
5.735906666666666570e+04
5.764280000000000291e+04
5.760973333333332994e+04
5.753186666666666861e+04
5.769400000000000000e+04
5.765880000000000291e+04
5.772919999999999709e+04
5.779533333333333576e+04
5.791373333333332994e+04
5.789880000000000291e+04
5.781666666666666424e+04
5.797453333333333285e+04
5.781880000000000291e+04
5.793080000000000291e+04
5.792653333333333285e+04
5.784119999999999709e+04
5.779746666666666715e+04
5.774733333333333576e+04
5.784013333333333139e+04
5.789666666666666424e+04
5.803000000000000000e+04
5.803640000000000146e+04
5.803426666666667006e+04
5.812813333333333139e+04
5.784653333333333285e+04
5.796813333333333139e+04
5.814200000000000000e+04
5.804493333333333430e+04
5.809293333333333430e+04
5.806306666666666570e+04
5.808759999999999854e+04
5.796280000000000291e+04
5.830093333333333430e+04
5.809293333333333430e+04
5.799586666666666861e+04
5.807159999999999854e+04
5.805026666666667006e+04
5.800759999999999854e+04
5.807906666666666570e+04
5.796919999999999709e+04
5.805133333333333576e+04
5.792440000000000146e+04
5.780706666666666570e+04
5.790200000000000000e+04
5.800866666666666424e+04
5.788706666666666570e+04
5.800973333333332994e+04
5.801186666666666861e+04
5.794786666666666861e+04
5.792119999999999709e+04
5.813986666666666861e+04
5.815266666666666424e+04
5.803959999999999854e+04
5.803000000000000000e+04
5.795533333333333576e+04
5.818680000000000291e+04
5.806093333333333430e+04
5.809826666666667006e+04
5.792440000000000146e+04
5.790200000000000000e+04
5.790306666666666570e+04
5.774626666666667006e+04
5.772386666666666861e+04
5.776440000000000146e+04
5.759266666666666424e+04
5.753506666666666570e+04
5.746893333333333430e+04
5.729186666666666861e+04
5.723640000000000146e+04
5.720119999999999709e+04
5.703906666666666570e+04
5.715000000000000000e+04
5.699746666666666715e+04
5.729613333333333139e+04
5.729826666666667006e+04
5.709133333333333576e+04
5.692600000000000000e+04
5.709666666666666424e+04
5.716066666666666424e+04
5.698680000000000291e+04
5.696333333333333576e+04
5.674786666666666861e+04
5.686200000000000000e+04
5.667746666666666715e+04
5.698680000000000291e+04
5.668493333333333430e+04
5.668813333333333139e+04
5.662626666666667006e+04
5.647373333333332994e+04
5.648119999999999709e+04
5.643959999999999854e+04
5.637026666666667006e+04
5.643106666666666570e+04
5.642786666666666861e+04
5.625080000000000291e+04
5.642146666666666715e+04
5.656653333333333285e+04
5.660600000000000000e+04
5.663053333333333285e+04
5.679906666666666570e+04
5.674573333333332994e+04
5.689400000000000000e+04
5.703480000000000291e+04
5.691319999999999709e+04
5.694946666666666715e+04
5.702733333333333576e+04
5.697400000000000000e+04
5.706680000000000291e+04
5.718946666666666715e+04
5.710413333333333139e+04
5.724173333333332994e+04
5.732066666666666424e+04
5.725026666666667006e+04
5.745933333333333576e+04
5.722680000000000291e+04
5.738146666666666715e+04
5.738253333333333285e+04
5.731533333333333576e+04
5.700386666666666861e+04
5.707213333333333139e+04
5.711266666666666424e+04
5.717133333333333576e+04
5.712759999999999854e+04
5.711800000000000000e+04
5.727586666666666861e+04
5.708919999999999709e+04
5.723746666666666715e+04
5.715853333333333285e+04
5.721293333333333430e+04
5.690253333333333285e+04
5.712013333333333139e+04
5.714359999999999854e+04
5.711053333333333285e+04
5.709880000000000291e+04
5.714146666666666715e+04
5.708386666666666861e+04
5.689719999999999709e+04
5.713826666666667006e+04
5.703906666666666570e+04
5.689613333333333139e+04
5.683213333333333139e+04
5.671800000000000000e+04
5.680973333333332994e+04
5.659746666666666715e+04
5.674040000000000146e+04
5.675213333333333139e+04
5.687693333333333430e+04
5.689080000000000291e+04
5.681400000000000000e+04
5.671159999999999854e+04
5.676386666666666861e+04
5.689933333333333576e+04
5.692066666666666424e+04
5.679480000000000291e+04
5.673826666666667006e+04
5.673293333333333430e+04
5.676280000000000291e+04
5.674040000000000146e+04
5.658253333333333285e+04
5.662626666666667006e+04
5.658359999999999854e+04
5.677453333333333285e+04
5.644600000000000000e+04
5.676493333333333430e+04
5.674040000000000146e+04
5.645880000000000291e+04
5.644066666666666424e+04
5.640226666666667006e+04
5.625826666666667006e+04
5.637240000000000146e+04
5.650253333333333285e+04
5.635106666666666570e+04
5.645880000000000291e+04
5.640440000000000146e+04
5.638413333333333139e+04
5.645133333333333576e+04
5.650253333333333285e+04
5.646519999999999709e+04
5.641400000000000000e+04
5.647159999999999854e+04
5.633613333333333139e+04
5.634680000000000291e+04
5.628173333333332994e+04
5.629453333333333285e+04
5.646200000000000000e+04
5.637026666666667006e+04
5.614733333333333576e+04
5.623053333333333285e+04
5.628706666666666570e+04
5.617400000000000000e+04
5.605240000000000146e+04
5.620386666666666861e+04
5.600546666666666715e+04
5.616973333333332994e+04
5.664440000000000146e+04
5.678093333333333430e+04
5.701133333333333576e+04
5.721293333333333430e+04
5.733773333333332994e+04
5.739106666666666570e+04
5.721719999999999709e+04
5.743693333333333430e+04
5.758733333333333576e+04
5.748066666666666424e+04
5.735266666666666424e+04
5.734733333333333576e+04
5.732280000000000291e+04
5.780600000000000000e+04
5.754146666666666715e+04
5.742413333333333139e+04
5.765453333333333285e+04
5.749346666666666715e+04
5.766519999999999709e+04
5.770359999999999854e+04
5.765346666666666715e+04
5.763640000000000146e+04
5.758840000000000146e+04
5.752759999999999854e+04
5.756280000000000291e+04
5.748066666666666424e+04
5.754040000000000146e+04
5.754040000000000146e+04
5.361826666666667006e+04
5.442040000000000146e+04
5.511053333333333285e+04
5.638733333333333576e+04
5.777080000000000291e+04
5.883746666666666715e+04
6.017293333333333430e+04
6.124919999999999709e+04
6.185293750000000000e+04
5.983484583333333285e+04
5.730156250000000000e+04
5.188405416666666861e+04
4.544042916666666861e+04
4.143302916666666715e+04
3.225344166666666570e+04
2.523915416666666715e+04
1.456519166666666752e+04
8.696483333333333576e+03
5.578666666666666970e+03
4.771212499999999636e+03
3.051775000000000091e+03
1.733400000000000091e+03
1.840062500000000000e+03
1.795266666666666652e+03
1.674733333333333348e+03
1.592599999999999909e+03
1.673666666666666742e+03
1.995791666666666742e+03
2.421383333333333212e+03
2.673112500000000182e+03
3.237366666666666788e+03
5.282133333333333212e+03
4.507745833333333394e+03
6.971704166666666424e+03
9.831391666666666424e+03
1.674328333333333285e+04
1.913364583333333212e+04
2.840496666666666715e+04
3.136065416666666715e+04
3.105772499999999854e+04
4.063304166666666424e+04
4.595882499999999709e+04
5.576453749999999854e+04
6.267322499999999854e+04
6.303162083333333430e+04
6.418466666666666424e+04
6.343267500000000291e+04
6.376119999999999709e+04
6.363000000000000000e+04
6.322680416666666861e+04
6.347853333333333285e+04
6.244174583333333430e+04
6.314040000000000146e+04
6.282573333333332994e+04
6.272653333333333285e+04
6.264973333333332994e+04
6.246200000000000000e+04
6.237346666666666715e+04
6.237666666666666424e+04
6.239373333333332994e+04
6.210359999999999854e+04
6.183480000000000291e+04
6.191480000000000291e+04
6.174840000000000146e+04
6.166200000000000000e+04
6.153293333333333430e+04
6.154786666666666861e+04
6.111800000000000000e+04
6.095800000000000000e+04
6.106893333333333430e+04
6.117559999999999854e+04
6.112546666666666715e+04
6.117346666666666715e+04
6.100066666666666424e+04
6.100919999999999709e+04
6.102626666666667006e+04
6.114146666666666715e+04
6.101880000000000291e+04
6.075426666666667006e+04
6.076813333333333139e+04
6.056653333333333285e+04
6.062733333333333576e+04
6.046093333333333430e+04
6.041400000000000000e+04
6.042146666666666715e+04
6.045986666666666861e+04
6.021559999999999854e+04
6.015053333333333285e+04
6.027853333333333285e+04
6.000653333333333285e+04
6.017506666666666570e+04
6.016119999999999709e+04
5.991693333333333430e+04
6.000973333333332994e+04
5.989240000000000146e+04
6.001400000000000000e+04
5.987533333333333576e+04
5.988600000000000000e+04
5.983159999999999854e+04
5.996600000000000000e+04
5.993080000000000291e+04
5.972600000000000000e+04
5.969293333333333430e+04
5.968013333333333139e+04
5.949346666666666715e+04
5.944759999999999854e+04
5.936653333333333285e+04
5.964066666666666424e+04
5.943480000000000291e+04
5.935800000000000000e+04
5.946786666666666861e+04
5.948919999999999709e+04
5.926840000000000146e+04
5.924706666666666570e+04
5.925133333333333576e+04
5.929613333333333139e+04
5.911693333333333430e+04
5.901880000000000291e+04
5.909880000000000291e+04
5.927800000000000000e+04
5.942093333333333430e+04
5.928013333333333139e+04
5.923640000000000146e+04
5.934840000000000146e+04
5.934093333333333430e+04
5.916706666666666570e+04
5.931959999999999854e+04
5.941880000000000291e+04
5.939853333333333285e+04
5.937293333333333430e+04
5.958200000000000000e+04
5.944013333333333139e+04
5.940600000000000000e+04
5.939000000000000000e+04
5.947640000000000146e+04
5.929186666666666861e+04
5.927053333333333285e+04
5.918733333333333576e+04
5.906146666666666715e+04
5.903373333333332994e+04
5.897613333333333139e+04
5.899213333333333139e+04
5.884386666666666861e+04
5.890893333333333430e+04
5.889506666666666570e+04
5.877986666666666861e+04
5.868493333333333430e+04
5.877026666666667006e+04
5.874786666666666861e+04
5.861133333333333576e+04
5.863053333333333285e+04
5.848013333333333139e+04
5.865293333333333430e+04
5.856013333333333139e+04
5.857826666666667006e+04
5.848653333333333285e+04
5.840866666666666424e+04
5.838200000000000000e+04
5.843319999999999709e+04
5.836706666666666570e+04
5.837986666666666861e+04
5.849186666666666861e+04
5.831586666666666861e+04
5.821453333333333285e+04
5.823053333333333285e+04
5.827959999999999854e+04
5.830519999999999709e+04
5.847586666666666861e+04
5.867213333333333139e+04
5.880973333333332994e+04
5.865613333333333139e+04
5.883640000000000146e+04
5.885559999999999854e+04
5.879266666666666424e+04
5.889826666666667006e+04
5.892386666666666861e+04
5.901026666666667006e+04
5.886093333333333430e+04
5.896013333333333139e+04
5.896226666666667006e+04
5.893453333333333285e+04
5.903693333333333430e+04
5.912440000000000146e+04
5.887480000000000291e+04
5.899746666666666715e+04
5.899640000000000146e+04
5.911053333333333285e+04
5.891640000000000146e+04
5.887906666666666570e+04
5.891533333333333576e+04
5.889293333333333430e+04
5.906466666666666424e+04
5.884280000000000291e+04
5.873506666666666570e+04
5.887159999999999854e+04
5.881613333333333139e+04
5.867426666666667006e+04
5.876386666666666861e+04
5.883853333333333285e+04
5.884493333333333430e+04
5.874359999999999854e+04
5.865506666666666570e+04
5.864866666666666424e+04
5.871159999999999854e+04
5.868813333333333139e+04
5.870519999999999709e+04
5.851959999999999854e+04
5.856440000000000146e+04
5.845453333333333285e+04
5.846413333333333139e+04
5.840440000000000146e+04
5.845880000000000291e+04
5.826359999999999854e+04
5.836066666666666424e+04
5.821986666666666861e+04
5.818573333333332994e+04
5.835106666666666570e+04
5.837240000000000146e+04
5.860600000000000000e+04
5.849933333333333576e+04
5.852600000000000000e+04
5.869026666666667006e+04
5.854306666666666570e+04
5.856973333333332994e+04
5.846733333333333576e+04
5.862840000000000146e+04
5.853240000000000146e+04
5.839800000000000000e+04
5.854946666666666715e+04
5.856440000000000146e+04
5.862946666666666715e+04
5.871053333333333285e+04
5.848866666666666424e+04
5.841719999999999709e+04
5.848653333333333285e+04
5.850040000000000146e+04
5.827853333333333285e+04
5.813026666666667006e+04
5.822519999999999709e+04
5.821240000000000146e+04
5.823693333333333430e+04
5.838733333333333576e+04
5.821133333333333576e+04
5.818253333333333285e+04
5.832119999999999709e+04
5.806093333333333430e+04
5.812173333333332994e+04
5.819640000000000146e+04
5.820493333333333430e+04
5.807693333333333430e+04
5.803213333333333139e+04
5.808013333333333139e+04
5.816973333333332994e+04
5.803426666666667006e+04
5.807800000000000000e+04
5.810573333333332994e+04
5.811640000000000146e+04
5.818893333333333430e+04
5.809293333333333430e+04
5.811853333333333285e+04
5.794146666666666715e+04
5.804493333333333430e+04
5.786893333333333430e+04
5.773133333333333576e+04
5.790946666666666715e+04
5.829666666666666424e+04
5.826040000000000146e+04
5.828066666666666424e+04
5.821240000000000146e+04
5.845880000000000291e+04
5.840973333333332994e+04
5.846200000000000000e+04
5.866253333333333285e+04
5.861773333333332994e+04
5.859106666666666570e+04
5.849186666666666861e+04
5.849186666666666861e+04
5.874146666666666715e+04
5.855266666666666424e+04
5.824013333333333139e+04
5.830200000000000000e+04
5.845026666666667006e+04
5.832226666666667006e+04
5.850893333333333430e+04
5.844066666666666424e+04
5.850359999999999854e+04
5.840653333333333285e+04
5.844493333333333430e+04
5.836813333333333139e+04
5.846519999999999709e+04
5.839800000000000000e+04
5.857506666666666570e+04
5.849400000000000000e+04
5.854200000000000000e+04
5.844386666666666861e+04
5.851959999999999854e+04
5.850146666666666715e+04
5.826359999999999854e+04
5.858466666666666424e+04
5.856013333333333139e+04
5.851853333333333285e+04
5.855266666666666424e+04
5.852173333333332994e+04
5.864013333333333139e+04
5.866466666666666424e+04
5.846306666666666570e+04
5.848333333333333576e+04
5.832440000000000146e+04
5.850786666666666861e+04
5.835746666666666715e+04
5.818786666666666861e+04
5.839586666666666861e+04
5.831906666666666570e+04
5.815159999999999854e+04
5.817186666666666861e+04
5.802253333333333285e+04
5.844066666666666424e+04
5.817400000000000000e+04
5.826146666666666715e+04
5.832973333333332994e+04
5.825826666666667006e+04
5.814519999999999709e+04
5.825506666666666570e+04
5.817506666666666570e+04
5.810146666666666715e+04
5.809719999999999709e+04
5.815693333333333430e+04
5.813986666666666861e+04
5.810040000000000146e+04
5.832333333333333576e+04
5.816226666666667006e+04
5.821453333333333285e+04
5.820600000000000000e+04
5.807480000000000291e+04
5.805559999999999854e+04
5.813666666666666424e+04
5.804600000000000000e+04
5.792013333333333139e+04
5.801613333333333139e+04
5.818893333333333430e+04
5.817613333333333139e+04
5.801826666666667006e+04
5.818466666666666424e+04
5.800759999999999854e+04
5.825186666666666861e+04
5.817613333333333139e+04
5.795640000000000146e+04
5.823906666666666570e+04
5.795426666666667006e+04
5.803426666666667006e+04
5.821559999999999854e+04
5.811426666666667006e+04
5.801400000000000000e+04
5.795000000000000000e+04
5.795000000000000000e+04
5.810146666666666715e+04
5.792653333333333285e+04
5.800226666666667006e+04
5.800333333333333576e+04
5.809719999999999709e+04
5.804813333333333139e+04
5.803000000000000000e+04
5.797559999999999854e+04
5.815906666666666570e+04
5.835853333333333285e+04
5.877026666666667006e+04
5.875319999999999709e+04
5.887693333333333430e+04
5.883640000000000146e+04
5.889400000000000000e+04
5.901026666666667006e+04
5.895693333333333430e+04
5.904866666666666424e+04
5.890573333333332994e+04
5.883853333333333285e+04
5.884173333333332994e+04
5.898146666666666715e+04
5.890573333333332994e+04
5.879586666666666861e+04
5.880013333333333139e+04
5.870200000000000000e+04
5.874786666666666861e+04
5.873400000000000000e+04
5.866680000000000291e+04
5.895906666666666570e+04
5.860813333333333139e+04
5.852280000000000291e+04
5.853773333333332994e+04
5.874253333333333285e+04
5.868280000000000291e+04
5.885453333333333285e+04
5.888546666666666715e+04
5.272866666666666424e+04
5.299319999999999709e+04
5.390840000000000146e+04
5.531106666666666570e+04
5.622306666666666570e+04
5.749453333333333285e+04
5.871159999999999854e+04
6.023053333333333285e+04
6.099000000000000000e+04
6.157346666666666715e+04
6.182094583333333139e+04
5.928232916666667006e+04
5.599705000000000291e+04
5.235231250000000000e+04
4.670653749999999854e+04
4.641534583333333285e+04
4.075357083333333139e+04
3.970185833333332994e+04
3.332329166666666424e+04
2.785457916666666642e+04
2.583541249999999854e+04
2.020350000000000000e+04
1.393906666666666752e+04
1.628249583333333248e+04
1.620142916666666679e+04
1.161056666666666752e+04
1.419932500000000073e+04
1.660675416666666570e+04
2.006803333333333285e+04
2.774791249999999854e+04
3.058200000000000000e+04
3.114305833333333430e+04
3.397074583333333430e+04
4.276740833333333285e+04
4.376259166666666715e+04
4.882064583333333576e+04
5.410482916666667006e+04
5.754477500000000146e+04
5.750317500000000291e+04
6.136231250000000000e+04
6.124071250000000146e+04
6.314361250000000291e+04
6.374200000000000000e+04
6.357986666666666861e+04
6.345506666666666570e+04
6.327906666666666570e+04
6.308066666666666424e+04
6.313613333333333139e+04
6.292386666666666861e+04
6.278733333333333576e+04
6.254093333333333430e+04
6.235640000000000146e+04
6.236386666666666861e+04
6.228493333333333430e+04
6.194680000000000291e+04
6.181559999999999854e+04
6.160440000000000146e+04
6.155533333333333576e+04
6.142413333333333139e+04
6.128440000000000146e+04
6.097719999999999709e+04
6.090893333333333430e+04
6.075106666666666570e+04
6.051853333333333285e+04
6.053880000000000291e+04
6.038306666666666570e+04
6.025293333333333430e+04
6.015159999999999854e+04
6.015373333333332994e+04
6.007586666666666861e+04
6.044706666666666570e+04
6.007159999999999854e+04
5.994040000000000146e+04
5.984546666666666715e+04
5.986786666666666861e+04
5.965666666666666424e+04
5.960653333333333285e+04
5.939853333333333285e+04
5.943480000000000291e+04
5.919800000000000000e+04
5.917346666666666715e+04
5.895266666666666424e+04
5.876813333333333139e+04
5.876066666666666424e+04
5.873293333333333430e+04
5.861240000000000146e+04
5.855480000000000291e+04
5.851746666666666715e+04
5.845026666666667006e+04
5.830946666666666715e+04
5.812173333333332994e+04
5.812600000000000000e+04
5.821453333333333285e+04
5.816119999999999709e+04
5.818893333333333430e+04
5.798413333333333139e+04
5.805773333333332994e+04
5.789026666666667006e+04
5.786359999999999854e+04
5.783373333333332994e+04
5.781666666666666424e+04
5.778040000000000146e+04
5.761080000000000291e+04
5.755959999999999854e+04
5.777613333333333139e+04
5.747319999999999709e+04
5.751480000000000291e+04
5.738893333333333430e+04
5.738573333333332994e+04
5.737293333333333430e+04
5.723426666666667006e+04
5.715640000000000146e+04
5.701133333333333576e+04
5.701559999999999854e+04
5.699746666666666715e+04
5.690040000000000146e+04
5.704333333333333576e+04
5.711480000000000291e+04
5.712119999999999709e+04
5.701026666666667006e+04
5.720013333333333139e+04
5.705933333333333576e+04
5.701880000000000291e+04
5.708813333333333139e+04
5.702413333333333139e+04
5.714146666666666715e+04
5.702840000000000146e+04
5.710200000000000000e+04
5.698466666666666424e+04
5.706146666666666715e+04
5.693773333333332994e+04
5.700493333333333430e+04
5.691640000000000146e+04
5.696440000000000146e+04
5.690146666666666715e+04
5.690786666666666861e+04
5.690146666666666715e+04
5.691000000000000000e+04
5.688333333333333576e+04
5.673080000000000291e+04
5.667426666666667006e+04
5.674680000000000291e+04
5.680866666666666424e+04
5.684600000000000000e+04
5.701026666666667006e+04
5.689613333333333139e+04
5.690786666666666861e+04
5.689080000000000291e+04
5.696546666666666715e+04
5.676066666666666424e+04
5.693453333333333285e+04
5.662840000000000146e+04
5.664013333333333139e+04
5.677559999999999854e+04
5.665506666666666570e+04
5.672546666666666715e+04
5.673400000000000000e+04
5.664333333333333576e+04
5.648759999999999854e+04
5.666359999999999854e+04
5.659533333333333576e+04
5.662840000000000146e+04
5.653666666666666424e+04
5.642466666666666424e+04
5.646626666666667006e+04
5.653133333333333576e+04
5.661773333333332994e+04
5.683853333333333285e+04
5.704546666666666715e+04
5.719480000000000291e+04
5.692280000000000291e+04
5.723319999999999709e+04
5.717026666666667006e+04
5.734840000000000146e+04
5.751586666666666861e+04
5.764173333333332994e+04
5.734306666666666570e+04
5.739426666666667006e+04
5.734733333333333576e+04
5.742306666666666570e+04
5.717346666666666715e+04
5.738573333333332994e+04
5.731853333333333285e+04
5.716706666666666570e+04
5.728226666666667006e+04
5.712759999999999854e+04
5.720333333333333576e+04
5.708386666666666861e+04
5.693986666666666861e+04
5.678200000000000000e+04
5.685773333333332994e+04
5.701026666666667006e+04
5.706146666666666715e+04
5.702413333333333139e+04
5.697293333333333430e+04
5.708280000000000291e+04
5.701026666666667006e+04
5.694626666666667006e+04
5.683319999999999709e+04
5.667533333333333576e+04
5.681506666666666570e+04
5.644493333333333430e+04
5.657506666666666570e+04
5.672759999999999854e+04
5.658040000000000146e+04
5.643533333333333576e+04
5.659533333333333576e+04
5.664653333333333285e+04
5.644813333333333139e+04
5.661559999999999854e+04
5.655800000000000000e+04
5.656653333333333285e+04
5.640119999999999709e+04
5.648759999999999854e+04
5.656119999999999709e+04
5.664226666666667006e+04
5.668173333333332994e+04
5.686840000000000146e+04
5.674359999999999854e+04
5.668386666666666861e+04
5.702733333333333576e+04
5.693773333333332994e+04
5.683000000000000000e+04
5.698359999999999854e+04
5.699959999999999854e+04
5.682573333333332994e+04
5.681400000000000000e+04
5.701986666666666861e+04
5.689506666666666570e+04
5.677453333333333285e+04
5.679586666666666861e+04
5.681186666666666861e+04
5.658040000000000146e+04
5.683426666666667006e+04
5.671373333333332994e+04
5.666253333333333285e+04
5.673719999999999709e+04
5.675959999999999854e+04
5.662306666666666570e+04
5.667746666666666715e+04
5.685026666666667006e+04
5.660813333333333139e+04
5.677346666666666715e+04
5.689400000000000000e+04
5.680333333333333576e+04
5.685453333333333285e+04
5.677026666666667006e+04
5.680973333333332994e+04
5.662093333333333430e+04
5.657613333333333139e+04
5.653666666666666424e+04
5.650786666666666861e+04
5.662413333333333139e+04
5.654840000000000146e+04
5.659533333333333576e+04
5.648653333333333285e+04
5.666359999999999854e+04
5.645666666666666424e+04
5.659319999999999709e+04
5.651106666666666570e+04
5.647693333333333430e+04
5.641293333333333430e+04
5.632119999999999709e+04
5.647586666666666861e+04
5.648653333333333285e+04
5.655266666666666424e+04
5.683319999999999709e+04
5.684600000000000000e+04
5.668706666666666570e+04
5.671373333333332994e+04
5.691853333333333285e+04
5.688440000000000146e+04
5.693346666666666715e+04
5.693026666666667006e+04
5.689826666666667006e+04
5.678306666666666570e+04
5.687906666666666570e+04
5.689506666666666570e+04
5.696973333333332994e+04
5.676919999999999709e+04
5.702519999999999709e+04
5.691106666666666570e+04
5.678626666666667006e+04
5.670093333333333430e+04
5.676386666666666861e+04
5.656226666666667006e+04
5.653986666666666861e+04
5.664013333333333139e+04
5.660919999999999709e+04
5.655693333333333430e+04
5.662093333333333430e+04
5.654306666666666570e+04
5.658466666666666424e+04
5.653346666666666715e+04
5.655906666666666570e+04
5.650893333333333430e+04
5.654413333333333139e+04
5.647480000000000291e+04
5.639266666666666424e+04
5.650573333333332994e+04
5.659746666666666715e+04
5.653880000000000291e+04
5.633186666666666861e+04
5.636280000000000291e+04
5.634893333333333430e+04
5.631053333333333285e+04
5.621666666666666424e+04
5.640119999999999709e+04
5.638200000000000000e+04
5.613880000000000291e+04
5.618786666666666861e+04
5.610786666666666861e+04
5.614626666666667006e+04
5.615906666666666570e+04
5.630840000000000146e+04
5.627213333333333139e+04
5.610359999999999854e+04
5.627000000000000000e+04
5.618893333333333430e+04
5.613559999999999854e+04
5.606306666666666570e+04
5.612813333333333139e+04
5.620173333333332994e+04
5.630733333333333576e+04
5.617080000000000291e+04
5.625933333333333576e+04
5.633506666666666570e+04
5.632759999999999854e+04
5.633400000000000000e+04
5.598840000000000146e+04
5.625186666666666861e+04
5.632866666666666424e+04
5.638200000000000000e+04
5.627106666666666570e+04
5.619853333333333285e+04
5.616013333333333139e+04
5.613026666666667006e+04
5.641826666666667006e+04
5.632333333333333576e+04
5.633080000000000291e+04
5.640759999999999854e+04
5.624119999999999709e+04
5.639586666666666861e+04
5.641506666666666570e+04
5.638200000000000000e+04
5.644066666666666424e+04
5.619426666666667006e+04
5.604919999999999709e+04
5.586466666666666424e+04
5.624013333333333139e+04
5.616973333333332994e+04
5.618680000000000291e+04
