0.000000000000000000e+00
4.084859999999999854e+04
4.077980000000000291e+04
4.078140000000000146e+04
4.012700000000000000e+04
4.056380000000000291e+04
4.044059999999999854e+04
4.039740000000000146e+04
4.048700000000000000e+04
4.019259999999999854e+04
4.026780000000000291e+04
4.028540000000000146e+04
4.037340000000000146e+04
4.034300000000000000e+04
4.045180000000000291e+04
4.018300000000000000e+04
4.032059999999999854e+04
4.030940000000000146e+04
4.015740000000000146e+04
4.014619999999999709e+04
4.002619999999999709e+04
4.007419999999999709e+04
3.975580000000000291e+04
3.998300000000000000e+04
4.016540000000000146e+04
3.995259999999999854e+04
3.995419999999999709e+04
3.970300000000000000e+04
3.990300000000000000e+04
4.011259999999999854e+04
3.998459999999999854e+04
4.007100000000000000e+04
4.001980000000000291e+04
3.980219999999999709e+04
3.992059999999999854e+04
3.996380000000000291e+04
3.995419999999999709e+04
4.014140000000000146e+04
3.988540000000000146e+04
3.992859999999999854e+04
3.979580000000000291e+04
3.977340000000000146e+04
4.006619999999999709e+04
3.968859999999999854e+04
3.996380000000000291e+04
3.998459999999999854e+04
4.012700000000000000e+04
4.040059999999999854e+04
4.054940000000000146e+04
4.026459999999999854e+04
4.046300000000000000e+04
4.043900000000000000e+04
4.069980000000000291e+04
4.063259999999999854e+04
4.064540000000000146e+04
4.041980000000000291e+04
4.037819999999999709e+04
4.015100000000000000e+04
4.021980000000000291e+04
4.054140000000000146e+04
4.078300000000000000e+04
4.078300000000000000e+04
4.386619999999999709e+04
4.495100000000000000e+04
4.667419999999999709e+04
4.738780000000000291e+04
4.910300000000000000e+04
5.046300000000000000e+04
5.146140000000000146e+04
5.233980000000000291e+04
5.327740000000000146e+04
5.405180000000000291e+04
5.494459999999999854e+04
5.548219999999999709e+04
5.582780000000000291e+04
5.648219999999999709e+04
5.656219999999999709e+04
5.656540000000000146e+04
5.665980000000000291e+04
5.659100000000000000e+04
5.690780000000000291e+04
5.652059999999999854e+04
5.643419999999999709e+04
5.631100000000000000e+04
5.636700000000000000e+04
5.624700000000000000e+04
5.579580000000000291e+04
5.584700000000000000e+04
5.543900000000000000e+04
5.537019999999999709e+04
5.529180000000000291e+04
5.486300000000000000e+04
5.483900000000000000e+04
5.466300000000000000e+04
5.440700000000000000e+04
5.417180000000000291e+04
5.420380000000000291e+04
5.395740000000000146e+04
5.381340000000000146e+04
5.377980000000000291e+04
5.324700000000000000e+04
5.322459999999999854e+04
5.306140000000000146e+04
5.286940000000000146e+04
5.264059999999999854e+04
5.289180000000000291e+04
5.245659999999999854e+04
5.234940000000000146e+04
5.215580000000000291e+04
5.199740000000000146e+04
5.197340000000000146e+04
5.168700000000000000e+04
5.161980000000000291e+04
5.134940000000000146e+04
5.143259999999999854e+04
5.140059999999999854e+04
5.136859999999999854e+04
5.116380000000000291e+04
5.127740000000000146e+04
5.113019999999999709e+04
5.083740000000000146e+04
5.102300000000000000e+04
5.068380000000000291e+04
5.072380000000000291e+04
5.079100000000000000e+04
5.064540000000000146e+04
5.063419999999999709e+04
5.080859999999999854e+04
5.068540000000000146e+04
5.056059999999999854e+04
5.074619999999999709e+04
5.080380000000000291e+04
5.039740000000000146e+04
5.054780000000000291e+04
5.062780000000000291e+04
5.055900000000000000e+04
5.028859999999999854e+04
5.032219999999999709e+04
5.014140000000000146e+04
5.013980000000000291e+04
5.011740000000000146e+04
4.977819999999999709e+04
4.998459999999999854e+04
4.989180000000000291e+04
4.998619999999999709e+04
5.043100000000000000e+04
5.017180000000000291e+04
5.014300000000000000e+04
5.010619999999999709e+04
5.036219999999999709e+04
5.025980000000000291e+04
5.037340000000000146e+04
5.032859999999999854e+04
5.027580000000000291e+04
5.028380000000000291e+04
5.021340000000000146e+04
4.985980000000000291e+04
5.004540000000000146e+04
4.995580000000000291e+04
5.006459999999999854e+04
5.038459999999999854e+04
5.004540000000000146e+04
4.999900000000000000e+04
5.007900000000000000e+04
4.988540000000000146e+04
4.994459999999999854e+04
5.007900000000000000e+04
4.988540000000000146e+04
4.967740000000000146e+04
5.001500000000000000e+04
4.996540000000000146e+04
5.001180000000000291e+04
5.007259999999999854e+04
4.983419999999999709e+04
4.986780000000000291e+04
4.973659999999999854e+04
4.971580000000000291e+04
4.972540000000000146e+04
4.956540000000000146e+04
4.966780000000000291e+04
4.974300000000000000e+04
4.951580000000000291e+04
4.973500000000000000e+04
4.977659999999999854e+04
4.968540000000000146e+04
4.966459999999999854e+04
4.965180000000000291e+04
4.953500000000000000e+04
4.972219999999999709e+04
4.970940000000000146e+04
4.967580000000000291e+04
4.957980000000000291e+04
4.973340000000000146e+04
4.934140000000000146e+04
4.956219999999999709e+04
4.967100000000000000e+04
4.960859999999999854e+04
4.951580000000000291e+04
4.967100000000000000e+04
4.967900000000000000e+04
4.956219999999999709e+04
4.967900000000000000e+04
4.968059999999999854e+04
4.981500000000000000e+04
4.955419999999999709e+04
4.967100000000000000e+04
4.936059999999999854e+04
4.971580000000000291e+04
4.964859999999999854e+04
4.977019999999999709e+04
4.944059999999999854e+04
4.910300000000000000e+04
4.937980000000000291e+04
4.944219999999999709e+04
4.941980000000000291e+04
4.913180000000000291e+04
4.934780000000000291e+04
4.929180000000000291e+04
4.902140000000000146e+04
4.932380000000000291e+04
4.937340000000000146e+04
4.960219999999999709e+04
4.970619999999999709e+04
4.966780000000000291e+04
4.934780000000000291e+04
4.925819999999999709e+04
4.617659999999999854e+04
4.617180000000000291e+04
4.623100000000000000e+04
4.610300000000000000e+04
4.602140000000000146e+04
4.596700000000000000e+04
4.595419999999999709e+04
4.605500000000000000e+04
4.602459999999999854e+04
4.574940000000000146e+04
4.571740000000000146e+04
4.593659999999999854e+04
4.557659999999999854e+04
4.565980000000000291e+04
4.551259999999999854e+04
4.556859999999999854e+04
4.559900000000000000e+04
4.600059999999999854e+04
4.605500000000000000e+04
4.625500000000000000e+04
4.628380000000000291e+04
4.660059999999999854e+04
4.692859999999999854e+04
4.690619999999999709e+04
4.713659999999999854e+04
4.717180000000000291e+04
4.729500000000000000e+04
4.725819999999999709e+04
4.707419999999999709e+04
4.709980000000000291e+04
4.712059999999999854e+04
4.702780000000000291e+04
4.711740000000000146e+04
4.723580000000000291e+04
4.711900000000000000e+04
4.727580000000000291e+04
4.705180000000000291e+04
4.719900000000000000e+04
4.711100000000000000e+04
4.710780000000000291e+04
4.729659999999999854e+04
4.727580000000000291e+04
4.733659999999999854e+04
4.736059999999999854e+04
4.743900000000000000e+04
4.757019999999999709e+04
4.742780000000000291e+04
4.726459999999999854e+04
4.724700000000000000e+04
4.732059999999999854e+04
4.746140000000000146e+04
4.715419999999999709e+04
4.714619999999999709e+04
4.701980000000000291e+04
4.724540000000000146e+04
4.721019999999999709e+04
4.718300000000000000e+04
4.728059999999999854e+04
4.735900000000000000e+04
4.722140000000000146e+04
4.717980000000000291e+04
4.729180000000000291e+04
4.716380000000000291e+04
4.733500000000000000e+04
4.708859999999999854e+04
4.692859999999999854e+04
4.690619999999999709e+04
4.697980000000000291e+04
4.698940000000000146e+04
4.706459999999999854e+04
4.702140000000000146e+04
4.701180000000000291e+04
4.710300000000000000e+04
4.720859999999999854e+04
4.701340000000000146e+04
4.730459999999999854e+04
4.664219999999999709e+04
4.720700000000000000e+04
4.692219999999999709e+04
4.717019999999999709e+04
4.699419999999999709e+04
4.686780000000000291e+04
4.715740000000000146e+04
4.720380000000000291e+04
4.753019999999999709e+04
4.732540000000000146e+04
4.718140000000000146e+04
4.727100000000000000e+04
4.724380000000000291e+04
4.711740000000000146e+04
4.723740000000000146e+04
4.718140000000000146e+04
4.716540000000000146e+04
4.709980000000000291e+04
4.738300000000000000e+04
4.733819999999999709e+04
4.730140000000000146e+04
4.702940000000000146e+04
4.688219999999999709e+04
4.698780000000000291e+04
4.691259999999999854e+04
4.680540000000000146e+04
4.699419999999999709e+04
4.690459999999999854e+04
4.686140000000000146e+04
4.681340000000000146e+04
4.667259999999999854e+04
4.688540000000000146e+04
4.660059999999999854e+04
4.660700000000000000e+04
4.629019999999999709e+04
4.629340000000000146e+04
4.662940000000000146e+04
4.664380000000000291e+04
4.648859999999999854e+04
4.659259999999999854e+04
4.678940000000000146e+04
4.719259999999999854e+04
4.700219999999999709e+04
4.688380000000000291e+04
4.704540000000000146e+04
4.705980000000000291e+04
4.726940000000000146e+04
4.721180000000000291e+04
4.705019999999999709e+04
4.720059999999999854e+04
4.707259999999999854e+04
4.700859999999999854e+04
4.716219999999999709e+04
4.720859999999999854e+04
4.730940000000000146e+04
4.699900000000000000e+04
4.689980000000000291e+04
4.687740000000000146e+04
4.717659999999999854e+04
4.710619999999999709e+04
4.704219999999999709e+04
4.699419999999999709e+04
4.705019999999999709e+04
4.684380000000000291e+04
4.618300000000000000e+04
4.695100000000000000e+04
4.710459999999999854e+04
4.704859999999999854e+04
4.691740000000000146e+04
4.684700000000000000e+04
4.712859999999999854e+04
4.712700000000000000e+04
4.693500000000000000e+04
4.686459999999999854e+04
4.694940000000000146e+04
4.692380000000000291e+04
4.691100000000000000e+04
4.695100000000000000e+04
4.700380000000000291e+04
4.693500000000000000e+04
4.677659999999999854e+04
4.688700000000000000e+04
4.691900000000000000e+04
4.668380000000000291e+04
4.698940000000000146e+04
4.699740000000000146e+04
4.682940000000000146e+04
4.685819999999999709e+04
4.700859999999999854e+04
4.699740000000000146e+04
4.732059999999999854e+04
4.730140000000000146e+04
4.696380000000000291e+04
4.761819999999999709e+04
4.706300000000000000e+04
4.707580000000000291e+04
4.709019999999999709e+04
4.721180000000000291e+04
4.701659999999999854e+04
4.705019999999999709e+04
4.714459999999999854e+04
4.713980000000000291e+04
4.720380000000000291e+04
4.716219999999999709e+04
4.695259999999999854e+04
4.694459999999999854e+04
4.665980000000000291e+04
4.661659999999999854e+04
4.689819999999999709e+04
4.688540000000000146e+04
4.684859999999999854e+04
4.676219999999999709e+04
4.677019999999999709e+04
4.701500000000000000e+04
4.688380000000000291e+04
4.703100000000000000e+04
4.684859999999999854e+04
4.730300000000000000e+04
4.703580000000000291e+04
4.690619999999999709e+04
4.696859999999999854e+04
4.671419999999999709e+04
4.666459999999999854e+04
4.673180000000000291e+04
4.679259999999999854e+04
4.677980000000000291e+04
4.668700000000000000e+04
4.682300000000000000e+04
4.679259999999999854e+04
4.682780000000000291e+04
4.671580000000000291e+04
4.651259999999999854e+04
4.656219999999999709e+04
4.653500000000000000e+04
4.664859999999999854e+04
4.675580000000000291e+04
4.669340000000000146e+04
4.646459999999999854e+04
4.690780000000000291e+04
4.687419999999999709e+04
4.715900000000000000e+04
4.705980000000000291e+04
4.745980000000000291e+04
4.711259999999999854e+04
4.735740000000000146e+04
4.731259999999999854e+04
4.731740000000000146e+04
4.741659999999999854e+04
4.727419999999999709e+04
4.739100000000000000e+04
4.748219999999999709e+04
4.740859999999999854e+04
4.322619999999999709e+04
4.466780000000000291e+04
4.579580000000000291e+04
4.698140000000000146e+04
4.831580000000000291e+04
4.955419999999999709e+04
5.069980000000000291e+04
5.203900000000000000e+04
5.282300000000000000e+04
5.424540000000000146e+04
5.465980000000000291e+04
5.543419999999999709e+04
5.598619999999999709e+04
5.630619999999999709e+04
5.649340000000000146e+04
5.660380000000000291e+04
5.685980000000000291e+04
5.711900000000000000e+04
5.702459999999999854e+04
5.722940000000000146e+04
5.704059999999999854e+04
5.674300000000000000e+04
5.665180000000000291e+04
5.648219999999999709e+04
5.643740000000000146e+04
5.626619999999999709e+04
5.627740000000000146e+04
5.584700000000000000e+04
5.575900000000000000e+04
5.531900000000000000e+04
5.511419999999999709e+04
5.490140000000000146e+04
5.469340000000000146e+04
5.428859999999999854e+04
5.412700000000000000e+04
5.389659999999999854e+04
5.408700000000000000e+04
5.408059999999999854e+04
5.356380000000000291e+04
5.359100000000000000e+04
5.339419999999999709e+04
5.328380000000000291e+04
5.305980000000000291e+04
5.327259999999999854e+04
5.315740000000000146e+04
5.287580000000000291e+04
5.266780000000000291e+04
5.289340000000000146e+04
5.281180000000000291e+04
5.262459999999999854e+04
5.268380000000000291e+04
5.249019999999999709e+04
5.256700000000000000e+04
5.227580000000000291e+04
5.202140000000000146e+04
5.177659999999999854e+04
5.156700000000000000e+04
5.146300000000000000e+04
5.163100000000000000e+04
5.132380000000000291e+04
5.150619999999999709e+04
5.123259999999999854e+04
5.124059999999999854e+04
5.114619999999999709e+04
5.104380000000000291e+04
5.104700000000000000e+04
5.102780000000000291e+04
5.101340000000000146e+04
5.127740000000000146e+04
5.080380000000000291e+04
5.079900000000000000e+04
5.089659999999999854e+04
5.117980000000000291e+04
5.073180000000000291e+04
5.064380000000000291e+04
5.049980000000000291e+04
5.046940000000000146e+04
5.056540000000000146e+04
5.060700000000000000e+04
5.031740000000000146e+04
5.048859999999999854e+04
5.037340000000000146e+04
5.040700000000000000e+04
5.040700000000000000e+04
5.071580000000000291e+04
5.067419999999999709e+04
5.066780000000000291e+04
5.079100000000000000e+04
5.088540000000000146e+04
5.097980000000000291e+04
5.089980000000000291e+04
5.082940000000000146e+04
5.066140000000000146e+04
5.060540000000000146e+04
5.073500000000000000e+04
5.082619999999999709e+04
5.078619999999999709e+04
5.049019999999999709e+04
5.045980000000000291e+04
5.066619999999999709e+04
5.074300000000000000e+04
5.080219999999999709e+04
5.085659999999999854e+04
5.105019999999999709e+04
5.083580000000000291e+04
5.083419999999999709e+04
5.085340000000000146e+04
5.097980000000000291e+04
5.063100000000000000e+04
5.082300000000000000e+04
5.081019999999999709e+04
5.095259999999999854e+04
5.082619999999999709e+04
5.055259999999999854e+04
5.087740000000000146e+04
5.089500000000000000e+04
5.071580000000000291e+04
5.073180000000000291e+04
5.074459999999999854e+04
5.061340000000000146e+04
5.072380000000000291e+04
5.079740000000000146e+04
5.065180000000000291e+04
5.054780000000000291e+04
5.071259999999999854e+04
5.070780000000000291e+04
5.084859999999999854e+04
5.067900000000000000e+04
5.053019999999999709e+04
5.050940000000000146e+04
5.056380000000000291e+04
5.066940000000000146e+04
5.048700000000000000e+04
5.068380000000000291e+04
5.056219999999999709e+04
5.065819999999999709e+04
5.052700000000000000e+04
5.041019999999999709e+04
5.057500000000000000e+04
5.046780000000000291e+04
5.022300000000000000e+04
5.048700000000000000e+04
5.024540000000000146e+04
5.037819999999999709e+04
5.046459999999999854e+04
5.048540000000000146e+04
5.045980000000000291e+04
5.054619999999999709e+04
5.048059999999999854e+04
5.058459999999999854e+04
5.025500000000000000e+04
5.020859999999999854e+04
5.030619999999999709e+04
5.040700000000000000e+04
5.029980000000000291e+04
5.030619999999999709e+04
5.058619999999999709e+04
5.035740000000000146e+04
5.047740000000000146e+04
5.058300000000000000e+04
5.021819999999999709e+04
5.043100000000000000e+04
5.050459999999999854e+04
5.019580000000000291e+04
5.019740000000000146e+04
4.994459999999999854e+04
5.022459999999999854e+04
5.005340000000000146e+04
4.979900000000000000e+04
5.017019999999999709e+04
5.010619999999999709e+04
4.989659999999999854e+04
5.004859999999999854e+04
4.998459999999999854e+04
5.028380000000000291e+04
5.005019999999999709e+04
5.023580000000000291e+04
4.984540000000000146e+04
5.006300000000000000e+04
4.982940000000000146e+04
5.015740000000000146e+04
5.047740000000000146e+04
5.080219999999999709e+04
5.088059999999999854e+04
5.080059999999999854e+04
5.099259999999999854e+04
5.106619999999999709e+04
5.109180000000000291e+04
5.107580000000000291e+04
5.117659999999999854e+04
5.120059999999999854e+04
5.113180000000000291e+04
5.113659999999999854e+04
5.130940000000000146e+04
5.117500000000000000e+04
5.135419999999999709e+04
5.109019999999999709e+04
5.107740000000000146e+04
5.123259999999999854e+04
5.126300000000000000e+04
5.138619999999999709e+04
5.103419999999999709e+04
5.091740000000000146e+04
5.089180000000000291e+04
5.075740000000000146e+04
5.149659999999999854e+04
5.081019999999999709e+04
5.091740000000000146e+04
5.097819999999999709e+04
5.100859999999999854e+04
5.083419999999999709e+04
5.086140000000000146e+04
5.113180000000000291e+04
5.091900000000000000e+04
5.061659999999999854e+04
5.077500000000000000e+04
5.087100000000000000e+04
5.077019999999999709e+04
5.091740000000000146e+04
5.090619999999999709e+04
5.089340000000000146e+04
5.071740000000000146e+04
5.086140000000000146e+04
5.081980000000000291e+04
5.092700000000000000e+04
5.090300000000000000e+04
5.067580000000000291e+04
5.057340000000000146e+04
5.081659999999999854e+04
5.080540000000000146e+04
5.071100000000000000e+04
5.086300000000000000e+04
5.107100000000000000e+04
5.100059999999999854e+04
5.126300000000000000e+04
5.103259999999999854e+04
5.093340000000000146e+04
5.098619999999999709e+04
5.115900000000000000e+04
5.101819999999999709e+04
5.096540000000000146e+04
5.117980000000000291e+04
5.097819999999999709e+04
5.118140000000000146e+04
5.097819999999999709e+04
5.095419999999999709e+04
5.079740000000000146e+04
5.089659999999999854e+04
5.096380000000000291e+04
5.094940000000000146e+04
5.099740000000000146e+04
5.085980000000000291e+04
5.128380000000000291e+04
5.091740000000000146e+04
5.080540000000000146e+04
5.109980000000000291e+04
5.106780000000000291e+04
5.094619999999999709e+04
5.104059999999999854e+04
5.082619999999999709e+04
5.090300000000000000e+04
5.105659999999999854e+04
5.111580000000000291e+04
5.075419999999999709e+04
5.121659999999999854e+04
5.073980000000000291e+04
5.099580000000000291e+04
5.067259999999999854e+04
5.084059999999999854e+04
5.098140000000000146e+04
5.092700000000000000e+04
5.065019999999999709e+04
5.091580000000000291e+04
5.087740000000000146e+04
5.062780000000000291e+04
5.054780000000000291e+04
5.074459999999999854e+04
5.057659999999999854e+04
5.045019999999999709e+04
5.057819999999999709e+04
5.055740000000000146e+04
5.061340000000000146e+04
5.071740000000000146e+04
5.100700000000000000e+04
5.098780000000000291e+04
5.106300000000000000e+04
5.092540000000000146e+04
5.071580000000000291e+04
5.093980000000000291e+04
5.079900000000000000e+04
5.082780000000000291e+04
5.073340000000000146e+04
5.070459999999999854e+04
5.068700000000000000e+04
5.083580000000000291e+04
5.097340000000000146e+04
5.099419999999999709e+04
5.066300000000000000e+04
5.096380000000000291e+04
5.083740000000000146e+04
5.093819999999999709e+04
5.086780000000000291e+04
5.076859999999999854e+04
5.068700000000000000e+04
5.074940000000000146e+04
5.087900000000000000e+04
5.064700000000000000e+04
5.079740000000000146e+04
5.071100000000000000e+04
5.058459999999999854e+04
5.075259999999999854e+04
5.091900000000000000e+04
5.063740000000000146e+04
5.064380000000000291e+04
5.067100000000000000e+04
5.076859999999999854e+04
5.073180000000000291e+04
5.079259999999999854e+04
5.110300000000000000e+04
5.100219999999999709e+04
5.084859999999999854e+04
5.073340000000000146e+04
5.087259999999999854e+04
5.104540000000000146e+04
5.076859999999999854e+04
5.065180000000000291e+04
5.037340000000000146e+04
5.056540000000000146e+04
5.061819999999999709e+04
5.100059999999999854e+04
5.063580000000000291e+04
5.057019999999999709e+04
5.080859999999999854e+04
5.066459999999999854e+04
5.102619999999999709e+04
5.073180000000000291e+04
5.071419999999999709e+04
5.091580000000000291e+04
5.081340000000000146e+04
5.094300000000000000e+04
5.100059999999999854e+04
5.095100000000000000e+04
5.086459999999999854e+04
5.091580000000000291e+04
5.088540000000000146e+04
5.096540000000000146e+04
5.070300000000000000e+04
5.064700000000000000e+04
5.068380000000000291e+04
5.066619999999999709e+04
5.059100000000000000e+04
5.056700000000000000e+04
5.062780000000000291e+04
5.046780000000000291e+04
5.069019999999999709e+04
5.060700000000000000e+04
5.070300000000000000e+04
5.051580000000000291e+04
5.048219999999999709e+04
5.067580000000000291e+04
5.051100000000000000e+04
5.044700000000000000e+04
5.049019999999999709e+04
5.063900000000000000e+04
5.031259999999999854e+04
5.030619999999999709e+04
5.022619999999999709e+04
5.037180000000000291e+04
5.040859999999999854e+04
5.034300000000000000e+04
5.044380000000000291e+04
5.028380000000000291e+04
5.036859999999999854e+04
5.023419999999999709e+04
5.025819999999999709e+04
5.022140000000000146e+04
5.003100000000000000e+04
5.000859999999999854e+04
5.036859999999999854e+04
5.047259999999999854e+04
5.084219999999999709e+04
5.107900000000000000e+04
5.095740000000000146e+04
5.108540000000000146e+04
5.103100000000000000e+04
5.106140000000000146e+04
5.140540000000000146e+04
5.112700000000000000e+04
5.092219999999999709e+04
5.089659999999999854e+04
5.094940000000000146e+04
5.117500000000000000e+04
5.117500000000000000e+04
4.374940000000000146e+04
4.526459999999999854e+04
4.641019999999999709e+04
4.746619999999999709e+04
4.901819999999999709e+04
4.986459999999999854e+04
5.110619999999999709e+04
5.197819999999999709e+04
5.325819999999999709e+04
5.394140000000000146e+04
5.473340000000000146e+04
5.555740000000000146e+04
5.573659999999999854e+04
5.613819999999999709e+04
5.624700000000000000e+04
5.642300000000000000e+04
5.653180000000000291e+04
5.645659999999999854e+04
5.642940000000000146e+04
5.628700000000000000e+04
5.622780000000000291e+04
5.615900000000000000e+04
5.685019999999999709e+04
5.597819999999999709e+04
5.588059999999999854e+04
5.557819999999999709e+04
5.547100000000000000e+04
5.514780000000000291e+04
5.521500000000000000e+04
5.491580000000000291e+04
5.483100000000000000e+04
5.460380000000000291e+04
5.434780000000000291e+04
5.436219999999999709e+04
5.399580000000000291e+04
5.398459999999999854e+04
5.369500000000000000e+04
5.364380000000000291e+04
5.348700000000000000e+04
5.329659999999999854e+04
5.305819999999999709e+04
5.281019999999999709e+04
5.285659999999999854e+04
5.261340000000000146e+04
5.266140000000000146e+04
5.262619999999999709e+04
5.237980000000000291e+04
5.233659999999999854e+04
5.224059999999999854e+04
5.221340000000000146e+04
5.190940000000000146e+04
5.170940000000000146e+04
5.174619999999999709e+04
5.169980000000000291e+04
5.141500000000000000e+04
5.133819999999999709e+04
5.116219999999999709e+04
5.115900000000000000e+04
5.096700000000000000e+04
5.115580000000000291e+04
5.116059999999999854e+04
5.078619999999999709e+04
5.116540000000000146e+04
5.082300000000000000e+04
5.092859999999999854e+04
5.106300000000000000e+04
5.086459999999999854e+04
5.082459999999999854e+04
5.072859999999999854e+04
5.056859999999999854e+04
5.073019999999999709e+04
5.066619999999999709e+04
5.037340000000000146e+04
5.059900000000000000e+04
5.052059999999999854e+04
5.030459999999999854e+04
5.038300000000000000e+04
5.031100000000000000e+04
5.037980000000000291e+04
5.035259999999999854e+04
5.007580000000000291e+04
5.025980000000000291e+04
5.001500000000000000e+04
5.027580000000000291e+04
5.032380000000000291e+04
5.064059999999999854e+04
5.065180000000000291e+04
5.059580000000000291e+04
5.054619999999999709e+04
5.070619999999999709e+04
5.059100000000000000e+04
5.069180000000000291e+04
5.064059999999999854e+04
5.057980000000000291e+04
5.057980000000000291e+04
5.044219999999999709e+04
5.076219999999999709e+04
5.046940000000000146e+04
5.049819999999999709e+04
5.043900000000000000e+04
5.014780000000000291e+04
5.019419999999999709e+04
5.013980000000000291e+04
5.017019999999999709e+04
5.004540000000000146e+04
5.030300000000000000e+04
5.019580000000000291e+04
5.007259999999999854e+04
5.017819999999999709e+04
5.031419999999999709e+04
5.035100000000000000e+04
5.021180000000000291e+04
5.032059999999999854e+04
5.016059999999999854e+04
5.037819999999999709e+04
5.015100000000000000e+04
5.033659999999999854e+04
5.053180000000000291e+04
5.041340000000000146e+04
5.051740000000000146e+04
5.045180000000000291e+04
5.049500000000000000e+04
5.058940000000000146e+04
5.053819999999999709e+04
5.033819999999999709e+04
5.049180000000000291e+04
5.037819999999999709e+04
5.042300000000000000e+04
5.042459999999999854e+04
5.048540000000000146e+04
5.028380000000000291e+04
5.033500000000000000e+04
4.999900000000000000e+04
5.050940000000000146e+04
5.038619999999999709e+04
5.038619999999999709e+04
5.056540000000000146e+04
5.063740000000000146e+04
5.013659999999999854e+04
5.025500000000000000e+04
5.033659999999999854e+04
5.018459999999999854e+04
5.017180000000000291e+04
5.021819999999999709e+04
5.007419999999999709e+04
5.002780000000000291e+04
5.026459999999999854e+04
5.044380000000000291e+04
5.046780000000000291e+04
5.028059999999999854e+04
5.035100000000000000e+04
5.039259999999999854e+04
5.010940000000000146e+04
5.045019999999999709e+04
5.007259999999999854e+04
5.024859999999999854e+04
5.011259999999999854e+04
4.995419999999999709e+04
5.004380000000000291e+04
5.007419999999999709e+04
5.023419999999999709e+04
5.014619999999999709e+04
5.011580000000000291e+04
4.999419999999999709e+04
5.017019999999999709e+04
4.998940000000000146e+04
5.014459999999999854e+04
4.995100000000000000e+04
4.971100000000000000e+04
4.987100000000000000e+04
5.008380000000000291e+04
4.980380000000000291e+04
4.967740000000000146e+04
4.962780000000000291e+04
4.985980000000000291e+04
4.958459999999999854e+04
4.959900000000000000e+04
4.976859999999999854e+04
4.960700000000000000e+04
4.933819999999999709e+04
4.938940000000000146e+04
4.975900000000000000e+04
4.993340000000000146e+04
4.999740000000000146e+04
5.012059999999999854e+04
5.022459999999999854e+04
5.045819999999999709e+04
5.056059999999999854e+04
5.069500000000000000e+04
5.070300000000000000e+04
5.092859999999999854e+04
5.089019999999999709e+04
5.100380000000000291e+04
5.095419999999999709e+04
5.107100000000000000e+04
5.105019999999999709e+04
5.115259999999999854e+04
5.113659999999999854e+04
5.111259999999999854e+04
5.106780000000000291e+04
5.135740000000000146e+04
5.117980000000000291e+04
5.117180000000000291e+04
5.155100000000000000e+04
5.123419999999999709e+04
5.169340000000000146e+04
5.127259999999999854e+04
5.133500000000000000e+04
5.142300000000000000e+04
5.138300000000000000e+04
5.130780000000000291e+04
5.157019999999999709e+04
5.143900000000000000e+04
5.182459999999999854e+04
5.156859999999999854e+04
5.155580000000000291e+04
5.150940000000000146e+04
5.150940000000000146e+04
5.164219999999999709e+04
5.134940000000000146e+04
5.150140000000000146e+04
5.167580000000000291e+04
5.133180000000000291e+04
5.134300000000000000e+04
5.140859999999999854e+04
5.125019999999999709e+04
5.125500000000000000e+04
5.127740000000000146e+04
5.128540000000000146e+04
5.125180000000000291e+04
5.132540000000000146e+04
5.146780000000000291e+04
5.151900000000000000e+04
5.163419999999999709e+04
5.154140000000000146e+04
5.146780000000000291e+04
5.141659999999999854e+04
5.148700000000000000e+04
5.141659999999999854e+04
5.171419999999999709e+04
5.156380000000000291e+04
5.149500000000000000e+04
5.163580000000000291e+04
5.159100000000000000e+04
5.173980000000000291e+04
5.164380000000000291e+04
5.167740000000000146e+04
5.155740000000000146e+04
5.142140000000000146e+04
5.150459999999999854e+04
5.148059999999999854e+04
5.165659999999999854e+04
5.192540000000000146e+04
5.148059999999999854e+04
5.127900000000000000e+04
5.145340000000000146e+04
5.154940000000000146e+04
5.142459999999999854e+04
5.146300000000000000e+04
5.136859999999999854e+04
5.146940000000000146e+04
5.145819999999999709e+04
5.129180000000000291e+04
5.133500000000000000e+04
5.129019999999999709e+04
5.120059999999999854e+04
5.121019999999999709e+04
5.115580000000000291e+04
5.142940000000000146e+04
5.145019999999999709e+04
5.148380000000000291e+04
5.127419999999999709e+04
5.110619999999999709e+04
5.112540000000000146e+04
5.124380000000000291e+04
5.110140000000000146e+04
5.129819999999999709e+04
5.084219999999999709e+04
5.101659999999999854e+04
5.119419999999999709e+04
5.145500000000000000e+04
5.155100000000000000e+04
5.153980000000000291e+04
5.181659999999999854e+04
5.165659999999999854e+04
5.176700000000000000e+04
5.167259999999999854e+04
5.180540000000000146e+04
5.178780000000000291e+04
5.159740000000000146e+04
5.166459999999999854e+04
5.122459999999999854e+04
5.164059999999999854e+04
5.141340000000000146e+04
5.160859999999999854e+04
5.139900000000000000e+04
5.124219999999999709e+04
5.148059999999999854e+04
5.119419999999999709e+04
5.124219999999999709e+04
5.148859999999999854e+04
5.113180000000000291e+04
5.103740000000000146e+04
5.099580000000000291e+04
5.120380000000000291e+04
5.171100000000000000e+04
5.140540000000000146e+04
5.144859999999999854e+04
5.111580000000000291e+04
5.111259999999999854e+04
5.119419999999999709e+04
5.097819999999999709e+04
5.105500000000000000e+04
5.127580000000000291e+04
5.103419999999999709e+04
5.110300000000000000e+04
5.110619999999999709e+04
5.114780000000000291e+04
5.099419999999999709e+04
5.113180000000000291e+04
5.098459999999999854e+04
5.085340000000000146e+04
5.075100000000000000e+04
5.087580000000000291e+04
5.069180000000000291e+04
5.094780000000000291e+04
5.060540000000000146e+04
5.078300000000000000e+04
5.084700000000000000e+04
5.065819999999999709e+04
5.096059999999999854e+04
5.091259999999999854e+04
5.088380000000000291e+04
5.101980000000000291e+04
5.092380000000000291e+04
5.077019999999999709e+04
5.082940000000000146e+04
5.102619999999999709e+04
5.093180000000000291e+04
5.105980000000000291e+04
5.088700000000000000e+04
5.084700000000000000e+04
5.083900000000000000e+04
5.070459999999999854e+04
5.077659999999999854e+04
5.053180000000000291e+04
5.051900000000000000e+04
5.052859999999999854e+04
5.082619999999999709e+04
5.054140000000000146e+04
5.058619999999999709e+04
5.059100000000000000e+04
5.047419999999999709e+04
5.041659999999999854e+04
5.050780000000000291e+04
5.039740000000000146e+04
5.066459999999999854e+04
5.057659999999999854e+04
5.043740000000000146e+04
5.082300000000000000e+04
5.089980000000000291e+04
5.044219999999999709e+04
5.044540000000000146e+04
5.023900000000000000e+04
5.056540000000000146e+04
5.037019999999999709e+04
5.035100000000000000e+04
5.038140000000000146e+04
5.060540000000000146e+04
5.053340000000000146e+04
5.040219999999999709e+04
5.059419999999999709e+04
5.033659999999999854e+04
4.998940000000000146e+04
5.023900000000000000e+04
5.049659999999999854e+04
5.005340000000000146e+04
5.041659999999999854e+04
5.041659999999999854e+04
5.077180000000000291e+04
5.093180000000000291e+04
5.093019999999999709e+04
5.083900000000000000e+04
5.122300000000000000e+04
5.125659999999999854e+04
5.112059999999999854e+04
5.138940000000000146e+04
5.125180000000000291e+04
5.111100000000000000e+04
5.124059999999999854e+04
5.133819999999999709e+04
5.129019999999999709e+04
4.305019999999999709e+04
4.438140000000000146e+04
4.526619999999999709e+04
4.675259999999999854e+04
4.804059999999999854e+04
4.959740000000000146e+04
5.040380000000000291e+04
5.176059999999999854e+04
5.248059999999999854e+04
5.339740000000000146e+04
5.468859999999999854e+04
5.510459999999999854e+04
5.577659999999999854e+04
5.618459999999999854e+04
5.641019999999999709e+04
5.650940000000000146e+04
5.668059999999999854e+04
5.701659999999999854e+04
5.664540000000000146e+04
5.673500000000000000e+04
5.669980000000000291e+04
5.650940000000000146e+04
5.638140000000000146e+04
5.656859999999999854e+04
5.626619999999999709e+04
5.599100000000000000e+04
5.580059999999999854e+04
5.537819999999999709e+04
5.512540000000000146e+04
5.521659999999999854e+04
5.484219999999999709e+04
5.851740000000000146e+04
5.815580000000000291e+04
5.819740000000000146e+04
5.829500000000000000e+04
5.822459999999999854e+04
5.802940000000000146e+04
5.790940000000000146e+04
5.767419999999999709e+04
5.730619999999999709e+04
5.733180000000000291e+04
5.705500000000000000e+04
5.704700000000000000e+04
5.672540000000000146e+04
5.658619999999999709e+04
5.640380000000000291e+04
5.655900000000000000e+04
5.629980000000000291e+04
5.638940000000000146e+04
5.636540000000000146e+04
5.635900000000000000e+04
5.610780000000000291e+04
5.596859999999999854e+04
5.579100000000000000e+04
5.559900000000000000e+04
5.562940000000000146e+04
5.541180000000000291e+04
5.531900000000000000e+04
5.516859999999999854e+04
5.536380000000000291e+04
5.521659999999999854e+04
5.535419999999999709e+04
5.507100000000000000e+04
5.499419999999999709e+04
5.485659999999999854e+04
5.491419999999999709e+04
5.485019999999999709e+04
5.477019999999999709e+04
5.472700000000000000e+04
5.441659999999999854e+04
5.435100000000000000e+04
5.451740000000000146e+04
5.472700000000000000e+04
5.435740000000000146e+04
5.418459999999999854e+04
5.438780000000000291e+04
5.427740000000000146e+04
5.431740000000000146e+04
5.465180000000000291e+04
5.439740000000000146e+04
5.434140000000000146e+04
5.438140000000000146e+04
5.421819999999999709e+04
5.432700000000000000e+04
5.453340000000000146e+04
5.437500000000000000e+04
5.439580000000000291e+04
5.441019999999999709e+04
5.437980000000000291e+04
5.430619999999999709e+04
5.456380000000000291e+04
5.418619999999999709e+04
5.445340000000000146e+04
5.461500000000000000e+04
5.453659999999999854e+04
5.489980000000000291e+04
5.481659999999999854e+04
5.454140000000000146e+04
5.445340000000000146e+04
5.428380000000000291e+04
5.430140000000000146e+04
5.399419999999999709e+04
5.426619999999999709e+04
5.416380000000000291e+04
5.385340000000000146e+04
5.407740000000000146e+04
5.402940000000000146e+04
5.392380000000000291e+04
5.423900000000000000e+04
5.423900000000000000e+04
5.435900000000000000e+04
5.410780000000000291e+04
5.397819999999999709e+04
5.405659999999999854e+04
5.433180000000000291e+04
5.416059999999999854e+04
5.426300000000000000e+04
5.395259999999999854e+04
5.431580000000000291e+04
5.422300000000000000e+04
5.427419999999999709e+04
5.404380000000000291e+04
5.407100000000000000e+04
5.440380000000000291e+04
5.435259999999999854e+04
5.409180000000000291e+04
5.390300000000000000e+04
5.401340000000000146e+04
5.395100000000000000e+04
5.422459999999999854e+04
5.409980000000000291e+04
5.399580000000000291e+04
5.383259999999999854e+04
5.404700000000000000e+04
5.419580000000000291e+04
5.413340000000000146e+04
5.417340000000000146e+04
5.422459999999999854e+04
5.433659999999999854e+04
5.417180000000000291e+04
5.395100000000000000e+04
5.434300000000000000e+04
5.452859999999999854e+04
5.421340000000000146e+04
5.420700000000000000e+04
5.416219999999999709e+04
5.432859999999999854e+04
5.417180000000000291e+04
5.484380000000000291e+04
5.433659999999999854e+04
5.434459999999999854e+04
5.420540000000000146e+04
5.405659999999999854e+04
5.421819999999999709e+04
5.390780000000000291e+04
5.380859999999999854e+04
5.401500000000000000e+04
5.404540000000000146e+04
5.413980000000000291e+04
5.409340000000000146e+04
5.415740000000000146e+04
5.397019999999999709e+04
5.409019999999999709e+04
5.401980000000000291e+04
5.381980000000000291e+04
5.391740000000000146e+04
5.384700000000000000e+04
5.376700000000000000e+04
5.376859999999999854e+04
5.377980000000000291e+04
5.382780000000000291e+04
5.370940000000000146e+04
5.377019999999999709e+04
5.396219999999999709e+04
5.371259999999999854e+04
5.383100000000000000e+04
5.371740000000000146e+04
5.364219999999999709e+04
5.362459999999999854e+04
5.340700000000000000e+04
5.336700000000000000e+04
5.376219999999999709e+04
5.383419999999999709e+04
5.413819999999999709e+04
5.417500000000000000e+04
5.441980000000000291e+04
5.439419999999999709e+04
5.435419999999999709e+04
5.438780000000000291e+04
5.464540000000000146e+04
5.448219999999999709e+04
5.447259999999999854e+04
5.448380000000000291e+04
5.459419999999999709e+04
5.482780000000000291e+04
5.494459999999999854e+04
5.490780000000000291e+04
5.479740000000000146e+04
5.470300000000000000e+04
5.466300000000000000e+04
5.469500000000000000e+04
5.453500000000000000e+04
5.481019999999999709e+04
5.456059999999999854e+04
5.441500000000000000e+04
5.456700000000000000e+04
5.463740000000000146e+04
5.472540000000000146e+04
5.465180000000000291e+04
5.473659999999999854e+04
5.459580000000000291e+04
5.470300000000000000e+04
5.451419999999999709e+04
5.454459999999999854e+04
5.463259999999999854e+04
5.450940000000000146e+04
5.456540000000000146e+04
5.424700000000000000e+04
5.450459999999999854e+04
5.431740000000000146e+04
5.447100000000000000e+04
5.433180000000000291e+04
5.442140000000000146e+04
5.462619999999999709e+04
5.449500000000000000e+04
5.449500000000000000e+04
5.439259999999999854e+04
5.442459999999999854e+04
5.459900000000000000e+04
5.454459999999999854e+04
5.443740000000000146e+04
5.443580000000000291e+04
5.456540000000000146e+04
5.467419999999999709e+04
5.480059999999999854e+04
5.485340000000000146e+04
5.461819999999999709e+04
5.455580000000000291e+04
5.473659999999999854e+04
5.458619999999999709e+04
5.449819999999999709e+04
5.458940000000000146e+04
5.444219999999999709e+04
5.471100000000000000e+04
5.449500000000000000e+04
5.475419999999999709e+04
5.490140000000000146e+04
5.474300000000000000e+04
5.477659999999999854e+04
5.482780000000000291e+04
5.463259999999999854e+04
5.474300000000000000e+04
5.469500000000000000e+04
5.452380000000000291e+04
5.449819999999999709e+04
5.481659999999999854e+04
5.462940000000000146e+04
5.464700000000000000e+04
5.458140000000000146e+04
5.475419999999999709e+04
5.460859999999999854e+04
5.441340000000000146e+04
5.426619999999999709e+04
5.416540000000000146e+04
5.456380000000000291e+04
5.465180000000000291e+04
5.445500000000000000e+04
5.449500000000000000e+04
5.461500000000000000e+04
5.434940000000000146e+04
5.434459999999999854e+04
5.439900000000000000e+04
5.453980000000000291e+04
5.422140000000000146e+04
5.427419999999999709e+04
5.449340000000000146e+04
5.420059999999999854e+04
5.431419999999999709e+04
5.407259999999999854e+04
5.408540000000000146e+04
5.429340000000000146e+04
5.457019999999999709e+04
5.435259999999999854e+04
5.432540000000000146e+04
5.451900000000000000e+04
5.479100000000000000e+04
5.455740000000000146e+04
5.444380000000000291e+04
5.460700000000000000e+04
5.475100000000000000e+04
5.455900000000000000e+04
5.437340000000000146e+04
5.503259999999999854e+04
5.486619999999999709e+04
5.452219999999999709e+04
5.468540000000000146e+04
5.453180000000000291e+04
5.471740000000000146e+04
5.486619999999999709e+04
5.494940000000000146e+04
5.476859999999999854e+04
5.481659999999999854e+04
5.464540000000000146e+04
5.461340000000000146e+04
5.459580000000000291e+04
5.468380000000000291e+04
5.484859999999999854e+04
5.490140000000000146e+04
5.467100000000000000e+04
5.467740000000000146e+04
5.458940000000000146e+04
5.480219999999999709e+04
5.453500000000000000e+04
5.461819999999999709e+04
5.460059999999999854e+04
5.462300000000000000e+04
5.454619999999999709e+04
5.471100000000000000e+04
5.464540000000000146e+04
5.467900000000000000e+04
5.451100000000000000e+04
5.457659999999999854e+04
5.461340000000000146e+04
5.435419999999999709e+04
5.441980000000000291e+04
5.453500000000000000e+04
5.458300000000000000e+04
5.421180000000000291e+04
5.434300000000000000e+04
5.448059999999999854e+04
5.435259999999999854e+04
5.455259999999999854e+04
5.441500000000000000e+04
5.457819999999999709e+04
5.433819999999999709e+04
5.438940000000000146e+04
5.416059999999999854e+04
5.427900000000000000e+04
5.433980000000000291e+04
5.420059999999999854e+04
5.419419999999999709e+04
5.445340000000000146e+04
5.421500000000000000e+04
5.434300000000000000e+04
5.424700000000000000e+04
5.426140000000000146e+04
5.427740000000000146e+04
5.430940000000000146e+04
5.429980000000000291e+04
5.440700000000000000e+04
5.433980000000000291e+04
5.419419999999999709e+04
5.409340000000000146e+04
5.443580000000000291e+04
5.439259999999999854e+04
5.423259999999999854e+04
5.412059999999999854e+04
5.406140000000000146e+04
5.409019999999999709e+04
5.424540000000000146e+04
5.403740000000000146e+04
5.430780000000000291e+04
5.436059999999999854e+04
5.414780000000000291e+04
5.444219999999999709e+04
5.424219999999999709e+04
5.429819999999999709e+04
5.419580000000000291e+04
5.400859999999999854e+04
5.413180000000000291e+04
5.420380000000000291e+04
5.397019999999999709e+04
5.404540000000000146e+04
5.390140000000000146e+04
5.423740000000000146e+04
5.395419999999999709e+04
5.412219999999999709e+04
5.423259999999999854e+04
5.427419999999999709e+04
5.413819999999999709e+04
5.468219999999999709e+04
5.440700000000000000e+04
5.441019999999999709e+04
5.442940000000000146e+04
5.455259999999999854e+04
5.441819999999999709e+04
5.469500000000000000e+04
5.453340000000000146e+04
5.450940000000000146e+04
5.436219999999999709e+04
5.447740000000000146e+04
5.469180000000000291e+04
5.469180000000000291e+04
4.330940000000000146e+04
4.449659999999999854e+04
4.571900000000000000e+04
4.679580000000000291e+04
4.798780000000000291e+04
4.935259999999999854e+04
5.057340000000000146e+04
5.167100000000000000e+04
5.245819999999999709e+04
5.368859999999999854e+04
5.412380000000000291e+04
5.459100000000000000e+04
5.529019999999999709e+04
5.558300000000000000e+04
5.579740000000000146e+04
5.625019999999999709e+04
5.611740000000000146e+04
5.629019999999999709e+04
5.632380000000000291e+04
5.627419999999999709e+04
5.621980000000000291e+04
5.617659999999999854e+04
5.612380000000000291e+04
5.614619999999999709e+04
5.586140000000000146e+04
5.559580000000000291e+04
5.542300000000000000e+04
5.510780000000000291e+04
5.505659999999999854e+04
5.495419999999999709e+04
5.449180000000000291e+04
5.422459999999999854e+04
5.394940000000000146e+04
5.380540000000000146e+04
5.367900000000000000e+04
5.372059999999999854e+04
5.356540000000000146e+04
5.347900000000000000e+04
5.334619999999999709e+04
5.333659999999999854e+04
5.301500000000000000e+04
5.291100000000000000e+04
5.277980000000000291e+04
5.252219999999999709e+04
5.221180000000000291e+04
5.245819999999999709e+04
5.229180000000000291e+04
5.215100000000000000e+04
5.193180000000000291e+04
5.191259999999999854e+04
5.193340000000000146e+04
5.153500000000000000e+04
5.141980000000000291e+04
5.118300000000000000e+04
5.136540000000000146e+04
5.133340000000000146e+04
5.111100000000000000e+04
5.079740000000000146e+04
5.073980000000000291e+04
5.097980000000000291e+04
5.081819999999999709e+04
5.069500000000000000e+04
5.114780000000000291e+04
5.106300000000000000e+04
5.101659999999999854e+04
5.104219999999999709e+04
5.108059999999999854e+04
5.092059999999999854e+04
5.085340000000000146e+04
5.045019999999999709e+04
5.044700000000000000e+04
5.058619999999999709e+04
5.046300000000000000e+04
5.063580000000000291e+04
5.042300000000000000e+04
5.032540000000000146e+04
5.028700000000000000e+04
5.036219999999999709e+04
5.023259999999999854e+04
5.025980000000000291e+04
5.034940000000000146e+04
5.012380000000000291e+04
5.024380000000000291e+04
5.055740000000000146e+04
5.057500000000000000e+04
5.076059999999999854e+04
5.057340000000000146e+04
5.084540000000000146e+04
5.081819999999999709e+04
5.097019999999999709e+04
5.090619999999999709e+04
5.113980000000000291e+04
5.114300000000000000e+04
5.096219999999999709e+04
5.101819999999999709e+04
5.119259999999999854e+04
5.095259999999999854e+04
5.079900000000000000e+04
5.079580000000000291e+04
5.084059999999999854e+04
5.084700000000000000e+04
5.061340000000000146e+04
5.102619999999999709e+04
5.095100000000000000e+04
5.102459999999999854e+04
5.096219999999999709e+04
5.074140000000000146e+04
5.106459999999999854e+04
5.073019999999999709e+04
5.084219999999999709e+04
5.074940000000000146e+04
5.077980000000000291e+04
5.069500000000000000e+04
5.079740000000000146e+04
5.057019999999999709e+04
5.068380000000000291e+04
5.056380000000000291e+04
5.062459999999999854e+04
5.052700000000000000e+04
5.056540000000000146e+04
5.085019999999999709e+04
5.046940000000000146e+04
5.047259999999999854e+04
5.026780000000000291e+04
5.022300000000000000e+04
5.052219999999999709e+04
5.061340000000000146e+04
5.060380000000000291e+04
5.073019999999999709e+04
5.054300000000000000e+04
5.050300000000000000e+04
5.031259999999999854e+04
5.044700000000000000e+04
5.044859999999999854e+04
5.080380000000000291e+04
5.072700000000000000e+04
5.073659999999999854e+04
5.072380000000000291e+04
5.093340000000000146e+04
5.070459999999999854e+04
5.065819999999999709e+04
5.047419999999999709e+04
5.081340000000000146e+04
5.040059999999999854e+04
5.064219999999999709e+04
5.066940000000000146e+04
5.054300000000000000e+04
5.077980000000000291e+04
5.074619999999999709e+04
5.051900000000000000e+04
5.049500000000000000e+04
5.045019999999999709e+04
5.054619999999999709e+04
5.061019999999999709e+04
5.049019999999999709e+04
5.048380000000000291e+04
5.050300000000000000e+04
5.044380000000000291e+04
5.058140000000000146e+04
5.033659999999999854e+04
5.012219999999999709e+04
5.035740000000000146e+04
5.064219999999999709e+04
5.021659999999999854e+04
5.036859999999999854e+04
5.040219999999999709e+04
5.029180000000000291e+04
5.036540000000000146e+04
5.002619999999999709e+04
5.033180000000000291e+04
5.029659999999999854e+04
4.980059999999999854e+04
5.008700000000000000e+04
5.003580000000000291e+04
5.010300000000000000e+04
5.020380000000000291e+04
5.019100000000000000e+04
5.010459999999999854e+04
5.008859999999999854e+04
5.074780000000000291e+04
5.007740000000000146e+04
5.053340000000000146e+04
5.074300000000000000e+04
5.110780000000000291e+04
5.107259999999999854e+04
5.128859999999999854e+04
5.124380000000000291e+04
5.161340000000000146e+04
5.170619999999999709e+04
5.155740000000000146e+04
5.158300000000000000e+04
5.170459999999999854e+04
5.180859999999999854e+04
5.186780000000000291e+04
5.168380000000000291e+04
5.178619999999999709e+04
5.197980000000000291e+04
5.196540000000000146e+04
5.194619999999999709e+04
5.229180000000000291e+04
5.208859999999999854e+04
5.189500000000000000e+04
5.208219999999999709e+04
5.203100000000000000e+04
5.190619999999999709e+04
5.206140000000000146e+04
5.202140000000000146e+04
5.225819999999999709e+04
5.218940000000000146e+04
5.240059999999999854e+04
5.230300000000000000e+04
5.217340000000000146e+04
5.221980000000000291e+04
5.193340000000000146e+04
5.206940000000000146e+04
5.204059999999999854e+04
5.209340000000000146e+04
5.207900000000000000e+04
5.215580000000000291e+04
5.220380000000000291e+04
5.192700000000000000e+04
5.209340000000000146e+04
5.179740000000000146e+04
5.181980000000000291e+04
5.202459999999999854e+04
5.203900000000000000e+04
5.183259999999999854e+04
5.170619999999999709e+04
5.173019999999999709e+04
5.170940000000000146e+04
5.174619999999999709e+04
5.160540000000000146e+04
5.169819999999999709e+04
5.190300000000000000e+04
5.176059999999999854e+04
5.174140000000000146e+04
5.174780000000000291e+04
5.171100000000000000e+04
5.181180000000000291e+04
5.177500000000000000e+04
5.169980000000000291e+04
5.169180000000000291e+04
5.173500000000000000e+04
5.173659999999999854e+04
5.206619999999999709e+04
5.162300000000000000e+04
5.162619999999999709e+04
5.163900000000000000e+04
5.168059999999999854e+04
5.164540000000000146e+04
5.116700000000000000e+04
5.143259999999999854e+04
5.158300000000000000e+04
5.130300000000000000e+04
5.107100000000000000e+04
5.136059999999999854e+04
5.135419999999999709e+04
5.165180000000000291e+04
5.147740000000000146e+04
5.140859999999999854e+04
5.148380000000000291e+04
5.135580000000000291e+04
5.149659999999999854e+04
5.119419999999999709e+04
5.107419999999999709e+04
5.112540000000000146e+04
5.106619999999999709e+04
5.107259999999999854e+04
5.128859999999999854e+04
5.114940000000000146e+04
5.109180000000000291e+04
5.133180000000000291e+04
5.117500000000000000e+04
5.118780000000000291e+04
5.123740000000000146e+04
5.100219999999999709e+04
5.118459999999999854e+04
5.103580000000000291e+04
5.083580000000000291e+04
5.099259999999999854e+04
5.104219999999999709e+04
5.141980000000000291e+04
5.131580000000000291e+04
5.143580000000000291e+04
5.173659999999999854e+04
5.189180000000000291e+04
5.170619999999999709e+04
5.172859999999999854e+04
5.178459999999999854e+04
5.165659999999999854e+04
5.153500000000000000e+04
5.129180000000000291e+04
5.135900000000000000e+04
5.152219999999999709e+04
5.153019999999999709e+04
5.166780000000000291e+04
5.152700000000000000e+04
5.144700000000000000e+04
5.130940000000000146e+04
5.146619999999999709e+04
5.152059999999999854e+04
5.137659999999999854e+04
5.143740000000000146e+04
5.137659999999999854e+04
5.143259999999999854e+04
5.154780000000000291e+04
5.169019999999999709e+04
5.149340000000000146e+04
5.134459999999999854e+04
5.142459999999999854e+04
5.138619999999999709e+04
5.140859999999999854e+04
5.132859999999999854e+04
5.105500000000000000e+04
5.110459999999999854e+04
5.088380000000000291e+04
5.146940000000000146e+04
5.112059999999999854e+04
5.129180000000000291e+04
5.137659999999999854e+04
5.151419999999999709e+04
5.124380000000000291e+04
5.134780000000000291e+04
5.104859999999999854e+04
5.101500000000000000e+04
5.120859999999999854e+04
5.114619999999999709e+04
5.118140000000000146e+04
5.114300000000000000e+04
5.108700000000000000e+04
5.104540000000000146e+04
5.113819999999999709e+04
5.121340000000000146e+04
5.117659999999999854e+04
5.102300000000000000e+04
5.119100000000000000e+04
5.121019999999999709e+04
5.096859999999999854e+04
5.114300000000000000e+04
5.092380000000000291e+04
5.138619999999999709e+04
5.102300000000000000e+04
5.109819999999999709e+04
5.104059999999999854e+04
5.105019999999999709e+04
5.090619999999999709e+04
5.086780000000000291e+04
5.104380000000000291e+04
5.103100000000000000e+04
5.110780000000000291e+04
5.106940000000000146e+04
5.096380000000000291e+04
5.103900000000000000e+04
5.087580000000000291e+04
5.103900000000000000e+04
5.097500000000000000e+04
5.114459999999999854e+04
5.116380000000000291e+04
5.117340000000000146e+04
5.121659999999999854e+04
5.096380000000000291e+04
5.097180000000000291e+04
5.092219999999999709e+04
5.105019999999999709e+04
5.093980000000000291e+04
5.075100000000000000e+04
5.084059999999999854e+04
5.072380000000000291e+04
5.093340000000000146e+04
5.106619999999999709e+04
5.084380000000000291e+04
5.078459999999999854e+04
5.065819999999999709e+04
5.061340000000000146e+04
5.060540000000000146e+04
5.058780000000000291e+04
5.047740000000000146e+04
5.073659999999999854e+04
5.072380000000000291e+04
5.098300000000000000e+04
5.091900000000000000e+04
5.097659999999999854e+04
5.109500000000000000e+04
5.137819999999999709e+04
5.138780000000000291e+04
5.119259999999999854e+04
5.143580000000000291e+04
5.129019999999999709e+04
5.081340000000000146e+04
5.171900000000000000e+04
5.175419999999999709e+04
5.149019999999999709e+04
5.149019999999999709e+04
4.383900000000000000e+04
4.524859999999999854e+04
4.637659999999999854e+04
4.746780000000000291e+04
4.874780000000000291e+04
5.012380000000000291e+04
5.113819999999999709e+04
5.191740000000000146e+04
5.306300000000000000e+04
5.417180000000000291e+04
5.493340000000000146e+04
5.553659999999999854e+04
5.579100000000000000e+04
5.589819999999999709e+04
5.602300000000000000e+04
5.643419999999999709e+04
5.646140000000000146e+04
5.627100000000000000e+04
5.638140000000000146e+04
5.641019999999999709e+04
5.649180000000000291e+04
5.645659999999999854e+04
5.622940000000000146e+04
5.597659999999999854e+04
5.591259999999999854e+04
5.584859999999999854e+04
5.568540000000000146e+04
5.562300000000000000e+04
5.519740000000000146e+04
5.498619999999999709e+04
5.483100000000000000e+04
5.481819999999999709e+04
5.445180000000000291e+04
5.427259999999999854e+04
5.433659999999999854e+04
5.420859999999999854e+04
5.400059999999999854e+04
5.399419999999999709e+04
5.389659999999999854e+04
5.367580000000000291e+04
5.375100000000000000e+04
5.307419999999999709e+04
5.325980000000000291e+04
5.276059999999999854e+04
5.277340000000000146e+04
5.266140000000000146e+04
5.269019999999999709e+04
5.254459999999999854e+04
5.257980000000000291e+04
5.230140000000000146e+04
5.210619999999999709e+04
5.216219999999999709e+04
5.212540000000000146e+04
5.190940000000000146e+04
5.172059999999999854e+04
5.165819999999999709e+04
5.118459999999999854e+04
5.133180000000000291e+04
5.141019999999999709e+04
5.156059999999999854e+04
5.162300000000000000e+04
5.162140000000000146e+04
5.131580000000000291e+04
5.128859999999999854e+04
5.129180000000000291e+04
5.121019999999999709e+04
5.097019999999999709e+04
5.119259999999999854e+04
5.113500000000000000e+04
5.087900000000000000e+04
5.109340000000000146e+04
5.096540000000000146e+04
5.097980000000000291e+04
5.093819999999999709e+04
5.080540000000000146e+04
5.094140000000000146e+04
5.089180000000000291e+04
5.122619999999999709e+04
5.075100000000000000e+04
5.091259999999999854e+04
5.095419999999999709e+04
5.048219999999999709e+04
5.088380000000000291e+04
5.117180000000000291e+04
5.098459999999999854e+04
5.117500000000000000e+04
5.112059999999999854e+04
5.102619999999999709e+04
5.132700000000000000e+04
5.118300000000000000e+04
5.101019999999999709e+04
5.120059999999999854e+04
5.123740000000000146e+04
5.124700000000000000e+04
5.142140000000000146e+04
5.103259999999999854e+04
5.114459999999999854e+04
5.111259999999999854e+04
5.107900000000000000e+04
5.089340000000000146e+04
5.086300000000000000e+04
5.073019999999999709e+04
5.103259999999999854e+04
5.090619999999999709e+04
5.092540000000000146e+04
5.068219999999999709e+04
5.076059999999999854e+04
5.097819999999999709e+04
5.090300000000000000e+04
5.104859999999999854e+04
5.087419999999999709e+04
5.107900000000000000e+04
5.089659999999999854e+04
5.104219999999999709e+04
5.088380000000000291e+04
5.100700000000000000e+04
5.098300000000000000e+04
5.068219999999999709e+04
5.079419999999999709e+04
5.074940000000000146e+04
5.091100000000000000e+04
5.079580000000000291e+04
5.096380000000000291e+04
5.047740000000000146e+04
5.049980000000000291e+04
5.069980000000000291e+04
5.053340000000000146e+04
5.030459999999999854e+04
5.041980000000000291e+04
5.088540000000000146e+04
5.013659999999999854e+04
5.048540000000000146e+04
5.067419999999999709e+04
5.082619999999999709e+04
5.055419999999999709e+04
5.088380000000000291e+04
5.056380000000000291e+04
5.040859999999999854e+04
5.046619999999999709e+04
5.058300000000000000e+04
5.065500000000000000e+04
5.033659999999999854e+04
5.030780000000000291e+04
5.060540000000000146e+04
5.049340000000000146e+04
5.057980000000000291e+04
5.045980000000000291e+04
5.076219999999999709e+04
5.065180000000000291e+04
5.040540000000000146e+04
5.028059999999999854e+04
5.043740000000000146e+04
5.048059999999999854e+04
5.044380000000000291e+04
5.058940000000000146e+04
5.025340000000000146e+04
5.027259999999999854e+04
5.026140000000000146e+04
5.044859999999999854e+04
5.040700000000000000e+04
5.043900000000000000e+04
5.019419999999999709e+04
5.044540000000000146e+04
5.013819999999999709e+04
5.013819999999999709e+04
5.015900000000000000e+04
5.007419999999999709e+04
5.004859999999999854e+04
5.000059999999999854e+04
5.009180000000000291e+04
4.989980000000000291e+04
5.015580000000000291e+04
4.994140000000000146e+04
4.997980000000000291e+04
5.008540000000000146e+04
5.019100000000000000e+04
5.001019999999999709e+04
4.987259999999999854e+04
4.988700000000000000e+04
4.991580000000000291e+04
4.982619999999999709e+04
5.003900000000000000e+04
5.038300000000000000e+04
5.022140000000000146e+04
5.060859999999999854e+04
5.053819999999999709e+04
5.073019999999999709e+04
5.048859999999999854e+04
5.068380000000000291e+04
5.043580000000000291e+04
5.056380000000000291e+04
5.047259999999999854e+04
5.053019999999999709e+04
5.019580000000000291e+04
5.084380000000000291e+04
5.062300000000000000e+04
5.079259999999999854e+04
5.095100000000000000e+04
5.071100000000000000e+04
5.063100000000000000e+04
5.060859999999999854e+04
5.050619999999999709e+04
5.076540000000000146e+04
5.067419999999999709e+04
5.066780000000000291e+04
5.072540000000000146e+04
5.053659999999999854e+04
5.073500000000000000e+04
5.085180000000000291e+04
5.103740000000000146e+04
5.092859999999999854e+04
5.095100000000000000e+04
5.080380000000000291e+04
5.073180000000000291e+04
5.070459999999999854e+04
5.063740000000000146e+04
5.062619999999999709e+04
5.054619999999999709e+04
5.069180000000000291e+04
5.053500000000000000e+04
5.094459999999999854e+04
5.086619999999999709e+04
5.064380000000000291e+04
5.044540000000000146e+04
5.028540000000000146e+04
5.047100000000000000e+04
5.062940000000000146e+04
5.022619999999999709e+04
4.997500000000000000e+04
5.038300000000000000e+04
5.038140000000000146e+04
5.035100000000000000e+04
5.026140000000000146e+04
5.031419999999999709e+04
5.031100000000000000e+04
5.039580000000000291e+04
5.055419999999999709e+04
5.066459999999999854e+04
5.048859999999999854e+04
5.046300000000000000e+04
5.030300000000000000e+04
5.033500000000000000e+04
5.029500000000000000e+04
5.047740000000000146e+04
5.059740000000000146e+04
5.061819999999999709e+04
5.072380000000000291e+04
5.066780000000000291e+04
5.052859999999999854e+04
5.043740000000000146e+04
5.050780000000000291e+04
5.065659999999999854e+04
5.048380000000000291e+04
5.064380000000000291e+04
5.084540000000000146e+04
5.053980000000000291e+04
5.050140000000000146e+04
5.077980000000000291e+04
5.076700000000000000e+04
5.053500000000000000e+04
5.060859999999999854e+04
5.079900000000000000e+04
5.069819999999999709e+04
5.028540000000000146e+04
5.036540000000000146e+04
5.019259999999999854e+04
5.038459999999999854e+04
5.051259999999999854e+04
5.050940000000000146e+04
5.065180000000000291e+04
5.036540000000000146e+04
5.023419999999999709e+04
5.044380000000000291e+04
5.033500000000000000e+04
5.020219999999999709e+04
5.036540000000000146e+04
5.035100000000000000e+04
5.013500000000000000e+04
5.047259999999999854e+04
5.055419999999999709e+04
5.059740000000000146e+04
5.074619999999999709e+04
5.075740000000000146e+04
5.068380000000000291e+04
5.084059999999999854e+04
5.109500000000000000e+04
5.094300000000000000e+04
5.112540000000000146e+04
5.103900000000000000e+04
5.097340000000000146e+04
5.112540000000000146e+04
5.096059999999999854e+04
5.109340000000000146e+04
5.082459999999999854e+04
5.072700000000000000e+04
5.079100000000000000e+04
5.081500000000000000e+04
5.068859999999999854e+04
5.069980000000000291e+04
5.027419999999999709e+04
5.058619999999999709e+04
5.045019999999999709e+04
5.044059999999999854e+04
5.047100000000000000e+04
5.058940000000000146e+04
5.035419999999999709e+04
5.041659999999999854e+04
5.036859999999999854e+04
5.023259999999999854e+04
5.034300000000000000e+04
5.031100000000000000e+04
5.028059999999999854e+04
5.025659999999999854e+04
5.025659999999999854e+04
5.028859999999999854e+04
5.034459999999999854e+04
5.026619999999999709e+04
5.004700000000000000e+04
5.009659999999999854e+04
5.035100000000000000e+04
5.015900000000000000e+04
5.033980000000000291e+04
5.021340000000000146e+04
5.012700000000000000e+04
5.017340000000000146e+04
5.001980000000000291e+04
4.995419999999999709e+04
4.995259999999999854e+04
5.002140000000000146e+04
4.998300000000000000e+04
5.007740000000000146e+04
5.030940000000000146e+04
5.019419999999999709e+04
5.023580000000000291e+04
5.027419999999999709e+04
5.046459999999999854e+04
5.031580000000000291e+04
5.032219999999999709e+04
5.013980000000000291e+04
5.010940000000000146e+04
5.041340000000000146e+04
5.033659999999999854e+04
5.033500000000000000e+04
5.037340000000000146e+04
5.034300000000000000e+04
5.037180000000000291e+04
5.017980000000000291e+04
5.014300000000000000e+04
4.999900000000000000e+04
5.002300000000000000e+04
5.014619999999999709e+04
5.011419999999999709e+04
5.016859999999999854e+04
5.024380000000000291e+04
4.999900000000000000e+04
5.020219999999999709e+04
5.039740000000000146e+04
5.027100000000000000e+04
5.016859999999999854e+04
5.018619999999999709e+04
5.034459999999999854e+04
5.037019999999999709e+04
5.015580000000000291e+04
4.989340000000000146e+04
5.004700000000000000e+04
5.035580000000000291e+04
5.015100000000000000e+04
5.023900000000000000e+04
5.001019999999999709e+04
5.016859999999999854e+04
5.042459999999999854e+04
5.019740000000000146e+04
5.020059999999999854e+04
5.026940000000000146e+04
4.993500000000000000e+04
5.017819999999999709e+04
5.026940000000000146e+04
5.045659999999999854e+04
5.070619999999999709e+04
5.078780000000000291e+04
5.080219999999999709e+04
5.084059999999999854e+04
5.056540000000000146e+04
5.095259999999999854e+04
5.119580000000000291e+04
5.101019999999999709e+04
5.117180000000000291e+04
5.113500000000000000e+04
5.107419999999999709e+04
5.100059999999999854e+04
5.120219999999999709e+04
5.121500000000000000e+04
4.273500000000000000e+04
4.364380000000000291e+04
4.527419999999999709e+04
4.632859999999999854e+04
4.760859999999999854e+04
4.897500000000000000e+04
4.996380000000000291e+04
5.121019999999999709e+04
5.252859999999999854e+04
5.301340000000000146e+04
5.385980000000000291e+04
5.459100000000000000e+04
5.501340000000000146e+04
5.529980000000000291e+04
5.589659999999999854e+04
5.570940000000000146e+04
5.601180000000000291e+04
5.599580000000000291e+04
5.604859999999999854e+04
5.590780000000000291e+04
5.588540000000000146e+04
5.589819999999999709e+04
5.579100000000000000e+04
5.533019999999999709e+04
5.512059999999999854e+04
5.519740000000000146e+04
5.492859999999999854e+04
5.477180000000000291e+04
5.449340000000000146e+04
5.419740000000000146e+04
5.394300000000000000e+04
5.378619999999999709e+04
5.350300000000000000e+04
5.324540000000000146e+04
5.325819999999999709e+04
5.346140000000000146e+04
5.308380000000000291e+04
5.297500000000000000e+04
5.305980000000000291e+04
5.272059999999999854e+04
5.265819999999999709e+04
5.231740000000000146e+04
5.219259999999999854e+04
5.200219999999999709e+04
5.191100000000000000e+04
5.171100000000000000e+04
5.147580000000000291e+04
5.136700000000000000e+04
5.139740000000000146e+04
5.152700000000000000e+04
5.133819999999999709e+04
5.113980000000000291e+04
5.099580000000000291e+04
5.076700000000000000e+04
5.054780000000000291e+04
5.047419999999999709e+04
5.035259999999999854e+04
4.997819999999999709e+04
5.006300000000000000e+04
5.007259999999999854e+04
5.003740000000000146e+04
5.025659999999999854e+04
5.007259999999999854e+04
4.981180000000000291e+04
5.001019999999999709e+04
4.999100000000000000e+04
4.983259999999999854e+04
4.986940000000000146e+04
4.959419999999999709e+04
4.962619999999999709e+04
4.975419999999999709e+04
4.970940000000000146e+04
4.985340000000000146e+04
4.963740000000000146e+04
4.949180000000000291e+04
4.949659999999999854e+04
4.963740000000000146e+04
4.940859999999999854e+04
4.930300000000000000e+04
4.941019999999999709e+04
4.955419999999999709e+04
4.929019999999999709e+04
4.949180000000000291e+04
4.951900000000000000e+04
4.944219999999999709e+04
4.925980000000000291e+04
5.297180000000000291e+04
5.283100000000000000e+04
5.284540000000000146e+04
5.274940000000000146e+04
5.293340000000000146e+04
5.272700000000000000e+04
5.258940000000000146e+04
5.255580000000000291e+04
5.268380000000000291e+04
5.283419999999999709e+04
5.287259999999999854e+04
5.289500000000000000e+04
5.289819999999999709e+04
5.307100000000000000e+04
5.281180000000000291e+04
5.287740000000000146e+04
5.278459999999999854e+04
5.288219999999999709e+04
5.281180000000000291e+04
5.259419999999999709e+04
5.293019999999999709e+04
5.323259999999999854e+04
5.308700000000000000e+04
5.305340000000000146e+04
5.325019999999999709e+04
5.305180000000000291e+04
5.289019999999999709e+04
5.293980000000000291e+04
5.324540000000000146e+04
5.285659999999999854e+04
5.285500000000000000e+04
5.277980000000000291e+04
5.295580000000000291e+04
5.285819999999999709e+04
5.262300000000000000e+04
5.264859999999999854e+04
5.263740000000000146e+04
5.274780000000000291e+04
5.257180000000000291e+04
5.245500000000000000e+04
5.260219999999999709e+04
5.248859999999999854e+04
5.200859999999999854e+04
5.218300000000000000e+04
5.211100000000000000e+04
5.222780000000000291e+04
5.236859999999999854e+04
5.212859999999999854e+04
5.266940000000000146e+04
5.232700000000000000e+04
5.242459999999999854e+04
5.260540000000000146e+04
5.249659999999999854e+04
5.259419999999999709e+04
5.239740000000000146e+04
5.261500000000000000e+04
5.252700000000000000e+04
5.221980000000000291e+04
5.265659999999999854e+04
5.239580000000000291e+04
5.234140000000000146e+04
5.224859999999999854e+04
5.232700000000000000e+04
5.217500000000000000e+04
5.275259999999999854e+04
5.241659999999999854e+04
5.222459999999999854e+04
5.218459999999999854e+04
5.226300000000000000e+04
5.216219999999999709e+04
5.213180000000000291e+04
5.209180000000000291e+04
5.227259999999999854e+04
5.218619999999999709e+04
5.228380000000000291e+04
5.207740000000000146e+04
5.226780000000000291e+04
5.244700000000000000e+04
5.226300000000000000e+04
5.229659999999999854e+04
5.223580000000000291e+04
5.217819999999999709e+04
5.193659999999999854e+04
5.237500000000000000e+04
5.210780000000000291e+04
5.211259999999999854e+04
5.239259999999999854e+04
5.213819999999999709e+04
5.222619999999999709e+04
5.229980000000000291e+04
5.226780000000000291e+04
5.214619999999999709e+04
5.220700000000000000e+04
5.224380000000000291e+04
5.227259999999999854e+04
5.264540000000000146e+04
5.305500000000000000e+04
5.326780000000000291e+04
5.333819999999999709e+04
5.321819999999999709e+04
5.349819999999999709e+04
5.363580000000000291e+04
5.356859999999999854e+04
5.394780000000000291e+04
5.389819999999999709e+04
5.400540000000000146e+04
5.389980000000000291e+04
5.394619999999999709e+04
5.389659999999999854e+04
5.402140000000000146e+04
5.414780000000000291e+04
5.373340000000000146e+04
5.412380000000000291e+04
5.408059999999999854e+04
5.402940000000000146e+04
5.390140000000000146e+04
5.380540000000000146e+04
5.374140000000000146e+04
5.380859999999999854e+04
5.387580000000000291e+04
5.412059999999999854e+04
5.390780000000000291e+04
5.403740000000000146e+04
5.403580000000000291e+04
5.376219999999999709e+04
5.400700000000000000e+04
5.397819999999999709e+04
5.397659999999999854e+04
5.392700000000000000e+04
5.398619999999999709e+04
5.390619999999999709e+04
5.411580000000000291e+04
5.377980000000000291e+04
5.373659999999999854e+04
5.372859999999999854e+04
5.385659999999999854e+04
5.400219999999999709e+04
5.377819999999999709e+04
5.388380000000000291e+04
5.374300000000000000e+04
5.374780000000000291e+04
5.355740000000000146e+04
5.335740000000000146e+04
5.331259999999999854e+04
5.376219999999999709e+04
5.387740000000000146e+04
5.370940000000000146e+04
5.366459999999999854e+04
5.382140000000000146e+04
5.398300000000000000e+04
5.407259999999999854e+04
5.390780000000000291e+04
5.413340000000000146e+04
5.415419999999999709e+04
5.409019999999999709e+04
5.397180000000000291e+04
5.397659999999999854e+04
5.409500000000000000e+04
5.398619999999999709e+04
5.410780000000000291e+04
5.407900000000000000e+04
5.404380000000000291e+04
5.391580000000000291e+04
5.394780000000000291e+04
5.397819999999999709e+04
5.385500000000000000e+04
5.388380000000000291e+04
5.386140000000000146e+04
5.377980000000000291e+04
5.379900000000000000e+04
5.374300000000000000e+04
5.414300000000000000e+04
5.383259999999999854e+04
5.376540000000000146e+04
5.363740000000000146e+04
5.347900000000000000e+04
5.337980000000000291e+04
5.351900000000000000e+04
5.334940000000000146e+04
5.311259999999999854e+04
5.335100000000000000e+04
5.317659999999999854e+04
5.324859999999999854e+04
5.343580000000000291e+04
5.326780000000000291e+04
5.308700000000000000e+04
5.309019999999999709e+04
5.310940000000000146e+04
5.319419999999999709e+04
5.318140000000000146e+04
5.316700000000000000e+04
5.296380000000000291e+04
5.361500000000000000e+04
5.317659999999999854e+04
5.334140000000000146e+04
5.337659999999999854e+04
5.343740000000000146e+04
5.360540000000000146e+04
5.361659999999999854e+04
5.359740000000000146e+04
5.359419999999999709e+04
5.376700000000000000e+04
5.379259999999999854e+04
5.337500000000000000e+04
5.370780000000000291e+04
5.372219999999999709e+04
5.367419999999999709e+04
5.393019999999999709e+04
5.366140000000000146e+04
5.359580000000000291e+04
5.356380000000000291e+04
5.344059999999999854e+04
5.345819999999999709e+04
5.344859999999999854e+04
5.348380000000000291e+04
5.335259999999999854e+04
5.336219999999999709e+04
5.346780000000000291e+04
5.360700000000000000e+04
5.365819999999999709e+04
5.353819999999999709e+04
5.349180000000000291e+04
5.358300000000000000e+04
5.357659999999999854e+04
5.361819999999999709e+04
5.377980000000000291e+04
5.358300000000000000e+04
5.345659999999999854e+04
5.344700000000000000e+04
5.369980000000000291e+04
5.354459999999999854e+04
5.347580000000000291e+04
5.323740000000000146e+04
5.342459999999999854e+04
5.343740000000000146e+04
5.325659999999999854e+04
5.332380000000000291e+04
5.337819999999999709e+04
5.320700000000000000e+04
5.328540000000000146e+04
5.329659999999999854e+04
5.301819999999999709e+04
5.326459999999999854e+04
5.326300000000000000e+04
5.330300000000000000e+04
5.347259999999999854e+04
5.337340000000000146e+04
5.331900000000000000e+04
5.329980000000000291e+04
5.323580000000000291e+04
5.329500000000000000e+04
5.332859999999999854e+04
5.301659999999999854e+04
5.323740000000000146e+04
5.310140000000000146e+04
5.323740000000000146e+04
5.323100000000000000e+04
5.300540000000000146e+04
5.334140000000000146e+04
5.293500000000000000e+04
5.299259999999999854e+04
5.327100000000000000e+04
5.305819999999999709e+04
5.293819999999999709e+04
5.285819999999999709e+04
5.279259999999999854e+04
5.288219999999999709e+04
5.280700000000000000e+04
5.282619999999999709e+04
5.286140000000000146e+04
5.306780000000000291e+04
5.309500000000000000e+04
5.306940000000000146e+04
5.313500000000000000e+04
5.318619999999999709e+04
5.301980000000000291e+04
5.311740000000000146e+04
5.301819999999999709e+04
5.306459999999999854e+04
5.329980000000000291e+04
5.338459999999999854e+04
5.297980000000000291e+04
5.327419999999999709e+04
5.326300000000000000e+04
5.317819999999999709e+04
5.319419999999999709e+04
5.326459999999999854e+04
5.324540000000000146e+04
5.313019999999999709e+04
5.299100000000000000e+04
5.276700000000000000e+04
5.315259999999999854e+04
5.327580000000000291e+04
5.329180000000000291e+04
5.325180000000000291e+04
5.321819999999999709e+04
5.353980000000000291e+04
5.338140000000000146e+04
5.363259999999999854e+04
5.377500000000000000e+04
5.384700000000000000e+04
5.346300000000000000e+04
5.341500000000000000e+04
5.347259999999999854e+04
5.334940000000000146e+04
5.325819999999999709e+04
5.325819999999999709e+04
4.349659999999999854e+04
4.468700000000000000e+04
4.652380000000000291e+04
4.739580000000000291e+04
4.877019999999999709e+04
5.005180000000000291e+04
5.106940000000000146e+04
5.199740000000000146e+04
5.320700000000000000e+04
5.377980000000000291e+04
5.468380000000000291e+04
5.504219999999999709e+04
5.547580000000000291e+04
5.582940000000000146e+04
5.632540000000000146e+04
5.630300000000000000e+04
5.641340000000000146e+04
5.653340000000000146e+04
5.649980000000000291e+04
5.650619999999999709e+04
5.628219999999999709e+04
5.620380000000000291e+04
5.636700000000000000e+04
5.597180000000000291e+04
5.581980000000000291e+04
5.541980000000000291e+04
5.527419999999999709e+04
5.529980000000000291e+04
5.500700000000000000e+04
5.448700000000000000e+04
5.447740000000000146e+04
5.432859999999999854e+04
5.400059999999999854e+04
5.381340000000000146e+04
5.394459999999999854e+04
5.377340000000000146e+04
5.363580000000000291e+04
5.351740000000000146e+04
5.340219999999999709e+04
5.325340000000000146e+04
5.311259999999999854e+04
5.297980000000000291e+04
5.302780000000000291e+04
5.300059999999999854e+04
5.279740000000000146e+04
5.277500000000000000e+04
5.241819999999999709e+04
5.259100000000000000e+04
5.235580000000000291e+04
5.209659999999999854e+04
5.206940000000000146e+04
5.223900000000000000e+04
5.218780000000000291e+04
5.185180000000000291e+04
5.177019999999999709e+04
5.169340000000000146e+04
5.153500000000000000e+04
5.142780000000000291e+04
5.160540000000000146e+04
5.150940000000000146e+04
5.138619999999999709e+04
5.151100000000000000e+04
5.141180000000000291e+04
5.160380000000000291e+04
5.149819999999999709e+04
5.129340000000000146e+04
5.110140000000000146e+04
5.102619999999999709e+04
5.101340000000000146e+04
5.092700000000000000e+04
5.096700000000000000e+04
5.077180000000000291e+04
5.103100000000000000e+04
5.077500000000000000e+04
5.055900000000000000e+04
5.076059999999999854e+04
5.086619999999999709e+04
5.065659999999999854e+04
5.026459999999999854e+04
5.051580000000000291e+04
5.057819999999999709e+04
5.030459999999999854e+04
5.056540000000000146e+04
5.055419999999999709e+04
5.045500000000000000e+04
5.099740000000000146e+04
5.061980000000000291e+04
5.081819999999999709e+04
5.077980000000000291e+04
5.074940000000000146e+04
5.083580000000000291e+04
5.061819999999999709e+04
5.058140000000000146e+04
5.057980000000000291e+04
5.043580000000000291e+04
5.049819999999999709e+04
5.083580000000000291e+04
5.093500000000000000e+04
5.079100000000000000e+04
5.085019999999999709e+04
5.077019999999999709e+04
5.092540000000000146e+04
5.093180000000000291e+04
5.082300000000000000e+04
5.074780000000000291e+04
5.058940000000000146e+04
5.048540000000000146e+04
5.069819999999999709e+04
5.077980000000000291e+04
5.055580000000000291e+04
5.076859999999999854e+04
5.074619999999999709e+04
5.068380000000000291e+04
5.063740000000000146e+04
5.065659999999999854e+04
5.062780000000000291e+04
5.047740000000000146e+04
5.053180000000000291e+04
5.054140000000000146e+04
5.065500000000000000e+04
5.060540000000000146e+04
5.029500000000000000e+04
5.031419999999999709e+04
5.040059999999999854e+04
5.021019999999999709e+04
5.045019999999999709e+04
5.015900000000000000e+04
5.026140000000000146e+04
5.032380000000000291e+04
5.003259999999999854e+04
4.996059999999999854e+04
5.026300000000000000e+04
5.052859999999999854e+04
5.043100000000000000e+04
5.055740000000000146e+04
5.025819999999999709e+04
5.054300000000000000e+04
5.061180000000000291e+04
5.029500000000000000e+04
5.035740000000000146e+04
5.049340000000000146e+04
5.031900000000000000e+04
5.050619999999999709e+04
5.064700000000000000e+04
5.053019999999999709e+04
5.071580000000000291e+04
5.076380000000000291e+04
5.074619999999999709e+04
5.052380000000000291e+04
5.063580000000000291e+04
5.041819999999999709e+04
5.054619999999999709e+04
5.035419999999999709e+04
5.056380000000000291e+04
5.035259999999999854e+04
5.045819999999999709e+04
5.031259999999999854e+04
5.072540000000000146e+04
5.054940000000000146e+04
5.066300000000000000e+04
5.062619999999999709e+04
5.059900000000000000e+04
5.050300000000000000e+04
5.048059999999999854e+04
5.052540000000000146e+04
5.035419999999999709e+04
5.053019999999999709e+04
5.047100000000000000e+04
5.041019999999999709e+04
5.070140000000000146e+04
5.055100000000000000e+04
5.041180000000000291e+04
5.040859999999999854e+04
5.030619999999999709e+04
5.047100000000000000e+04
5.024700000000000000e+04
5.026940000000000146e+04
5.006300000000000000e+04
5.006300000000000000e+04
5.017980000000000291e+04
5.037819999999999709e+04
5.031100000000000000e+04
5.070140000000000146e+04
5.069819999999999709e+04
5.081019999999999709e+04
5.088059999999999854e+04
5.100059999999999854e+04
5.105019999999999709e+04
5.112859999999999854e+04
5.113180000000000291e+04
