0.000000000000000000e+00
4.241693125000000146e+04
1.851493750000000000e+04
1.050388750000000073e+04
1.031831250000000000e+04
1.029592499999999927e+04
1.050552499999999964e+04
1.048632500000000073e+04
1.019992499999999927e+04
9.964725000000000364e+03
9.537524999999999636e+03
9.595112499999999272e+03
1.031349374999999964e+04
1.002388750000000073e+04
9.540687500000000000e+03
1.150064999999999964e+04
1.145264374999999927e+04
1.628776250000000073e+04
2.561081250000000000e+04
3.361548124999999709e+04
4.068256250000000000e+04
4.547928125000000000e+04
4.773683750000000146e+04
5.094958125000000291e+04
5.342793750000000000e+04
5.423751875000000291e+04
5.685026875000000291e+04
5.733026249999999709e+04
5.773025000000000000e+04
5.664706250000000000e+04
5.790463749999999709e+04
5.774623750000000291e+04
5.724384375000000000e+04
5.826462500000000000e+04
5.780703125000000000e+04
5.751583125000000291e+04
5.858621250000000146e+04
5.825981250000000000e+04
5.849661250000000291e+04
5.833341249999999854e+04
5.836061250000000291e+04
5.862621250000000146e+04
5.833501249999999709e+04
5.844061250000000291e+04
5.829181250000000000e+04
5.844381250000000000e+04
5.864381250000000000e+04
5.875901249999999709e+04
5.822621875000000000e+04
5.784382499999999709e+04
5.828381874999999854e+04
5.872381250000000000e+04
5.859261250000000291e+04
5.848541249999999854e+04
5.879421250000000146e+04
5.855261250000000291e+04
5.874941249999999854e+04
5.866461250000000291e+04
5.868701249999999709e+04
5.841501875000000291e+04
5.857341249999999854e+04
5.847901249999999709e+04
5.854621250000000146e+04
5.870461250000000291e+04
5.864381250000000000e+04
5.793982499999999709e+04
5.795102500000000146e+04
5.818461875000000146e+04
5.843261250000000291e+04
5.877821250000000146e+04
5.830141874999999709e+04
5.870141249999999854e+04
5.905021250000000146e+04
5.898300624999999854e+04
5.869661250000000291e+04
5.855901249999999709e+04
5.870621250000000146e+04
5.869821250000000146e+04
5.888061250000000291e+04
5.839741874999999709e+04
5.877021250000000146e+04
5.791102500000000146e+04
5.919100624999999854e+04
5.864861250000000291e+04
5.823421875000000000e+04
5.816701875000000291e+04
5.874141249999999854e+04
5.876541249999999854e+04
5.838141874999999709e+04
5.787902500000000146e+04
5.705503749999999854e+04
5.778143125000000146e+04
5.903901249999999709e+04
5.750783750000000146e+04
5.905661250000000291e+04
5.707265000000000146e+04
5.885181250000000000e+04
5.776383125000000291e+04
5.842461875000000146e+04
5.855101875000000291e+04
5.833182499999999709e+04
5.795743125000000146e+04
5.834782499999999709e+04
5.881821875000000000e+04
5.867581874999999854e+04
5.894621250000000146e+04
5.884701875000000291e+04
5.850621875000000000e+04
5.918301249999999709e+04
5.787743125000000146e+04
5.893661250000000291e+04
5.830622499999999854e+04
5.897341249999999854e+04
5.891901249999999709e+04
5.895261250000000291e+04
5.897661250000000291e+04
5.870141874999999709e+04
5.901341249999999854e+04
5.901341249999999854e+04
5.898301249999999709e+04
5.924381250000000000e+04
5.875421875000000000e+04
5.881661875000000146e+04
5.905981250000000000e+04
5.900701249999999709e+04
5.911581250000000000e+04
5.909181250000000000e+04
5.853662500000000000e+04
5.907901249999999709e+04
5.896541249999999854e+04
5.828382499999999709e+04
5.880861875000000146e+04
5.892061250000000291e+04
5.893021250000000146e+04
5.886141249999999854e+04
5.862141874999999709e+04
5.789663124999999854e+04
5.853662500000000000e+04
5.851262500000000000e+04
5.797503749999999854e+04
5.880222499999999854e+04
5.721184999999999854e+04
5.897182499999999709e+04
5.926461875000000146e+04
5.962461250000000291e+04
5.937341874999999709e+04
5.852063124999999854e+04
5.746465000000000146e+04
5.831583750000000146e+04
5.864863124999999854e+04
5.838303749999999854e+04
5.904382499999999709e+04
5.758465000000000146e+04
5.861503125000000000e+04
5.860543125000000146e+04
5.864223124999999709e+04
5.915422499999999854e+04
5.719265625000000000e+04
5.865023124999999709e+04
5.898302500000000146e+04
5.975741249999999854e+04
5.988541249999999854e+04
5.876063124999999854e+04
5.841183750000000146e+04
5.790464375000000291e+04
5.933501875000000291e+04
5.829183750000000146e+04
5.961181874999999854e+04
5.790784375000000000e+04
5.871103125000000000e+04
5.859263124999999854e+04
5.894622499999999854e+04
5.863103125000000000e+04
5.859103125000000000e+04
5.787904374999999709e+04
5.854783125000000291e+04
5.894462500000000000e+04
5.833663749999999709e+04
5.732384999999999854e+04
5.888542500000000291e+04
5.997980625000000146e+04
5.801503749999999854e+04
5.777823750000000291e+04
5.901661875000000146e+04
5.788863749999999709e+04
5.912861875000000146e+04
5.964861250000000291e+04
5.796863749999999709e+04
5.805823750000000291e+04
5.835743125000000146e+04
5.803743750000000000e+04
5.816383750000000146e+04
5.856063124999999854e+04
5.732065625000000000e+04
5.764865000000000146e+04
5.777184375000000000e+04
5.898782499999999709e+04
5.735584999999999854e+04
5.778784375000000000e+04
5.810463749999999709e+04
5.799263749999999709e+04
5.772704374999999709e+04
5.811103749999999854e+04
5.810943750000000000e+04
5.820543750000000000e+04
5.784384375000000000e+04
5.779424375000000146e+04
5.929661875000000146e+04
5.868222499999999854e+04
5.967901249999999709e+04
5.920541874999999709e+04
5.969501249999999709e+04
5.734625000000000000e+04
5.764704374999999709e+04
5.910461875000000146e+04
5.911901875000000291e+04
5.950141249999999854e+04
5.767744374999999854e+04
5.734465000000000146e+04
5.785664375000000291e+04
5.703740000000000146e+04
5.707740000000000146e+04
5.716540000000000146e+04
5.712380000000000291e+04
5.702300000000000000e+04
5.696059999999999854e+04
5.697180000000000291e+04
5.672859999999999854e+04
5.684540000000000146e+04
5.669980000000000291e+04
5.671900000000000000e+04
5.668059999999999854e+04
5.673180000000000291e+04
5.680540000000000146e+04
5.697980000000000291e+04
5.698619999999999709e+04
5.715419999999999709e+04
5.706940000000000146e+04
5.688700000000000000e+04
5.702940000000000146e+04
5.690619999999999709e+04
5.685180000000000291e+04
5.684219999999999709e+04
5.693180000000000291e+04
5.686780000000000291e+04
5.687900000000000000e+04
5.687900000000000000e+04
5.695900000000000000e+04
5.681819999999999709e+04
5.669340000000000146e+04
5.666940000000000146e+04
5.662619999999999709e+04
5.674780000000000291e+04
5.676700000000000000e+04
5.650140000000000146e+04
5.658780000000000291e+04
5.646300000000000000e+04
5.654459999999999854e+04
5.655419999999999709e+04
5.678619999999999709e+04
5.659259999999999854e+04
5.647259999999999854e+04
5.641819999999999709e+04
5.666140000000000146e+04
5.649980000000000291e+04
5.633180000000000291e+04
5.627740000000000146e+04
5.652540000000000146e+04
5.637180000000000291e+04
5.637019999999999709e+04
5.634300000000000000e+04
5.633659999999999854e+04
5.643100000000000000e+04
5.643100000000000000e+04
5.634940000000000146e+04
5.637819999999999709e+04
5.636859999999999854e+04
5.635259999999999854e+04
5.640540000000000146e+04
5.641819999999999709e+04
5.624219999999999709e+04
5.631100000000000000e+04
5.639900000000000000e+04
5.643740000000000146e+04
5.650780000000000291e+04
5.654459999999999854e+04
5.640859999999999854e+04
5.635100000000000000e+04
5.654619999999999709e+04
5.635900000000000000e+04
5.634300000000000000e+04
5.642619999999999709e+04
5.621980000000000291e+04
5.630619999999999709e+04
5.625180000000000291e+04
5.636859999999999854e+04
5.662940000000000146e+04
5.626300000000000000e+04
5.656219999999999709e+04
5.644540000000000146e+04
5.623259999999999854e+04
5.628540000000000146e+04
5.612219999999999709e+04
5.615740000000000146e+04
5.614300000000000000e+04
5.616219999999999709e+04
5.611740000000000146e+04
5.623259999999999854e+04
5.611100000000000000e+04
5.583419999999999709e+04
5.619100000000000000e+04
5.630940000000000146e+04
5.602940000000000146e+04
5.619740000000000146e+04
5.604059999999999854e+04
5.591740000000000146e+04
5.590140000000000146e+04
5.590140000000000146e+04
5.579580000000000291e+04
5.599100000000000000e+04
5.599100000000000000e+04
5.594619999999999709e+04
5.620219999999999709e+04
5.624219999999999709e+04
5.604219999999999709e+04
5.589659999999999854e+04
5.578459999999999854e+04
5.595740000000000146e+04
5.576380000000000291e+04
5.565180000000000291e+04
5.567100000000000000e+04
5.590140000000000146e+04
5.629500000000000000e+04
5.657659999999999854e+04
5.641180000000000291e+04
5.646940000000000146e+04
5.626940000000000146e+04
5.649500000000000000e+04
5.658940000000000146e+04
5.643580000000000291e+04
5.648219999999999709e+04
5.662300000000000000e+04
5.653340000000000146e+04
5.635100000000000000e+04
5.637340000000000146e+04
5.636859999999999854e+04
5.644219999999999709e+04
5.669980000000000291e+04
5.645500000000000000e+04
5.630300000000000000e+04
5.641340000000000146e+04
5.663580000000000291e+04
5.600540000000000146e+04
5.625980000000000291e+04
5.627580000000000291e+04
5.623100000000000000e+04
5.620859999999999854e+04
5.629980000000000291e+04
5.622140000000000146e+04
5.613340000000000146e+04
5.626140000000000146e+04
5.633500000000000000e+04
5.612219999999999709e+04
5.615580000000000291e+04
5.613819999999999709e+04
5.614300000000000000e+04
5.601980000000000291e+04
5.595100000000000000e+04
5.612859999999999854e+04
5.599900000000000000e+04
5.587900000000000000e+04
5.575740000000000146e+04
5.601819999999999709e+04
5.581180000000000291e+04
5.581659999999999854e+04
5.596380000000000291e+04
5.576859999999999854e+04
5.573500000000000000e+04
5.578940000000000146e+04
5.567740000000000146e+04
5.589340000000000146e+04
5.601180000000000291e+04
5.601659999999999854e+04
5.625019999999999709e+04
5.616859999999999854e+04
5.628540000000000146e+04
5.637659999999999854e+04
5.605019999999999709e+04
5.602459999999999854e+04
5.221340000000000146e+04
5.499740000000000146e+04
5.714303749999999854e+04
4.616726249999999709e+04
2.800118125000000146e+04
1.118388125000000036e+04
1.070871875000000000e+04
1.088793124999999964e+04
1.014395624999999927e+04
1.033755624999999964e+04
1.023675625000000036e+04
9.911956249999999272e+03
9.937549999999999272e+03
1.013593750000000000e+04
9.615937500000000000e+03
1.047991250000000036e+04
1.036630624999999964e+04
1.006550000000000000e+04
9.945493749999999636e+03
1.072786874999999964e+04
1.066386249999999927e+04
1.446539374999999927e+04
2.032929375000000073e+04
2.799476874999999927e+04
3.479785624999999709e+04
4.169214375000000291e+04
4.574007499999999709e+04
4.526807499999999709e+04
5.039438749999999709e+04
5.438471875000000000e+04
5.533990000000000146e+04
5.648707499999999709e+04
5.746945625000000291e+04
5.786784375000000000e+04
5.774144374999999854e+04
5.749664375000000291e+04
5.796223750000000291e+04
5.948540625000000000e+04
5.878301249999999709e+04
5.947740000000000146e+04
5.920220625000000291e+04
5.954140000000000146e+04
5.968219999999999709e+04
5.916380625000000146e+04
5.879421250000000146e+04
5.897500624999999854e+04
5.925660624999999709e+04
5.934300000000000000e+04
5.812541874999999709e+04
5.863900624999999854e+04
5.881980625000000146e+04
5.868380625000000146e+04
5.905980000000000291e+04
5.909340000000000146e+04
5.904380000000000291e+04
5.899100000000000000e+04
5.908859999999999854e+04
5.898780000000000291e+04
5.904219999999999709e+04
5.898140000000000146e+04
5.900540000000000146e+04
5.882140000000000146e+04
5.882140000000000146e+04
5.870940000000000146e+04
5.867900000000000000e+04
5.872059999999999854e+04
5.881180000000000291e+04
5.868540000000000146e+04
5.877019999999999709e+04
5.871740000000000146e+04
5.873819999999999709e+04
5.856540000000000146e+04
5.866780000000000291e+04
5.862619999999999709e+04
5.856059999999999854e+04
5.868059999999999854e+04
5.882619999999999709e+04
5.872540000000000146e+04
5.884859999999999854e+04
5.888700000000000000e+04
5.875580000000000291e+04
5.881019999999999709e+04
5.856219999999999709e+04
5.856859999999999854e+04
5.868700000000000000e+04
5.861019999999999709e+04
5.857180000000000291e+04
5.871580000000000291e+04
5.875259999999999854e+04
5.869340000000000146e+04
5.867419999999999709e+04
5.868059999999999854e+04
5.886940000000000146e+04
5.875100000000000000e+04
5.890459999999999854e+04
5.861819999999999709e+04
5.866140000000000146e+04
5.872859999999999854e+04
5.848540000000000146e+04
5.855740000000000146e+04
5.873340000000000146e+04
5.875740000000000146e+04
5.860700000000000000e+04
5.871740000000000146e+04
5.873659999999999854e+04
5.874300000000000000e+04
5.877980000000000291e+04
5.872700000000000000e+04
5.858140000000000146e+04
5.885819999999999709e+04
5.879100000000000000e+04
5.887259999999999854e+04
5.884859999999999854e+04
5.867259999999999854e+04
5.888219999999999709e+04
5.856700000000000000e+04
5.890780000000000291e+04
5.872859999999999854e+04
5.883259999999999854e+04
5.874140000000000146e+04
5.884540000000000146e+04
5.881659999999999854e+04
5.844540000000000146e+04
5.835900000000000000e+04
5.839419999999999709e+04
5.845819999999999709e+04
5.829180000000000291e+04
5.833980000000000291e+04
5.846459999999999854e+04
5.843100000000000000e+04
5.839419999999999709e+04
5.825980000000000291e+04
5.815740000000000146e+04
5.813819999999999709e+04
5.798300000000000000e+04
5.804219999999999709e+04
5.837980000000000291e+04
5.866940000000000146e+04
5.884859999999999854e+04
5.926459999999999854e+04
5.945180000000000291e+04
5.935900000000000000e+04
5.953659999999999854e+04
5.943259999999999854e+04
5.947100000000000000e+04
5.978780000000000291e+04
5.967900000000000000e+04
5.969659999999999854e+04
5.955580625000000146e+04
5.927901249999999709e+04
5.853502500000000146e+04
5.992380000000000291e+04
5.950140625000000000e+04
5.891581874999999854e+04
5.992380000000000291e+04
5.994459999999999854e+04
6.004219999999999709e+04
5.964860624999999709e+04
5.931261250000000291e+04
5.990459999999999854e+04
5.989180000000000291e+04
5.955420625000000291e+04
6.014940000000000146e+04
5.954141249999999854e+04
5.942621250000000146e+04
5.977180625000000146e+04
5.930621250000000146e+04
5.914781250000000000e+04
5.993340000000000146e+04
5.999419999999999709e+04
5.996859999999999854e+04
5.991740000000000146e+04
6.000380000000000291e+04
5.994459999999999854e+04
5.949340625000000000e+04
6.005180000000000291e+04
5.963259999999999854e+04
5.970140000000000146e+04
5.967740000000000146e+04
5.961180000000000291e+04
5.976540000000000146e+04
5.959900000000000000e+04
5.980380000000000291e+04
5.962300000000000000e+04
5.960700000000000000e+04
5.975419999999999709e+04
5.986940000000000146e+04
5.969180000000000291e+04
5.983100000000000000e+04
5.991419999999999709e+04
5.987419999999999709e+04
5.982780000000000291e+04
5.970940000000000146e+04
5.996219999999999709e+04
5.994619999999999709e+04
5.969500000000000000e+04
5.983100000000000000e+04
5.962619999999999709e+04
5.969340000000000146e+04
5.977659999999999854e+04
5.958459999999999854e+04
5.958300000000000000e+04
5.960059999999999854e+04
5.967740000000000146e+04
5.906941249999999854e+04
5.930459999999999854e+04
5.926140000000000146e+04
5.943740000000000146e+04
5.906619999999999709e+04
5.927259999999999854e+04
5.944059999999999854e+04
5.939900000000000000e+04
5.947580000000000291e+04
5.923419999999999709e+04
5.923900000000000000e+04
5.927419999999999709e+04
5.918459999999999854e+04
5.923580000000000291e+04
5.936059999999999854e+04
5.913019999999999709e+04
5.937500000000000000e+04
5.915740000000000146e+04
5.921340000000000146e+04
5.937019999999999709e+04
5.933500000000000000e+04
5.931259999999999854e+04
5.943100000000000000e+04
5.918619999999999709e+04
5.939419999999999709e+04
5.925500000000000000e+04
5.930140000000000146e+04
5.915900000000000000e+04
5.909819999999999709e+04
5.914459999999999854e+04
5.923419999999999709e+04
5.937980000000000291e+04
5.935419999999999709e+04
5.948540000000000146e+04
5.941819999999999709e+04
5.969019999999999709e+04
5.966140000000000146e+04
5.964859999999999854e+04
5.960219999999999709e+04
5.957819999999999709e+04
5.976380000000000291e+04
5.952059999999999854e+04
5.955100000000000000e+04
5.950459999999999854e+04
5.941819999999999709e+04
5.947580000000000291e+04
5.920219999999999709e+04
5.939419999999999709e+04
5.911580000000000291e+04
5.925659999999999854e+04
5.919580000000000291e+04
5.916540000000000146e+04
5.912380000000000291e+04
5.902300000000000000e+04
5.894780000000000291e+04
5.916540000000000146e+04
5.895900000000000000e+04
5.920059999999999854e+04
5.921659999999999854e+04
5.919100000000000000e+04
5.924700000000000000e+04
5.924700000000000000e+04
5.927100000000000000e+04
5.926619999999999709e+04
5.926459999999999854e+04
5.924380000000000291e+04
5.912700000000000000e+04
5.915900000000000000e+04
5.910780000000000291e+04
5.906940000000000146e+04
5.897500000000000000e+04
5.912219999999999709e+04
5.909340000000000146e+04
5.895259999999999854e+04
5.894140000000000146e+04
5.906300000000000000e+04
5.853180000000000291e+04
5.861980000000000291e+04
5.894140000000000146e+04
5.893500000000000000e+04
5.885019999999999709e+04
5.904859999999999854e+04
5.898459999999999854e+04
5.898940000000000146e+04
5.894940000000000146e+04
5.897819999999999709e+04
5.888700000000000000e+04
5.897659999999999854e+04
5.909980000000000291e+04
5.897340000000000146e+04
5.906780000000000291e+04
5.904700000000000000e+04
5.892219999999999709e+04
5.872219999999999709e+04
5.884059999999999854e+04
5.888219999999999709e+04
5.892540000000000146e+04
5.884059999999999854e+04
5.882940000000000146e+04
5.873500000000000000e+04
5.892059999999999854e+04
5.888859999999999854e+04
5.870780000000000291e+04
5.876219999999999709e+04
5.873340000000000146e+04
5.884380000000000291e+04
5.900700000000000000e+04
5.895740000000000146e+04
5.890300000000000000e+04
5.903900000000000000e+04
5.885659999999999854e+04
5.889980000000000291e+04
5.886619999999999709e+04
5.880700000000000000e+04
5.882459999999999854e+04
5.872219999999999709e+04
5.884219999999999709e+04
5.882300000000000000e+04
5.892700000000000000e+04
5.889019999999999709e+04
5.870140000000000146e+04
5.861819999999999709e+04
5.881500000000000000e+04
5.857340000000000146e+04
5.871100000000000000e+04
5.881019999999999709e+04
5.857500000000000000e+04
5.899419999999999709e+04
5.887900000000000000e+04
5.900859999999999854e+04
5.909500000000000000e+04
5.927100000000000000e+04
5.903580000000000291e+04
5.920219999999999709e+04
5.918459999999999854e+04
5.933500000000000000e+04
5.924859999999999854e+04
5.920859999999999854e+04
5.942459999999999854e+04
5.909659999999999854e+04
5.919259999999999854e+04
5.911900000000000000e+04
5.927740000000000146e+04
5.910780000000000291e+04
5.925500000000000000e+04
5.911740000000000146e+04
5.924380000000000291e+04
5.918780000000000291e+04
5.937659999999999854e+04
5.942619999999999709e+04
5.936540000000000146e+04
5.932700000000000000e+04
5.934619999999999709e+04
5.943740000000000146e+04
5.942619999999999709e+04
5.931419999999999709e+04
5.919580000000000291e+04
5.937819999999999709e+04
5.959900000000000000e+04
5.934140000000000146e+04
5.933819999999999709e+04
5.938619999999999709e+04
5.913019999999999709e+04
5.925980000000000291e+04
5.924859999999999854e+04
5.911740000000000146e+04
5.912540000000000146e+04
5.912540000000000146e+04
5.909500000000000000e+04
5.897180000000000291e+04
5.907580000000000291e+04
5.896059999999999854e+04
5.903100000000000000e+04
5.881340000000000146e+04
5.887259999999999854e+04
5.908219999999999709e+04
5.897659999999999854e+04
5.939900000000000000e+04
5.913180000000000291e+04
5.922619999999999709e+04
5.929180000000000291e+04
5.916540000000000146e+04
5.910940000000000146e+04
5.906140000000000146e+04
5.904540000000000146e+04
5.917819999999999709e+04
5.916380000000000291e+04
5.339100000000000000e+04
5.708700000000000000e+04
5.306631874999999854e+04
4.122335624999999709e+04
1.061906875000000036e+04
1.012630624999999964e+04
1.142391250000000036e+04
1.023835000000000036e+04
1.058235000000000036e+04
1.077435000000000036e+04
1.066554999999999927e+04
1.041914999999999964e+04
1.003195000000000073e+04
1.004314374999999927e+04
9.585537500000000364e+03
1.020631875000000036e+04
1.034390625000000000e+04
1.014229999999999927e+04
9.862293750000000728e+03
9.708687500000000000e+03
1.071986249999999927e+04
1.346381250000000000e+04
1.967810625000000073e+04
2.603159999999999854e+04
3.578824375000000146e+04
4.058976249999999709e+04
4.608566874999999709e+04
4.769203749999999854e+04
5.167276875000000291e+04
5.381193125000000146e+04
5.495750624999999854e+04
5.746146250000000146e+04
5.816704374999999709e+04
5.826463749999999709e+04
5.835583125000000291e+04
5.762623750000000291e+04
5.820542500000000291e+04
5.923740625000000000e+04
5.856221875000000000e+04
5.800062500000000000e+04
5.872701249999999709e+04
5.911420625000000291e+04
5.905820625000000291e+04
5.888380625000000146e+04
5.888540625000000000e+04
5.916219999999999709e+04
5.912700000000000000e+04
5.910459999999999854e+04
5.882459999999999854e+04
5.898940000000000146e+04
5.885500000000000000e+04
5.897019999999999709e+04
5.897019999999999709e+04
5.898140000000000146e+04
5.863580000000000291e+04
5.845820625000000291e+04
5.856220625000000291e+04
5.881340000000000146e+04
5.885180000000000291e+04
5.873180000000000291e+04
5.848380000000000291e+04
5.889019999999999709e+04
5.866940000000000146e+04
5.871580000000000291e+04
5.863740000000000146e+04
5.873180000000000291e+04
5.839900000000000000e+04
5.860380000000000291e+04
5.882300000000000000e+04
5.857980000000000291e+04
5.850459999999999854e+04
5.858459999999999854e+04
5.841659999999999854e+04
5.851100000000000000e+04
5.850300000000000000e+04
5.839100000000000000e+04
5.841340000000000146e+04
5.861019999999999709e+04
5.834459999999999854e+04
5.850619999999999709e+04
5.852059999999999854e+04
5.846300000000000000e+04
5.807580000000000291e+04
5.843100000000000000e+04
5.820059999999999854e+04
5.808380000000000291e+04
5.838140000000000146e+04
5.844059999999999854e+04
5.845340000000000146e+04
5.847740000000000146e+04
5.868219999999999709e+04
5.862780000000000291e+04
5.871259999999999854e+04
5.840859999999999854e+04
5.849340000000000146e+04
5.858300000000000000e+04
5.847900000000000000e+04
5.856700000000000000e+04
5.851580000000000291e+04
5.845180000000000291e+04
5.846300000000000000e+04
5.834780000000000291e+04
5.840380000000000291e+04
5.841340000000000146e+04
5.840219999999999709e+04
5.835419999999999709e+04
5.821180000000000291e+04
5.818619999999999709e+04
5.827900000000000000e+04
5.821180000000000291e+04
5.823900000000000000e+04
5.824540000000000146e+04
5.834140000000000146e+04
5.829019999999999709e+04
5.807740000000000146e+04
5.800540000000000146e+04
5.809819999999999709e+04
5.812059999999999854e+04
5.802780000000000291e+04
5.810140000000000146e+04
5.794619999999999709e+04
5.805980000000000291e+04
5.783100000000000000e+04
5.797019999999999709e+04
5.803740000000000146e+04
5.800700000000000000e+04
5.826140000000000146e+04
5.838940000000000146e+04
5.800059999999999854e+04
5.816700000000000000e+04
5.801500000000000000e+04
5.820700000000000000e+04
5.818619999999999709e+04
5.805180000000000291e+04
5.807100000000000000e+04
5.801819999999999709e+04
5.829659999999999854e+04
5.851740000000000146e+04
5.863900000000000000e+04
5.850619999999999709e+04
5.873340000000000146e+04
5.953180000000000291e+04
5.900380000000000291e+04
5.891900000000000000e+04
5.886940000000000146e+04
5.906940000000000146e+04
5.918780000000000291e+04
5.889819999999999709e+04
5.895740000000000146e+04
5.830941249999999854e+04
5.915259999999999854e+04
5.915740000000000146e+04
5.903580000000000291e+04
5.888059999999999854e+04
5.906940000000000146e+04
5.911740000000000146e+04
5.900219999999999709e+04
5.900540000000000146e+04
5.882459999999999854e+04
5.901180000000000291e+04
5.898780000000000291e+04
5.906940000000000146e+04
5.922459999999999854e+04
5.921340000000000146e+04
5.928059999999999854e+04
5.910619999999999709e+04
5.910300000000000000e+04
5.898140000000000146e+04
5.917340000000000146e+04
5.905659999999999854e+04
5.904700000000000000e+04
5.896059999999999854e+04
5.895740000000000146e+04
5.916380000000000291e+04
5.909019999999999709e+04
5.905819999999999709e+04
5.900700000000000000e+04
5.917980000000000291e+04
5.918619999999999709e+04
5.906459999999999854e+04
5.903419999999999709e+04
5.853980625000000146e+04
5.886619999999999709e+04
5.877819999999999709e+04
5.892219999999999709e+04
5.903900000000000000e+04
5.843261250000000291e+04
5.860061250000000291e+04
5.930780000000000291e+04
5.881340625000000000e+04
5.847741249999999854e+04
5.856221250000000146e+04
5.919740000000000146e+04
5.924540000000000146e+04
5.932700000000000000e+04
5.914780000000000291e+04
5.901340000000000146e+04
5.905340000000000146e+04
5.900219999999999709e+04
5.921980000000000291e+04
5.904859999999999854e+04
5.915740000000000146e+04
5.874780625000000146e+04
5.944380000000000291e+04
5.918780000000000291e+04
5.906140000000000146e+04
5.904219999999999709e+04
5.897500000000000000e+04
5.900540000000000146e+04
5.905659999999999854e+04
5.866300624999999854e+04
5.871100000000000000e+04
5.873500624999999854e+04
5.898140000000000146e+04
5.890940000000000146e+04
5.890780000000000291e+04
5.899100000000000000e+04
5.875900000000000000e+04
5.820061250000000291e+04
5.892380000000000291e+04
5.880059999999999854e+04
5.895580000000000291e+04
5.896859999999999854e+04
5.876380000000000291e+04
5.882619999999999709e+04
5.867900000000000000e+04
5.867100000000000000e+04
5.855900000000000000e+04
5.835260624999999709e+04
5.866140000000000146e+04
5.900380000000000291e+04
5.867259999999999854e+04
5.856859999999999854e+04
5.863419999999999709e+04
5.888859999999999854e+04
5.892700000000000000e+04
5.883580000000000291e+04
5.905980000000000291e+04
5.898459999999999854e+04
5.851900624999999854e+04
5.854780625000000146e+04
5.818781250000000000e+04
5.892859999999999854e+04
5.898780000000000291e+04
5.899580000000000291e+04
5.902459999999999854e+04
5.919740000000000146e+04
5.900859999999999854e+04
5.909980000000000291e+04
5.899580000000000291e+04
5.818461250000000291e+04
5.890619999999999709e+04
5.907419999999999709e+04
5.883740000000000146e+04
5.877659999999999854e+04
5.845660624999999709e+04
5.898780000000000291e+04
5.822781250000000000e+04
5.740222499999999854e+04
5.871740625000000000e+04
5.923580000000000291e+04
5.910619999999999709e+04
5.918300000000000000e+04
5.879580625000000146e+04
5.879900624999999854e+04
5.886780625000000146e+04
5.923580000000000291e+04
5.906300000000000000e+04
5.900059999999999854e+04
5.887419999999999709e+04
5.899259999999999854e+04
5.909019999999999709e+04
5.896540000000000146e+04
5.889019999999999709e+04
5.806301249999999709e+04
5.858459999999999854e+04
5.860860624999999709e+04
5.897980000000000291e+04
5.885659999999999854e+04
5.866940000000000146e+04
5.861659999999999854e+04
5.896700000000000000e+04
5.902780000000000291e+04
5.857500624999999854e+04
5.891740625000000000e+04
5.913659999999999854e+04
5.913980000000000291e+04
5.897659999999999854e+04
5.915419999999999709e+04
5.898619999999999709e+04
5.862300624999999854e+04
5.911580000000000291e+04
5.922300000000000000e+04
5.892380000000000291e+04
5.890619999999999709e+04
5.893659999999999854e+04
5.893019999999999709e+04
5.893340000000000146e+04
5.881819999999999709e+04
5.884059999999999854e+04
5.927740000000000146e+04
5.905180000000000291e+04
5.851420625000000291e+04
5.906940000000000146e+04
5.893659999999999854e+04
5.914780000000000291e+04
5.896540000000000146e+04
5.897019999999999709e+04
5.903740000000000146e+04
5.940540000000000146e+04
5.908700000000000000e+04
5.916219999999999709e+04
5.755422499999999854e+04
5.890780000000000291e+04
5.905659999999999854e+04
5.882140000000000146e+04
5.914300000000000000e+04
5.850620625000000291e+04
5.891419999999999709e+04
5.866619999999999709e+04
5.873819999999999709e+04
5.882140000000000146e+04
5.860059999999999854e+04
5.856059999999999854e+04
5.880059999999999854e+04
5.870619999999999709e+04
5.815419999999999709e+04
5.834300000000000000e+04
5.850140000000000146e+04
5.830780000000000291e+04
5.861659999999999854e+04
5.889019999999999709e+04
5.891259999999999854e+04
5.903580000000000291e+04
5.910940000000000146e+04
5.926300000000000000e+04
5.915580000000000291e+04
5.940700000000000000e+04
5.929980000000000291e+04
5.922619999999999709e+04
5.938300000000000000e+04
5.933659999999999854e+04
5.934940000000000146e+04
5.926780000000000291e+04
5.934300000000000000e+04
5.921180000000000291e+04
5.914780000000000291e+04
5.917180000000000291e+04
5.925340000000000146e+04
5.927100000000000000e+04
5.860061250000000291e+04
5.901980625000000146e+04
5.900380625000000146e+04
5.926780000000000291e+04
5.900060624999999709e+04
5.943419999999999709e+04
5.885020625000000291e+04
5.837341874999999709e+04
5.936700000000000000e+04
5.936380000000000291e+04
5.934940000000000146e+04
5.933180000000000291e+04
5.939580000000000291e+04
5.902460624999999709e+04
5.930140000000000146e+04
5.905019999999999709e+04
5.902459999999999854e+04
5.920540000000000146e+04
5.917980000000000291e+04
5.915259999999999854e+04
5.904059999999999854e+04
5.927100000000000000e+04
5.906300000000000000e+04
5.906300000000000000e+04
5.904059999999999854e+04
5.890780000000000291e+04
5.894140000000000146e+04
5.873980000000000291e+04
5.878780000000000291e+04
5.894300000000000000e+04
5.906780000000000291e+04
5.905819999999999709e+04
5.907580000000000291e+04
5.903740000000000146e+04
5.893659999999999854e+04
5.898940000000000146e+04
5.912380000000000291e+04
5.908859999999999854e+04
5.904859999999999854e+04
5.889819999999999709e+04
5.897819999999999709e+04
5.897819999999999709e+04
5.353180000000000291e+04
5.813819999999999709e+04
5.406151249999999709e+04
3.180271250000000146e+04
9.867093750000000000e+03
1.051351250000000073e+04
1.002874374999999964e+04
1.021275625000000036e+04
1.046715625000000000e+04
1.044315625000000000e+04
1.023995624999999927e+04
1.005595624999999927e+04
9.814350000000000364e+03
9.380750000000000000e+03
9.174343750000000000e+03
9.233531250000000000e+03
9.699112499999999272e+03
9.147112499999999272e+03
1.021588750000000073e+04
9.841481250000000728e+03
1.102065625000000000e+04
1.204783124999999927e+04
1.809252500000000146e+04
2.709878125000000000e+04
3.437386250000000291e+04
4.104255000000000291e+04
4.293851875000000291e+04
4.961840625000000000e+04
5.535270625000000291e+04
5.706467500000000291e+04
5.729026875000000291e+04
5.872703749999999854e+04
6.010301249999999709e+04
6.026619999999999709e+04
6.024059999999999854e+04
5.957020625000000291e+04
5.989340000000000146e+04
5.983419999999999709e+04
5.978459999999999854e+04
5.958140000000000146e+04
5.921659999999999854e+04
5.921980000000000291e+04
5.917340000000000146e+04
5.916059999999999854e+04
5.908059999999999854e+04
5.876540000000000146e+04
5.894619999999999709e+04
5.912219999999999709e+04
5.891580000000000291e+04
5.873980000000000291e+04
5.876380000000000291e+04
5.861340000000000146e+04
5.851580000000000291e+04
5.855580000000000291e+04
5.851900000000000000e+04
5.860059999999999854e+04
5.832700000000000000e+04
5.844859999999999854e+04
5.814140000000000146e+04
5.822459999999999854e+04
5.832540000000000146e+04
5.830940000000000146e+04
5.817500000000000000e+04
5.827259999999999854e+04
5.809980000000000291e+04
5.813980000000000291e+04
5.822300000000000000e+04
5.824540000000000146e+04
5.815900000000000000e+04
5.797980000000000291e+04
5.825180000000000291e+04
5.797500000000000000e+04
5.821340000000000146e+04
5.821180000000000291e+04
5.814300000000000000e+04
5.824219999999999709e+04
5.818459999999999854e+04
5.805019999999999709e+04
5.802780000000000291e+04
5.801340000000000146e+04
5.783100000000000000e+04
5.782459999999999854e+04
5.771100000000000000e+04
5.765019999999999709e+04
5.773980000000000291e+04
5.786140000000000146e+04
5.787580000000000291e+04
5.800540000000000146e+04
5.815419999999999709e+04
5.820700000000000000e+04
5.817500000000000000e+04
5.811259999999999854e+04
5.817340000000000146e+04
5.831900000000000000e+04
5.809659999999999854e+04
5.798300000000000000e+04
5.828859999999999854e+04
5.814940000000000146e+04
5.825819999999999709e+04
5.818619999999999709e+04
5.847580000000000291e+04
5.819419999999999709e+04
5.803580000000000291e+04
5.794459999999999854e+04
5.806780000000000291e+04
5.803580000000000291e+04
5.796700000000000000e+04
5.798780000000000291e+04
5.780219999999999709e+04
5.795740000000000146e+04
5.797500000000000000e+04
5.800859999999999854e+04
5.814780000000000291e+04
5.787580000000000291e+04
5.789659999999999854e+04
5.810619999999999709e+04
5.793659999999999854e+04
5.797340000000000146e+04
5.799580000000000291e+04
5.794300000000000000e+04
5.783900000000000000e+04
5.785819999999999709e+04
5.780700000000000000e+04
5.781659999999999854e+04
5.795259999999999854e+04
5.777019999999999709e+04
5.776380000000000291e+04
5.796059999999999854e+04
5.804219999999999709e+04
5.775900000000000000e+04
5.792380000000000291e+04
5.782459999999999854e+04
5.755100000000000000e+04
5.799900000000000000e+04
5.819740000000000146e+04
5.848540000000000146e+04
5.870940000000000146e+04
5.902459999999999854e+04
5.889500000000000000e+04
5.892859999999999854e+04
5.894459999999999854e+04
5.921180000000000291e+04
5.925659999999999854e+04
5.901019999999999709e+04
5.898780000000000291e+04
5.915419999999999709e+04
5.919740000000000146e+04
5.939419999999999709e+04
5.926459999999999854e+04
5.922940000000000146e+04
5.902459999999999854e+04
5.908859999999999854e+04
5.964859999999999854e+04
5.930940000000000146e+04
5.945980000000000291e+04
5.937819999999999709e+04
5.907900000000000000e+04
5.939259999999999854e+04
5.905180000000000291e+04
5.908059999999999854e+04
5.910140000000000146e+04
5.917980000000000291e+04
5.949180000000000291e+04
5.964059999999999854e+04
5.940700000000000000e+04
5.944219999999999709e+04
5.935580000000000291e+04
5.930459999999999854e+04
5.929980000000000291e+04
5.920219999999999709e+04
5.929980000000000291e+04
5.923419999999999709e+04
5.902780000000000291e+04
5.922780000000000291e+04
5.926940000000000146e+04
5.919900000000000000e+04
5.892219999999999709e+04
5.922140000000000146e+04
5.907100000000000000e+04
5.908859999999999854e+04
5.905500000000000000e+04
5.907740000000000146e+04
5.906459999999999854e+04
5.923100000000000000e+04
5.916859999999999854e+04
5.916380000000000291e+04
5.913980000000000291e+04
5.933340000000000146e+04
5.916700000000000000e+04
5.926140000000000146e+04
5.917659999999999854e+04
5.909340000000000146e+04
5.923900000000000000e+04
5.908700000000000000e+04
5.923580000000000291e+04
5.924380000000000291e+04
5.922300000000000000e+04
5.916219999999999709e+04
5.934300000000000000e+04
5.906300000000000000e+04
5.905980000000000291e+04
5.905180000000000291e+04
5.939100000000000000e+04
5.899100000000000000e+04
5.887419999999999709e+04
5.898300000000000000e+04
5.887580000000000291e+04
5.898140000000000146e+04
5.918140000000000146e+04
5.895580000000000291e+04
5.894300000000000000e+04
5.904059999999999854e+04
5.906459999999999854e+04
5.904059999999999854e+04
5.888540000000000146e+04
5.917659999999999854e+04
5.894619999999999709e+04
5.886459999999999854e+04
5.915259999999999854e+04
5.898459999999999854e+04
5.897659999999999854e+04
5.879259999999999854e+04
5.880540000000000146e+04
5.886140000000000146e+04
5.876059999999999854e+04
5.847259999999999854e+04
5.869500000000000000e+04
5.870300000000000000e+04
5.875259999999999854e+04
5.881819999999999709e+04
5.889019999999999709e+04
5.880540000000000146e+04
5.900219999999999709e+04
5.923419999999999709e+04
5.911900000000000000e+04
5.916380000000000291e+04
5.917340000000000146e+04
5.924700000000000000e+04
5.935259999999999854e+04
5.922140000000000146e+04
5.945980000000000291e+04
5.923740000000000146e+04
5.904219999999999709e+04
5.902140000000000146e+04
5.893019999999999709e+04
5.920380000000000291e+04
5.920380000000000291e+04
5.941340000000000146e+04
5.936219999999999709e+04
5.926619999999999709e+04
5.936700000000000000e+04
5.922619999999999709e+04
5.895740000000000146e+04
5.906459999999999854e+04
5.878459999999999854e+04
5.893180000000000291e+04
5.916380000000000291e+04
5.902780000000000291e+04
5.919900000000000000e+04
5.899740000000000146e+04
5.913659999999999854e+04
5.913659999999999854e+04
5.917340000000000146e+04
5.905500000000000000e+04
5.887100000000000000e+04
5.917019999999999709e+04
5.892700000000000000e+04
5.878459999999999854e+04
5.878300000000000000e+04
5.898780000000000291e+04
5.903740000000000146e+04
5.890619999999999709e+04
5.881819999999999709e+04
5.888219999999999709e+04
5.867740000000000146e+04
5.871740000000000146e+04
5.882619999999999709e+04
5.877180000000000291e+04
5.872380000000000291e+04
5.876700000000000000e+04
5.876059999999999854e+04
5.887580000000000291e+04
5.896380000000000291e+04
5.883100624999999854e+04
5.896540000000000146e+04
5.894140000000000146e+04
5.878619999999999709e+04
5.881019999999999709e+04
5.868859999999999854e+04
5.880380000000000291e+04
5.875900000000000000e+04
5.865340000000000146e+04
5.879419999999999709e+04
5.888540000000000146e+04
5.889500000000000000e+04
5.874940000000000146e+04
5.880059999999999854e+04
5.859259999999999854e+04
5.884219999999999709e+04
5.866780000000000291e+04
5.870300000000000000e+04
5.872540000000000146e+04
5.856859999999999854e+04
5.853500000000000000e+04
5.852700000000000000e+04
5.865819999999999709e+04
5.862940000000000146e+04
5.857980000000000291e+04
5.869340000000000146e+04
5.861980000000000291e+04
5.862300000000000000e+04
5.856059999999999854e+04
5.868219999999999709e+04
5.860700000000000000e+04
5.861819999999999709e+04
5.839580000000000291e+04
5.858140000000000146e+04
5.860380000000000291e+04
5.857180000000000291e+04
5.860540000000000146e+04
5.848380000000000291e+04
5.866459999999999854e+04
5.868540000000000146e+04
5.861340000000000146e+04
5.846780000000000291e+04
5.850619999999999709e+04
5.841180000000000291e+04
5.827740000000000146e+04
5.845659999999999854e+04
5.875900000000000000e+04
5.885819999999999709e+04
5.894619999999999709e+04
5.905180000000000291e+04
5.917019999999999709e+04
5.922459999999999854e+04
5.932700000000000000e+04
5.926780000000000291e+04
5.935580000000000291e+04
5.928540000000000146e+04
5.938619999999999709e+04
5.912700000000000000e+04
5.945500000000000000e+04
5.933180000000000291e+04
5.933340000000000146e+04
5.943259999999999854e+04
5.931419999999999709e+04
5.922619999999999709e+04
5.899419999999999709e+04
5.905019999999999709e+04
5.889340000000000146e+04
5.913340000000000146e+04
5.904219999999999709e+04
5.887900000000000000e+04
5.911419999999999709e+04
5.908700000000000000e+04
5.909019999999999709e+04
5.889980000000000291e+04
5.898940000000000146e+04
5.905819999999999709e+04
5.922780000000000291e+04
5.937180000000000291e+04
5.915100000000000000e+04
5.908219999999999709e+04
5.893340000000000146e+04
5.908540000000000146e+04
5.911100000000000000e+04
5.915900000000000000e+04
5.895900000000000000e+04
5.910619999999999709e+04
5.890300000000000000e+04
5.917659999999999854e+04
5.929180000000000291e+04
5.908059999999999854e+04
5.892700000000000000e+04
5.910300000000000000e+04
5.892219999999999709e+04
5.885819999999999709e+04
5.902940000000000146e+04
5.910140000000000146e+04
5.902300000000000000e+04
5.921819999999999709e+04
5.923580000000000291e+04
5.932859999999999854e+04
5.926140000000000146e+04
5.915580000000000291e+04
5.911900000000000000e+04
5.907900000000000000e+04
5.924540000000000146e+04
5.901340000000000146e+04
5.910619999999999709e+04
5.908540000000000146e+04
5.910619999999999709e+04
5.269980000000000291e+04
5.630780000000000291e+04
5.901341874999999709e+04
4.182333750000000146e+04
1.055346875000000000e+04
9.927912500000000364e+03
9.836737499999999272e+03
1.007195000000000073e+04
1.064635000000000036e+04
1.075835000000000036e+04
1.047195000000000073e+04
1.034554999999999927e+04
9.900750000000000000e+03
9.587149999999999636e+03
9.988731250000000728e+03
9.820725000000000364e+03
9.497518749999999272e+03
9.585506250000000364e+03
9.795093750000000000e+03
9.942281250000000000e+03
9.415881250000000364e+03
1.251022500000000036e+04
1.589416250000000036e+04
1.676454375000000073e+04
3.234829375000000073e+04
4.078015625000000000e+04
4.583287500000000000e+04
5.101518750000000000e+04
5.465352500000000146e+04
5.666148750000000291e+04
6.018782499999999709e+04
5.977342500000000291e+04
5.937822499999999854e+04
6.048700624999999854e+04
5.975261250000000291e+04
6.039100000000000000e+04
6.035580000000000291e+04
5.989180000000000291e+04
5.980540000000000146e+04
5.959900000000000000e+04
5.956059999999999854e+04
5.939419999999999709e+04
5.908540000000000146e+04
5.919100000000000000e+04
5.892219999999999709e+04
5.890619999999999709e+04
5.907419999999999709e+04
5.901819999999999709e+04
5.891100000000000000e+04
5.900059999999999854e+04
5.876059999999999854e+04
5.881819999999999709e+04
5.877659999999999854e+04
5.878300000000000000e+04
5.873019999999999709e+04
5.871419999999999709e+04
5.868540000000000146e+04
5.864219999999999709e+04
5.877340000000000146e+04
5.873500000000000000e+04
5.873340000000000146e+04
5.876380000000000291e+04
5.868700000000000000e+04
5.890300000000000000e+04
5.857659999999999854e+04
5.857500000000000000e+04
5.854619999999999709e+04
5.876059999999999854e+04
5.851580000000000291e+04
5.861019999999999709e+04
5.831259999999999854e+04
5.849180000000000291e+04
5.870459999999999854e+04
5.842459999999999854e+04
5.850940000000000146e+04
5.845180000000000291e+04
5.841019999999999709e+04
5.872219999999999709e+04
5.833819999999999709e+04
5.832380000000000291e+04
5.838140000000000146e+04
5.853019999999999709e+04
5.833180000000000291e+04
5.845500000000000000e+04
5.857500000000000000e+04
5.866300000000000000e+04
5.878619999999999709e+04
5.865019999999999709e+04
5.851900000000000000e+04
5.883419999999999709e+04
5.868540000000000146e+04
5.880219999999999709e+04
5.875580000000000291e+04
5.884059999999999854e+04
5.881019999999999709e+04
5.874619999999999709e+04
5.876059999999999854e+04
5.874940000000000146e+04
5.864540000000000146e+04
5.874459999999999854e+04
5.864380000000000291e+04
5.875900000000000000e+04
5.862780000000000291e+04
5.855900000000000000e+04
5.847900000000000000e+04
5.853180000000000291e+04
5.853500000000000000e+04
5.826140000000000146e+04
5.842619999999999709e+04
5.831259999999999854e+04
5.864059999999999854e+04
5.844059999999999854e+04
5.878780000000000291e+04
5.862619999999999709e+04
5.868700000000000000e+04
5.864219999999999709e+04
5.851259999999999854e+04
5.848540000000000146e+04
5.817019999999999709e+04
5.832219999999999709e+04
5.817980000000000291e+04
5.825980000000000291e+04
5.821340000000000146e+04
5.846140000000000146e+04
5.840700000000000000e+04
5.818940000000000146e+04
5.827740000000000146e+04
5.804700000000000000e+04
5.808219999999999709e+04
5.805180000000000291e+04
5.804700000000000000e+04
5.789180000000000291e+04
5.800540000000000146e+04
5.829819999999999709e+04
5.829500000000000000e+04
5.853500000000000000e+04
5.858140000000000146e+04
5.863419999999999709e+04
5.891740000000000146e+04
5.885500000000000000e+04
5.894619999999999709e+04
5.901019999999999709e+04
5.882140000000000146e+04
5.908700000000000000e+04
5.900700000000000000e+04
5.910619999999999709e+04
5.910140000000000146e+04
5.901819999999999709e+04
5.927900000000000000e+04
5.922459999999999854e+04
5.933340000000000146e+04
5.915900000000000000e+04
5.919900000000000000e+04
5.932380000000000291e+04
5.920219999999999709e+04
5.901659999999999854e+04
5.911580000000000291e+04
5.899580000000000291e+04
5.922619999999999709e+04
5.906140000000000146e+04
5.933500000000000000e+04
5.913500000000000000e+04
5.924700000000000000e+04
5.920859999999999854e+04
5.915740000000000146e+04
5.905340000000000146e+04
5.916059999999999854e+04
5.890940000000000146e+04
5.880380000000000291e+04
5.887259999999999854e+04
5.892859999999999854e+04
5.893019999999999709e+04
5.887740000000000146e+04
5.897340000000000146e+04
5.884540000000000146e+04
5.876700000000000000e+04
5.880380000000000291e+04
5.878940000000000146e+04
5.878780000000000291e+04
5.858300000000000000e+04
5.851259999999999854e+04
5.860700000000000000e+04
5.873180000000000291e+04
5.886459999999999854e+04
5.874619999999999709e+04
5.868219999999999709e+04
5.876219999999999709e+04
5.882780000000000291e+04
5.871100000000000000e+04
5.878780000000000291e+04
5.866300000000000000e+04
5.882140000000000146e+04
5.868380000000000291e+04
5.863100000000000000e+04
5.855419999999999709e+04
5.855100000000000000e+04
5.884700000000000000e+04
5.869819999999999709e+04
5.863900000000000000e+04
5.874940000000000146e+04
5.844540000000000146e+04
5.844380000000000291e+04
5.870140000000000146e+04
5.878300000000000000e+04
5.865340000000000146e+04
5.873819999999999709e+04
5.865659999999999854e+04
5.863580000000000291e+04
5.877659999999999854e+04
5.882940000000000146e+04
5.847740000000000146e+04
5.859580000000000291e+04
5.857500000000000000e+04
5.856859999999999854e+04
5.861500000000000000e+04
5.857340000000000146e+04
5.845019999999999709e+04
5.845659999999999854e+04
5.836380000000000291e+04
5.843100000000000000e+04
5.826459999999999854e+04
5.822780000000000291e+04
5.834140000000000146e+04
5.819900000000000000e+04
5.802780000000000291e+04
5.825980000000000291e+04
5.822300000000000000e+04
5.805500000000000000e+04
5.802940000000000146e+04
5.821819999999999709e+04
5.823259999999999854e+04
5.829980000000000291e+04
5.849340000000000146e+04
5.843100000000000000e+04
5.853340000000000146e+04
5.840059999999999854e+04
5.885659999999999854e+04
5.875900000000000000e+04
5.928219999999999709e+04
5.895100000000000000e+04
5.872700000000000000e+04
5.889340000000000146e+04
5.876219999999999709e+04
5.871580000000000291e+04
5.883740000000000146e+04
5.878940000000000146e+04
5.894300000000000000e+04
5.866780000000000291e+04
5.867259999999999854e+04
5.875259999999999854e+04
5.876700000000000000e+04
5.892219999999999709e+04
5.869500000000000000e+04
5.860700000000000000e+04
5.858300000000000000e+04
5.861659999999999854e+04
5.877659999999999854e+04
5.871580000000000291e+04
5.878140000000000146e+04
5.891419999999999709e+04
5.872700000000000000e+04
5.876859999999999854e+04
5.868219999999999709e+04
5.858780000000000291e+04
5.854940000000000146e+04
5.849340000000000146e+04
5.860859999999999854e+04
5.873180000000000291e+04
5.855740000000000146e+04
5.862780000000000291e+04
5.861180000000000291e+04
5.840700000000000000e+04
5.857500000000000000e+04
5.844859999999999854e+04
5.836380000000000291e+04
5.843259999999999854e+04
5.830619999999999709e+04
5.830459999999999854e+04
5.848059999999999854e+04
5.838940000000000146e+04
5.843419999999999709e+04
5.850140000000000146e+04
5.876380000000000291e+04
5.832380000000000291e+04
5.844859999999999854e+04
5.848700000000000000e+04
5.860059999999999854e+04
5.865500000000000000e+04
5.831419999999999709e+04
5.850459999999999854e+04
5.846140000000000146e+04
5.820219999999999709e+04
5.836059999999999854e+04
5.820540000000000146e+04
5.821180000000000291e+04
5.817180000000000291e+04
5.820059999999999854e+04
5.820540000000000146e+04
5.797819999999999709e+04
5.808380000000000291e+04
5.822459999999999854e+04
5.799259999999999854e+04
5.785019999999999709e+04
5.773500000000000000e+04
5.794459999999999854e+04
5.781340000000000146e+04
5.789659999999999854e+04
5.790940000000000146e+04
5.795259999999999854e+04
5.790300000000000000e+04
5.782300000000000000e+04
5.801340000000000146e+04
5.789819999999999709e+04
5.771100000000000000e+04
5.776059999999999854e+04
5.759900000000000000e+04
5.787580000000000291e+04
5.758780000000000291e+04
5.770140000000000146e+04
5.764380000000000291e+04
5.748059999999999854e+04
5.760219999999999709e+04
5.758619999999999709e+04
5.759100000000000000e+04
5.744700000000000000e+04
5.752859999999999854e+04
5.760700000000000000e+04
5.774619999999999709e+04
5.773180000000000291e+04
5.779100000000000000e+04
5.809819999999999709e+04
5.795580000000000291e+04
5.779900000000000000e+04
5.781500000000000000e+04
5.812219999999999709e+04
5.806140000000000146e+04
5.808700000000000000e+04
5.796700000000000000e+04
5.804059999999999854e+04
5.815900000000000000e+04
5.798940000000000146e+04
5.808380000000000291e+04
5.799580000000000291e+04
5.777819999999999709e+04
5.803580000000000291e+04
5.809659999999999854e+04
5.791259999999999854e+04
5.798940000000000146e+04
5.804219999999999709e+04
5.803419999999999709e+04
5.794619999999999709e+04
5.800219999999999709e+04
5.789180000000000291e+04
5.808380000000000291e+04
5.793500000000000000e+04
5.805180000000000291e+04
5.798459999999999854e+04
5.806619999999999709e+04
5.806619999999999709e+04
5.800859999999999854e+04
5.798619999999999709e+04
5.792059999999999854e+04
5.781019999999999709e+04
5.780859999999999854e+04
5.793659999999999854e+04
5.799259999999999854e+04
5.779580000000000291e+04
5.795419999999999709e+04
5.802140000000000146e+04
5.797819999999999709e+04
5.794459999999999854e+04
5.784700000000000000e+04
5.784540000000000146e+04
5.778140000000000146e+04
5.783259999999999854e+04
5.790619999999999709e+04
5.801980000000000291e+04
5.790140000000000146e+04
5.820859999999999854e+04
5.825980000000000291e+04
5.799419999999999709e+04
5.820540000000000146e+04
5.813819999999999709e+04
5.819419999999999709e+04
5.817019999999999709e+04
5.817819999999999709e+04
5.827580000000000291e+04
5.815259999999999854e+04
5.805980000000000291e+04
5.832219999999999709e+04
5.837659999999999854e+04
5.849180000000000291e+04
5.849180000000000291e+04
5.333980000000000291e+04
5.762459999999999854e+04
5.166955625000000146e+04
3.741061875000000146e+04
9.415893749999999272e+03
9.865518749999999272e+03
9.993537500000000364e+03
1.007995000000000073e+04
1.024955624999999964e+04
1.036155624999999964e+04
1.033115625000000000e+04
9.967956249999999272e+03
9.751950000000000728e+03
9.430343750000000000e+03
9.022337499999999636e+03
9.265531250000000000e+03
9.540718750000000000e+03
1.007350000000000000e+04
9.644693750000000364e+03
9.041493749999999636e+03
9.947068750000000364e+03
1.149583749999999964e+04
2.023809375000000000e+04
3.166991249999999854e+04
3.372907499999999709e+04
4.518328749999999854e+04
4.797203749999999854e+04
5.147277500000000146e+04
5.272555000000000291e+04
5.460871250000000146e+04
5.709506874999999854e+04
5.612868125000000146e+04
5.978141874999999709e+04
6.004061250000000291e+04
5.949181874999999854e+04
6.014940625000000000e+04
5.842143125000000146e+04
5.975900624999999854e+04
5.927901249999999709e+04
5.954620625000000291e+04
5.942620625000000291e+04
5.942300000000000000e+04
5.890140625000000000e+04
5.915740000000000146e+04
5.929180000000000291e+04
5.932219999999999709e+04
5.903100000000000000e+04
5.889819999999999709e+04
5.909019999999999709e+04
5.899580000000000291e+04
5.877819999999999709e+04
5.877500000000000000e+04
5.893340000000000146e+04
5.857980000000000291e+04
5.857819999999999709e+04
5.870780000000000291e+04
5.861819999999999709e+04
5.858140000000000146e+04
5.861019999999999709e+04
5.858619999999999709e+04
5.868059999999999854e+04
5.877500000000000000e+04
5.880540000000000146e+04
5.881500000000000000e+04
5.879100000000000000e+04
5.876380000000000291e+04
5.873340000000000146e+04
5.877659999999999854e+04
5.862459999999999854e+04
5.873019999999999709e+04
5.891419999999999709e+04
5.859740000000000146e+04
5.851580000000000291e+04
5.865659999999999854e+04
5.867100000000000000e+04
5.881180000000000291e+04
5.871419999999999709e+04
5.885019999999999709e+04
5.859740000000000146e+04
5.845819999999999709e+04
5.845659999999999854e+04
5.852859999999999854e+04
5.876540000000000146e+04
5.875580000000000291e+04
5.877340000000000146e+04
5.853819999999999709e+04
5.857659999999999854e+04
5.874300000000000000e+04
5.861819999999999709e+04
5.870780000000000291e+04
5.873180000000000291e+04
5.856380000000000291e+04
5.833019999999999709e+04
5.871259999999999854e+04
5.864059999999999854e+04
5.872219999999999709e+04
5.887100000000000000e+04
5.849180000000000291e+04
5.859259999999999854e+04
5.865659999999999854e+04
5.864859999999999854e+04
5.853180000000000291e+04
5.849180000000000291e+04
5.841180000000000291e+04
5.850619999999999709e+04
5.846300000000000000e+04
5.876219999999999709e+04
5.870780000000000291e+04
5.849659999999999854e+04
5.877819999999999709e+04
5.853500000000000000e+04
5.843100000000000000e+04
5.860219999999999709e+04
5.848859999999999854e+04
5.861500000000000000e+04
5.879580000000000291e+04
5.825500000000000000e+04
5.815100000000000000e+04
5.857340000000000146e+04
5.835259999999999854e+04
5.854140000000000146e+04
5.847580000000000291e+04
5.824700000000000000e+04
5.831419999999999709e+04
5.820700000000000000e+04
5.829500000000000000e+04
5.804219999999999709e+04
5.798140000000000146e+04
5.794140000000000146e+04
5.808380000000000291e+04
5.850459999999999854e+04
5.868700000000000000e+04
5.895900000000000000e+04
5.904380000000000291e+04
5.907419999999999709e+04
5.942940000000000146e+04
5.950940000000000146e+04
5.951900000000000000e+04
5.979900000000000000e+04
5.981819999999999709e+04
5.956700000000000000e+04
5.945500000000000000e+04
5.949500000000000000e+04
5.970780000000000291e+04
5.956700000000000000e+04
5.980219999999999709e+04
5.965500000000000000e+04
5.973980000000000291e+04
5.973819999999999709e+04
5.991259999999999854e+04
5.967580000000000291e+04
5.964219999999999709e+04
5.970140000000000146e+04
5.967259999999999854e+04
5.955580000000000291e+04
5.953019999999999709e+04
5.962140000000000146e+04
5.968380000000000291e+04
5.981980000000000291e+04
5.960219999999999709e+04
5.977980000000000291e+04
5.985500000000000000e+04
5.976859999999999854e+04
5.956219999999999709e+04
5.970780000000000291e+04
5.955100000000000000e+04
5.973980000000000291e+04
5.971580000000000291e+04
5.968219999999999709e+04
5.982140000000000146e+04
5.971580000000000291e+04
5.964380000000000291e+04
5.940219999999999709e+04
5.947740000000000146e+04
5.946940000000000146e+04
5.930459999999999854e+04
5.950140000000000146e+04
5.934459999999999854e+04
5.936700000000000000e+04
5.956859999999999854e+04
5.950940000000000146e+04
5.957659999999999854e+04
5.964219999999999709e+04
5.962140000000000146e+04
5.953819999999999709e+04
5.968700000000000000e+04
5.972540000000000146e+04
5.952859999999999854e+04
5.941980000000000291e+04
5.941340000000000146e+04
5.953659999999999854e+04
5.944059999999999854e+04
5.939580000000000291e+04
5.933500000000000000e+04
5.964380000000000291e+04
5.948540000000000146e+04
5.951100000000000000e+04
5.948059999999999854e+04
5.962459999999999854e+04
5.948380000000000291e+04
5.951419999999999709e+04
5.933819999999999709e+04
5.934940000000000146e+04
5.941019999999999709e+04
5.961500000000000000e+04
5.953180000000000291e+04
5.972380000000000291e+04
5.955740000000000146e+04
5.944540000000000146e+04
5.966940000000000146e+04
5.965180000000000291e+04
5.969980000000000291e+04
5.947259999999999854e+04
5.942459999999999854e+04
5.943740000000000146e+04
5.940859999999999854e+04
5.938459999999999854e+04
5.949659999999999854e+04
5.934619999999999709e+04
5.910940000000000146e+04
5.924380000000000291e+04
5.933019999999999709e+04
5.925659999999999854e+04
5.948219999999999709e+04
5.919259999999999854e+04
5.918619999999999709e+04
5.918940000000000146e+04
5.907100000000000000e+04
5.926780000000000291e+04
5.951900000000000000e+04
5.951740000000000146e+04
5.944219999999999709e+04
6.014780000000000291e+04
5.961980000000000291e+04
5.965500000000000000e+04
5.964540000000000146e+04
5.944540000000000146e+04
5.972219999999999709e+04
5.989819999999999709e+04
5.959259999999999854e+04
5.966300000000000000e+04
5.962459999999999854e+04
5.959100000000000000e+04
5.969500000000000000e+04
5.970940000000000146e+04
5.948380000000000291e+04
5.955259999999999854e+04
5.970300000000000000e+04
5.974300000000000000e+04
5.950300000000000000e+04
5.953180000000000291e+04
5.927259999999999854e+04
5.933340000000000146e+04
5.926780000000000291e+04
5.948859999999999854e+04
5.950300000000000000e+04
5.933980000000000291e+04
5.939740000000000146e+04
5.961340000000000146e+04
5.954619999999999709e+04
5.943259999999999854e+04
5.955259999999999854e+04
5.946940000000000146e+04
5.909340000000000146e+04
5.925819999999999709e+04
5.950300000000000000e+04
5.955259999999999854e+04
5.941019999999999709e+04
5.939100000000000000e+04
5.937659999999999854e+04
5.957340000000000146e+04
5.936540000000000146e+04
5.930940000000000146e+04
5.944219999999999709e+04
5.920540000000000146e+04
5.904700000000000000e+04
5.913819999999999709e+04
5.924540000000000146e+04
5.907580000000000291e+04
5.933340000000000146e+04
5.914140000000000146e+04
5.906780000000000291e+04
5.935900000000000000e+04
5.935100000000000000e+04
5.917500000000000000e+04
5.917659999999999854e+04
5.924540000000000146e+04
5.900219999999999709e+04
5.908059999999999854e+04
5.918459999999999854e+04
5.886300000000000000e+04
5.887580000000000291e+04
5.900859999999999854e+04
5.907740000000000146e+04
5.885340000000000146e+04
5.906140000000000146e+04
5.910459999999999854e+04
5.874459999999999854e+04
5.875740000000000146e+04
5.874459999999999854e+04
5.881819999999999709e+04
5.898140000000000146e+04
5.890940000000000146e+04
5.922140000000000146e+04
5.899740000000000146e+04
5.881500000000000000e+04
5.875259999999999854e+04
5.909019999999999709e+04
5.904059999999999854e+04
5.886140000000000146e+04
5.899580000000000291e+04
5.910459999999999854e+04
5.913019999999999709e+04
5.883100000000000000e+04
5.914140000000000146e+04
5.878140000000000146e+04
5.890940000000000146e+04
5.874459999999999854e+04
5.884859999999999854e+04
5.909019999999999709e+04
5.881980000000000291e+04
5.873180000000000291e+04
5.861500000000000000e+04
5.864380000000000291e+04
5.869819999999999709e+04
5.863419999999999709e+04
5.893500000000000000e+04
5.904540000000000146e+04
5.892380000000000291e+04
5.916700000000000000e+04
5.925659999999999854e+04
5.925980000000000291e+04
5.931900000000000000e+04
5.933980000000000291e+04
5.939740000000000146e+04
5.938459999999999854e+04
5.941340000000000146e+04
5.921500000000000000e+04
5.941019999999999709e+04
5.952219999999999709e+04
5.940540000000000146e+04
5.959900000000000000e+04
5.950619999999999709e+04
5.953659999999999854e+04
5.950619999999999709e+04
5.956059999999999854e+04
5.958459999999999854e+04
5.944700000000000000e+04
5.934780000000000291e+04
5.952540000000000146e+04
5.949819999999999709e+04
5.957980000000000291e+04
5.973340000000000146e+04
5.981659999999999854e+04
5.979419999999999709e+04
5.977019999999999709e+04
5.984540000000000146e+04
5.990140000000000146e+04
5.947419999999999709e+04
5.947740000000000146e+04
5.950140000000000146e+04
5.928540000000000146e+04
5.917180000000000291e+04
5.905980000000000291e+04
5.914140000000000146e+04
5.941500000000000000e+04
5.924380000000000291e+04
5.928859999999999854e+04
5.910780000000000291e+04
5.918140000000000146e+04
5.926619999999999709e+04
5.919740000000000146e+04
5.890619999999999709e+04
5.922780000000000291e+04
5.914940000000000146e+04
5.921980000000000291e+04
5.950940000000000146e+04
5.948380000000000291e+04
5.932219999999999709e+04
5.931259999999999854e+04
5.921500000000000000e+04
5.935419999999999709e+04
5.937500000000000000e+04
5.931580000000000291e+04
5.921180000000000291e+04
5.919580000000000291e+04
5.933500000000000000e+04
5.927900000000000000e+04
5.940540000000000146e+04
5.934619999999999709e+04
5.953819999999999709e+04
5.940219999999999709e+04
5.940219999999999709e+04
5.506940000000000146e+04
5.876059999999999854e+04
4.803282499999999709e+04
1.383500625000000036e+04
1.071188750000000073e+04
1.049431875000000036e+04
1.044314374999999927e+04
1.013755624999999964e+04
1.047035625000000073e+04
1.023196249999999964e+04
1.033115625000000000e+04
1.015675000000000000e+04
9.702350000000000364e+03
9.940737499999999272e+03
9.214337499999999636e+03
9.227125000000000000e+03
9.891100000000000364e+03
1.011508749999999964e+04
9.964681249999999636e+03
9.881468750000000000e+03
1.327500625000000036e+04
1.847171875000000000e+04
3.177550624999999854e+04
4.064416249999999854e+04
4.663926249999999709e+04
4.599766874999999709e+04
5.255275624999999854e+04
5.773986875000000146e+04
5.702467500000000291e+04
5.895103749999999854e+04
5.948382499999999709e+04
5.954141874999999709e+04
6.015100624999999854e+04
6.000860624999999709e+04
6.011900000000000000e+04
5.961020625000000291e+04
5.940700624999999854e+04
5.933180625000000146e+04
5.958780000000000291e+04
5.937340000000000146e+04
5.935740000000000146e+04
5.891900624999999854e+04
5.896380625000000146e+04
5.912380000000000291e+04
5.905819999999999709e+04
5.895900000000000000e+04
5.894619999999999709e+04
5.862619999999999709e+04
5.873019999999999709e+04
5.871100000000000000e+04
5.864700000000000000e+04
5.865340000000000146e+04
5.852859999999999854e+04
5.848540000000000146e+04
5.854140000000000146e+04
5.859419999999999709e+04
5.861500000000000000e+04
5.874780000000000291e+04
5.849340000000000146e+04
5.833340000000000146e+04
5.865340000000000146e+04
5.849019999999999709e+04
5.853500000000000000e+04
5.812059999999999854e+04
5.829019999999999709e+04
5.820380000000000291e+04
5.830140000000000146e+04
5.825980000000000291e+04
5.850940000000000146e+04
5.836859999999999854e+04
5.832380000000000291e+04
5.838459999999999854e+04
5.824859999999999854e+04
5.832219999999999709e+04
5.835419999999999709e+04
5.831100000000000000e+04
5.809340000000000146e+04
5.806619999999999709e+04
5.809340000000000146e+04
5.796219999999999709e+04
5.839100000000000000e+04
5.819100000000000000e+04
5.848219999999999709e+04
5.832380000000000291e+04
5.836859999999999854e+04
5.856700000000000000e+04
5.852540000000000146e+04
5.840219999999999709e+04
5.854780000000000291e+04
5.861019999999999709e+04
5.845819999999999709e+04
5.846940000000000146e+04
5.847259999999999854e+04
5.835419999999999709e+04
5.840059999999999854e+04
5.844059999999999854e+04
5.852700000000000000e+04
5.838940000000000146e+04
5.823419999999999709e+04
5.852059999999999854e+04
5.834940000000000146e+04
5.833659999999999854e+04
5.821500000000000000e+04
5.829180000000000291e+04
5.826780000000000291e+04
5.829819999999999709e+04
5.850780000000000291e+04
5.841659999999999854e+04
5.840859999999999854e+04
5.852380000000000291e+04
5.853180000000000291e+04
5.841500000000000000e+04
5.861980000000000291e+04
5.839740000000000146e+04
5.842619999999999709e+04
5.834619999999999709e+04
5.843419999999999709e+04
5.840059999999999854e+04
5.832059999999999854e+04
5.828059999999999854e+04
5.842459999999999854e+04
5.861340000000000146e+04
5.845500000000000000e+04
5.836219999999999709e+04
5.849340000000000146e+04
5.833500000000000000e+04
5.821500000000000000e+04
5.842300000000000000e+04
5.885980000000000291e+04
5.860859999999999854e+04
5.883419999999999709e+04
5.867900000000000000e+04
5.898619999999999709e+04
5.889980000000000291e+04
5.905659999999999854e+04
5.901980000000000291e+04
5.895259999999999854e+04
5.900219999999999709e+04
5.886780000000000291e+04
5.877180000000000291e+04
5.886140000000000146e+04
5.889340000000000146e+04
5.911259999999999854e+04
5.907580000000000291e+04
5.896219999999999709e+04
5.919100000000000000e+04
5.895580000000000291e+04
5.893340000000000146e+04
5.898300000000000000e+04
5.877180000000000291e+04
5.888700000000000000e+04
5.883259999999999854e+04
5.872859999999999854e+04
5.881500000000000000e+04
5.883580000000000291e+04
5.882619999999999709e+04
5.886459999999999854e+04
5.873819999999999709e+04
5.873180000000000291e+04
5.881340000000000146e+04
5.889180000000000291e+04
5.883580000000000291e+04
5.855900000000000000e+04
5.862940000000000146e+04
5.870300000000000000e+04
5.863100000000000000e+04
5.864219999999999709e+04
5.852059999999999854e+04
5.860540000000000146e+04
5.866940000000000146e+04
5.864219999999999709e+04
5.896380000000000291e+04
5.880859999999999854e+04
5.864059999999999854e+04
5.857180000000000291e+04
5.875259999999999854e+04
5.834940000000000146e+04
5.859100000000000000e+04
5.842940000000000146e+04
5.853180000000000291e+04
5.866140000000000146e+04
5.867419999999999709e+04
5.864700000000000000e+04
5.864219999999999709e+04
5.890619999999999709e+04
5.893819999999999709e+04
5.867259999999999854e+04
5.858459999999999854e+04
5.852700000000000000e+04
5.866619999999999709e+04
5.862940000000000146e+04
5.873659999999999854e+04
5.865819999999999709e+04
5.884700000000000000e+04
5.856700000000000000e+04
5.888059999999999854e+04
5.856540000000000146e+04
5.853180000000000291e+04
5.837500000000000000e+04
5.846619999999999709e+04
5.848859999999999854e+04
5.864380000000000291e+04
5.845980000000000291e+04
5.856380000000000291e+04
5.863100000000000000e+04
5.849019999999999709e+04
5.838940000000000146e+04
5.833659999999999854e+04
5.837500000000000000e+04
5.844700000000000000e+04
5.835580000000000291e+04
5.836859999999999854e+04
5.825659999999999854e+04
5.836540000000000146e+04
5.846780000000000291e+04
5.846619999999999709e+04
5.834780000000000291e+04
5.837019999999999709e+04
5.835580000000000291e+04
5.846300000000000000e+04
5.826459999999999854e+04
5.840059999999999854e+04
5.822780000000000291e+04
5.804219999999999709e+04
5.801340000000000146e+04
5.799580000000000291e+04
5.833340000000000146e+04
5.861819999999999709e+04
5.844059999999999854e+04
5.855259999999999854e+04
5.859740000000000146e+04
5.885659999999999854e+04
5.877500000000000000e+04
5.870300000000000000e+04
5.869980000000000291e+04
5.857019999999999709e+04
5.862300000000000000e+04
5.868059999999999854e+04
5.868059999999999854e+04
5.884219999999999709e+04
5.837180000000000291e+04
5.853500000000000000e+04
5.850780000000000291e+04
5.846140000000000146e+04
5.839259999999999854e+04
5.868540000000000146e+04
5.861500000000000000e+04
5.844380000000000291e+04
5.865019999999999709e+04
5.862940000000000146e+04
5.850300000000000000e+04
5.873340000000000146e+04
5.894140000000000146e+04
5.927900624999999854e+04
5.847419999999999709e+04
5.856059999999999854e+04
5.860380000000000291e+04
5.855419999999999709e+04
5.849659999999999854e+04
5.837019999999999709e+04
5.824700000000000000e+04
5.836540000000000146e+04
5.801659999999999854e+04
5.817659999999999854e+04
5.802140000000000146e+04
5.804219999999999709e+04
5.828219999999999709e+04
5.795100000000000000e+04
5.794140000000000146e+04
5.798940000000000146e+04
5.791900000000000000e+04
5.801500000000000000e+04
5.794459999999999854e+04
5.790140000000000146e+04
5.804380000000000291e+04
5.822940000000000146e+04
5.814300000000000000e+04
5.807740000000000146e+04
5.814140000000000146e+04
5.820859999999999854e+04
5.807580000000000291e+04
5.812540000000000146e+04
5.833980000000000291e+04
5.810780000000000291e+04
5.810619999999999709e+04
5.798459999999999854e+04
5.787740000000000146e+04
5.814140000000000146e+04
5.796540000000000146e+04
5.788380000000000291e+04
5.789180000000000291e+04
5.773500000000000000e+04
5.769819999999999709e+04
5.782140000000000146e+04
5.777500000000000000e+04
5.782619999999999709e+04
5.787740000000000146e+04
5.767900000000000000e+04
5.781019999999999709e+04
5.771900000000000000e+04
5.778459999999999854e+04
5.757340000000000146e+04
5.775259999999999854e+04
5.803100000000000000e+04
5.782780000000000291e+04
5.795740000000000146e+04
5.767259999999999854e+04
5.788700000000000000e+04
5.787900000000000000e+04
5.786140000000000146e+04
5.795100000000000000e+04
5.802780000000000291e+04
5.790619999999999709e+04
5.773180000000000291e+04
5.774619999999999709e+04
5.776700000000000000e+04
5.778300000000000000e+04
5.767259999999999854e+04
5.782140000000000146e+04
5.788380000000000291e+04
5.765340000000000146e+04
5.787419999999999709e+04
5.754780000000000291e+04
5.775419999999999709e+04
5.813340000000000146e+04
5.812540000000000146e+04
5.817659999999999854e+04
5.803419999999999709e+04
5.840059999999999854e+04
5.819740000000000146e+04
5.835900000000000000e+04
5.834619999999999709e+04
5.811100000000000000e+04
5.840700000000000000e+04
5.837019999999999709e+04
5.826619999999999709e+04
5.840380000000000291e+04
5.830780000000000291e+04
5.852059999999999854e+04
5.852859999999999854e+04
5.866780000000000291e+04
5.862459999999999854e+04
5.842459999999999854e+04
5.840859999999999854e+04
5.860859999999999854e+04
5.857180000000000291e+04
5.859259999999999854e+04
5.838459999999999854e+04
5.840859999999999854e+04
5.842300000000000000e+04
5.867740000000000146e+04
5.875259999999999854e+04
5.873180000000000291e+04
5.862459999999999854e+04
5.851900000000000000e+04
5.857340000000000146e+04
5.833019999999999709e+04
5.859900000000000000e+04
5.858300000000000000e+04
5.841980000000000291e+04
5.841180000000000291e+04
5.860540000000000146e+04
5.865019999999999709e+04
5.833340000000000146e+04
5.846459999999999854e+04
5.820059999999999854e+04
5.833819999999999709e+04
5.834619999999999709e+04
5.807580000000000291e+04
5.818940000000000146e+04
5.814940000000000146e+04
5.808380000000000291e+04
5.800540000000000146e+04
5.810780000000000291e+04
5.820859999999999854e+04
5.817980000000000291e+04
5.813500000000000000e+04
5.824540000000000146e+04
5.831740000000000146e+04
5.837340000000000146e+04
5.842619999999999709e+04
5.835900000000000000e+04
5.818619999999999709e+04
5.835419999999999709e+04
5.833180000000000291e+04
5.845019999999999709e+04
5.826140000000000146e+04
5.838140000000000146e+04
5.837980000000000291e+04
5.822459999999999854e+04
5.828059999999999854e+04
5.838459999999999854e+04
5.282780000000000291e+04
5.658459999999999854e+04
5.696066249999999854e+04
3.989696875000000000e+04
1.003187500000000000e+04
1.073910625000000073e+04
1.040793124999999964e+04
1.053914999999999964e+04
1.040475625000000036e+04
1.076635625000000073e+04
1.062715625000000000e+04
1.033115625000000000e+04
9.791956249999999272e+03
9.769549999999999272e+03
9.023950000000000728e+03
9.663931249999999636e+03
9.991912500000000364e+03
9.622306249999999636e+03
9.633500000000000000e+03
1.014548125000000073e+04
1.010866875000000073e+04
1.057425625000000036e+04
1.698374375000000146e+04
3.144431250000000000e+04
3.794180625000000146e+04
4.251133125000000291e+04
5.066799375000000146e+04
5.223276249999999709e+04
5.334153749999999854e+04
5.395752500000000146e+04
5.765826249999999709e+04
5.829984999999999854e+04
5.765665625000000000e+04
5.931902500000000146e+04
5.917822499999999854e+04
5.966781250000000000e+04
5.986780625000000146e+04
6.015740000000000146e+04
5.986619999999999709e+04
5.966459999999999854e+04
5.955100000000000000e+04
5.948059999999999854e+04
5.949980000000000291e+04
5.928540000000000146e+04
5.930140000000000146e+04
5.924859999999999854e+04
5.928540000000000146e+04
5.900380000000000291e+04
5.882940000000000146e+04
5.884540000000000146e+04
5.881180000000000291e+04
5.855740000000000146e+04
5.853180000000000291e+04
5.883740000000000146e+04
5.867580000000000291e+04
5.855580000000000291e+04
5.840059999999999854e+04
5.842780000000000291e+04
5.860219999999999709e+04
5.838619999999999709e+04
5.843100000000000000e+04
5.841500000000000000e+04
5.845019999999999709e+04
5.831580000000000291e+04
5.828540000000000146e+04
5.843740000000000146e+04
5.845500000000000000e+04
5.862780000000000291e+04
5.860219999999999709e+04
5.839740000000000146e+04
5.843100000000000000e+04
5.860380000000000291e+04
5.848219999999999709e+04
5.837819999999999709e+04
5.828700000000000000e+04
5.867580000000000291e+04
5.839580000000000291e+04
5.826459999999999854e+04
5.856059999999999854e+04
5.849500000000000000e+04
5.850140000000000146e+04
5.840540000000000146e+04
5.826940000000000146e+04
5.829500000000000000e+04
5.818459999999999854e+04
5.817019999999999709e+04
5.793340000000000146e+04
5.808859999999999854e+04
5.803419999999999709e+04
5.795259999999999854e+04
5.832700000000000000e+04
5.825019999999999709e+04
5.826619999999999709e+04
5.818780000000000291e+04
5.817819999999999709e+04
5.820380000000000291e+04
5.823580000000000291e+04
5.834300000000000000e+04
5.827419999999999709e+04
5.815259999999999854e+04
5.835100000000000000e+04
5.807580000000000291e+04
5.823740000000000146e+04
5.830780000000000291e+04
5.835259999999999854e+04
5.841340000000000146e+04
5.845659999999999854e+04
5.837500000000000000e+04
5.833500000000000000e+04
5.825340000000000146e+04
5.841500000000000000e+04
5.856540000000000146e+04
5.825500000000000000e+04
5.809500000000000000e+04
5.795419999999999709e+04
5.813500000000000000e+04
5.814780000000000291e+04
5.828859999999999854e+04
5.797980000000000291e+04
5.815740000000000146e+04
5.785819999999999709e+04
5.809340000000000146e+04
5.800380000000000291e+04
5.800859999999999854e+04
5.806300000000000000e+04
5.802619999999999709e+04
5.776059999999999854e+04
5.807900000000000000e+04
5.832540000000000146e+04
5.842940000000000146e+04
5.880700000000000000e+04
5.888059999999999854e+04
5.890459999999999854e+04
5.906780000000000291e+04
5.928859999999999854e+04
5.927419999999999709e+04
5.923740000000000146e+04
5.935259999999999854e+04
5.941340000000000146e+04
5.938780000000000291e+04
5.952700000000000000e+04
5.940700000000000000e+04
5.937980000000000291e+04
5.955259999999999854e+04
5.911259999999999854e+04
5.950459999999999854e+04
5.946459999999999854e+04
5.969180000000000291e+04
5.952540000000000146e+04
5.937659999999999854e+04
5.958300000000000000e+04
5.949819999999999709e+04
5.937980000000000291e+04
5.966619999999999709e+04
5.963259999999999854e+04
5.963740000000000146e+04
5.977180000000000291e+04
5.956219999999999709e+04
5.967900000000000000e+04
5.969659999999999854e+04
5.978780000000000291e+04
5.971259999999999854e+04
5.957019999999999709e+04
5.955419999999999709e+04
5.951740000000000146e+04
5.955900000000000000e+04
5.949180000000000291e+04
5.961659999999999854e+04
5.948859999999999854e+04
5.949019999999999709e+04
5.929019999999999709e+04
5.962459999999999854e+04
5.926780000000000291e+04
5.921980000000000291e+04
5.922619999999999709e+04
5.933659999999999854e+04
5.948059999999999854e+04
5.932540000000000146e+04
5.943419999999999709e+04
5.966300000000000000e+04
5.955419999999999709e+04
5.933500000000000000e+04
5.942300000000000000e+04
5.949819999999999709e+04
5.947100000000000000e+04
5.962619999999999709e+04
5.951419999999999709e+04
5.947740000000000146e+04
5.951259999999999854e+04
5.957659999999999854e+04
5.955419999999999709e+04
5.946300000000000000e+04
5.969019999999999709e+04
5.947580000000000291e+04
5.956380000000000291e+04
5.968859999999999854e+04
5.937340000000000146e+04
5.965180000000000291e+04
5.939580000000000291e+04
5.935740000000000146e+04
5.940700000000000000e+04
5.943900000000000000e+04
5.891260624999999709e+04
5.903100624999999854e+04
5.926140000000000146e+04
5.924380000000000291e+04
5.927100000000000000e+04
5.932859999999999854e+04
5.926140000000000146e+04
5.910459999999999854e+04
5.880220625000000291e+04
5.911740000000000146e+04
5.905980000000000291e+04
5.930780000000000291e+04
5.932700000000000000e+04
5.904219999999999709e+04
5.921340000000000146e+04
5.933019999999999709e+04
5.921019999999999709e+04
5.900219999999999709e+04
5.914619999999999709e+04
5.901019999999999709e+04
5.900380000000000291e+04
5.886459999999999854e+04
5.889980000000000291e+04
5.900059999999999854e+04
5.924859999999999854e+04
5.933980000000000291e+04
5.943100000000000000e+04
5.943419999999999709e+04
5.940540000000000146e+04
5.938619999999999709e+04
5.947740000000000146e+04
5.934620625000000291e+04
5.952859999999999854e+04
5.938940000000000146e+04
5.828861875000000146e+04
5.934780000000000291e+04
5.964540000000000146e+04
5.961180000000000291e+04
5.986619999999999709e+04
5.966940000000000146e+04
5.941180000000000291e+04
5.962940000000000146e+04
5.954459999999999854e+04
5.945980000000000291e+04
5.945500000000000000e+04
5.918619999999999709e+04
5.928540000000000146e+04
5.929980000000000291e+04
5.947259999999999854e+04
5.959100000000000000e+04
5.952540000000000146e+04
5.964540000000000146e+04
5.950459999999999854e+04
5.938300000000000000e+04
5.930300000000000000e+04
5.935100000000000000e+04
