2.212633196159122235e+04
2.313090077732053032e+04
2.415373022405121083e+04
2.521717786922725281e+04
2.568430666057003327e+04
2.642472062185642426e+04
2.707898186252095547e+04
2.751380338363054398e+04
2.784038774577046206e+04
2.825909465020575954e+04
2.841060326169791369e+04
2.877437219935985195e+04
2.894082487425697400e+04
2.907477518670934296e+04
2.886789940557841692e+04
2.901663770766651578e+04
2.903119158664837596e+04
2.886821155311690381e+04
2.875728212162779892e+04
2.854744093888126736e+04
2.845418686175887706e+04
2.815967565919829212e+04
2.825780704160951063e+04
2.806045176040237857e+04
2.807668343240359536e+04
2.793762170400853574e+04
2.760335070873342556e+04
2.750069318701417433e+04
2.750662399024538900e+04
2.702533150434384879e+04
2.689817040085352710e+04
2.674350129553421721e+04
2.633521231519585490e+04
2.628284956561499712e+04
2.598744093888126736e+04
2.569132998018594662e+04
2.553763633592440237e+04
2.536361408321902127e+04
2.524019875019052051e+04
2.472745739978661732e+04
2.460474439871970753e+04
2.438717756439567165e+04
2.412739277549154212e+04
2.398684834628867611e+04
2.385387349489407279e+04
2.354328669410150906e+04
2.341554031397652943e+04
2.315817466849565608e+04
2.287829538180155578e+04
2.269369913122999424e+04
2.265081786313062184e+04
2.231791251333638138e+04
2.226882731290961601e+04
2.204138881268099431e+04
2.177532205456485462e+04
2.148795122694711245e+04
2.138189910074683576e+04
2.118696296296296350e+04
2.106510836762688632e+04
2.093982014936747510e+04
2.080614296601127717e+04
2.044089132754153252e+04
2.038509495503734070e+04
2.010556683432403588e+04
2.015067215363511787e+04
1.989716933394299485e+04
1.985362475232434008e+04
1.957542325864959639e+04
1.949906416704770527e+04
1.929351501295534399e+04
1.898417680231672057e+04
1.904360188995580029e+04
1.899896479195244683e+04
1.900708062795305523e+04
1.890629599146471446e+04
1.879794177716811464e+04
1.861471117207742645e+04
1.849078859929888858e+04
1.854962841030330674e+04
1.859067581161408452e+04
1.821629385764365361e+04
1.799989757658893359e+04
1.799373266270385648e+04
1.780734156378600892e+04
1.790484865112025727e+04
1.759137448559670884e+04
1.746007742722145849e+04
1.719494711172077587e+04
1.729924340801707149e+04
1.733400884011583548e+04
1.705034476451760565e+04
1.719432281664380571e+04
1.681092760249961793e+04
1.677198719707361670e+04
1.688705258344764661e+04
1.657182258802011711e+04
1.645344063404968620e+04
1.634028715134887898e+04
1.642004084743179556e+04
1.628160341411370246e+04
1.605619387288523103e+04
1.614347812833409625e+04
1.598416582837982060e+04
1.594245511354976406e+04
1.577865569272976609e+04
1.572918030787989665e+04
1.550377076665142522e+04
1.545410028959000192e+04
1.562761530254534409e+04
1.532768053650358161e+04
1.533802042371589778e+04
1.507433379058070386e+04
1.500105715592135311e+04
1.508646852613930787e+04
1.486211248285322290e+04
1.493905685108977377e+04
1.474119433013260095e+04
1.476097668038408847e+04
1.460420057918000384e+04
1.461844231062338076e+04
1.467248285322359334e+04
1.489402956866331442e+04
1.469663526901387013e+04
1.470580460295686680e+04
1.471154031397652761e+04
1.461949580856576722e+04
1.473971162932479820e+04
1.443013930803231233e+04
1.450540588324950477e+04
1.434277701569882629e+04
1.427137326627038601e+04
1.418420606614845383e+04
1.409606340496875418e+04
1.406953086419753163e+04
1.387853558908702871e+04
1.382952842554488598e+04
1.345132266422801331e+04
1.340859746989788073e+04
1.376436762688614544e+04
1.355838926992836423e+04
1.354036274958085596e+04
1.345249321749733281e+04
1.328834263069653935e+04
1.308611004420057907e+04
1.331296326779454284e+04
1.337496357262612401e+04
1.335096723060509066e+04
1.308552476756591932e+04
1.338698125285779679e+04
1.299683584819387215e+04
1.302336838896509653e+04
1.289472458466697208e+04
1.290900533455265941e+04
1.279916841944825501e+04
1.263037463801249760e+04
1.247699314128943843e+04
1.233289803383630533e+04
1.249369303459838375e+04
1.224272641365645541e+04
1.211611156835848124e+04
1.213324066453284649e+04
1.204720499923792158e+04
1.191348879743941507e+04
1.201169821673525439e+04
1.201470263679317213e+04
1.184723548239597585e+04
1.162666422801402223e+04
1.165694253924706572e+04
1.163813565005334567e+04
1.156353238835543380e+04
1.166119554945892378e+04
1.166501935680536553e+04
1.154109678402682584e+04
1.130335741502819656e+04
1.126757750342935469e+04
1.123300716354214273e+04
1.130507422648986358e+04
1.117959091601890032e+04
1.106749093126047774e+04
1.114104069501600316e+04
1.091204145709495424e+04
1.085803993293705207e+04
1.100221307727480598e+04
1.099881847279378053e+04
1.084403231214753760e+04
1.093127754915409241e+04
1.070657033988721196e+04
1.073926779454351527e+04
1.067547264136564627e+04
1.081305166895290313e+04
1.063969272976680440e+04
1.071468617588782217e+04
1.049782167352537726e+04
1.051893065081542409e+04
1.056481633897271786e+04
1.065514403292181123e+04
1.073181527206218561e+04
1.060972656607224599e+04
1.054714098460600508e+04
1.043749916171315272e+04
1.039028684651729964e+04
1.029016552354823943e+04
1.035790153939948141e+04
1.010927602499619024e+04
1.006467794543514719e+04
1.026870538027739713e+04
1.001641213229690584e+04
9.916251790885535229e+03
9.723188538332571625e+03
9.553380277396738165e+03
9.555838439262308384e+03
9.607850022862368860e+03
9.692402987349489194e+03
9.692402987349489194e+03
4.810722831885383493e+04
1.808492104862063570e+04
2.679946197226032837e+03
2.788635878677031087e+03
4.522147233653406147e+03
5.663007468373723896e+03
6.746666666666666970e+03
8.224256058527664209e+03
8.886867245846669903e+03
9.606016156073768798e+03
1.041802895900015210e+04
1.116698795915256778e+04
1.168905471726870928e+04
1.227647736625514335e+04
1.247625179088553523e+04
1.304607712238987915e+04
1.321288096326779487e+04
1.335830269775948727e+04
1.350025179088553523e+04
1.369702179545800936e+04
1.365956409083981089e+04
1.375227190976985185e+04
1.377841426611797033e+04
1.359935863435451938e+04
1.345510745313214466e+04
1.327886114921505941e+04
1.297935558603871323e+04
1.291704313366864881e+04
1.284790245389422307e+04
1.291739429964944429e+04
1.277088004877305320e+04
1.261617192501143109e+04
1.235447523243408068e+04
1.227152202408169433e+04
1.197033866788599335e+04
1.187384606005182104e+04
1.152404572473708322e+04
1.144007803688462081e+04
1.122859807956104305e+04
1.114182106386221676e+04
1.084418838591678104e+04
1.073957994208200034e+04
1.061394055784179182e+04
1.037760585276634629e+04
1.010919798811156761e+04
9.784135345221764510e+03
9.603128791342782279e+03
9.499027587258040512e+03
9.282943453741807389e+03
9.090036274958085414e+03
9.060928516994361416e+03
8.762710562414265951e+03
8.883823807346441754e+03
8.624000000000000000e+03
8.717878372199360456e+03
8.563287303764669559e+03
8.306116750495351880e+03
8.123081237616216640e+03
8.075556774881877573e+03
7.979610425240054610e+03
7.789629629629629562e+03
7.596878524615150127e+03
7.253165066300868602e+03
7.257222984301173710e+03
7.095530559365950467e+03
7.126823350099070012e+03
6.836721231519585672e+03
6.567493979576283891e+03
6.493007773205304147e+03
6.421838134430727223e+03
6.346103337905807166e+03
6.244343240359701667e+03
6.122215515927449815e+03
6.093224813290657039e+03
5.998566072245084797e+03
5.760709647919524286e+03
5.668821216278006432e+03
5.555862825788752161e+03
5.350352690138698563e+03
5.326980643194635377e+03
5.366194177716811282e+03
5.234272824264593510e+03
4.929109586953208236e+03
4.881116902911141551e+03
4.633349794238682989e+03
4.432365797896662116e+03
4.440676726108825278e+03
4.385699740893156559e+03
4.186393537570492299e+03
4.075776253619875206e+03
3.968124371284864992e+03
4.067660417619265445e+03
3.864140222527053993e+03
3.722191129401006037e+03
3.895862216125590749e+03
3.695541533302849984e+03
3.631785398567291395e+03
3.540053040695016080e+03
3.578876390794086092e+03
3.171211705532693031e+03
3.254281969212010154e+03
3.465449778997104204e+03
3.428343240359701213e+03
3.446408779149519887e+03
3.376097546105776473e+03
3.417340039628105387e+03
3.565063862216125472e+03
3.521792409693644458e+03
3.573843011736015796e+03
3.585509525986892186e+03
3.612003048315805700e+03
3.612783417162017940e+03
3.318506325255296360e+03
3.545827770156988208e+03
3.395528730376467138e+03
3.213039475689681240e+03
3.275703094040542510e+03
3.278044200579180142e+03
3.152209724127419577e+03
3.145927754915409423e+03
3.156618808108520170e+03
3.067227556774882032e+03
2.925551592745008293e+03
2.709545496113397348e+03
2.774235634811766431e+03
2.731629934461210269e+03
2.711184270690443554e+03
2.637712543819539860e+03
2.531192196311537828e+03
2.543091754305746235e+03
2.412693187014174782e+03
2.564513946044810382e+03
2.548748056698674191e+03
2.546211553116902905e+03
2.298640908398110241e+03
2.555769699740892975e+03
2.702319158664837687e+03
2.377770309404054387e+03
2.369846822130772580e+03
2.304177107148300365e+03
3.272677945435147194e+03
2.871186252095717009e+03
2.810432098765431874e+03
2.748509221155311479e+03
2.968219326322207053e+03
3.544394147233653257e+03
5.185095564700503019e+03
4.681449321749732917e+03
4.839667123914037802e+03
3.903008535284255231e+03
4.141444749276024595e+03
4.204772595640908548e+03
4.716177869227251904e+03
4.195682975156226348e+03
4.840331504343849701e+03
4.937878219783569875e+03
5.085715439719554524e+03
4.313163846974546686e+03
6.085429202865417210e+03
6.887595640908398309e+03
6.425312299954275659e+03
7.016977747294619803e+03
7.012217649748514305e+03
7.010655845145556668e+03
8.974654168571863920e+03
7.263683737235177432e+03
9.404397347965248628e+03
7.926169333942996673e+03
1.097037829599146426e+04
9.345247218411826907e+03
1.042736655997561320e+04
1.146516049382716119e+04
1.352725224813290697e+04
1.340715409236396954e+04
1.451576802316720023e+04
1.214231473860691949e+04
1.477543316567596412e+04
1.333520652339582375e+04
1.060200914494741664e+04
1.454920499923792158e+04
1.474429461972260287e+04
1.265212117055326962e+04
1.562847690900777343e+04
1.703936122542295561e+04
1.578989239445206476e+04
1.949147508001828828e+04
2.054737509525986752e+04
1.956006843468983425e+04
2.178361575979271583e+04
2.191557491236092028e+04
2.605723837829599142e+04
3.230980597469897839e+04
3.225170766651425220e+04
3.122803749428440642e+04
3.187604481024233974e+04
3.189937753391251317e+04
3.843658070416095143e+04
3.875313214449016959e+04
3.989651044048163749e+04
3.283397195549459138e+04
3.350086450236244127e+04
2.623242874561804638e+04
2.598454793476604027e+04
2.664519844535893935e+04
2.199458710562414126e+04
2.094664563328760778e+04
2.445388126809937603e+04
2.415597927145252106e+04
2.588911095869532073e+04
2.443082030178326386e+04
2.525518930041152271e+04
2.661031900624904665e+04
2.271559655540313906e+04
2.836104785855814771e+04
2.925502255753696227e+04
3.238924706599603815e+04
2.799267931717725878e+04
3.013101265051059454e+04
2.863054199055022036e+04
3.359458481938728801e+04
3.542397424173144100e+04
3.613530818472793908e+04
3.470682716049382725e+04
3.787858588629782025e+04
3.609043850022862171e+04
3.238889468068891802e+04
3.487374394147233397e+04
4.088151486053955159e+04
4.257184423106233589e+04
4.243532068282274122e+04
4.420239978661789064e+04
4.826349138850784948e+04
4.929906294772138062e+04
4.811264883401920088e+04
5.040650708733424835e+04
4.895988203017832711e+04
5.341544429202865285e+04
5.325796890717878705e+04
5.484513488797439641e+04
5.490959259259259125e+04
5.518154641060814174e+04
5.791587700045725069e+04
5.742764670019814366e+04
5.967558055174515903e+04
6.136352781588172365e+04
6.227525697302240587e+04
6.167980307879896282e+04
6.204914921505867824e+04
6.198711050144794717e+04
6.156002301478433219e+04
6.205480810852003924e+04
6.183244551135497750e+04
6.116465584514555667e+04
6.198356104252400837e+04
6.152006995884773642e+04
6.194317695473250933e+04
6.176283600060966273e+04
6.164722831885383493e+04
6.244038073464410991e+04
6.287690931260478828e+04
6.252922024081694690e+04
6.270476116445663502e+04
6.210872610882487788e+04
6.219721825941167481e+04
6.237872946197225974e+04
6.241380551745160483e+04
6.230334461210181325e+04
6.265575247675659193e+04
6.263749215058680420e+04
6.252449336991312157e+04
6.239246105776558397e+04
6.234727282426459715e+04
6.239885535741502827e+04
6.235226733729614352e+04
6.235398262459990656e+04
6.234005319311080530e+04
6.244602895900015574e+04
6.223162078951379226e+04
6.227540115836000768e+04
6.237680856576741644e+04
6.231168800487730186e+04
6.224902316720012459e+04
6.210008962048467947e+04
6.209123243408017152e+04
6.203032464563328540e+04
6.203914281359549204e+04
6.215912452370065876e+04
6.191822466087486828e+04
6.190511446425849863e+04
6.186765675964029651e+04
6.214347812833409262e+04
6.188939003200731531e+04
6.169293217497332807e+04
6.164888035360463255e+04
6.165836183508611430e+04
6.145051059289742261e+04
6.153724859015394031e+04
6.163405334552659770e+04
6.181786922725194017e+04
6.186656424325559783e+04
6.205510135650053417e+04
6.190113458314281161e+04
6.199606645328456216e+04
6.206719707361682958e+04
6.218198933089467755e+04
6.219580201188843057e+04
6.204394208199969580e+04
6.223497637555250549e+04
6.225124706599603815e+04
6.204694650205760991e+04
6.218507178783722338e+04
6.209127145252248010e+04
6.210110409998476098e+04
6.191307422648986540e+04
6.207632738911751221e+04
6.188154747751867399e+04
6.187830894680688652e+04
6.176394573997866246e+04
6.166327815881725110e+04
6.164173997866178979e+04
6.150771162932479638e+04
6.158719219631153828e+04
6.172734644109130022e+04
6.163405334552659770e+04
6.160490656912056147e+04
6.166819448254839517e+04
6.161310044200579432e+04
6.167486663618350576e+04
6.171688949855205283e+04
6.159749306508154405e+04
6.141157018747142138e+04
6.146982472184118524e+04
6.160123883554336498e+04
6.165192379210486251e+04
6.148777320530406723e+04
6.161766559975613200e+04
6.162593750952598930e+04
6.136974241731443180e+04
6.148539308032311965e+04
6.136521627800640272e+04
6.147251699436061608e+04
6.122151135497637733e+04
6.110012498094802868e+04
6.122783234263069608e+04
6.088232403597012308e+04
6.101081176649900590e+04
6.113512452370065876e+04
6.126852857796067838e+04
6.108709282121627621e+04
6.119880262155159289e+04
6.121838987959152291e+04
6.111499100746837212e+04
6.113371985977746954e+04
6.128932540771224012e+04
6.127609815576893743e+04
6.127488858405730571e+04
6.117461118731900933e+04
6.104296296296296350e+04
6.115299497027892357e+04
6.092598567291571089e+04
6.093043377533912280e+04
6.090792013412589586e+04
6.101330894680688652e+04
6.092684407864655077e+04
6.091814296601127717e+04
6.103328638926993153e+04
6.096246791647614737e+04
6.097284682213077031e+04
6.095583478128333809e+04
6.100078402682518208e+04
6.099731138545953581e+04
6.096785246151501633e+04
6.093886175887822174e+04
6.098404511507392453e+04
6.095458619112939778e+04
6.087143789056545938e+04
6.083573601585124561e+04
6.067626764212772105e+04
6.063920012193263392e+04
6.061551592745008384e+04
6.043130986130163365e+04
6.054832616979118757e+04
6.065219326322207053e+04
6.039631031854900357e+04
6.037906416704770527e+04
6.042280384087791754e+04
6.037207986587410414e+04
6.038850663008687843e+04
6.033122755677488021e+04
6.023239384240207437e+04
6.016067794543514901e+04
6.015236701722298312e+04
5.469801798506325576e+04
5.528867916476146638e+04
5.673037158969668963e+04
5.840258497180308041e+04
5.931101234567900974e+04
6.096512117055326962e+04
6.112558497180308041e+04
5.214232830361225206e+04
3.468096250571559358e+04
5.390751105014479435e+03
2.082597165066300931e+03
2.948923639689071933e+03
3.598814814814814781e+03
4.053067520195092129e+03
4.783843926230757461e+03
5.299199512269470688e+03
5.417698521566834643e+03
5.650560585276634811e+03
5.942418533760097489e+03
6.186869074836153231e+03
6.157176040237768575e+03
6.448175582990397743e+03
6.352112178021642649e+03
6.289019356805364623e+03
6.029975918305136474e+03
6.179806736777930382e+03
6.056430422191739126e+03
6.019011736015851056e+03
6.001531473860692131e+03
5.879598841639994134e+03
5.916861454046639665e+03
5.649468068891937037e+03
5.547239750038103921e+03
5.587857948483462678e+03
5.317226032616978955e+03
5.260649291266575347e+03
4.941244322511812243e+03
4.849550983081847335e+03
4.591678097850937775e+03
4.604554183813443160e+03
4.544777930193567954e+03
4.270283188538332979e+03
3.898593507087334274e+03
3.748099375095259802e+03
3.702330742264898618e+03
3.639628105471726940e+03
3.421046791647614555e+03
3.165515012955342172e+03
2.980255448864502341e+03
2.859688462124676334e+03
2.845914951989026122e+03
2.804009144947416644e+03
2.694523395823807277e+03
2.665259564090839831e+03
2.497948483462886543e+03
2.417023167200121861e+03
2.179792104862063752e+03
2.454438195397043273e+03
2.200940100594421438e+03
2.218846517299192328e+03
2.449129858253314978e+03
2.235697911903673230e+03
4.271997256515775007e+03
3.919274500838286713e+03
6.660273129096174671e+03
5.638710105166895119e+03
7.365638317329675374e+03
9.859383782959914242e+03
7.904473860691967275e+03
1.460246776406035679e+04
1.886270659960371995e+04
2.015294802621551571e+04
2.392249824721841287e+04
2.457319737844840711e+04
3.166531123304374341e+04
3.036987974394147386e+04
3.387051973784484289e+04
3.869725864959610044e+04
3.523005791800030420e+04
3.984906386221612775e+04
3.666329751562261663e+04
3.817687700045725069e+04
4.268597195549459138e+04
4.417641274196006998e+04
4.540098856881573010e+04
5.182886145404663694e+04
5.220506995884773642e+04
4.951365965554031573e+04
5.075789955799420568e+04
5.047462962962962774e+04
5.019042264898643771e+04
5.393227084285931778e+04
5.474977290047248971e+04
5.523726139308031998e+04
5.725577030940405530e+04
5.758948818777625274e+04
5.773077198597774986e+04
6.001608367626886320e+04
6.119539643347050878e+04
5.978158603871361265e+04
6.014987471422039380e+04
5.912425346745923162e+04
5.878405608901082451e+04
5.977237921048620774e+04
5.911660524310318579e+04
6.177601889955799561e+04
6.127943789056545938e+04
6.127861911294009769e+04
6.151471406797744567e+04
6.223428105471727031e+04
6.211816201798506518e+04
6.171374119798811444e+04
6.147136442615454871e+04
6.128782243560432835e+04
6.215027251943301235e+04
6.212916338972717494e+04
6.196154427678707725e+04
6.206517360158512747e+04
6.205222069806431682e+04
6.213084026825179171e+04
6.226798734948940546e+04
6.204917466849565972e+04
6.215600304831580434e+04
6.183356089010821597e+04
6.208838652644414105e+04
6.195720545648529514e+04
6.206243682365492714e+04
6.201799618960524094e+04
6.192049047401310963e+04
6.182474028349336731e+04
6.174143728090230434e+04
6.158755037341868592e+04
6.167334918457551976e+04
6.168485810089925508e+04
6.163425118122237473e+04
6.168665127267185017e+04
6.159960143270842673e+04
6.126346288675507094e+04
6.160923761621704034e+04
6.133689681450998614e+04
6.153561118731900933e+04
6.149237738149672077e+04
6.159515348270080722e+04
6.153166895290352113e+04
6.152827434842249932e+04
6.130236031092821213e+04
6.132697820454199245e+04
6.126002255753696227e+04
6.114573754000914778e+04
6.118982837982015189e+04
6.119119539704313502e+04
6.113332967535436910e+04
6.123458253315043112e+04
6.120699786617893551e+04
6.125081557689376496e+04
6.117617329675354267e+04
6.114995290352080337e+04
6.131796494436823559e+04
6.114043103185490327e+04
6.113840207285474753e+04
6.137130483158054994e+04
6.127481054717268853e+04
6.131663831732967810e+04
6.117262124676116218e+04
6.112263862216125563e+04
6.120055845145557396e+04
6.110917725956409413e+04
6.111436671239140560e+04
6.094397317482090875e+04
6.097706081390032341e+04
6.098630818472793908e+04
6.091904039018442563e+04
6.097561713153482560e+04
6.089625361987501674e+04
6.094799207437890436e+04
6.086312696235330077e+04
6.082453772290809138e+04
6.077022405121170596e+04
6.076874135040389956e+04
6.089695595183660771e+04
6.079039658588630118e+04
6.085286511202560359e+04
6.069835208047553897e+04
6.065051547020271391e+04
6.060029873494894127e+04
6.060361530254534591e+04
6.063572748056698765e+04
6.066904923030026112e+04
6.064891571406797448e+04
6.064520896204846940e+04
6.055129157140680036e+04
6.067252187166590738e+04
6.054165401615607698e+04
6.048070720926688227e+04
6.049807041609510634e+04
6.036860722450845788e+04
6.021698155768937431e+04
6.048769151044048340e+04
6.070307331199512555e+04
6.072234842249657231e+04
6.089137631458618853e+04
6.092337143728090450e+04
6.096863283036122448e+04
6.087557384545038803e+04
6.100328120713305543e+04
6.099711629324797832e+04
6.083202926383173326e+04
6.079464959609815560e+04
6.092485413808870362e+04
6.098681542447797256e+04
6.108377625361987157e+04
6.100769029111415875e+04
6.093535009907026688e+04
6.075192440176802484e+04
6.084978265508306504e+04
6.077560859625057492e+04
6.082364029873495019e+04
6.076679042828836828e+04
6.069585490016765834e+04
6.079683462886755296e+04
6.065211522633744607e+04
6.050181618655692728e+04
6.059990855052583356e+04
6.073194695930498710e+04
6.072149001676573971e+04
6.050864441396128677e+04
6.059389971040999808e+04
6.055320347508001578e+04
6.047555677488187939e+04
6.045335528120713570e+04
6.038702392927907204e+04
6.022068830970888666e+04
6.029813991769547283e+04
6.005622557536960812e+04
5.997362353299801907e+04
6.000745252248132601e+04
6.011471422039323079e+04
6.013617436366407492e+04
6.007179393385154981e+04
6.002227953055936814e+04
5.997260905349794484e+04
5.997116537113244704e+04
5.989952751105014613e+04
5.977435634811766795e+04
5.977572199359853403e+04
5.970798597774729569e+04
5.975870995275110181e+04
5.985052034750800522e+04
6.004483219021490368e+04
5.986417680231671693e+04
5.999656637707666232e+04
5.980229355281207245e+04
5.990916506630086951e+04
5.976686480719402607e+04
5.988555890870294388e+04
5.964352751105014613e+04
5.959748574912361073e+04
5.960150464868160634e+04
5.959600304831580434e+04
5.968851577503429144e+04
5.970654229538180516e+04
5.960060722450845788e+04
5.957419173906416836e+04
5.952920347508001578e+04
5.945128364578570472e+04
5.946096021947873669e+04
5.947325102880658233e+04
5.937668038408779103e+04
5.945928242645938008e+04
5.931292424935223244e+04
5.962425240054869937e+04
5.958382929431489174e+04
5.957758634354519018e+04
5.954165035817711032e+04
5.963564578570339654e+04
5.949186282578875398e+04
5.952284346898338845e+04
5.945253223593964503e+04
5.951874653254076838e+04
5.943134522176497558e+04
5.935202072854747530e+04
5.928089010821520787e+04
5.930972473708276084e+04
5.924573449169333617e+04
5.914900777320530324e+04
5.920117543057460716e+04
5.921721201036427374e+04
5.922802011888431298e+04
5.909488919372046803e+04
5.917093613778387225e+04
5.912360676726108795e+04
5.908575887821978540e+04
5.912622100289590162e+04
5.892020362749580818e+04
5.902024691358024575e+04
5.905992866941015382e+04
5.927316445663770719e+04
5.918389026063100027e+04
5.946509617436366534e+04
5.935732723670171981e+04
5.948222527053803060e+04
5.942756043286084605e+04
5.939076604176192632e+04
5.951675659198292851e+04
5.946197469897881092e+04
5.933961286389269662e+04
5.937051547020271391e+04
5.945436610272824328e+04
5.940801219326322462e+04
5.954102606310013653e+04
5.956342264898643771e+04
5.953813869836914819e+04
5.951554702027129679e+04
5.960891815272062377e+04
5.956439811004420335e+04
5.956084743179393263e+04
5.937788995579942275e+04
5.938405486968449986e+04
5.924023289132754144e+04
5.941249931412894512e+04
5.939494101508916356e+04
5.929052766346593853e+04
5.927351562261850631e+04
5.922759091601889668e+04
5.922521079103794909e+04
5.923648712086572050e+04
5.926696052431032149e+04
5.924706111873190093e+04
5.926547782350251509e+04
5.904084865112025727e+04
5.913620972412741685e+04
5.902879195244627044e+04
5.916360067062947928e+04
5.918927480566986924e+04
5.913644383478128293e+04
5.887794665447340230e+04
5.880790855052583356e+04
5.889605121170553321e+04
5.896573814967230282e+04
5.910327815881725110e+04
5.892211553116903087e+04
5.885141411370217975e+04
5.885828135954884783e+04
5.863915378753238474e+04
5.878941380887060222e+04
5.880088523090992385e+04
5.878882853223593702e+04
5.883135863435451756e+04
5.891673098613016191e+04
5.903327907331199822e+04
5.896928882792257355e+04
5.887728334095411992e+04
5.887794665447340230e+04
5.891333638164914009e+04
5.888547721383935277e+04
5.885028257887517248e+04
5.901895930498399684e+04
5.899031976832800137e+04
5.898852491998171172e+04
5.888180948026215628e+04
5.900869745465629967e+04
5.890779576284102950e+04
5.881438561194940121e+04
5.875839414723365189e+04
5.868808291418990848e+04
5.872405791800030420e+04
5.854488523090992385e+04
5.888450175278158713e+04
5.870322206980643386e+04
5.869869593049839750e+04
5.895500807803688804e+04
5.873525621094345115e+04
5.869834476451760565e+04
5.880798658741045801e+04
5.872710135650053417e+04
5.877868373723518016e+04
5.868238622161255626e+04
5.859545313214448834e+04
5.858928821825941122e+04
5.858546441091297311e+04
5.856888157293095719e+04
5.869674500838286622e+04
5.864282152110958850e+04
5.878184423106233589e+04
5.882597408931565587e+04
5.861863008687699767e+04
5.878461454046639119e+04
5.873841670477061416e+04
5.849771193415638118e+04
5.861808382868464832e+04
5.867770400853528554e+04
5.851936716963877552e+04
5.851936716963877552e+04
5.190261972260326002e+04
