4.721617283950617275e+04
4.711819753086419951e+04
4.734259259259259125e+04
4.736787654320987349e+04
4.738051851851851825e+04
4.767760493827160826e+04
4.765232098765431874e+04
4.762703703703703650e+04
4.766812345679012651e+04
4.748165432098765450e+04
4.742160493827160826e+04
4.725093827160493674e+04
4.704550617283950851e+04
4.736787654320987349e+04
4.723197530864197324e+04
4.700758024691358150e+04
4.714032098765431874e+04
4.732995061728395376e+04
4.724461728395061800e+04
4.720669135802469100e+04
4.736155555555555475e+04
4.758279012345679075e+04
4.759859259259259125e+04
4.763019753086419951e+04
4.749429629629629926e+04
4.722249382716049149e+04
4.750377777777778101e+04
4.761755555555555475e+04
4.740264197530864476e+04
4.751325925925926276e+04
4.736471604938271776e+04
4.757646913580247201e+04
4.747217283950617275e+04
4.715928395061728224e+04
4.727306172839506326e+04
4.723197530864197324e+04
4.735839506172839174e+04
4.737103703703703650e+04
4.757962962962962774e+04
4.734575308641975425e+04
4.736155555555555475e+04
4.731414814814814599e+04
4.722565432098765450e+04
4.742792592592592700e+04
4.760175308641975425e+04
4.755750617283950851e+04
4.761123456790123601e+04
4.753538271604938200e+04
4.763651851851851825e+04
4.739316049382716301e+04
4.740264197530864476e+04
4.772817283950617275e+04
4.754486419753086375e+04
4.751641975308641850e+04
4.744372839506172750e+04
4.754802469135802676e+04
4.749113580246913625e+04
4.745004938271604624e+04
4.739948148148148175e+04
4.736787654320987349e+04
4.748797530864197324e+04
4.742160493827160826e+04
4.754486419753086375e+04
4.767760493827160826e+04
4.745320987654320925e+04
4.722249382716049149e+04
4.748481481481481751e+04
4.753222222222221899e+04
4.756698765432099026e+04
4.767760493827160826e+04
4.764600000000000000e+04
4.764916049382716301e+04
4.774713580246913625e+04
4.747849382716049149e+04
4.763335802469135524e+04
4.765232098765431874e+04
4.758595061728395376e+04
4.754802469135802676e+04
4.762387654320987349e+04
4.779454320987654501e+04
4.757646913580247201e+04
4.735839506172839174e+04
4.724145679012345499e+04
4.742476543209876399e+04
4.726990123456790025e+04
4.720353086419752799e+04
4.721301234567900974e+04
4.705182716049382725e+04
4.728254320987654501e+04
4.721933333333333576e+04
4.743424691358024575e+04
4.724777777777778101e+04
4.739948148148148175e+04
4.742160493827160826e+04
4.744056790123456449e+04
4.765864197530864476e+04
4.797153086419752799e+04
4.748797530864197324e+04
4.750061728395061800e+04
4.743740740740740875e+04
4.747533333333333576e+04
4.740264197530864476e+04
4.750377777777778101e+04
4.742476543209876399e+04
4.759859259259259125e+04
4.765548148148148175e+04
4.767128395061728224e+04
4.762071604938271776e+04
4.725725925925926276e+04
4.740896296296296350e+04
4.751009876543209975e+04
4.759543209876543551e+04
4.772501234567900974e+04
4.777558024691358150e+04
4.766496296296296350e+04
4.758279012345679075e+04
4.763967901234568126e+04
4.772501234567900974e+04
4.765232098765431874e+04
4.765232098765431874e+04
3.948876543209876399e+04
4.048116049382716301e+04
4.134397530864197324e+04
4.287997530864197324e+04
4.386920987654320925e+04
4.479207407407407300e+04
4.597409876543209975e+04
4.697281481481481751e+04
4.763019753086419951e+04
4.876797530864197324e+04
4.955177777777778101e+04
5.017755555555555475e+04
5.092343209876543551e+04
5.153340740740740875e+04
5.170723456790123601e+04
5.204856790123456449e+04
5.254160493827160826e+04
5.306940740740740875e+04
5.297775308641975425e+04
5.324007407407407300e+04
5.334120987654320925e+04
5.335701234567900974e+04
5.374891358024690999e+04
5.369518518518518249e+04
5.382476543209876399e+04
5.369202469135802676e+04
5.360985185185185401e+04
5.358140740740740875e+04
5.335385185185185401e+04
5.343602469135802676e+04
5.287977777777778101e+04
5.330328395061728224e+04
5.320846913580247201e+04
5.293666666666666424e+04
5.292086419753086375e+04
5.276283950617283699e+04
5.257637037037037226e+04
5.254476543209876399e+04
5.235829629629629926e+04
5.237409876543209975e+04
5.240570370370370074e+04
5.222239506172839174e+04
5.197587654320987349e+04
5.187474074074073724e+04
5.213706172839506326e+04
5.190634567901234550e+04
5.169775308641975425e+04
5.165982716049382725e+04
5.150812345679012651e+04
5.118259259259259125e+04
5.101192592592592700e+04
5.090130864197530900e+04
5.078120987654320925e+04
5.067059259259259125e+04
5.066743209876543551e+04
5.059790123456790025e+04
5.038930864197530900e+04
5.033241975308641850e+04
5.030081481481481751e+04
5.013014814814814599e+04
4.976985185185185401e+04
4.964659259259259125e+04
4.992787654320987349e+04
4.966239506172839174e+04
4.952649382716049149e+04
4.966555555555555475e+04
4.983938271604938200e+04
4.965923456790123601e+04
4.959286419753086375e+04
4.949172839506172750e+04
4.956125925925926276e+04
4.957706172839506326e+04
4.939059259259259125e+04
4.969400000000000000e+04
4.962130864197530900e+04
4.951069135802469100e+04
4.942535802469135524e+04
4.931158024691358150e+04
4.933686419753086375e+04
4.924520987654320925e+04
4.946328395061728224e+04
4.930525925925926276e+04
4.897340740740740875e+04
4.897340740740740875e+04
4.894812345679012651e+04
4.893548148148148175e+04
4.883750617283950851e+04
4.862259259259259125e+04
4.841083950617283699e+04
4.857518518518518249e+04
4.871108641975309001e+04
4.855306172839506326e+04
4.862891358024690999e+04
4.862575308641975425e+04
4.865735802469135524e+04
4.860362962962962774e+04
4.844244444444444525e+04
4.813587654320987349e+04
4.831286419753086375e+04
4.813903703703703650e+04
4.781982716049382725e+04
4.811059259259259125e+04
4.798733333333333576e+04
4.806950617283950851e+04
4.810743209876543551e+04
4.796520987654320925e+04
4.821488888888889051e+04
4.794624691358024575e+04
4.789883950617283699e+04
4.782298765432099026e+04
4.760807407407407300e+04
4.734575308641975425e+04
4.734891358024690999e+04
4.729202469135802676e+04
4.749429629629629926e+04
4.750377777777778101e+04
4.742160493827160826e+04
4.739632098765431874e+04
4.743424691358024575e+04
4.729202469135802676e+04
4.757014814814814599e+04
4.748481481481481751e+04
4.738683950617283699e+04
4.726674074074073724e+04
4.703286419753086375e+04
4.764283950617283699e+04
4.756698765432099026e+04
4.750693827160493674e+04
4.740264197530864476e+04
4.755434567901234550e+04
4.752906172839506326e+04
4.739632098765431874e+04
4.733311111111110949e+04
4.731414814814814599e+04
4.724777777777778101e+04
4.732046913580247201e+04
4.711503703703703650e+04
4.711819753086419951e+04
4.717824691358024575e+04
4.706762962962962774e+04
4.707079012345679075e+04
4.726041975308641850e+04
4.745320987654320925e+04
4.736787654320987349e+04
4.745004938271604624e+04
4.761123456790123601e+04
4.737103703703703650e+04
4.738367901234568126e+04
4.738683950617283699e+04
4.726358024691358150e+04
4.706130864197530900e+04
4.712767901234568126e+04
4.707395061728395376e+04
4.713400000000000000e+04
4.711503703703703650e+04
4.684007407407407300e+04
4.710871604938271776e+04
4.711187654320987349e+04
4.700758024691358150e+04
4.686219753086419951e+04
4.672945679012345499e+04
4.667256790123456449e+04
4.671365432098765450e+04
4.705498765432099026e+04
4.723829629629629926e+04
4.713083950617283699e+04
4.711819753086419951e+04
4.740580246913580049e+04
4.740580246913580049e+04
4.744056790123456449e+04
4.747533333333333576e+04
4.757962962962962774e+04
4.738367901234568126e+04
4.734259259259259125e+04
4.757962962962962774e+04
4.751958024691358150e+04
4.773449382716049149e+04
4.741212345679012651e+04
4.717824691358024575e+04
4.741212345679012651e+04
4.713716049382716301e+04
4.719720987654320925e+04
4.705498765432099026e+04
4.733943209876543551e+04
4.724461728395061800e+04
4.709923456790123601e+04
4.700441975308641850e+04
4.701074074074073724e+04
4.715612345679012651e+04
4.736471604938271776e+04
4.702654320987654501e+04
4.735207407407407300e+04
4.720985185185185401e+04
4.734891358024690999e+04
4.729202469135802676e+04
4.733311111111110949e+04
4.738367901234568126e+04
4.709607407407407300e+04
4.676106172839506326e+04
4.704550617283950851e+04
4.704866666666666424e+04
4.701390123456790025e+04
4.677054320987654501e+04
4.674209876543209975e+04
4.659355555555555475e+04
4.663780246913580049e+04
4.660303703703703650e+04
4.654298765432099026e+04
4.654614814814814599e+04
4.671681481481481751e+04
4.659039506172839174e+04
4.653034567901234550e+04
4.680846913580247201e+04
4.691908641975309001e+04
4.705814814814814599e+04
4.723197530864197324e+04
4.729518518518518249e+04
4.730782716049382725e+04
4.732362962962962774e+04
4.743740740740740875e+04
4.761755555555555475e+04
4.759227160493827250e+04
4.744372839506172750e+04
4.729834567901234550e+04
4.726674074074073724e+04
4.716244444444444525e+04
4.709607407407407300e+04
4.707395061728395376e+04
4.718772839506172750e+04
4.707711111111110949e+04
4.722249382716049149e+04
4.718140740740740875e+04
4.695701234567900974e+04
4.698229629629629926e+04
4.670417283950617275e+04
4.690012345679012651e+04
4.672629629629629926e+04
4.692224691358024575e+04
4.683059259259259125e+04
4.697281481481481751e+04
4.677686419753086375e+04
4.680214814814814599e+04
4.664096296296296350e+04
4.671997530864197324e+04
4.673577777777778101e+04
4.671681481481481751e+04
4.669785185185185401e+04
4.657775308641975425e+04
4.624274074074073724e+04
4.624906172839506326e+04
4.664412345679012651e+04
4.641340740740740875e+04
4.661567901234568126e+04
4.680214814814814599e+04
4.656195061728395376e+04
4.686219753086419951e+04
4.658091358024690999e+04
4.654930864197530900e+04
4.660619753086419951e+04
4.655562962962962774e+04
4.668204938271604624e+04
4.661251851851851825e+04
4.666308641975309001e+04
4.692540740740740875e+04
4.713400000000000000e+04
4.720669135802469100e+04
4.765864197530864476e+04
4.756698765432099026e+04
4.748481481481481751e+04
4.755750617283950851e+04
4.758279012345679075e+04
4.761755555555555475e+04
4.773449382716049149e+04
4.777558024691358150e+04
4.765548148148148175e+04
4.804106172839506326e+04
4.798733333333333576e+04
4.799365432098765450e+04
4.792728395061728224e+04
4.797153086419752799e+04
4.775345679012345499e+04
4.747217283950617275e+04
4.763019753086419951e+04
4.742476543209876399e+04
4.729834567901234550e+04
4.779138271604938200e+04
4.768076543209876399e+04
4.762387654320987349e+04
4.757330864197530900e+04
4.774713580246913625e+04
4.755118518518518249e+04
4.738683950617283699e+04
4.733943209876543551e+04
4.730466666666666424e+04
4.741844444444444525e+04
4.759543209876543551e+04
4.728886419753086375e+04
4.737735802469135524e+04
4.747533333333333576e+04
4.741528395061728224e+04
4.730466666666666424e+04
4.714980246913580049e+04
4.732679012345679075e+04
4.732995061728395376e+04
4.692224691358024575e+04
4.710871604938271776e+04
4.693488888888889051e+04
4.697913580246913625e+04
4.684323456790123601e+04
4.692224691358024575e+04
4.703286419753086375e+04
4.711187654320987349e+04
4.713400000000000000e+04
4.732046913580247201e+04
4.715296296296296350e+04
4.738683950617283699e+04
4.704550617283950851e+04
4.704234567901234550e+04
4.688116049382716301e+04
4.678950617283950851e+04
4.672629629629629926e+04
4.672945679012345499e+04
4.676422222222221899e+04
4.704550617283950851e+04
4.695701234567900974e+04
4.687167901234568126e+04
4.691592592592592700e+04
4.703602469135802676e+04
4.692224691358024575e+04
4.689064197530864476e+04
4.697913580246913625e+04
4.711187654320987349e+04
4.698861728395061800e+04
4.697281481481481751e+04
4.693804938271604624e+04
4.684007407407407300e+04
4.681162962962962774e+04
4.687800000000000000e+04
4.684955555555555475e+04
4.691592592592592700e+04
4.693488888888889051e+04
4.716560493827160826e+04
4.716244444444444525e+04
4.713083950617283699e+04
4.697597530864197324e+04
4.688432098765431874e+04
4.679266666666666424e+04
4.712767901234568126e+04
4.692540740740740875e+04
4.696017283950617275e+04
4.692540740740740875e+04
4.668837037037037226e+04
4.689380246913580049e+04
4.685587654320987349e+04
4.685903703703703650e+04
4.672629629629629926e+04
4.673577777777778101e+04
4.638812345679012651e+04
4.659355555555555475e+04
4.665044444444444525e+04
4.674525925925926276e+04
4.691908641975309001e+04
4.683059259259259125e+04
4.710555555555555475e+04
4.706130864197530900e+04
4.727622222222221899e+04
4.729202469135802676e+04
4.731730864197530900e+04
4.723197530864197324e+04
4.726358024691358150e+04
4.768708641975309001e+04
4.732362962962962774e+04
4.750377777777778101e+04
4.737735802469135524e+04
4.716560493827160826e+04
4.734891358024690999e+04
4.718456790123456449e+04
4.689696296296296350e+04
4.728254320987654501e+04
4.720669135802469100e+04
4.719404938271604624e+04
4.679582716049382725e+04
4.687167901234568126e+04
4.715928395061728224e+04
4.719720987654320925e+04
4.717508641975309001e+04
4.713083950617283699e+04
4.723829629629629926e+04
4.720985185185185401e+04
4.725409876543209975e+04
4.729202469135802676e+04
4.729202469135802676e+04
3.873340740740740875e+04
3.979849382716049149e+04
4.080037037037037226e+04
4.211829629629629926e+04
4.295266666666666424e+04
4.385024691358024575e+04
4.518397530864197324e+04
4.641024691358024575e+04
4.782614814814814599e+04
4.846772839506172750e+04
4.917567901234568126e+04
4.975404938271604624e+04
5.050624691358024575e+04
5.113518518518518249e+04
5.163138271604938200e+04
5.195059259259259125e+04
5.238041975308641850e+04
5.261113580246913625e+04
5.282604938271604624e+04
5.298407407407407300e+04
5.306940740740740875e+04
5.324323456790123601e+04
5.339177777777778101e+04
5.348343209876543551e+04
5.342970370370370074e+04
5.349291358024690999e+04
5.357508641975309001e+04
5.332540740740740875e+04
5.305044444444444525e+04
5.333172839506172750e+04
5.325271604938271776e+04
5.316422222222221899e+04
5.322427160493827250e+04
5.333172839506172750e+04
5.315474074074073724e+04
5.287029629629629926e+04
5.246575308641975425e+04
5.261113580246913625e+04
5.221607407407407300e+04
5.225083950617283699e+04
5.199167901234568126e+04
5.190950617283950851e+04
5.178308641975309001e+04
5.149232098765431874e+04
5.135009876543209975e+04
5.138486419753086375e+04
5.150812345679012651e+04
5.119839506172839174e+04
5.109093827160493674e+04
5.124896296296296350e+04
5.086970370370370074e+04
5.079069135802469100e+04
5.077172839506172750e+04
5.062634567901234550e+04
5.044303703703703650e+04
5.044303703703703650e+04
5.027237037037037226e+04
5.029449382716049149e+04
5.016175308641975425e+04
4.991523456790123601e+04
5.002269135802469100e+04
4.976669135802469100e+04
4.925785185185185401e+04
4.922940740740740875e+04
4.956441975308641850e+04
4.956125925925926276e+04
4.963395061728395376e+04
4.963711111111110949e+04
4.969400000000000000e+04
4.930841975308641850e+04
4.979197530864197324e+04
4.969400000000000000e+04
4.961182716049382725e+04
4.936214814814814599e+04
4.919780246913580049e+04
4.917567901234568126e+04
4.905558024691358150e+04
4.913459259259259125e+04
4.885962962962962774e+04
4.878061728395061800e+04
4.886911111111110949e+04
4.870476543209876399e+04
4.859730864197530900e+04
4.849933333333333576e+04
4.830022222222221899e+04
4.852777777777778101e+04
4.847720987654320925e+04
4.844244444444444525e+04
4.826229629629629926e+04
4.809795061728395376e+04
4.777874074074073724e+04
4.790516049382716301e+04
4.791464197530864476e+04
4.794940740740740875e+04
4.797785185185185401e+04
4.811375308641975425e+04
4.779770370370370074e+04
4.789251851851851825e+04
4.806002469135802676e+04
4.763335802469135524e+04
4.755434567901234550e+04
4.758279012345679075e+04
4.742792592592592700e+04
4.731098765432099026e+04
4.713400000000000000e+04
4.723513580246913625e+04
4.745953086419752799e+04
4.724145679012345499e+04
4.736787654320987349e+04
4.734575308641975425e+04
4.733311111111110949e+04
4.711819753086419951e+04
4.706446913580247201e+04
4.698545679012345499e+04
4.720353086419752799e+04
4.723513580246913625e+04
4.700758024691358150e+04
4.712767901234568126e+04
4.686535802469135524e+04
4.695069135802469100e+04
4.732046913580247201e+04
4.711819753086419951e+04
4.716244444444444525e+04
4.701390123456790025e+04
4.709607407407407300e+04
4.692540740740740875e+04
4.710555555555555475e+04
4.704234567901234550e+04
4.689696296296296350e+04
4.693172839506172750e+04
4.688432098765431874e+04
4.677686419753086375e+04
4.667256790123456449e+04
4.675158024691358150e+04
4.670101234567900974e+04
4.662200000000000000e+04
4.659671604938271776e+04
4.634387654320987349e+04
4.665360493827160826e+04
4.682743209876543551e+04
4.665044444444444525e+04
4.672629629629629926e+04
4.680846913580247201e+04
4.657143209876543551e+04
4.662832098765431874e+04
4.660303703703703650e+04
4.640076543209876399e+04
4.617320987654320925e+04
4.643869135802469100e+04
4.636600000000000000e+04
4.638812345679012651e+04
4.629330864197530900e+04
4.630595061728395376e+04
4.628066666666666424e+04
4.639128395061728224e+04
4.664728395061728224e+04
4.660303703703703650e+04
4.650822222222221899e+04
4.654614814814814599e+04
4.657775308641975425e+04
4.636916049382716301e+04
4.630595061728395376e+04
4.623325925925926276e+04
4.617004938271604624e+04
4.637548148148148175e+04
4.628382716049382725e+04
4.628382716049382725e+04
4.614792592592592700e+04
4.646081481481481751e+04
4.648609876543209975e+04
4.643553086419752799e+04
4.642920987654320925e+04
4.638496296296296350e+04
4.675790123456790025e+04
4.641972839506172750e+04
4.661251851851851825e+04
4.689380246913580049e+04
4.669469135802469100e+04
4.649874074074073724e+04
4.632491358024690999e+04
4.647345679012345499e+04
4.647661728395061800e+04
4.678318518518518249e+04
4.669469135802469100e+04
4.685271604938271776e+04
4.666940740740740875e+04
4.655879012345679075e+04
4.649241975308641850e+04
4.662200000000000000e+04
4.650190123456790025e+04
4.648925925925926276e+04
4.657143209876543551e+04
4.631227160493827250e+04
4.675158024691358150e+04
4.652402469135802676e+04
4.636600000000000000e+04
4.640708641975309001e+04
4.659355555555555475e+04
4.666308641975309001e+04
4.651770370370370074e+04
4.647345679012345499e+04
4.637864197530864476e+04
4.643553086419752799e+04
4.623325925925926276e+04
4.610051851851851825e+04
4.623009876543209975e+04
4.641656790123456449e+04
4.624906172839506326e+04
4.618585185185185401e+04
4.611632098765431874e+04
4.613844444444444525e+04
4.618269135802469100e+04
4.604679012345679075e+04
4.624590123456790025e+04
4.621429629629629926e+04
4.622061728395061800e+04
4.610051851851851825e+04
4.623958024691358150e+04
4.602466666666666424e+04
4.618901234567900974e+04
4.617637037037037226e+04
4.646397530864197324e+04
4.639128395061728224e+04
4.616372839506172750e+04
4.646081481481481751e+04
4.646081481481481751e+04
4.623009876543209975e+04
4.626802469135802676e+04
4.615108641975309001e+04
4.610683950617283699e+04
4.623009876543209975e+04
4.620165432098765450e+04
4.612580246913580049e+04
4.604995061728395376e+04
4.603098765432099026e+04
4.578446913580247201e+04
4.602466666666666424e+04
4.604362962962962774e+04
4.600570370370370074e+04
4.627434567901234550e+04
4.641972839506172750e+04
4.628066666666666424e+04
4.620797530864197324e+04
4.619217283950617275e+04
4.610367901234568126e+04
4.611632098765431874e+04
4.617004938271604624e+04
4.617637037037037226e+04
4.614476543209876399e+04
4.616688888888889051e+04
4.603414814814814599e+04
4.617004938271604624e+04
4.622377777777778101e+04
4.626486419753086375e+04
4.601202469135802676e+04
4.583503703703703650e+04
4.559800000000000000e+04
4.556639506172839174e+04
4.554111111111110949e+04
4.570229629629629926e+04
4.584451851851851825e+04
4.619849382716049149e+04
4.622061728395061800e+04
4.680214814814814599e+04
4.652718518518518249e+04
4.658723456790123601e+04
4.672313580246913625e+04
4.697913580246913625e+04
4.696965432098765450e+04
4.681162962962962774e+04
4.702654320987654501e+04
4.724777777777778101e+04
4.714980246913580049e+04
4.716560493827160826e+04
4.734891358024690999e+04
4.730466666666666424e+04
4.739632098765431874e+04
4.743424691358024575e+04
4.742160493827160826e+04
4.733627160493827250e+04
4.724777777777778101e+04
4.723513580246913625e+04
4.737735802469135524e+04
4.722881481481481751e+04
4.709607407407407300e+04
4.716560493827160826e+04
4.716244444444444525e+04
4.713083950617283699e+04
4.708343209876543551e+04
4.731414814814814599e+04
4.720037037037037226e+04
4.747533333333333576e+04
4.755118518518518249e+04
4.740580246913580049e+04
4.735207407407407300e+04
4.753538271604938200e+04
4.740896296296296350e+04
4.752274074074073724e+04
4.761439506172839174e+04
4.764600000000000000e+04
4.772185185185185401e+04
4.762703703703703650e+04
4.784511111111110949e+04
4.735207407407407300e+04
4.737735802469135524e+04
4.756066666666666424e+04
4.736155555555555475e+04
4.733627160493827250e+04
4.743424691358024575e+04
4.741212345679012651e+04
4.755750617283950851e+04
4.764916049382716301e+04
4.797785185185185401e+04
4.797785185185185401e+04
4.774081481481481751e+04
4.745004938271604624e+04
4.758279012345679075e+04
4.760175308641975425e+04
4.764600000000000000e+04
4.783879012345679075e+04
4.780718518518518249e+04
4.765864197530864476e+04
4.786723456790123601e+04
4.766180246913580049e+04
4.763651851851851825e+04
4.758911111111110949e+04
4.783246913580247201e+04
4.764283950617283699e+04
4.758279012345679075e+04
4.761123456790123601e+04
4.741212345679012651e+04
4.780086419753086375e+04
4.743740740740740875e+04
4.723829629629629926e+04
4.718140740740740875e+04
4.709923456790123601e+04
4.724777777777778101e+04
4.722881481481481751e+04
4.724461728395061800e+04
4.726674074074073724e+04
4.763651851851851825e+04
4.739316049382716301e+04
4.757646913580247201e+04
4.731414814814814599e+04
4.745004938271604624e+04
4.752590123456790025e+04
4.764283950617283699e+04
4.750693827160493674e+04
4.767128395061728224e+04
4.757014814814814599e+04
4.772817283950617275e+04
4.764600000000000000e+04
4.744688888888889051e+04
4.748797530864197324e+04
4.759859259259259125e+04
4.767444444444444525e+04
4.767128395061728224e+04
4.757646913580247201e+04
4.747217283950617275e+04
4.754802469135802676e+04
4.753854320987654501e+04
4.758911111111110949e+04
4.755434567901234550e+04
4.780086419753086375e+04
4.781034567901234550e+04
4.790832098765431874e+04
4.790516049382716301e+04
4.793044444444444525e+04
4.774081481481481751e+04
4.815800000000000000e+04
4.812007407407407300e+04
4.823069135802469100e+04
4.794940740740740875e+04
4.786723456790123601e+04
4.795256790123456449e+04
4.779138271604938200e+04
4.787355555555555475e+04
4.786091358024690999e+04
4.803790123456790025e+04
4.794308641975309001e+04
4.782298765432099026e+04
4.808214814814814599e+04
4.789251851851851825e+04
4.789567901234568126e+04
4.790200000000000000e+04
4.792728395061728224e+04
4.804738271604938200e+04
4.794624691358024575e+04
4.791780246913580049e+04
4.788619753086419951e+04
4.771869135802469100e+04
4.778190123456790025e+04
4.778190123456790025e+04
4.013666666666666424e+04
4.110377777777778101e+04
4.215622222222221899e+04
4.332876543209876399e+04
4.440333333333333576e+04
4.562960493827160826e+04
4.649241975308641850e+04
4.766812345679012651e+04
4.866683950617283699e+04
4.973508641975309001e+04
5.068955555555555475e+04
5.087286419753086375e+04
5.148600000000000000e+04
5.205804938271604624e+04
5.267434567901234550e+04
5.277548148148148175e+04
5.325271604938271776e+04
5.365093827160493674e+04
5.381528395061728224e+04
5.392590123456790025e+04
5.421666666666666424e+04
5.446318518518518249e+04
5.441893827160493674e+04
5.435888888888889051e+04
5.434308641975309001e+04
5.429251851851851825e+04
5.419770370370370074e+04
5.406496296296296350e+04
5.400491358024690999e+04
5.373627160493827250e+04
5.378051851851851825e+04
5.360037037037037226e+04
5.357824691358024575e+04
5.345498765432099026e+04
5.316422222222221899e+04
5.294614814814814599e+04
5.258901234567900974e+04
5.250367901234568126e+04
5.255740740740740875e+04
5.251632098765431874e+04
5.251948148148148175e+04
5.230456790123456449e+04
5.222871604938271776e+04
5.227296296296296350e+04
5.205172839506172750e+04
5.189370370370370074e+04
5.189686419753086375e+04
5.136590123456790025e+04
5.146387654320987349e+04
5.133745679012345499e+04
5.116362962962962774e+04
5.074012345679012651e+04
5.085074074074073724e+04
5.084125925925926276e+04
5.058209876543209975e+04
5.046516049382716301e+04
5.032609876543209975e+04
5.004797530864197324e+04
5.030713580246913625e+04
5.012066666666666424e+04
4.982358024691358150e+04
5.004481481481481751e+04
4.978565432098765450e+04
4.978565432098765450e+04
5.009854320987654501e+04
5.033558024691358150e+04
5.011118518518518249e+04
5.023760493827160826e+04
5.025340740740740875e+04
5.017123456790123601e+04
5.006061728395061800e+04
4.993103703703703650e+04
4.988995061728395376e+04
4.995948148148148175e+04
4.975720987654320925e+04
4.992787654320987349e+04
4.966871604938271776e+04
4.969083950617283699e+04
4.944432098765431874e+04
4.954229629629629926e+04
4.968135802469135524e+04
4.940323456790123601e+04
4.919464197530864476e+04
4.897024691358024575e+04
4.919780246913580049e+04
4.902397530864197324e+04
4.879958024691358150e+04
4.851829629629629926e+04
4.878061728395061800e+04
4.888175308641975425e+04
4.882486419753086375e+04
4.889755555555555475e+04
4.848669135802469100e+04
4.887859259259259125e+04
4.868580246913580049e+04
4.837607407407407300e+04
4.830338271604938200e+04
4.801893827160493674e+04
4.833814814814814599e+04
4.799049382716049149e+04
4.775661728395061800e+04
4.795888888888889051e+04
4.824017283950617275e+04
4.769656790123456449e+04
4.797785185185185401e+04
4.793676543209876399e+04
4.787355555555555475e+04
4.763967901234568126e+04
4.767760493827160826e+04
4.751325925925926276e+04
4.739948148148148175e+04
4.730150617283950851e+04
4.758595061728395376e+04
4.745004938271604624e+04
4.759227160493827250e+04
4.757330864197530900e+04
4.777874074074073724e+04
4.771553086419752799e+04
4.766496296296296350e+04
4.782614814814814599e+04
4.756698765432099026e+04
4.765548148148148175e+04
4.778822222222221899e+04
4.795572839506172750e+04
4.802525925925926276e+04
4.807266666666666424e+04
4.802525925925926276e+04
4.814219753086419951e+04
4.769340740740740875e+04
4.750377777777778101e+04
4.753222222222221899e+04
4.766496296296296350e+04
4.749745679012345499e+04
4.768392592592592700e+04
4.759859259259259125e+04
4.773449382716049149e+04
4.779770370370370074e+04
4.755118518518518249e+04
4.773133333333333576e+04
4.781350617283950851e+04
4.782930864197530900e+04
4.786091358024690999e+04
4.772185185185185401e+04
4.779770370370370074e+04
4.792096296296296350e+04
4.763967901234568126e+04
4.762387654320987349e+04
4.768076543209876399e+04
4.759543209876543551e+04
4.771869135802469100e+04
4.791148148148148175e+04
4.778506172839506326e+04
4.786407407407407300e+04
4.801261728395061800e+04
4.778506172839506326e+04
4.762703703703703650e+04
4.771553086419752799e+04
4.781982716049382725e+04
4.755434567901234550e+04
4.752906172839506326e+04
4.784511111111110949e+04
4.779770370370370074e+04
4.794308641975309001e+04
4.823069135802469100e+04
4.820856790123456449e+04
4.829074074074073724e+04
4.837607407407407300e+04
4.835711111111110949e+04
4.864787654320987349e+04
4.839819753086419951e+04
4.841400000000000000e+04
4.837291358024690999e+04
4.825913580246913625e+04
4.829074074074073724e+04
4.835079012345679075e+04
4.833498765432099026e+04
4.862575308641975425e+04
4.836027160493827250e+04
4.852777777777778101e+04
4.851197530864197324e+04
4.862891358024690999e+04
4.854990123456790025e+04
4.839503703703703650e+04
4.833498765432099026e+04
4.823385185185185401e+04
4.850565432098765450e+04
4.826545679012345499e+04
4.825597530864197324e+04
4.843296296296296350e+04
4.840451851851851825e+04
4.830338271604938200e+04
4.804106172839506326e+04
4.789567901234568126e+04
4.803158024691358150e+04
4.793044444444444525e+04
4.787039506172839174e+04
4.793676543209876399e+04
4.784195061728395376e+04
4.795256790123456449e+04
4.820540740740740875e+04
4.822437037037037226e+04
4.814535802469135524e+04
4.809162962962962774e+04
4.818960493827160826e+04
4.802841975308641850e+04
4.797153086419752799e+04
4.812323456790123601e+04
4.841400000000000000e+04
4.830338271604938200e+04
4.815800000000000000e+04
4.806002469135802676e+04
4.835711111111110949e+04
4.827493827160493674e+04
4.812639506172839174e+04
4.819276543209876399e+04
4.831286419753086375e+04
4.814851851851851825e+04
4.793360493827160826e+04
4.798101234567900974e+04
4.808214814814814599e+04
4.823701234567900974e+04
4.798417283950617275e+04
4.798101234567900974e+04
4.806318518518518249e+04
4.804106172839506326e+04
4.799049382716049149e+04
4.809795061728395376e+04
4.814851851851851825e+04
4.806002469135802676e+04
4.813271604938271776e+04
4.810427160493827250e+04
4.819592592592592700e+04
4.817064197530864476e+04
4.790832098765431874e+04
4.774713580246913625e+04
4.789251851851851825e+04
4.805370370370370074e+04
4.791148148148148175e+04
4.794624691358024575e+04
4.775029629629629926e+04
4.790832098765431874e+04
4.804106172839506326e+04
4.805054320987654501e+04
4.786723456790123601e+04
4.769340740740740875e+04
4.796837037037037226e+04
4.774081481481481751e+04
4.785143209876543551e+04
4.778506172839506326e+04
4.766812345679012651e+04
4.753222222222221899e+04
4.746269135802469100e+04
4.756066666666666424e+04
4.751009876543209975e+04
4.759543209876543551e+04
4.726674074074073724e+04
4.743108641975309001e+04
4.730150617283950851e+04
4.737735802469135524e+04
4.734891358024690999e+04
4.767128395061728224e+04
4.789251851851851825e+04
4.817696296296296350e+04
4.824649382716049149e+04
4.800629629629629926e+04
4.813587654320987349e+04
4.840451851851851825e+04
4.860995061728395376e+04
4.872056790123456449e+04
4.888175308641975425e+04
4.898288888888889051e+04
4.874585185185185401e+04
4.868264197530864476e+04
4.898288888888889051e+04
4.884066666666666424e+04
4.856254320987654501e+04
4.874585185185185401e+04
4.869844444444444525e+04
4.859098765432099026e+04
4.866367901234568126e+04
4.874901234567900974e+04
4.862891358024690999e+04
4.867632098765431874e+04
4.856570370370370074e+04
4.869528395061728224e+04
4.881538271604938200e+04
4.882486419753086375e+04
4.902081481481481751e+04
4.873320987654320925e+04
4.860046913580247201e+04
4.871108641975309001e+04
4.850881481481481751e+04
4.862891358024690999e+04
4.863207407407407300e+04
4.857518518518518249e+04
4.850249382716049149e+04
4.857834567901234550e+04
4.889755555555555475e+04
4.855306172839506326e+04
4.860362962962962774e+04
4.837291358024690999e+04
4.849933333333333576e+04
4.853725925925926276e+04
4.880590123456790025e+04
4.884066666666666424e+04
4.881854320987654501e+04
4.870160493827160826e+04
4.857518518518518249e+04
4.881538271604938200e+04
4.897656790123456449e+04
4.892600000000000000e+04
4.885014814814814599e+04
4.889755555555555475e+04
4.900817283950617275e+04
4.907770370370370074e+04
4.890071604938271776e+04
4.892283950617283699e+04
4.881538271604938200e+04
4.891967901234568126e+04
4.923888888888889051e+04
4.904293827160493674e+04
4.921676543209876399e+04
4.900817283950617275e+04
4.902397530864197324e+04
4.886595061728395376e+04
4.915039506172839174e+04
4.894812345679012651e+04
4.906506172839506326e+04
4.880590123456790025e+04
4.895128395061728224e+04
4.880590123456790025e+04
4.875533333333333576e+04
4.861311111111110949e+04
4.860362962962962774e+04
4.834762962962962774e+04
4.869844444444444525e+04
4.855306172839506326e+04
4.859730864197530900e+04
4.858150617283950851e+04
4.875849382716049149e+04
4.880274074074073724e+04
4.868264197530864476e+04
4.854358024691358150e+04
4.875217283950617275e+04
4.858466666666666424e+04
4.847088888888889051e+04
4.872372839506172750e+04
4.873637037037037226e+04
4.859414814814814599e+04
4.847404938271604624e+04
4.857834567901234550e+04
4.870476543209876399e+04
4.847404938271604624e+04
4.845508641975309001e+04
4.873004938271604624e+04
4.845192592592592700e+04
4.809795061728395376e+04
4.842348148148148175e+04
4.847088888888889051e+04
4.840451851851851825e+04
4.849933333333333576e+04
4.864471604938271776e+04
4.835711111111110949e+04
4.847088888888889051e+04
4.829390123456790025e+04
4.871108641975309001e+04
4.881222222222221899e+04
4.871740740740740875e+04
4.866051851851851825e+04
4.870160493827160826e+04
4.879641975308641850e+04
4.888175308641975425e+04
4.906506172839506326e+04
4.913459259259259125e+04
4.899237037037037226e+04
4.877429629629629926e+04
4.893232098765431874e+04
4.896708641975309001e+04
4.899553086419752799e+04
4.880590123456790025e+04
4.865419753086419951e+04
4.872056790123456449e+04
4.903661728395061800e+04
4.887543209876543551e+04
4.911562962962962774e+04
4.894812345679012651e+04
4.904925925925926276e+04
4.903661728395061800e+04
4.909982716049382725e+04
4.892916049382716301e+04
4.915039506172839174e+04
4.915039506172839174e+04
4.118911111111110949e+04
4.235533333333333576e+04
4.304116049382716301e+04
4.458980246913580049e+04
4.571493827160493674e+04
4.660303703703703650e+04
4.784195061728395376e+04
4.872372839506172750e+04
4.962446913580247201e+04
5.018387654320987349e+04
5.140382716049382725e+04
5.183365432098765450e+04
5.208649382716049149e+04
5.314209876543209975e+04
5.382792592592592700e+04
5.378367901234568126e+04
5.427039506172839174e+04
5.452639506172839174e+04
5.470654320987654501e+04
5.509844444444444525e+04
5.546822222222221899e+04
5.549350617283950851e+04
5.549982716049382725e+04
5.552827160493827250e+04
5.604027160493827250e+04
5.573686419753086375e+04
5.559780246913580049e+04
5.549350617283950851e+04
5.542081481481481751e+04
5.523434567901234550e+04
5.507632098765431874e+04
5.513320987654320925e+04
5.511424691358024575e+04
5.506367901234568126e+04
5.468758024691358150e+04
5.463069135802469100e+04
5.455483950617283699e+04
5.420718518518518249e+04
5.421666666666666424e+04
5.405548148148148175e+04
5.388481481481481751e+04
5.353716049382716301e+04
5.329064197530864476e+04
5.324639506172839174e+04
5.325271604938271776e+04
5.318318518518518249e+04
5.317054320987654501e+04
5.292402469135802676e+04
5.291138271604938200e+04
5.275335802469135524e+04
5.243098765432099026e+04
5.235829629629629926e+04
5.240886419753086375e+04
5.204540740740740875e+04
5.198535802469135524e+04
5.183049382716049149e+04
5.194743209876543551e+04
5.179888888888889051e+04
5.183681481481481751e+04
5.129004938271604624e+04
5.111938271604938200e+04
5.098980246913580049e+04
5.088234567901234550e+04
5.102140740740740875e+04
5.088234567901234550e+04
5.099296296296296350e+04
5.091079012345679075e+04
5.106565432098765450e+04
5.105617283950617275e+04
5.098348148148148175e+04
5.125528395061728224e+04
5.108461728395061800e+04
5.086970370370370074e+04
5.068639506172839174e+04
5.076224691358024575e+04
5.067375308641975425e+04
5.078753086419752799e+04
5.068323456790123601e+04
5.044619753086419951e+04
5.033558024691358150e+04
5.025656790123456449e+04
5.006377777777778101e+04
4.998792592592592700e+04
5.018071604938271776e+04
4.982990123456790025e+04
4.997212345679012651e+04
4.965923456790123601e+04
4.951385185185185401e+04
4.981093827160493674e+04
4.974772839506172750e+04
4.950753086419752799e+04
4.941271604938271776e+04
4.933686419753086375e+04
4.934950617283950851e+04
4.947908641975309001e+04
4.939691358024690999e+04
4.918200000000000000e+04
4.925785185185185401e+04
4.939375308641975425e+04
4.934634567901234550e+04
4.931790123456790025e+04
4.908718518518518249e+04
4.914091358024690999e+04
4.910930864197530900e+04
4.891967901234568126e+04
4.894180246913580049e+04
4.900817283950617275e+04
4.877113580246913625e+04
4.878061728395061800e+04
4.874901234567900974e+04
4.883750617283950851e+04
4.864787654320987349e+04
4.870476543209876399e+04
4.880590123456790025e+04
4.857518518518518249e+04
4.859098765432099026e+04
4.866051851851851825e+04
4.860046913580247201e+04
4.824017283950617275e+04
4.863207407407407300e+04
4.843612345679012651e+04
4.824017283950617275e+04
4.847088888888889051e+04
4.841716049382716301e+04
4.852145679012345499e+04
4.845824691358024575e+04
4.850249382716049149e+04
4.861943209876543551e+04
4.843296296296296350e+04
4.824649382716049149e+04
4.832550617283950851e+04
4.829706172839506326e+04
4.834130864197530900e+04
4.828125925925926276e+04
4.824017283950617275e+04
4.825281481481481751e+04
4.820540740740740875e+04
4.820856790123456449e+04
4.803474074074073724e+04
4.804738271604938200e+04
4.819276543209876399e+04
4.807266666666666424e+04
4.805370370370370074e+04
4.808214814814814599e+04
4.803158024691358150e+04
4.788303703703703650e+04
4.810427160493827250e+04
4.824333333333333576e+04
4.783879012345679075e+04
4.792412345679012651e+04
4.790200000000000000e+04
4.820224691358024575e+04
4.780718518518518249e+04
4.779454320987654501e+04
4.792412345679012651e+04
4.786091358024690999e+04
4.781034567901234550e+04
4.763967901234568126e+04
4.752274074074073724e+04
4.755118518518518249e+04
4.746269135802469100e+04
4.752590123456790025e+04
4.792096296296296350e+04
4.769024691358024575e+04
4.777874074074073724e+04
4.772501234567900974e+04
4.788303703703703650e+04
4.775029629629629926e+04
4.748165432098765450e+04
4.775345679012345499e+04
4.777874074074073724e+04
4.793360493827160826e+04
4.758279012345679075e+04
4.772501234567900974e+04
4.783879012345679075e+04
4.811691358024690999e+04
4.791148148148148175e+04
4.773449382716049149e+04
4.778190123456790025e+04
4.747849382716049149e+04
4.749113580246913625e+04
4.752590123456790025e+04
4.755750617283950851e+04
4.766180246913580049e+04
4.775029629629629926e+04
4.767444444444444525e+04
4.743424691358024575e+04
4.761439506172839174e+04
4.732046913580247201e+04
4.762071604938271776e+04
4.697281481481481751e+04
4.729834567901234550e+04
4.748797530864197324e+04
4.737735802469135524e+04
4.727306172839506326e+04
4.726990123456790025e+04
4.734259259259259125e+04
4.730466666666666424e+04
4.716244444444444525e+04
4.714664197530864476e+04
4.717824691358024575e+04
4.747533333333333576e+04
4.731098765432099026e+04
4.714032098765431874e+04
4.715296296296296350e+04
4.705498765432099026e+04
4.714664197530864476e+04
4.700758024691358150e+04
4.728570370370370074e+04
4.730466666666666424e+04
4.715612345679012651e+04
4.734891358024690999e+04
4.749113580246913625e+04
4.729518518518518249e+04
4.717192592592592700e+04
4.756382716049382725e+04
4.764600000000000000e+04
4.772501234567900974e+04
4.763019753086419951e+04
4.768392592592592700e+04
4.769972839506172750e+04
4.756066666666666424e+04
4.773449382716049149e+04
4.773133333333333576e+04
4.764600000000000000e+04
4.758595061728395376e+04
4.731098765432099026e+04
4.717824691358024575e+04
4.757962962962962774e+04
4.742792592592592700e+04
4.737103703703703650e+04
4.711187654320987349e+04
4.741212345679012651e+04
4.730150617283950851e+04
4.716876543209876399e+04
4.749429629629629926e+04
4.755750617283950851e+04
4.775977777777778101e+04
4.764283950617283699e+04
4.757646913580247201e+04
4.743424691358024575e+04
4.786091358024690999e+04
4.779138271604938200e+04
4.778190123456790025e+04
4.774713580246913625e+04
4.775977777777778101e+04
4.775977777777778101e+04
4.772501234567900974e+04
4.776293827160493674e+04
4.802525925925926276e+04
4.768708641975309001e+04
4.785459259259259125e+04
4.770288888888889051e+04
4.759859259259259125e+04
4.758279012345679075e+04
4.755750617283950851e+04
4.755750617283950851e+04
4.760175308641975425e+04
4.763651851851851825e+04
4.792412345679012651e+04
4.841083950617283699e+04
4.870160493827160826e+04
4.874269135802469100e+04
4.890703703703703650e+04
4.934950617283950851e+04
4.900817283950617275e+04
4.944748148148148175e+04
4.924837037037037226e+04
4.951069135802469100e+04
4.959602469135802676e+04
4.964975308641975425e+04
4.940639506172839174e+04
4.964027160493827250e+04
4.965923456790123601e+04
5.001320987654320925e+04
4.994051851851851825e+04
4.979829629629629926e+04
4.994367901234568126e+04
4.991523456790123601e+04
4.993419753086419951e+04
4.978249382716049149e+04
5.004481481481481751e+04
4.985518518518518249e+04
4.992471604938271776e+04
5.004481481481481751e+04
5.001637037037037226e+04
4.980777777777778101e+04
4.983306172839506326e+04
5.000372839506172750e+04
4.985834567901234550e+04
4.989943209876543551e+04
4.981093827160493674e+04
4.994051851851851825e+04
5.043039506172839174e+04
4.990575308641975425e+04
5.000056790123456449e+04
4.974772839506172750e+04
4.986782716049382725e+04
4.993103703703703650e+04
5.019967901234568126e+04
4.988362962962962774e+04
5.004797530864197324e+04
5.031345679012345499e+04
5.016807407407407300e+04
4.989943209876543551e+04
5.034190123456790025e+04
4.977933333333333576e+04
4.973192592592592700e+04
5.008906172839506326e+04
5.013330864197530900e+04
5.014911111111110949e+04
5.040511111111110949e+04
5.042723456790123601e+04
5.002585185185185401e+04
5.022180246913580049e+04
5.035138271604938200e+04
5.025972839506172750e+04
5.037350617283950851e+04
5.041143209876543551e+04
5.035138271604938200e+04
5.054417283950617275e+04
5.052837037037037226e+04
5.055049382716049149e+04
5.026288888888889051e+04
5.040827160493827250e+04
5.034506172839506326e+04
5.031029629629629926e+04
5.031345679012345499e+04
5.020283950617283699e+04
4.999740740740740875e+04
5.011434567901234550e+04
4.997844444444444525e+04
5.027869135802469100e+04
5.024708641975309001e+04
5.035454320987654501e+04
5.064530864197530900e+04
5.067059259259259125e+04
5.060106172839506326e+04
5.043355555555555475e+04
5.047780246913580049e+04
5.038298765432099026e+04
5.013962962962962774e+04
5.018071604938271776e+04
5.016491358024690999e+04
5.057893827160493674e+04
5.049676543209876399e+04
5.030713580246913625e+04
5.019335802469135524e+04
5.015859259259259125e+04
5.008274074074073724e+04
4.998792592592592700e+04
4.994683950617283699e+04
5.003217283950617275e+04
4.985202469135802676e+04
5.002901234567900974e+04
5.002585185185185401e+04
5.032293827160493674e+04
5.033241975308641850e+04
5.023128395061728224e+04
5.023760493827160826e+04
5.019019753086419951e+04
5.041143209876543551e+04
5.020283950617283699e+04
5.031345679012345499e+04
5.022496296296296350e+04
5.016491358024690999e+04
5.024708641975309001e+04
5.012066666666666424e+04
5.033874074074073724e+04
5.052520987654320925e+04
5.047780246913580049e+04
5.043355555555555475e+04
5.034822222222221899e+04
5.044303703703703650e+04
5.050624691358024575e+04
5.059790123456790025e+04
5.066743209876543551e+04
5.045883950617283699e+04
5.033874074074073724e+04
5.064530864197530900e+04
5.053469135802469100e+04
5.075276543209876399e+04
5.106565432098765450e+04
5.091395061728395376e+04
5.086338271604938200e+04
5.059158024691358150e+04
5.065479012345679075e+04
5.074960493827160826e+04
5.070851851851851825e+04
5.069271604938271776e+04
5.066111111111110949e+04
5.056629629629629926e+04
4.141350617283950851e+04
4.279464197530864476e+04
4.410940740740740875e+04
4.477627160493827250e+04
4.646397530864197324e+04
4.720037037037037226e+04
4.798101234567900974e+04
4.931474074074073724e+04
5.020600000000000000e+04
5.115098765432099026e+04
5.212125925925926276e+04
5.288609876543209975e+04
5.325903703703703650e+04
5.418506172839506326e+04
5.450427160493827250e+04
5.515217283950617275e+04
5.564520987654320925e+04
5.590437037037037226e+04
5.618881481481481751e+04
5.632155555555555475e+04
5.643217283950617275e+04
5.652382716049382725e+04
5.654595061728395376e+04
5.659335802469135524e+04
5.653330864197530900e+04
5.673874074074073724e+04
5.675770370370370074e+04
5.665024691358024575e+04
5.651750617283950851e+04
5.657439506172839174e+04
5.639108641975309001e+04
5.620461728395061800e+04
5.615088888888889051e+04
5.596125925925926276e+04
5.601182716049382725e+04
5.568629629629629926e+04
5.577795061728395376e+04
5.540501234567900974e+04
5.546822222222221899e+04
5.531335802469135524e+04
5.512688888888889051e+04
5.478555555555555475e+04
5.484560493827160826e+04
5.459908641975309001e+04
5.466861728395061800e+04
5.448846913580247201e+04
5.435888888888889051e+04
5.416925925925926276e+04
5.407760493827160826e+04
5.398595061728395376e+04
5.379316049382716301e+04
5.365093827160493674e+04
5.320846913580247201e+04
5.345498765432099026e+04
5.329064197530864476e+04
5.298407407407407300e+04
5.293982716049382725e+04
5.307256790123456449e+04
5.261745679012345499e+04
5.232985185185185401e+04
5.214022222222221899e+04
5.211809876543209975e+04
5.214022222222221899e+04
5.201696296296296350e+04
5.232985185185185401e+04
5.261113580246913625e+04
5.237093827160493674e+04
5.229508641975309001e+04
5.253844444444444525e+04
5.267118518518518249e+04
5.221923456790123601e+04
5.228244444444444525e+04
5.212441975308641850e+04
5.189686419753086375e+04
5.178624691358024575e+04
5.197271604938271776e+04
5.174516049382716301e+04
5.184629629629629926e+04
5.165350617283950851e+04
5.161558024691358150e+04
5.158397530864197324e+04
5.154604938271604624e+04
5.154604938271604624e+04
5.133429629629629926e+04
5.137222222222221899e+04
5.139118518518518249e+04
5.120155555555555475e+04
5.119207407407407300e+04
5.133429629629629926e+04
5.149864197530864476e+04
5.149548148148148175e+04
5.135009876543209975e+04
5.119523456790123601e+04
5.140382716049382725e+04
5.130585185185185401e+04
5.096451851851851825e+04
5.099612345679012651e+04
5.090446913580247201e+04
5.080017283950617275e+04
5.086338271604938200e+04
5.094871604938271776e+04
5.093923456790123601e+04
5.098032098765431874e+04
5.055681481481481751e+04
5.060422222222221899e+04
5.064530864197530900e+04
5.048728395061728224e+04
5.039246913580247201e+04
5.000372839506172750e+04
5.023128395061728224e+04
5.002585185185185401e+04
5.045883950617283699e+04
5.018071604938271776e+04
5.049992592592592700e+04
5.052837037037037226e+04
5.064846913580247201e+04
5.044619753086419951e+04
5.012066666666666424e+04
5.038930864197530900e+04
5.042723456790123601e+04
5.049676543209876399e+04
5.020283950617283699e+04
5.018703703703703650e+04
5.031977777777778101e+04
5.064214814814814599e+04
5.005113580246913625e+04
5.013962962962962774e+04
5.022180246913580049e+04
5.024076543209876399e+04
5.028501234567900974e+04
5.041775308641975425e+04
5.031977777777778101e+04
5.031029629629629926e+04
5.023760493827160826e+04
5.007325925925926276e+04
5.015227160493827250e+04
5.021548148148148175e+04
5.035770370370370074e+04
5.015543209876543551e+04
5.018071604938271776e+04
5.002901234567900974e+04
5.000372839506172750e+04
5.032293827160493674e+04
5.013646913580247201e+04
5.030713580246913625e+04
5.027237037037037226e+04
5.014279012345679075e+04
4.998160493827160826e+04
4.977617283950617275e+04
5.001953086419752799e+04
4.997212345679012651e+04
4.997844444444444525e+04
5.014595061728395376e+04
5.029765432098765450e+04
5.014595061728395376e+04
5.027869135802469100e+04
5.017123456790123601e+04
4.985834567901234550e+04
4.985202469135802676e+04
4.970664197530864476e+04
4.992155555555555475e+04
4.995632098765431874e+04
4.975404938271604624e+04
4.994051851851851825e+04
5.016491358024690999e+04
4.994683950617283699e+04
4.991523456790123601e+04
5.001004938271604624e+04
4.995000000000000000e+04
4.997528395061728224e+04
4.985834567901234550e+04
4.964343209876543551e+04
4.997212345679012651e+04
4.993103703703703650e+04
5.019335802469135524e+04
5.046832098765431874e+04
5.026604938271604624e+04
5.006377777777778101e+04
5.002585185185185401e+04
5.002269135802469100e+04
5.004797530864197324e+04
4.975720987654320925e+04
5.007325925925926276e+04
5.014911111111110949e+04
5.004481481481481751e+04
4.997844444444444525e+04
5.010486419753086375e+04
5.027869135802469100e+04
5.019651851851851825e+04
5.028817283950617275e+04
5.024076543209876399e+04
5.011118518518518249e+04
5.026604938271604624e+04
5.021864197530864476e+04
5.020916049382716301e+04
5.018387654320987349e+04
5.032293827160493674e+04
5.050624691358024575e+04
5.012382716049382725e+04
5.001004938271604624e+04
5.007641975308641850e+04
5.003533333333333576e+04
4.986466666666666424e+04
4.989311111111110949e+04
4.971928395061728224e+04
4.982674074074073724e+04
4.986150617283950851e+04
4.952017283950617275e+04
4.885646913580247201e+04
4.950120987654320925e+04
4.953281481481481751e+04
4.967503703703703650e+04
4.974456790123456449e+04
4.985202469135802676e+04
4.997212345679012651e+04
4.986150617283950851e+04
4.980461728395061800e+04
4.986782716049382725e+04
4.977617283950617275e+04
4.995948148148148175e+04
4.962446913580247201e+04
4.978249382716049149e+04
4.978565432098765450e+04
4.992155555555555475e+04
4.960550617283950851e+04
4.950120987654320925e+04
4.947908641975309001e+04
4.949804938271604624e+04
4.969716049382716301e+04
4.950753086419752799e+04
4.939375308641975425e+04
4.931158024691358150e+04
4.929893827160493674e+04
4.898288888888889051e+04
4.930525925925926276e+04
4.929893827160493674e+04
4.925153086419752799e+04
4.927997530864197324e+04
4.966555555555555475e+04
4.965923456790123601e+04
4.952333333333333576e+04
4.947276543209876399e+04
4.936846913580247201e+04
4.927365432098765450e+04
4.929893827160493674e+04
4.930841975308641850e+04
4.920096296296296350e+04
4.945380246913580049e+04
4.928945679012345499e+04
4.914091358024690999e+04
4.904925925925926276e+04
4.896708641975309001e+04
4.883434567901234550e+04
4.852145679012345499e+04
4.883434567901234550e+04
4.888807407407407300e+04
4.911879012345679075e+04
4.872056790123456449e+04
4.876165432098765450e+04
4.905558024691358150e+04
4.912827160493827250e+04
4.929577777777778101e+04
4.918200000000000000e+04
4.927365432098765450e+04
4.945696296296296350e+04
4.974456790123456449e+04
4.970032098765431874e+04
4.965607407407407300e+04
4.991207407407407300e+04
4.986466666666666424e+04
4.990575308641975425e+04
4.967187654320987349e+04
4.992471604938271776e+04
4.982041975308641850e+04
5.013330864197530900e+04
4.965607407407407300e+04
4.981725925925926276e+04
4.977301234567900974e+04
4.979197530864197324e+04
4.974140740740740875e+04
4.972560493827160826e+04
4.963079012345679075e+04
4.995316049382716301e+04
4.976037037037037226e+04
5.020283950617283699e+04
5.000688888888889051e+04
4.986782716049382725e+04
5.016175308641975425e+04
5.040511111111110949e+04
5.031977777777778101e+04
5.009222222222221899e+04
4.983938271604938200e+04
5.005745679012345499e+04
5.022180246913580049e+04
5.006693827160493674e+04
4.999740740740740875e+04
5.047148148148148175e+04
5.043987654320987349e+04
5.055365432098765450e+04
5.024392592592592700e+04
5.037350617283950851e+04
5.048096296296296350e+04
5.064530864197530900e+04
5.040827160493827250e+04
5.043355555555555475e+04
5.052520987654320925e+04
5.084125925925926276e+04
5.045883950617283699e+04
5.055365432098765450e+04
5.075276543209876399e+04
5.040195061728395376e+04
5.086654320987654501e+04
5.045567901234568126e+04
5.069903703703703650e+04
5.057577777777778101e+04
5.052520987654320925e+04
5.063266666666666424e+04
5.033558024691358150e+04
5.042407407407407300e+04
5.036086419753086375e+04
5.033558024691358150e+04
5.029449382716049149e+04
5.028185185185185401e+04
5.019019753086419951e+04
5.016491358024690999e+04
5.030081481481481751e+04
5.033874074074073724e+04
4.987730864197530900e+04
4.984254320987654501e+04
4.984254320987654501e+04
5.024392592592592700e+04
5.001953086419752799e+04
5.034506172839506326e+04
5.006693827160493674e+04
4.996580246913580049e+04
5.009854320987654501e+04
5.032609876543209975e+04
5.014279012345679075e+04
5.040511111111110949e+04
5.027553086419752799e+04
5.036718518518518249e+04
5.049360493827160826e+04
5.042407407407407300e+04
5.047148148148148175e+04
5.025656790123456449e+04
5.034506172839506326e+04
5.049992592592592700e+04
5.038930864197530900e+04
5.079385185185185401e+04
5.082545679012345499e+04
5.071483950617283699e+04
5.078120987654320925e+04
5.055681481481481751e+04
5.068955555555555475e+04
5.067375308641975425e+04
5.060738271604938200e+04
5.071800000000000000e+04
5.058209876543209975e+04
5.083177777777778101e+04
5.085074074074073724e+04
5.079701234567900974e+04
5.129320987654320925e+04
5.087602469135802676e+04
5.151444444444444525e+04
5.145755555555555475e+04
5.132165432098765450e+04
5.137222222222221899e+04
5.140066666666666424e+04
5.128688888888889051e+04
5.153340740740740875e+04
5.157449382716049149e+04
5.163454320987654501e+04
5.155869135802469100e+04
5.163770370370370074e+04
5.160293827160493674e+04
5.202328395061728224e+04
5.169459259259259125e+04
5.152076543209876399e+04
5.147651851851851825e+04
5.131217283950617275e+04
5.116995061728395376e+04
5.133429629629629926e+04
5.167562962962962774e+04
5.127424691358024575e+04
5.175780246913580049e+04
5.168511111111110949e+04
5.172303703703703650e+04
5.180837037037037226e+04
5.171039506172839174e+04
5.133429629629629926e+04
5.142279012345679075e+04
5.148600000000000000e+04
5.148600000000000000e+04
4.307592592592592700e+04
4.417893827160493674e+04
4.502595061728395376e+04
4.643553086419752799e+04
4.775345679012345499e+04
4.887227160493827250e+04
4.998792592592592700e+04
5.065479012345679075e+04
5.193162962962962774e+04
5.289241975308641850e+04
5.349923456790123601e+04
5.408708641975309001e+04
5.491197530864197324e+04
5.537972839506172750e+04
5.594861728395061800e+04
5.666604938271604624e+04
5.674822222222221899e+04
5.710219753086419951e+04
5.751622222222221899e+04
5.784491358024690999e+04
5.798397530864197324e+04
5.806614814814814599e+04
5.812619753086419951e+04
5.827474074074073724e+04
5.842644444444444525e+04
5.814516049382716301e+04
5.812303703703703650e+04
5.828738271604938200e+04
5.821785185185185401e+04
5.785439506172839174e+04
5.786387654320987349e+04
5.778802469135802676e+04
5.789232098765431874e+04
5.778802469135802676e+04
5.759839506172839174e+04
5.727602469135802676e+04
5.739928395061728224e+04
5.738664197530864476e+04
5.723177777777778101e+04
5.712116049382716301e+04
5.695049382716049149e+04
5.691256790123456449e+04
5.672925925925926276e+04
5.667237037037037226e+04
5.646377777777778101e+04
5.604659259259259125e+04
5.616037037037037226e+04
5.590753086419752799e+04
5.562940740740740875e+04
5.547770370370370074e+04
5.540501234567900974e+04
5.563888888888889051e+04
5.541765432098765450e+04
5.515217283950617275e+04
5.515533333333333576e+04
5.482348148148148175e+04
5.474762962962962774e+04
5.501943209876543551e+04
5.489933333333333576e+04
5.449479012345679075e+04
5.432728395061728224e+04
5.397330864197530900e+04
5.389745679012345499e+04
5.409340740740740875e+04
5.417558024691358150e+04
5.416293827160493674e+04
5.412817283950617275e+04
5.385637037037037226e+04
5.393538271604938200e+04
5.412501234567900974e+04
5.415977777777778101e+04
5.405232098765431874e+04
5.385004938271604624e+04
5.371414814814814599e+04
5.391009876543209975e+04
5.380264197530864476e+04
5.368254320987654501e+04
5.351819753086419951e+04
5.322743209876543551e+04
5.350555555555555475e+04
5.349607407407407300e+04
5.328748148148148175e+04
5.321795061728395376e+04
5.315790123456790025e+04
5.322111111111110949e+04
5.302200000000000000e+04
5.301251851851851825e+04
5.313893827160493674e+04
5.319582716049382725e+04
5.287977777777778101e+04
5.299671604938271776e+04
5.275651851851851825e+04
5.294614814814814599e+04
5.280076543209876399e+04
5.275335802469135524e+04
5.278496296296296350e+04
5.270279012345679075e+04
5.248787654320987349e+04
5.262693827160493674e+04
5.274387654320987349e+04
5.262693827160493674e+04
5.269962962962962774e+04
5.276916049382716301e+04
5.245311111111110949e+04
5.259849382716049149e+04
5.261745679012345499e+04
5.260165432098765450e+04
5.253528395061728224e+04
5.244046913580247201e+04
5.234881481481481751e+04
5.254160493827160826e+04
5.240254320987654501e+04
5.251632098765431874e+04
5.233301234567900974e+04
5.232985185185185401e+04
5.250051851851851825e+04
5.244995061728395376e+04
5.232985185185185401e+04
5.250683950617283699e+04
5.244679012345679075e+04
5.263325925925926276e+04
5.249103703703703650e+04
5.234881481481481751e+04
5.228560493827160826e+04
5.235197530864197324e+04
5.259533333333333576e+04
5.236777777777778101e+04
5.259533333333333576e+04
5.236145679012345499e+04
5.251000000000000000e+04
5.247207407407407300e+04
5.231720987654320925e+04
5.234881481481481751e+04
5.228560493827160826e+04
5.206437037037037226e+04
5.208965432098765450e+04
5.204224691358024575e+04
5.224767901234568126e+04
5.219395061728395376e+04
5.189370370370370074e+04
5.194427160493827250e+04
5.186525925925926276e+04
5.178624691358024575e+04
5.183681481481481751e+04
5.169143209876543551e+04
5.174516049382716301e+04
5.171671604938271776e+04
5.176096296296296350e+04
5.176728395061728224e+04
5.160609876543209975e+04
5.158081481481481751e+04
5.168511111111110949e+04
5.166298765432099026e+04
5.165982716049382725e+04
5.161874074074073724e+04
5.153340740740740875e+04
5.160609876543209975e+04
5.194427160493827250e+04
5.175780246913580049e+04
5.175780246913580049e+04
5.183681481481481751e+04
5.198535802469135524e+04
5.195691358024690999e+04
5.202012345679012651e+04
5.225716049382716301e+04
5.218446913580247201e+04
5.207069135802469100e+04
5.201380246913580049e+04
5.200116049382716301e+04
5.238041975308641850e+04
5.220343209876543551e+04
5.203276543209876399e+04
5.235829629629629926e+04
5.232669135802469100e+04
5.243414814814814599e+04
5.238990123456790025e+04
5.257637037037037226e+04
5.244995061728395376e+04
5.236777777777778101e+04
5.240570370370370074e+04
5.243414814814814599e+04
5.216234567901234550e+04
5.226032098765431874e+04
5.227612345679012651e+04
5.220027160493827250e+04
5.231720987654320925e+04
5.215918518518518249e+04
5.238358024691358150e+04
5.231088888888889051e+04
5.225400000000000000e+04
5.251000000000000000e+04
5.236461728395061800e+04
5.238358024691358150e+04
5.231720987654320925e+04
5.226032098765431874e+04
5.214022222222221899e+04
5.247207407407407300e+04
5.254160493827160826e+04
5.251316049382716301e+04
5.243730864197530900e+04
5.224767901234568126e+04
5.221923456790123601e+04
5.207701234567900974e+04
5.230140740740740875e+04
5.235829629629629926e+04
5.219395061728395376e+04
5.188106172839506326e+04
5.215286419753086375e+04
5.218446913580247201e+04
5.209281481481481751e+04
5.233617283950617275e+04
5.222239506172839174e+04
5.218130864197530900e+04
5.226348148148148175e+04
5.219711111111110949e+04
5.232037037037037226e+04
5.237725925925926276e+04
5.257953086419752799e+04
5.247207407407407300e+04
5.254160493827160826e+04
5.241518518518518249e+04
5.230456790123456449e+04
5.257953086419752799e+04
5.214338271604938200e+04
5.228560493827160826e+04
5.233617283950617275e+04
5.249103703703703650e+04
5.236145679012345499e+04
5.217814814814814599e+04
5.204856790123456449e+04
5.217182716049382725e+04
5.198219753086419951e+04
5.190950617283950851e+04
5.190950617283950851e+04
5.182733333333333576e+04
5.192214814814814599e+04
5.190634567901234550e+04
5.171355555555555475e+04
5.154920987654320925e+04
5.169143209876543551e+04
5.194427160493827250e+04
5.167246913580247201e+04
5.204224691358024575e+04
5.191898765432099026e+04
5.197587654320987349e+04
5.188422222222221899e+04
5.170407407407407300e+04
5.183997530864197324e+04
5.186841975308641850e+04
5.174832098765431874e+04
5.155237037037037226e+04
5.146703703703703650e+04
5.146387654320987349e+04
5.138170370370370074e+04
5.138486419753086375e+04
5.135958024691358150e+04
5.136906172839506326e+04
5.155869135802469100e+04
5.176412345679012651e+04
5.205488888888889051e+04
5.232985185185185401e+04
5.234565432098765450e+04
5.277232098765431874e+04
5.263958024691358150e+04
5.284817283950617275e+04
5.282604938271604624e+04
5.318634567901234550e+04
5.286397530864197324e+04
5.311049382716049149e+04
5.294614814814814599e+04
5.326535802469135524e+04
5.342654320987654501e+04
5.331276543209876399e+04
5.345498765432099026e+04
5.342338271604938200e+04
5.353083950617283699e+04
5.372362962962962774e+04
5.335701234567900974e+04
5.338229629629629926e+04
5.316106172839506326e+04
5.324639506172839174e+04
5.324323456790123601e+04
5.310101234567900974e+04
5.334120987654320925e+04
5.320846913580247201e+04
5.316422222222221899e+04
5.314525925925926276e+04
5.322743209876543551e+04
5.362249382716049149e+04
5.353716049382716301e+04
5.350239506172839174e+04
5.346762962962962774e+04
5.319266666666666424e+04
5.329696296296296350e+04
5.340125925925926276e+04
5.327483950617283699e+04
5.325271604938271776e+04
5.339809876543209975e+04
5.340125925925926276e+04
5.349607407407407300e+04
5.324007407407407300e+04
5.321795061728395376e+04
5.328432098765431874e+04
5.340441975308641850e+04
5.337913580246913625e+04
5.331276543209876399e+04
5.314209876543209975e+04
5.357824691358024575e+04
5.320846913580247201e+04
5.361933333333333576e+04
5.317054320987654501e+04
5.314209876543209975e+04
5.327800000000000000e+04
5.332540740740740875e+04
5.339809876543209975e+04
5.338861728395061800e+04
5.338545679012345499e+04
5.338861728395061800e+04
5.331592592592592700e+04
5.349923456790123601e+04
5.348027160493827250e+04
5.339177777777778101e+04
5.349607407407407300e+04
5.326535802469135524e+04
5.354348148148148175e+04
5.345498765432099026e+04
5.324323456790123601e+04
5.318002469135802676e+04
5.326851851851851825e+04
5.305992592592592700e+04
5.301883950617283699e+04
5.312945679012345499e+04
5.355928395061728224e+04
5.327483950617283699e+04
5.376471604938271776e+04
5.367306172839506326e+04
5.358772839506172750e+04
5.362565432098765450e+04
5.340125925925926276e+04
5.329064197530864476e+04
5.349607407407407300e+04
5.330012345679012651e+04
5.327167901234568126e+04
5.306940740740740875e+04
5.358772839506172750e+04
5.340125925925926276e+04
5.347711111111110949e+04
5.351819753086419951e+04
5.344234567901234550e+04
5.336965432098765450e+04
5.338229629629629926e+04
5.358140740740740875e+04
5.346762962962962774e+04
5.368254320987654501e+04
5.360037037037037226e+04
5.330012345679012651e+04
5.353716049382716301e+04
5.359720987654320925e+04
5.371730864197530900e+04
5.368254320987654501e+04
5.376155555555555475e+04
5.359088888888889051e+04
5.392274074074073724e+04
5.382792592592592700e+04
5.362881481481481751e+04
5.371414814814814599e+04
5.349291358024690999e+04
5.346446913580247201e+04
5.365093827160493674e+04
5.376155555555555475e+04
5.372362962962962774e+04
5.378683950617283699e+04
5.399543209876543551e+04
5.377735802469135524e+04
5.369518518518518249e+04
5.371730864197530900e+04
5.377419753086419951e+04
5.374575308641975425e+04
5.377419753086419951e+04
5.372362962962962774e+04
5.383740740740740875e+04
5.376787654320987349e+04
5.375523456790123601e+04
5.376471604938271776e+04
5.392274074074073724e+04
5.363197530864197324e+04
5.363829629629629926e+04
5.351503703703703650e+04
5.356876543209876399e+04
5.327800000000000000e+04
5.327800000000000000e+04
5.344234567901234550e+04
5.344234567901234550e+04
4.560116049382716301e+04
4.667888888888889051e+04
4.787039506172839174e+04
4.878377777777778101e+04
4.975404938271604624e+04
5.111306172839506326e+04
5.217498765432099026e+04
5.333804938271604624e+04
5.415345679012345499e+04
5.474446913580247201e+04
5.533864197530864476e+04
5.615088888888889051e+04
5.671661728395061800e+04
5.749725925925926276e+04
5.782279012345679075e+04
5.829370370370370074e+04
5.860975308641975425e+04
5.885943209876543551e+04
5.900481481481481751e+04
5.923869135802469100e+04
5.964639506172839174e+04
5.959266666666666424e+04
5.953577777777778101e+04
5.952629629629629926e+04
5.966219753086419951e+04
5.973804938271604624e+04
5.948204938271604624e+04
5.938407407407407300e+04
5.935246913580247201e+04
5.929241975308641850e+04
5.923237037037037226e+04
5.919760493827160826e+04
5.912175308641975425e+04
5.911859259259259125e+04
5.893844444444444525e+04
5.854970370370370074e+04
5.848649382716049149e+04
5.869824691358024575e+04
5.861291358024690999e+04
5.868560493827160826e+04
5.887839506172839174e+04
5.860343209876543551e+04
5.848965432098765450e+04
5.841380246913580049e+04
5.839800000000000000e+04
5.806930864197530900e+04
5.791128395061728224e+04
5.776274074074073724e+04
5.766476543209876399e+04
5.775325925925926276e+04
5.735187654320987349e+04
5.718753086419752799e+04
5.734555555555555475e+04
5.702634567901234550e+04
5.724441975308641850e+04
5.697261728395061800e+04
5.688096296296296350e+04
5.670397530864197324e+04
5.642269135802469100e+04
5.647325925925926276e+04
5.680511111111110949e+04
5.671345679012345499e+04
5.668501234567900974e+04
5.661548148148148175e+04
5.662812345679012651e+04
5.660283950617283699e+04
5.679562962962962774e+04
5.658071604938271776e+04
5.651750617283950851e+04
5.646693827160493674e+04
5.627414814814814599e+04
5.618881481481481751e+04
5.618881481481481751e+04
5.593913580246913625e+04
5.615088888888889051e+04
5.652382716049382725e+04
5.662180246913580049e+04
5.650486419753086375e+04
5.674822222222221899e+04
5.665024691358024575e+04
5.659019753086419951e+04
5.639108641975309001e+04
5.625518518518518249e+04
5.601814814814814599e+04
5.591701234567900974e+04
5.605607407407407300e+04
5.599286419753086375e+04
5.612876543209876399e+04
5.586644444444444525e+04
5.582851851851851825e+04
5.585064197530864476e+04
5.609400000000000000e+04
5.576530864197530900e+04
5.567681481481481751e+04
5.584432098765431874e+04
5.567997530864197324e+04
5.571474074074073724e+04
5.587592592592592700e+04
5.577795061728395376e+04
5.596758024691358150e+04
5.577479012345679075e+04
5.580955555555555475e+04
5.535444444444444525e+04
5.504155555555555475e+04
5.539869135802469100e+04
5.535760493827160826e+04
5.521538271604938200e+04
5.504471604938271776e+04
5.494358024691358150e+04
5.540185185185185401e+04
5.527543209876543551e+04
5.557251851851851825e+04
5.565469135802469100e+04
5.573686419753086375e+04
5.532916049382716301e+04
5.541449382716049149e+04
5.554407407407407300e+04
5.557567901234568126e+04
5.571474074074073724e+04
5.542713580246913625e+04
5.539869135802469100e+04
5.537656790123456449e+04
5.563572839506172750e+04
5.549666666666666424e+04
5.570209876543209975e+04
5.574002469135802676e+04
5.561992592592592700e+04
5.548402469135802676e+04
5.541449382716049149e+04
5.537340740740740875e+04
5.528807407407407300e+04
5.543029629629629926e+04
5.542397530864197324e+04
5.555671604938271776e+04
5.538604938271604624e+04
5.531019753086419951e+04
5.517113580246913625e+04
5.558200000000000000e+04
5.568313580246913625e+04
5.547138271604938200e+04
5.562940740740740875e+04
5.540501234567900974e+04
5.538920987654320925e+04
5.490249382716049149e+04
5.512372839506172750e+04
5.519641975308641850e+04
5.515533333333333576e+04
5.525646913580247201e+04
5.509528395061728224e+04
5.529439506172839174e+04
5.516481481481481751e+04
5.509212345679012651e+04
5.500995061728395376e+04
5.491197530864197324e+04
5.467493827160493674e+04
5.466861728395061800e+04
5.495306172839506326e+04
5.454219753086419951e+04
5.482348148148148175e+04
5.473498765432099026e+04
5.495622222222221899e+04
5.483296296296296350e+04
5.486456790123456449e+04
5.504155555555555475e+04
5.491197530864197324e+04
5.503523456790123601e+04
5.463701234567900974e+04
5.501311111111110949e+04
5.511424691358024575e+04
5.489617283950617275e+04
5.510792592592592700e+04
5.502259259259259125e+04
5.500046913580247201e+04
5.482980246913580049e+04
5.477923456790123601e+04
5.479819753086419951e+04
5.481083950617283699e+04
5.470338271604938200e+04
5.470338271604938200e+04
5.476659259259259125e+04
5.460856790123456449e+04
5.472866666666666424e+04
5.456116049382716301e+04
5.482980246913580049e+04
5.494041975308641850e+04
5.494358024691358150e+04
5.483612345679012651e+04
5.476975308641975425e+04
5.501943209876543551e+04
5.486456790123456449e+04
5.472550617283950851e+04
5.470022222222221899e+04
5.494041975308641850e+04
5.480135802469135524e+04
5.461488888888889051e+04
5.463701234567900974e+04
5.504155555555555475e+04
5.492777777777778101e+04
5.472866666666666424e+04
5.465597530864197324e+04
5.471286419753086375e+04
5.467177777777778101e+04
5.483296296296296350e+04
5.461804938271604624e+04
5.448214814814814599e+04
5.451691358024690999e+04
5.448846913580247201e+04
5.445370370370370074e+04
5.446318518518518249e+04
5.471286419753086375e+04
5.481083950617283699e+04
5.466545679012345499e+04
5.485824691358024575e+04
5.498782716049382725e+04
5.474762962962962774e+04
5.482348148148148175e+04
5.494041975308641850e+04
5.478871604938271776e+04
5.463385185185185401e+04
5.453903703703703650e+04
5.476343209876543551e+04
5.459276543209876399e+04
5.451375308641975425e+04
5.474762962962962774e+04
5.434940740740740875e+04
5.430516049382716301e+04
5.453903703703703650e+04
5.462120987654320925e+04
5.454535802469135524e+04
5.451691358024690999e+04
5.433360493827160826e+04
5.448530864197530900e+04
5.452955555555555475e+04
5.439997530864197324e+04
5.437153086419752799e+04
5.409972839506172750e+04
5.433676543209876399e+04
5.455483950617283699e+04
5.442209876543209975e+04
5.455800000000000000e+04
5.436204938271604624e+04
5.435888888888889051e+04
5.421982716049382725e+04
5.415661728395061800e+04
5.424511111111110949e+04
5.439365432098765450e+04
5.401439506172839174e+04
5.422930864197530900e+04
5.416293827160493674e+04
5.401439506172839174e+04
5.395750617283950851e+04
5.392590123456790025e+04
5.424827160493827250e+04
5.397330864197530900e+04
5.421350617283950851e+04
5.369202469135802676e+04
5.399543209876543551e+04
5.424511111111110949e+04
5.427987654320987349e+04
5.473182716049382725e+04
5.471918518518518249e+04
5.462753086419752799e+04
5.476027160493827250e+04
5.500679012345679075e+04
5.492145679012345499e+04
5.489301234567900974e+04
5.489933333333333576e+04
5.485508641975309001e+04
5.474446913580247201e+04
5.505103703703703650e+04
5.514901234567900974e+04
5.476343209876543551e+04
5.472866666666666424e+04
5.480451851851851825e+04
5.500362962962962774e+04
5.491513580246913625e+04
5.477291358024690999e+04
5.469074074074073724e+04
5.472866666666666424e+04
5.466545679012345499e+04
5.458960493827160826e+04
5.465913580246913625e+04
5.475079012345679075e+04
5.482348148148148175e+04
5.514901234567900974e+04
5.510160493827160826e+04
5.489933333333333576e+04
5.494358024691358150e+04
5.496570370370370074e+04
5.495622222222221899e+04
5.486456790123456449e+04
5.498150617283950851e+04
5.500995061728395376e+04
5.495938271604938200e+04
5.524698765432099026e+04
5.534180246913580049e+04
5.515849382716049149e+04
5.519009876543209975e+04
5.518377777777778101e+04
5.531651851851851825e+04
5.524698765432099026e+04
5.517745679012345499e+04
5.512688888888889051e+04
5.510792592592592700e+04
5.505419753086419951e+04
5.520590123456790025e+04
5.506367901234568126e+04
5.537340740740740875e+04
5.524382716049382725e+04
5.523750617283950851e+04
5.527543209876543551e+04
5.504787654320987349e+04
5.522486419753086375e+04
5.518061728395061800e+04
5.521854320987654501e+04
5.525646913580247201e+04
5.520274074074073724e+04
5.511108641975309001e+04
5.505735802469135524e+04
5.504471604938271776e+04
5.510160493827160826e+04
5.525646913580247201e+04
5.528807407407407300e+04
5.501943209876543551e+04
5.528175308641975425e+04
5.518377777777778101e+04
5.530703703703703650e+04
5.504787654320987349e+04
5.507632098765431874e+04
5.501943209876543551e+04
5.509844444444444525e+04
5.532600000000000000e+04
5.508896296296296350e+04
5.526279012345679075e+04
5.508580246913580049e+04
5.491513580246913625e+04
5.515849382716049149e+04
5.503839506172839174e+04
5.506367901234568126e+04
5.508264197530864476e+04
5.528175308641975425e+04
5.529123456790123601e+04
5.519325925925926276e+04
5.537972839506172750e+04
5.510476543209876399e+04
5.491829629629629926e+04
5.481716049382716301e+04
5.502891358024690999e+04
5.472866666666666424e+04
5.476659259259259125e+04
5.474130864197530900e+04
5.481400000000000000e+04
5.477291358024690999e+04
5.507316049382716301e+04
5.466545679012345499e+04
5.475395061728395376e+04
5.482032098765431874e+04
5.484560493827160826e+04
5.466861728395061800e+04
5.479819753086419951e+04
5.518377777777778101e+04
5.506683950617283699e+04
5.516165432098765450e+04
5.502259259259259125e+04
5.529755555555555475e+04
5.516797530864197324e+04
5.491513580246913625e+04
5.522802469135802676e+04
5.493409876543209975e+04
5.499098765432099026e+04
5.502575308641975425e+04
5.504155555555555475e+04
5.491829629629629926e+04
5.503523456790123601e+04
5.520274074074073724e+04
5.505103703703703650e+04
5.485824691358024575e+04
5.486772839506172750e+04
5.478239506172839174e+04
5.489617283950617275e+04
5.499730864197530900e+04
5.514901234567900974e+04
5.535444444444444525e+04
5.520906172839506326e+04
5.538920987654320925e+04
5.541133333333333576e+04
5.518377777777778101e+04
5.517745679012345499e+04
5.507948148148148175e+04
5.522170370370370074e+04
5.490565432098765450e+04
5.490565432098765450e+04
4.658407407407407300e+04
4.810427160493827250e+04
4.932106172839506326e+04
5.000372839506172750e+04
5.128056790123456449e+04
5.240886419753086375e+04
5.317054320987654501e+04
5.434940740740740875e+04
5.553775308641975425e+04
5.639108641975309001e+04
5.724758024691358150e+04
5.807879012345679075e+04
5.863503703703703650e+04
5.922288888888889051e+04
5.998140740740740875e+04
6.020896296296296350e+04
6.055345679012345499e+04
6.095167901234568126e+04
6.128353086419752799e+04
6.139098765432099026e+04
6.184925925925926276e+04
6.198200000000000000e+04
6.191246913580247201e+04
6.168491358024690999e+04
6.189982716049382725e+04
6.188402469135802676e+04
6.199148148148148175e+04
6.175760493827160826e+04
6.144787654320987349e+04
6.156481481481481751e+04
6.154269135802469100e+04
6.140046913580247201e+04
6.165646913580247201e+04
6.130565432098765450e+04
6.135306172839506326e+04
6.122980246913580049e+04
6.103385185185185401e+04
6.085370370370370074e+04
6.078101234567900974e+04
6.046812345679012651e+04
6.031958024691358150e+04
6.002881481481481751e+04
5.984550617283950851e+04
5.949469135802469100e+04
5.929558024691358150e+04
5.924817283950617275e+04
5.905222222222221899e+04
5.901113580246913625e+04
5.903641975308641850e+04
5.869192592592592700e+04
5.852125925925926276e+04
5.845804938271604624e+04
5.813883950617283699e+04
5.790180246913580049e+04
5.783227160493827250e+04
5.779118518518518249e+04
5.790496296296296350e+04
5.770585185185185401e+04
5.765528395061728224e+04
5.753202469135802676e+04
5.764580246913580049e+04
5.771849382716049149e+04
5.768056790123456449e+04
5.750358024691358150e+04
5.769320987654320925e+04
5.740876543209876399e+04
5.758891358024690999e+04
5.759839506172839174e+04
5.738348148148148175e+04
5.727918518518518249e+04
5.765212345679012651e+04
5.766792592592592700e+04
5.748145679012345499e+04
5.755098765432099026e+04
5.716224691358024575e+04
5.734871604938271776e+04
5.695049382716049149e+04
5.681143209876543551e+04
5.703582716049382725e+04
5.676086419753086375e+04
5.676402469135802676e+04
5.662180246913580049e+04
5.676718518518518249e+04
5.659335802469135524e+04
5.619829629629629926e+04
5.631839506172839174e+04
5.616669135802469100e+04
5.617933333333333576e+04
5.631207407407407300e+04
5.600550617283950851e+04
5.589172839506172750e+04
5.609083950617283699e+04
5.579691358024690999e+04
5.573686419753086375e+04
5.580323456790123601e+04
5.567681481481481751e+04
5.549982716049382725e+04
5.549034567901234550e+04
5.570209876543209975e+04
5.548086419753086375e+04
5.555671604938271776e+04
5.545558024691358150e+04
5.513320987654320925e+04
5.513320987654320925e+04
5.518061728395061800e+04
5.534496296296296350e+04
5.514269135802469100e+04
5.525646913580247201e+04
5.509528395061728224e+04
5.529439506172839174e+04
5.531019753086419951e+04
5.541765432098765450e+04
5.552827160493827250e+04
5.530387654320987349e+04
5.533548148148148175e+04
5.515217283950617275e+04
5.516481481481481751e+04
5.526279012345679075e+04
5.515217283950617275e+04
5.539237037037037226e+04
5.527227160493827250e+04
5.525330864197530900e+04
5.555987654320987349e+04
5.550930864197530900e+04
5.563572839506172750e+04
5.563572839506172750e+04
5.543661728395061800e+04
5.509212345679012651e+04
5.511740740740740875e+04
5.482980246913580049e+04
5.484560493827160826e+04
5.474446913580247201e+04
5.476975308641975425e+04
