0.000000000000000000e+00
1.636860000000000036e+04
1.594139999999999964e+04
1.639259999999999854e+04
1.637660000000000036e+04
1.635420000000000073e+04
1.626779999999999927e+04
1.613500000000000000e+04
1.598139999999999964e+04
1.546779999999999927e+04
1.526939999999999964e+04
1.499739999999999964e+04
1.493660000000000036e+04
1.474139999999999964e+04
1.432220000000000073e+04
1.384220000000000073e+04
1.340700000000000000e+04
1.312860000000000036e+04
1.288860000000000036e+04
1.267900000000000000e+04
1.233500000000000000e+04
1.215420000000000073e+04
1.207260000000000036e+04
1.209179999999999927e+04
1.182300000000000000e+04
1.177660000000000036e+04
1.180220000000000073e+04
1.149820000000000073e+04
1.164060000000000036e+04
1.144539999999999964e+04
1.125500000000000000e+04
1.125660000000000036e+04
1.100539999999999964e+04
1.114779999999999927e+04
1.088060000000000036e+04
1.092539999999999964e+04
1.089979999999999927e+04
1.104220000000000073e+04
1.098779999999999927e+04
1.096539999999999964e+04
1.073979999999999927e+04
1.101500000000000000e+04
1.111420000000000073e+04
1.081500000000000000e+04
1.101179999999999927e+04
1.096860000000000036e+04
1.107579999999999927e+04
1.110939999999999964e+04
1.149339999999999964e+04
1.166620000000000073e+04
1.147260000000000036e+04
1.154779999999999927e+04
1.190139999999999964e+04
1.191900000000000000e+04
1.203100000000000000e+04
1.197179999999999927e+04
1.211739999999999964e+04
1.230460000000000036e+04
1.258939999999999964e+04
1.275100000000000000e+04
1.281820000000000073e+04
1.306939999999999964e+04
1.307260000000000036e+04
1.339579999999999927e+04
1.338779999999999927e+04
1.371900000000000000e+04
1.393500000000000000e+04
1.381820000000000073e+04
1.401979999999999927e+04
1.415900000000000000e+04
1.421660000000000036e+04
1.453500000000000000e+04
1.475739999999999964e+04
1.515420000000000073e+04
1.492539999999999964e+04
1.514620000000000073e+04
1.506779999999999927e+04
1.514460000000000036e+04
1.524379999999999927e+04
1.548860000000000036e+04
1.549660000000000036e+04
1.574620000000000073e+04
1.580539999999999964e+04
1.580220000000000073e+04
1.595420000000000073e+04
1.594779999999999927e+04
1.629979999999999927e+04
1.638300000000000000e+04
1.636860000000000036e+04
1.646940000000000146e+04
1.654779999999999927e+04
1.657659999999999854e+04
1.672220000000000073e+04
1.669340000000000146e+04
1.671900000000000000e+04
1.665179999999999927e+04
1.705979999999999927e+04
1.712220000000000073e+04
1.702300000000000000e+04
1.730300000000000000e+04
1.725979999999999927e+04
1.719100000000000000e+04
1.729179999999999927e+04
1.748379999999999927e+04
1.740220000000000073e+04
1.741179999999999927e+04
1.737659999999999854e+04
1.743259999999999854e+04
1.766459999999999854e+04
1.783579999999999927e+04
1.784059999999999854e+04
1.812540000000000146e+04
1.834940000000000146e+04
1.820540000000000146e+04
1.834459999999999854e+04
1.855259999999999854e+04
1.850300000000000000e+04
1.856220000000000073e+04
1.861820000000000073e+04
1.849820000000000073e+04
1.865500000000000000e+04
1.894300000000000000e+04
1.889020000000000073e+04
1.886779999999999927e+04
1.903579999999999927e+04
1.896379999999999927e+04
1.892700000000000000e+04
1.889659999999999854e+04
1.887900000000000000e+04
1.895100000000000000e+04
1.899420000000000073e+04
1.895900000000000000e+04
1.874620000000000073e+04
1.913179999999999927e+04
1.924859999999999854e+04
1.937500000000000000e+04
1.942940000000000146e+04
1.930620000000000073e+04
1.938779999999999927e+04
1.957500000000000000e+04
1.953020000000000073e+04
1.948220000000000073e+04
1.948059999999999854e+04
1.966779999999999927e+04
1.954300000000000000e+04
1.957340000000000146e+04
1.952700000000000000e+04
1.965500000000000000e+04
1.966779999999999927e+04
1.977979999999999927e+04
1.995579999999999927e+04
1.981820000000000073e+04
1.999259999999999854e+04
1.990300000000000000e+04
1.993340000000000146e+04
1.991900000000000000e+04
1.990300000000000000e+04
1.990459999999999854e+04
1.994140000000000146e+04
2.017020000000000073e+04
2.009500000000000000e+04
2.015900000000000000e+04
2.005340000000000146e+04
2.008859999999999854e+04
2.002779999999999927e+04
2.014140000000000146e+04
2.018779999999999927e+04
2.020540000000000146e+04
2.006459999999999854e+04
2.001340000000000146e+04
2.028059999999999854e+04
2.027900000000000000e+04
2.014459999999999854e+04
2.013500000000000000e+04
2.010459999999999854e+04
2.024220000000000073e+04
2.014620000000000073e+04
2.018620000000000073e+04
2.015100000000000000e+04
1.997020000000000073e+04
2.016540000000000146e+04
2.024220000000000073e+04
2.038140000000000146e+04
2.037820000000000073e+04
2.032059999999999854e+04
2.069500000000000000e+04
2.065820000000000073e+04
2.052379999999999927e+04
2.052700000000000000e+04
2.055579999999999927e+04
2.068540000000000146e+04
2.056859999999999854e+04
2.048379999999999927e+04
2.043579999999999927e+04
2.034940000000000146e+04
2.031100000000000000e+04
2.047740000000000146e+04
2.046620000000000073e+04
2.035740000000000146e+04
2.042459999999999854e+04
2.054459999999999854e+04
2.036540000000000146e+04
2.041500000000000000e+04
2.035259999999999854e+04
2.025659999999999854e+04
2.027740000000000146e+04
2.041979999999999927e+04
2.049179999999999927e+04
2.069659999999999854e+04
2.078940000000000146e+04
2.062620000000000073e+04
2.048540000000000146e+04
2.070300000000000000e+04
2.081179999999999927e+04
2.100220000000000073e+04
2.083420000000000073e+04
2.106779999999999927e+04
2.098940000000000146e+04
2.096379999999999927e+04
2.076859999999999854e+04
2.100859999999999854e+04
2.102140000000000146e+04
2.096859999999999854e+04
2.114620000000000073e+04
2.101179999999999927e+04
2.112379999999999927e+04
2.111740000000000146e+04
2.090300000000000000e+04
2.100859999999999854e+04
2.097659999999999854e+04
2.078779999999999927e+04
2.078300000000000000e+04
2.078140000000000146e+04
2.096859999999999854e+04
2.118140000000000146e+04
2.117820000000000073e+04
2.115579999999999927e+04
2.119579999999999927e+04
2.110459999999999854e+04
2.098300000000000000e+04
2.123100000000000000e+04
2.124220000000000073e+04
2.119100000000000000e+04
2.112700000000000000e+04
2.138779999999999927e+04
2.127900000000000000e+04
2.136059999999999854e+04
2.124859999999999854e+04
2.126300000000000000e+04
2.140379999999999927e+04
2.122940000000000146e+04
2.116059999999999854e+04
2.111259999999999854e+04
2.093659999999999854e+04
2.094779999999999927e+04
2.101020000000000073e+04
2.104700000000000000e+04
2.124379999999999927e+04
2.158940000000000146e+04
2.151420000000000073e+04
2.163740000000000146e+04
2.143740000000000146e+04
2.133340000000000146e+04
2.156700000000000000e+04
2.142940000000000146e+04
2.169820000000000073e+04
2.166459999999999854e+04
2.135740000000000146e+04
2.139579999999999927e+04
2.136859999999999854e+04
2.145659999999999854e+04
2.152859999999999854e+04
2.149020000000000073e+04
2.160859999999999854e+04
2.141820000000000073e+04
2.143900000000000000e+04
2.133340000000000146e+04
2.144540000000000146e+04
2.141820000000000073e+04
2.139900000000000000e+04
2.125659999999999854e+04
2.151900000000000000e+04
2.165659999999999854e+04
2.161659999999999854e+04
2.164540000000000146e+04
2.151100000000000000e+04
2.158779999999999927e+04
2.171579999999999927e+04
2.161179999999999927e+04
2.162779999999999927e+04
2.160700000000000000e+04
2.145340000000000146e+04
2.147420000000000073e+04
2.160540000000000146e+04
2.153179999999999927e+04
2.148059999999999854e+04
2.156859999999999854e+04
2.117020000000000073e+04
2.110940000000000146e+04
2.140700000000000000e+04
2.118620000000000073e+04
2.131259999999999854e+04
2.125820000000000073e+04
2.123259999999999854e+04
2.129179999999999927e+04
2.143900000000000000e+04
2.157659999999999854e+04
2.157979999999999927e+04
2.181179999999999927e+04
2.204379999999999927e+04
2.203420000000000073e+04
2.215259999999999854e+04
2.216700000000000000e+04
2.199259999999999854e+04
2.214620000000000073e+04
2.190779999999999927e+04
2.220540000000000146e+04
2.220059999999999854e+04
2.206779999999999927e+04
2.207900000000000000e+04
2.198940000000000146e+04
2.206620000000000073e+04
2.199740000000000146e+04
2.204859999999999854e+04
2.206300000000000000e+04
2.214300000000000000e+04
2.219420000000000073e+04
2.202140000000000146e+04
2.217820000000000073e+04
2.204379999999999927e+04
2.201659999999999854e+04
2.201179999999999927e+04
2.209020000000000073e+04
2.206779999999999927e+04
2.224700000000000000e+04
2.198140000000000146e+04
2.212379999999999927e+04
2.222140000000000146e+04
2.197500000000000000e+04
2.205500000000000000e+04
2.210140000000000146e+04
2.208379999999999927e+04
2.196059999999999854e+04
2.203579999999999927e+04
2.193179999999999927e+04
2.192859999999999854e+04
2.199100000000000000e+04
2.201340000000000146e+04
2.185659999999999854e+04
2.176379999999999927e+04
2.191900000000000000e+04
2.187900000000000000e+04
2.176220000000000073e+04
2.170300000000000000e+04
2.197659999999999854e+04
2.170140000000000146e+04
2.191579999999999927e+04
2.199740000000000146e+04
2.178300000000000000e+04
2.167740000000000146e+04
2.178620000000000073e+04
2.161020000000000073e+04
2.168220000000000073e+04
2.177820000000000073e+04
2.174300000000000000e+04
2.184379999999999927e+04
2.186459999999999854e+04
2.193500000000000000e+04
2.182300000000000000e+04
2.192379999999999927e+04
2.201179999999999927e+04
2.197179999999999927e+04
2.187259999999999854e+04
2.196700000000000000e+04
2.183740000000000146e+04
2.190620000000000073e+04
2.187259999999999854e+04
2.178300000000000000e+04
2.180220000000000073e+04
2.190300000000000000e+04
2.184220000000000073e+04
3.285980000000000291e+04
3.335419999999999709e+04
3.485340000000000146e+04
3.701819999999999709e+04
3.981659999999999854e+04
4.127900000000000000e+04
4.340380000000000291e+04
4.505819999999999709e+04
4.617500000000000000e+04
4.698780000000000291e+04
4.775259999999999854e+04
4.835100000000000000e+04
4.863259999999999854e+04
4.885980000000000291e+04
4.898459999999999854e+04
4.916059999999999854e+04
4.911740000000000146e+04
4.885500000000000000e+04
4.845180000000000291e+04
4.825180000000000291e+04
4.802940000000000146e+04
4.795900000000000000e+04
4.775900000000000000e+04
4.757340000000000146e+04
4.748380000000000291e+04
4.717340000000000146e+04
4.673019999999999709e+04
4.654140000000000146e+04
4.613340000000000146e+04
4.572059999999999854e+04
4.538140000000000146e+04
4.519900000000000000e+04
4.511580000000000291e+04
4.473340000000000146e+04
4.469659999999999854e+04
4.438459999999999854e+04
4.426780000000000291e+04
4.392380000000000291e+04
4.366140000000000146e+04
4.341180000000000291e+04
4.301819999999999709e+04
4.286619999999999709e+04
4.280059999999999854e+04
4.239580000000000291e+04
4.223259999999999854e+04
4.219900000000000000e+04
4.188380000000000291e+04
4.176859999999999854e+04
4.155900000000000000e+04
4.170140000000000146e+04
4.152059999999999854e+04
4.127259999999999854e+04
4.131100000000000000e+04
4.093340000000000146e+04
4.101980000000000291e+04
4.102140000000000146e+04
4.065340000000000146e+04
4.074780000000000291e+04
4.057500000000000000e+04
4.066300000000000000e+04
4.052219999999999709e+04
4.060380000000000291e+04
4.063580000000000291e+04
4.039900000000000000e+04
4.046300000000000000e+04
4.021019999999999709e+04
4.018940000000000146e+04
4.004059999999999854e+04
3.986300000000000000e+04
3.987259999999999854e+04
4.007900000000000000e+04
3.999100000000000000e+04
3.995419999999999709e+04
4.013340000000000146e+04
4.012540000000000146e+04
4.002459999999999854e+04
4.011419999999999709e+04
4.012700000000000000e+04
3.992540000000000146e+04
3.995419999999999709e+04
3.986940000000000146e+04
3.984219999999999709e+04
3.962459999999999854e+04
3.955259999999999854e+04
3.953500000000000000e+04
3.982780000000000291e+04
3.963580000000000291e+04
3.950459999999999854e+04
3.948380000000000291e+04
3.970300000000000000e+04
3.952859999999999854e+04
3.977019999999999709e+04
3.958780000000000291e+04
3.965019999999999709e+04
3.975900000000000000e+04
3.971259999999999854e+04
3.976700000000000000e+04
3.988540000000000146e+04
3.993819999999999709e+04
3.955580000000000291e+04
3.973500000000000000e+04
3.962780000000000291e+04
3.969500000000000000e+04
3.963580000000000291e+04
3.961340000000000146e+04
3.976859999999999854e+04
3.965659999999999854e+04
3.970459999999999854e+04
3.949340000000000146e+04
3.954300000000000000e+04
3.975259999999999854e+04
3.946140000000000146e+04
3.962140000000000146e+04
3.952380000000000291e+04
3.953340000000000146e+04
3.952859999999999854e+04
3.952059999999999854e+04
3.952059999999999854e+04
3.942940000000000146e+04
3.960219999999999709e+04
3.961819999999999709e+04
3.973500000000000000e+04
3.990780000000000291e+04
3.997019999999999709e+04
4.001659999999999854e+04
4.017980000000000291e+04
4.005180000000000291e+04
3.997819999999999709e+04
4.007900000000000000e+04
3.994940000000000146e+04
4.034780000000000291e+04
4.039100000000000000e+04
4.064859999999999854e+04
4.075100000000000000e+04
4.071740000000000146e+04
4.068219999999999709e+04
4.082780000000000291e+04
4.068380000000000291e+04
4.086459999999999854e+04
4.093980000000000291e+04
4.084859999999999854e+04
4.081659999999999854e+04
4.086459999999999854e+04
4.123419999999999709e+04
4.180700000000000000e+04
4.199740000000000146e+04
4.205340000000000146e+04
4.241180000000000291e+04
4.232380000000000291e+04
4.239580000000000291e+04
4.257980000000000291e+04
4.180859999999999854e+04
4.176059999999999854e+04
4.228059999999999854e+04
4.270940000000000146e+04
4.269180000000000291e+04
4.278140000000000146e+04
4.273019999999999709e+04
4.273980000000000291e+04
4.286140000000000146e+04
4.291259999999999854e+04
4.305659999999999854e+04
4.292059999999999854e+04
4.255740000000000146e+04
4.170140000000000146e+04
4.122459999999999854e+04
4.140540000000000146e+04
4.111900000000000000e+04
4.119740000000000146e+04
4.116380000000000291e+04
4.116700000000000000e+04
4.105019999999999709e+04
4.113819999999999709e+04
4.089180000000000291e+04
4.101819999999999709e+04
4.073659999999999854e+04
4.070940000000000146e+04
4.070459999999999854e+04
4.053340000000000146e+04
4.071900000000000000e+04
4.038780000000000291e+04
4.042300000000000000e+04
4.045819999999999709e+04
4.010619999999999709e+04
4.030459999999999854e+04
4.032059999999999854e+04
4.012219999999999709e+04
4.052540000000000146e+04
4.021180000000000291e+04
4.023259999999999854e+04
4.025340000000000146e+04
4.031580000000000291e+04
4.044059999999999854e+04
4.060380000000000291e+04
4.057019999999999709e+04
4.053659999999999854e+04
4.049340000000000146e+04
4.060380000000000291e+04
4.059580000000000291e+04
4.053980000000000291e+04
4.040700000000000000e+04
4.047900000000000000e+04
4.028859999999999854e+04
4.031419999999999709e+04
4.023580000000000291e+04
4.028219999999999709e+04
4.025180000000000291e+04
4.023100000000000000e+04
3.992380000000000291e+04
3.984219999999999709e+04
3.970940000000000146e+04
3.980859999999999854e+04
3.985180000000000291e+04
3.958300000000000000e+04
3.968700000000000000e+04
3.962140000000000146e+04
3.970300000000000000e+04
3.973659999999999854e+04
3.974300000000000000e+04
3.995580000000000291e+04
3.994619999999999709e+04
4.011740000000000146e+04
3.994459999999999854e+04
4.008540000000000146e+04
4.027100000000000000e+04
4.024219999999999709e+04
4.021500000000000000e+04
4.014780000000000291e+04
4.064540000000000146e+04
4.034140000000000146e+04
4.029819999999999709e+04
4.035259999999999854e+04
4.030300000000000000e+04
4.003259999999999854e+04
4.061019999999999709e+04
4.039900000000000000e+04
4.031259999999999854e+04
4.012859999999999854e+04
4.030940000000000146e+04
4.016380000000000291e+04
4.016700000000000000e+04
4.034300000000000000e+04
4.020540000000000146e+04
4.042140000000000146e+04
4.032700000000000000e+04
4.022780000000000291e+04
4.035100000000000000e+04
4.029019999999999709e+04
4.018940000000000146e+04
4.014140000000000146e+04
3.986940000000000146e+04
4.017980000000000291e+04
3.981980000000000291e+04
3.987740000000000146e+04
3.998940000000000146e+04
3.998140000000000146e+04
3.978459999999999854e+04
3.984859999999999854e+04
4.004219999999999709e+04
3.998459999999999854e+04
4.004219999999999709e+04
4.005659999999999854e+04
3.987419999999999709e+04
3.982619999999999709e+04
3.994619999999999709e+04
3.987419999999999709e+04
4.005340000000000146e+04
4.015580000000000291e+04
4.021819999999999709e+04
4.051259999999999854e+04
4.010300000000000000e+04
4.011900000000000000e+04
4.011900000000000000e+04
4.009659999999999854e+04
4.020059999999999854e+04
4.023740000000000146e+04
4.016859999999999854e+04
3.996219999999999709e+04
4.012380000000000291e+04
4.001340000000000146e+04
4.026140000000000146e+04
4.028540000000000146e+04
4.022459999999999854e+04
4.013180000000000291e+04
4.027419999999999709e+04
4.021819999999999709e+04
4.028859999999999854e+04
4.022619999999999709e+04
4.030459999999999854e+04
4.018459999999999854e+04
4.020859999999999854e+04
4.002300000000000000e+04
4.014300000000000000e+04
4.020540000000000146e+04
4.010300000000000000e+04
4.029340000000000146e+04
4.025019999999999709e+04
4.019100000000000000e+04
4.009019999999999709e+04
4.027419999999999709e+04
4.009819999999999709e+04
4.001659999999999854e+04
4.001819999999999709e+04
3.986140000000000146e+04
3.989180000000000291e+04
3.974780000000000291e+04
3.978780000000000291e+04
3.977340000000000146e+04
3.957819999999999709e+04
3.958140000000000146e+04
3.954300000000000000e+04
3.980219999999999709e+04
3.975580000000000291e+04
3.967259999999999854e+04
3.960700000000000000e+04
3.992380000000000291e+04
4.030300000000000000e+04
4.045980000000000291e+04
4.062459999999999854e+04
4.087740000000000146e+04
4.097340000000000146e+04
4.092859999999999854e+04
4.117019999999999709e+04
4.119100000000000000e+04
4.128859999999999854e+04
4.012859999999999854e+04
4.109819999999999709e+04
4.111580000000000291e+04
4.140859999999999854e+04
4.157500000000000000e+04
4.142459999999999854e+04
4.156700000000000000e+04
4.120859999999999854e+04
4.138140000000000146e+04
4.142780000000000291e+04
4.139100000000000000e+04
4.137500000000000000e+04
4.134459999999999854e+04
4.136859999999999854e+04
4.143419999999999709e+04
4.148380000000000291e+04
4.147900000000000000e+04
4.157500000000000000e+04
4.170140000000000146e+04
4.158459999999999854e+04
4.190140000000000146e+04
4.154619999999999709e+04
4.163100000000000000e+04
4.160700000000000000e+04
4.185500000000000000e+04
4.185019999999999709e+04
4.163900000000000000e+04
4.145019999999999709e+04
4.164700000000000000e+04
4.154780000000000291e+04
4.162619999999999709e+04
4.159100000000000000e+04
4.179100000000000000e+04
4.162619999999999709e+04
4.109980000000000291e+04
4.154459999999999854e+04
4.156540000000000146e+04
4.142940000000000146e+04
4.142300000000000000e+04
4.155580000000000291e+04
4.168380000000000291e+04
4.144859999999999854e+04
4.156700000000000000e+04
4.194780000000000291e+04
4.165180000000000291e+04
4.186140000000000146e+04
4.166140000000000146e+04
4.170140000000000146e+04
4.157019999999999709e+04
4.158619999999999709e+04
4.136219999999999709e+04
4.162780000000000291e+04
4.156059999999999854e+04
4.149980000000000291e+04
4.152700000000000000e+04
4.144540000000000146e+04
4.133019999999999709e+04
4.148540000000000146e+04
4.145819999999999709e+04
4.161819999999999709e+04
4.124380000000000291e+04
4.110780000000000291e+04
4.119580000000000291e+04
4.112059999999999854e+04
4.115740000000000146e+04
4.123100000000000000e+04
4.139100000000000000e+04
4.139100000000000000e+04
3.353819999999999709e+04
3.501180000000000291e+04
3.668859999999999854e+04
3.897980000000000291e+04
4.104700000000000000e+04
4.313819999999999709e+04
4.456540000000000146e+04
4.624700000000000000e+04
4.745819999999999709e+04
4.822780000000000291e+04
4.907580625000000146e+04
4.949980000000000291e+04
4.969019999999999709e+04
5.002622499999999854e+04
5.011901875000000291e+04
5.009981874999999854e+04
5.017343125000000146e+04
5.007261250000000291e+04
4.973819999999999709e+04
4.941340000000000146e+04
4.941819999999999709e+04
4.922619999999999709e+04
4.909019999999999709e+04
4.873180000000000291e+04
4.847100000000000000e+04
4.810619999999999709e+04
4.788700000000000000e+04
4.749180000000000291e+04
4.693500000000000000e+04
4.684380000000000291e+04
4.635740000000000146e+04
4.610140000000000146e+04
4.581180000000000291e+04
4.555740000000000146e+04
4.518459999999999854e+04
4.473659999999999854e+04
4.454300000000000000e+04
4.420059999999999854e+04
4.400700000000000000e+04
4.380859999999999854e+04
4.341500000000000000e+04
4.337980000000000291e+04
4.316540000000000146e+04
4.301019999999999709e+04
4.280219999999999709e+04
4.304380000000000291e+04
4.270459999999999854e+04
4.259740000000000146e+04
4.230780000000000291e+04
4.203259999999999854e+04
4.194459999999999854e+04
4.190940000000000146e+04
4.160859999999999854e+04
4.152859999999999854e+04
4.152700000000000000e+04
4.138459999999999854e+04
4.139900000000000000e+04
4.137659999999999854e+04
4.121980000000000291e+04
4.096700000000000000e+04
4.103740000000000146e+04
4.091419999999999709e+04
4.085659999999999854e+04
4.091419999999999709e+04
4.074300000000000000e+04
4.048059999999999854e+04
4.059740000000000146e+04
4.030459999999999854e+04
4.048700000000000000e+04
4.034780000000000291e+04
4.014300000000000000e+04
4.047100000000000000e+04
4.036059999999999854e+04
4.026140000000000146e+04
4.056540000000000146e+04
4.045819999999999709e+04
4.039100000000000000e+04
4.031580000000000291e+04
4.030140000000000146e+04
4.017340000000000146e+04
4.015900000000000000e+04
4.019900000000000000e+04
3.996859999999999854e+04
4.003100000000000000e+04
4.003900000000000000e+04
4.013340000000000146e+04
3.997180000000000291e+04
3.997500000000000000e+04
4.005659999999999854e+04
4.000219999999999709e+04
3.999580000000000291e+04
3.975259999999999854e+04
4.008700000000000000e+04
4.024380000000000291e+04
4.001500000000000000e+04
4.009500000000000000e+04
4.018300000000000000e+04
4.033659999999999854e+04
4.032380000000000291e+04
4.026940000000000146e+04
4.018940000000000146e+04
4.008380000000000291e+04
4.000859999999999854e+04
4.005500000000000000e+04
3.998619999999999709e+04
4.017659999999999854e+04
4.023900000000000000e+04
3.999100000000000000e+04
4.009980000000000291e+04
4.004540000000000146e+04
4.019580000000000291e+04
4.004380000000000291e+04
4.003100000000000000e+04
3.984219999999999709e+04
3.984219999999999709e+04
3.960219999999999709e+04
3.975900000000000000e+04
3.987580000000000291e+04
3.987580000000000291e+04
3.990619999999999709e+04
4.004700000000000000e+04
4.009180000000000291e+04
4.015580000000000291e+04
4.003419999999999709e+04
4.027259999999999854e+04
4.047580000000000291e+04
4.038300000000000000e+04
4.026619999999999709e+04
4.031419999999999709e+04
4.011100000000000000e+04
4.018459999999999854e+04
4.037180000000000291e+04
4.015580000000000291e+04
4.013980000000000291e+04
4.035100000000000000e+04
4.031900000000000000e+04
4.047740000000000146e+04
4.062300000000000000e+04
4.065019999999999709e+04
4.056059999999999854e+04
4.045500000000000000e+04
4.038300000000000000e+04
4.033980000000000291e+04
4.053019999999999709e+04
4.058140000000000146e+04
4.035580000000000291e+04
4.038140000000000146e+04
4.032059999999999854e+04
4.037019999999999709e+04
4.032059999999999854e+04
4.025500000000000000e+04
4.020380000000000291e+04
4.038940000000000146e+04
4.009340000000000146e+04
4.037340000000000146e+04
4.045500000000000000e+04
4.032219999999999709e+04
4.035100000000000000e+04
4.033019999999999709e+04
4.011419999999999709e+04
4.015100000000000000e+04
4.032059999999999854e+04
4.026780000000000291e+04
4.032540000000000146e+04
4.020219999999999709e+04
4.002459999999999854e+04
4.007100000000000000e+04
4.017980000000000291e+04
4.025819999999999709e+04
4.020059999999999854e+04
4.027259999999999854e+04
4.012380000000000291e+04
3.997340000000000146e+04
3.987580000000000291e+04
3.996859999999999854e+04
3.998140000000000146e+04
4.014300000000000000e+04
4.005500000000000000e+04
4.016059999999999854e+04
4.019900000000000000e+04
4.011580000000000291e+04
4.016700000000000000e+04
4.028219999999999709e+04
4.005340000000000146e+04
4.006940000000000146e+04
4.006140000000000146e+04
4.005980000000000291e+04
3.981340000000000146e+04
4.018459999999999854e+04
3.984219999999999709e+04
4.001019999999999709e+04
4.002459999999999854e+04
3.993500000000000000e+04
4.003419999999999709e+04
3.982300000000000000e+04
3.970780000000000291e+04
3.965019999999999709e+04
3.981019999999999709e+04
3.980219999999999709e+04
3.960380000000000291e+04
3.980700000000000000e+04
3.962940000000000146e+04
3.975259999999999854e+04
3.963259999999999854e+04
3.949980000000000291e+04
3.964700000000000000e+04
3.967419999999999709e+04
3.954619999999999709e+04
3.946459999999999854e+04
3.956380000000000291e+04
3.951900000000000000e+04
3.965019999999999709e+04
3.953500000000000000e+04
3.932540000000000146e+04
3.939259999999999854e+04
3.938940000000000146e+04
3.949500000000000000e+04
3.974780000000000291e+04
3.971740000000000146e+04
4.009659999999999854e+04
4.004859999999999854e+04
4.014619999999999709e+04
3.998940000000000146e+04
4.009340000000000146e+04
4.025340000000000146e+04
4.034619999999999709e+04
4.015740000000000146e+04
4.025659999999999854e+04
4.018940000000000146e+04
4.029819999999999709e+04
4.026940000000000146e+04
4.048219999999999709e+04
4.021980000000000291e+04
4.028219999999999709e+04
4.035259999999999854e+04
4.044059999999999854e+04
4.036219999999999709e+04
4.028700000000000000e+04
3.999419999999999709e+04
4.016219999999999709e+04
4.006780000000000291e+04
4.009019999999999709e+04
4.014619999999999709e+04
4.017819999999999709e+04
3.998940000000000146e+04
3.995580000000000291e+04
3.993019999999999709e+04
3.986940000000000146e+04
3.997500000000000000e+04
3.975419999999999709e+04
3.984219999999999709e+04
3.970940000000000146e+04
3.993980000000000291e+04
3.985500000000000000e+04
3.986780000000000291e+04
3.997019999999999709e+04
3.994780000000000291e+04
3.973180000000000291e+04
3.999900000000000000e+04
3.978459999999999854e+04
3.977019999999999709e+04
3.980859999999999854e+04
3.960380000000000291e+04
3.970619999999999709e+04
3.953340000000000146e+04
3.961819999999999709e+04
3.975419999999999709e+04
3.981180000000000291e+04
3.985819999999999709e+04
3.997819999999999709e+04
3.974940000000000146e+04
3.984859999999999854e+04
3.991580000000000291e+04
3.986300000000000000e+04
3.977180000000000291e+04
3.978300000000000000e+04
3.969819999999999709e+04
3.977819999999999709e+04
3.976700000000000000e+04
3.982619999999999709e+04
3.962619999999999709e+04
3.960700000000000000e+04
3.954619999999999709e+04
3.965659999999999854e+04
3.976700000000000000e+04
3.959100000000000000e+04
3.975259999999999854e+04
3.956059999999999854e+04
3.955900000000000000e+04
3.951100000000000000e+04
3.956059999999999854e+04
3.942140000000000146e+04
3.957180000000000291e+04
3.934619999999999709e+04
3.957340000000000146e+04
3.957980000000000291e+04
3.971100000000000000e+04
3.960859999999999854e+04
3.954300000000000000e+04
3.944859999999999854e+04
3.941180000000000291e+04
3.943740000000000146e+04
3.938940000000000146e+04
3.923259999999999854e+04
3.932540000000000146e+04
3.924219999999999709e+04
3.934459999999999854e+04
3.940700000000000000e+04
3.935259999999999854e+04
3.928380000000000291e+04
3.921019999999999709e+04
3.904059999999999854e+04
3.906140000000000146e+04
3.956380000000000291e+04
3.956219999999999709e+04
3.976380000000000291e+04
3.978140000000000146e+04
3.964859999999999854e+04
3.989659999999999854e+04
3.995900000000000000e+04
4.007740000000000146e+04
4.006300000000000000e+04
4.029500000000000000e+04
4.017340000000000146e+04
4.018940000000000146e+04
4.012540000000000146e+04
4.033019999999999709e+04
4.019259999999999854e+04
4.015740000000000146e+04
4.036219999999999709e+04
4.025819999999999709e+04
4.015100000000000000e+04
4.021980000000000291e+04
4.013819999999999709e+04
4.018459999999999854e+04
4.015740000000000146e+04
4.028540000000000146e+04
4.026300000000000000e+04
4.004859999999999854e+04
4.006300000000000000e+04
4.003900000000000000e+04
4.011419999999999709e+04
4.023900000000000000e+04
4.019419999999999709e+04
4.020059999999999854e+04
4.029340000000000146e+04
4.009659999999999854e+04
4.027100000000000000e+04
4.022300000000000000e+04
3.997019999999999709e+04
4.017659999999999854e+04
4.019419999999999709e+04
3.977980000000000291e+04
4.034140000000000146e+04
3.968219999999999709e+04
4.009019999999999709e+04
3.983900000000000000e+04
4.001500000000000000e+04
3.979900000000000000e+04
3.980859999999999854e+04
3.960380000000000291e+04
3.963900000000000000e+04
3.964380000000000291e+04
4.000700000000000000e+04
3.996219999999999709e+04
4.015259999999999854e+04
4.013819999999999709e+04
4.000219999999999709e+04
4.005340000000000146e+04
4.028859999999999854e+04
4.004059999999999854e+04
4.002940000000000146e+04
4.020540000000000146e+04
4.000380000000000291e+04
3.998459999999999854e+04
4.014300000000000000e+04
3.996219999999999709e+04
4.003580000000000291e+04
3.988059999999999854e+04
3.998780000000000291e+04
3.993340000000000146e+04
3.989019999999999709e+04
3.991900000000000000e+04
4.008380000000000291e+04
4.000380000000000291e+04
3.984540000000000146e+04
3.975259999999999854e+04
3.990619999999999709e+04
3.994780000000000291e+04
3.999900000000000000e+04
3.977819999999999709e+04
3.991259999999999854e+04
3.991259999999999854e+04
3.409340000000000146e+04
3.555900000000000000e+04
3.762780000000000291e+04
3.990619999999999709e+04
4.178459999999999854e+04
4.383259999999999854e+04
4.553980000000000291e+04
4.676380000000000291e+04
4.767580000000000291e+04
4.881821250000000146e+04
4.910620625000000291e+04
4.962300624999999854e+04
4.985340625000000000e+04
4.985500624999999854e+04
4.990942500000000291e+04
4.982300624999999854e+04
4.961820625000000291e+04
4.938459999999999854e+04
4.942619999999999709e+04
4.929340000000000146e+04
4.894140000000000146e+04
4.882300000000000000e+04
4.845500000000000000e+04
4.826140000000000146e+04
4.790140000000000146e+04
4.767580000000000291e+04
4.721980000000000291e+04
4.696219999999999709e+04
4.635900000000000000e+04
4.633819999999999709e+04
4.607100000000000000e+04
4.597659999999999854e+04
4.547100000000000000e+04
4.517500000000000000e+04
4.501180000000000291e+04
4.474459999999999854e+04
4.454619999999999709e+04
4.438459999999999854e+04
4.409500000000000000e+04
4.371100000000000000e+04
4.341980000000000291e+04
4.342300000000000000e+04
4.306619999999999709e+04
4.300380000000000291e+04
4.278300000000000000e+04
4.287740000000000146e+04
4.267259999999999854e+04
4.255100000000000000e+04
4.222940000000000146e+04
4.224219999999999709e+04
4.219900000000000000e+04
4.184380000000000291e+04
4.208219999999999709e+04
4.161500000000000000e+04
4.140540000000000146e+04
4.129019999999999709e+04
4.122459999999999854e+04
4.105659999999999854e+04
4.112380000000000291e+04
4.102780000000000291e+04
4.098300000000000000e+04
4.076540000000000146e+04
4.075900000000000000e+04
4.062780000000000291e+04
4.041019999999999709e+04
4.038780000000000291e+04
4.048219999999999709e+04
4.040859999999999854e+04
4.049180000000000291e+04
4.033180000000000291e+04
4.027740000000000146e+04
4.028380000000000291e+04
4.033980000000000291e+04
4.064219999999999709e+04
4.057340000000000146e+04
4.037659999999999854e+04
4.024059999999999854e+04
4.022940000000000146e+04
4.019580000000000291e+04
4.011580000000000291e+04
4.021819999999999709e+04
4.015419999999999709e+04
4.020380000000000291e+04
3.992059999999999854e+04
3.986940000000000146e+04
3.990140000000000146e+04
3.991900000000000000e+04
3.989980000000000291e+04
3.979259999999999854e+04
3.997019999999999709e+04
3.960059999999999854e+04
3.973340000000000146e+04
3.994300000000000000e+04
3.965980000000000291e+04
3.965819999999999709e+04
3.979580000000000291e+04
3.973659999999999854e+04
3.969980000000000291e+04
3.949500000000000000e+04
3.980219999999999709e+04
3.977659999999999854e+04
3.960380000000000291e+04
3.947740000000000146e+04
3.947419999999999709e+04
3.967259999999999854e+04
3.952700000000000000e+04
3.964380000000000291e+04
3.987100000000000000e+04
3.938300000000000000e+04
3.948540000000000146e+04
3.934459999999999854e+04
3.956700000000000000e+04
3.957340000000000146e+04
3.942140000000000146e+04
3.928219999999999709e+04
3.944700000000000000e+04
3.970780000000000291e+04
3.997819999999999709e+04
3.985500000000000000e+04
4.009500000000000000e+04
4.023259999999999854e+04
4.028700000000000000e+04
4.053019999999999709e+04
4.033019999999999709e+04
4.023419999999999709e+04
4.025180000000000291e+04
4.034940000000000146e+04
4.023419999999999709e+04
4.025659999999999854e+04
4.039900000000000000e+04
4.023900000000000000e+04
4.035580000000000291e+04
4.030780000000000291e+04
4.036540000000000146e+04
4.039100000000000000e+04
4.019419999999999709e+04
4.010940000000000146e+04
4.005340000000000146e+04
4.006140000000000146e+04
4.006780000000000291e+04
4.005980000000000291e+04
4.006459999999999854e+04
4.018459999999999854e+04
4.009980000000000291e+04
4.015100000000000000e+04
3.992700000000000000e+04
4.023900000000000000e+04
4.035100000000000000e+04
3.985180000000000291e+04
3.996859999999999854e+04
3.993980000000000291e+04
4.006940000000000146e+04
4.042140000000000146e+04
4.014619999999999709e+04
4.011740000000000146e+04
4.009819999999999709e+04
3.993500000000000000e+04
3.980380000000000291e+04
3.984219999999999709e+04
3.985980000000000291e+04
3.997819999999999709e+04
3.989180000000000291e+04
3.986940000000000146e+04
3.951419999999999709e+04
3.957819999999999709e+04
3.975419999999999709e+04
3.961659999999999854e+04
3.976380000000000291e+04
4.000219999999999709e+04
4.029019999999999709e+04
3.997180000000000291e+04
4.015259999999999854e+04
4.028059999999999854e+04
4.007100000000000000e+04
4.000859999999999854e+04
4.016380000000000291e+04
4.003580000000000291e+04
4.011900000000000000e+04
4.006300000000000000e+04
4.006940000000000146e+04
4.010459999999999854e+04
4.011419999999999709e+04
3.995900000000000000e+04
3.994140000000000146e+04
3.989819999999999709e+04
4.007100000000000000e+04
3.985659999999999854e+04
3.988859999999999854e+04
3.962780000000000291e+04
3.981500000000000000e+04
4.011259999999999854e+04
3.979580000000000291e+04
3.998140000000000146e+04
4.007100000000000000e+04
3.969980000000000291e+04
4.000859999999999854e+04
4.026300000000000000e+04
4.006940000000000146e+04
3.989819999999999709e+04
3.987900000000000000e+04
3.988219999999999709e+04
3.981180000000000291e+04
3.997340000000000146e+04
3.990940000000000146e+04
4.015419999999999709e+04
4.014940000000000146e+04
3.994940000000000146e+04
4.016219999999999709e+04
3.999740000000000146e+04
3.998619999999999709e+04
3.985500000000000000e+04
4.002140000000000146e+04
3.978780000000000291e+04
3.983419999999999709e+04
3.976700000000000000e+04
3.984059999999999854e+04
3.977659999999999854e+04
4.013019999999999709e+04
4.023740000000000146e+04
4.016059999999999854e+04
4.003580000000000291e+04
4.010300000000000000e+04
4.039900000000000000e+04
4.039419999999999709e+04
4.028059999999999854e+04
4.007900000000000000e+04
4.024700000000000000e+04
4.019900000000000000e+04
4.014940000000000146e+04
4.036219999999999709e+04
4.025819999999999709e+04
4.007900000000000000e+04
4.008059999999999854e+04
4.013340000000000146e+04
3.998940000000000146e+04
3.981980000000000291e+04
3.994619999999999709e+04
3.990459999999999854e+04
3.989659999999999854e+04
4.007259999999999854e+04
4.003419999999999709e+04
4.014780000000000291e+04
3.998459999999999854e+04
3.985659999999999854e+04
4.009659999999999854e+04
3.998619999999999709e+04
4.007740000000000146e+04
4.018140000000000146e+04
4.012540000000000146e+04
3.983580000000000291e+04
3.976380000000000291e+04
3.985500000000000000e+04
3.977659999999999854e+04
3.990140000000000146e+04
3.982140000000000146e+04
3.974780000000000291e+04
3.991580000000000291e+04
3.988380000000000291e+04
3.969180000000000291e+04
3.973819999999999709e+04
3.972059999999999854e+04
3.968059999999999854e+04
3.965500000000000000e+04
3.983100000000000000e+04
3.967100000000000000e+04
3.964859999999999854e+04
3.956219999999999709e+04
3.950940000000000146e+04
3.937180000000000291e+04
3.944700000000000000e+04
3.944700000000000000e+04
3.959419999999999709e+04
3.953819999999999709e+04
3.937819999999999709e+04
3.930940000000000146e+04
3.933980000000000291e+04
3.930940000000000146e+04
3.916380000000000291e+04
3.929980000000000291e+04
3.947419999999999709e+04
3.929980000000000291e+04
3.945980000000000291e+04
3.941340000000000146e+04
3.938459999999999854e+04
3.941659999999999854e+04
3.918619999999999709e+04
3.927740000000000146e+04
3.912380000000000291e+04
3.914780000000000291e+04
3.913180000000000291e+04
3.914459999999999854e+04
3.899740000000000146e+04
3.924700000000000000e+04
3.923419999999999709e+04
3.904859999999999854e+04
3.912700000000000000e+04
3.881500000000000000e+04
3.935259999999999854e+04
3.902140000000000146e+04
3.906140000000000146e+04
3.887259999999999854e+04
3.903259999999999854e+04
3.913980000000000291e+04
3.904859999999999854e+04
3.897659999999999854e+04
3.896059999999999854e+04
3.892540000000000146e+04
3.889659999999999854e+04
3.890940000000000146e+04
3.907100000000000000e+04
3.883100000000000000e+04
3.910140000000000146e+04
3.924219999999999709e+04
3.975740000000000146e+04
3.970619999999999709e+04
3.985180000000000291e+04
4.015259999999999854e+04
4.025500000000000000e+04
4.036219999999999709e+04
4.051100000000000000e+04
4.090300000000000000e+04
4.072219999999999709e+04
4.048859999999999854e+04
4.072859999999999854e+04
4.079100000000000000e+04
4.087100000000000000e+04
4.085019999999999709e+04
4.093019999999999709e+04
4.091259999999999854e+04
4.082619999999999709e+04
4.077980000000000291e+04
4.078300000000000000e+04
4.099900000000000000e+04
4.104540000000000146e+04
4.085500000000000000e+04
4.073340000000000146e+04
4.088540000000000146e+04
4.094619999999999709e+04
4.100859999999999854e+04
4.097019999999999709e+04
4.107740000000000146e+04
4.107900000000000000e+04
4.105340000000000146e+04
4.090459999999999854e+04
4.112380000000000291e+04
4.098619999999999709e+04
4.087580000000000291e+04
4.097659999999999854e+04
4.084700000000000000e+04
4.085180000000000291e+04
4.062459999999999854e+04
4.059100000000000000e+04
4.088859999999999854e+04
4.079900000000000000e+04
4.045019999999999709e+04
4.063900000000000000e+04
4.069500000000000000e+04
4.055580000000000291e+04
4.048859999999999854e+04
4.046459999999999854e+04
4.036380000000000291e+04
4.052219999999999709e+04
4.106300000000000000e+04
4.078300000000000000e+04
4.076380000000000291e+04
4.073500000000000000e+04
4.057980000000000291e+04
4.087740000000000146e+04
4.067419999999999709e+04
4.066619999999999709e+04
4.051900000000000000e+04
4.060380000000000291e+04
4.065659999999999854e+04
4.055740000000000146e+04
4.064540000000000146e+04
4.060059999999999854e+04
4.051580000000000291e+04
4.052059999999999854e+04
4.075740000000000146e+04
4.077340000000000146e+04
4.095259999999999854e+04
4.077019999999999709e+04
4.085980000000000291e+04
4.064059999999999854e+04
4.046300000000000000e+04
4.058140000000000146e+04
4.107900000000000000e+04
4.052700000000000000e+04
4.047740000000000146e+04
4.058619999999999709e+04
4.067100000000000000e+04
4.065819999999999709e+04
3.424059999999999854e+04
3.510459999999999854e+04
3.684859999999999854e+04
3.921340000000000146e+04
4.096859999999999854e+04
4.346300000000000000e+04
4.496059999999999854e+04
4.638619999999999709e+04
4.747740000000000146e+04
4.876380000000000291e+04
4.911581250000000000e+04
4.973662500000000000e+04
5.003101249999999709e+04
5.038942500000000291e+04
4.989659999999999854e+04
5.033181250000000000e+04
5.011580625000000146e+04
4.998140000000000146e+04
4.997823124999999709e+04
4.984861250000000291e+04
4.964219999999999709e+04
4.924380000000000291e+04
4.921659999999999854e+04
4.880700000000000000e+04
4.843419999999999709e+04
4.812059999999999854e+04
4.785340000000000146e+04
4.743100000000000000e+04
4.719100000000000000e+04
4.693659999999999854e+04
4.663580000000000291e+04
4.632700000000000000e+04
4.603580000000000291e+04
4.585180000000000291e+04
4.558140000000000146e+04
4.545980000000000291e+04
4.503900000000000000e+04
4.476540000000000146e+04
4.440380000000000291e+04
4.419419999999999709e+04
4.413180000000000291e+04
4.369019999999999709e+04
4.359419999999999709e+04
4.339419999999999709e+04
4.332219999999999709e+04
4.329819999999999709e+04
4.304540000000000146e+04
4.275740000000000146e+04
4.252059999999999854e+04
4.241019999999999709e+04
4.225659999999999854e+04
4.207419999999999709e+04
4.217500000000000000e+04
4.201659999999999854e+04
4.189500000000000000e+04
4.180700000000000000e+04
4.168380000000000291e+04
4.153340000000000146e+04
4.136540000000000146e+04
4.149980000000000291e+04
4.146140000000000146e+04
4.135100000000000000e+04
4.130140000000000146e+04
4.119259999999999854e+04
4.114140000000000146e+04
4.101819999999999709e+04
4.128540000000000146e+04
4.106300000000000000e+04
4.097019999999999709e+04
4.115580000000000291e+04
4.146940000000000146e+04
4.109659999999999854e+04
4.106459999999999854e+04
4.118780000000000291e+04
4.097019999999999709e+04
4.090300000000000000e+04
4.093340000000000146e+04
4.094780000000000291e+04
4.076700000000000000e+04
4.075900000000000000e+04
4.067419999999999709e+04
4.063259999999999854e+04
4.078300000000000000e+04
4.048700000000000000e+04
4.049019999999999709e+04
4.051100000000000000e+04
4.046619999999999709e+04
4.044059999999999854e+04
4.037819999999999709e+04
4.027419999999999709e+04
4.036380000000000291e+04
4.025019999999999709e+04
4.036380000000000291e+04
4.041500000000000000e+04
4.025500000000000000e+04
4.033500000000000000e+04
4.072859999999999854e+04
4.042459999999999854e+04
4.065340000000000146e+04
4.059740000000000146e+04
4.070140000000000146e+04
4.041659999999999854e+04
4.043259999999999854e+04
4.035259999999999854e+04
4.051580000000000291e+04
4.049819999999999709e+04
4.053980000000000291e+04
4.066780000000000291e+04
4.054780000000000291e+04
4.073340000000000146e+04
4.052059999999999854e+04
4.056540000000000146e+04
4.043580000000000291e+04
4.056700000000000000e+04
4.052059999999999854e+04
4.059900000000000000e+04
4.090300000000000000e+04
4.095580000000000291e+04
4.101980000000000291e+04
4.109819999999999709e+04
4.090619999999999709e+04
4.107419999999999709e+04
4.095740000000000146e+04
4.116380000000000291e+04
4.109340000000000146e+04
4.109659999999999854e+04
4.092219999999999709e+04
4.076380000000000291e+04
4.081659999999999854e+04
4.099100000000000000e+04
4.099580000000000291e+04
4.085819999999999709e+04
4.096059999999999854e+04
4.155419999999999709e+04
4.132700000000000000e+04
4.111740000000000146e+04
4.102940000000000146e+04
4.116540000000000146e+04
4.108700000000000000e+04
4.088540000000000146e+04
4.098780000000000291e+04
4.099900000000000000e+04
4.095419999999999709e+04
4.116380000000000291e+04
4.110780000000000291e+04
4.104859999999999854e+04
4.092219999999999709e+04
4.079580000000000291e+04
4.087740000000000146e+04
4.087740000000000146e+04
4.097819999999999709e+04
4.072859999999999854e+04
4.089500000000000000e+04
4.093340000000000146e+04
4.097340000000000146e+04
4.104700000000000000e+04
4.106940000000000146e+04
4.106780000000000291e+04
4.110140000000000146e+04
4.119100000000000000e+04
4.119259999999999854e+04
4.107900000000000000e+04
4.084380000000000291e+04
4.075419999999999709e+04
4.063580000000000291e+04
4.080380000000000291e+04
4.073340000000000146e+04
4.076380000000000291e+04
4.082619999999999709e+04
4.090300000000000000e+04
4.102619999999999709e+04
4.087100000000000000e+04
4.092859999999999854e+04
4.085659999999999854e+04
4.071259999999999854e+04
4.106140000000000146e+04
4.075419999999999709e+04
4.078300000000000000e+04
4.093659999999999854e+04
4.100059999999999854e+04
4.076380000000000291e+04
4.068859999999999854e+04
4.066780000000000291e+04
4.065659999999999854e+04
4.076540000000000146e+04
4.054140000000000146e+04
4.057180000000000291e+04
4.074940000000000146e+04
4.066780000000000291e+04
4.049180000000000291e+04
4.034619999999999709e+04
4.063740000000000146e+04
4.058780000000000291e+04
4.050140000000000146e+04
4.059900000000000000e+04
4.045500000000000000e+04
4.045819999999999709e+04
4.054459999999999854e+04
4.045019999999999709e+04
4.047740000000000146e+04
4.048859999999999854e+04
4.052059999999999854e+04
4.063900000000000000e+04
4.057500000000000000e+04
4.067900000000000000e+04
4.061180000000000291e+04
4.042459999999999854e+04
4.056859999999999854e+04
4.056380000000000291e+04
4.048059999999999854e+04
4.073340000000000146e+04
4.032380000000000291e+04
4.019580000000000291e+04
4.053340000000000146e+04
4.059100000000000000e+04
4.074300000000000000e+04
4.080700000000000000e+04
4.085980000000000291e+04
4.080700000000000000e+04
4.096380000000000291e+04
4.082140000000000146e+04
4.080700000000000000e+04
4.080859999999999854e+04
4.071740000000000146e+04
4.075900000000000000e+04
4.084700000000000000e+04
4.071900000000000000e+04
4.082140000000000146e+04
4.065819999999999709e+04
4.067740000000000146e+04
4.055900000000000000e+04
4.052859999999999854e+04
4.039900000000000000e+04
4.018780000000000291e+04
4.034459999999999854e+04
4.042619999999999709e+04
4.029500000000000000e+04
4.021500000000000000e+04
4.044059999999999854e+04
4.051259999999999854e+04
4.057019999999999709e+04
4.051580000000000291e+04
4.064380000000000291e+04
4.067259999999999854e+04
4.043740000000000146e+04
4.079419999999999709e+04
4.061500000000000000e+04
4.033500000000000000e+04
4.049980000000000291e+04
4.034780000000000291e+04
4.030459999999999854e+04
4.032859999999999854e+04
4.046619999999999709e+04
4.032700000000000000e+04
4.033500000000000000e+04
4.024380000000000291e+04
4.012380000000000291e+04
4.017019999999999709e+04
4.017340000000000146e+04
4.021819999999999709e+04
4.001659999999999854e+04
3.982619999999999709e+04
4.000700000000000000e+04
4.003419999999999709e+04
4.022940000000000146e+04
4.023900000000000000e+04
4.025180000000000291e+04
4.029340000000000146e+04
4.052540000000000146e+04
4.034619999999999709e+04
4.029019999999999709e+04
4.042780000000000291e+04
4.033500000000000000e+04
4.028700000000000000e+04
4.036380000000000291e+04
4.030300000000000000e+04
4.020219999999999709e+04
4.043419999999999709e+04
4.021819999999999709e+04
4.044540000000000146e+04
4.029019999999999709e+04
4.019419999999999709e+04
4.005180000000000291e+04
4.017340000000000146e+04
4.005500000000000000e+04
3.988380000000000291e+04
4.007419999999999709e+04
3.999419999999999709e+04
4.005019999999999709e+04
3.997019999999999709e+04
4.007259999999999854e+04
3.987900000000000000e+04
3.988380000000000291e+04
3.984380000000000291e+04
3.968380000000000291e+04
3.953819999999999709e+04
3.967740000000000146e+04
3.980540000000000146e+04
3.968700000000000000e+04
3.970140000000000146e+04
3.961500000000000000e+04
3.966459999999999854e+04
3.938619999999999709e+04
3.965019999999999709e+04
3.968540000000000146e+04
3.976380000000000291e+04
3.979740000000000146e+04
3.959740000000000146e+04
3.957500000000000000e+04
3.955900000000000000e+04
3.953819999999999709e+04
3.992859999999999854e+04
3.993340000000000146e+04
4.010140000000000146e+04
4.021180000000000291e+04
4.057819999999999709e+04
4.042140000000000146e+04
4.034619999999999709e+04
4.049180000000000291e+04
4.038300000000000000e+04
4.071100000000000000e+04
4.062940000000000146e+04
4.052380000000000291e+04
4.073819999999999709e+04
4.076219999999999709e+04
4.065500000000000000e+04
4.070459999999999854e+04
4.080380000000000291e+04
4.050459999999999854e+04
4.064219999999999709e+04
4.062619999999999709e+04
4.058459999999999854e+04
4.055259999999999854e+04
4.069340000000000146e+04
4.060859999999999854e+04
4.034140000000000146e+04
4.057819999999999709e+04
4.086300000000000000e+04
4.078140000000000146e+04
4.079740000000000146e+04
4.083419999999999709e+04
4.088059999999999854e+04
4.093980000000000291e+04
4.084859999999999854e+04
4.081980000000000291e+04
4.068380000000000291e+04
4.068380000000000291e+04
4.069500000000000000e+04
4.075580000000000291e+04
4.072540000000000146e+04
4.095100000000000000e+04
4.061180000000000291e+04
4.074940000000000146e+04
4.084540000000000146e+04
4.098940000000000146e+04
4.088859999999999854e+04
4.088700000000000000e+04
4.069659999999999854e+04
4.055259999999999854e+04
4.066780000000000291e+04
4.089819999999999709e+04
4.100540000000000146e+04
4.094459999999999854e+04
4.112700000000000000e+04
4.107580000000000291e+04
4.116700000000000000e+04
4.103740000000000146e+04
4.097500000000000000e+04
4.097180000000000291e+04
4.068540000000000146e+04
4.091259999999999854e+04
4.070619999999999709e+04
4.076700000000000000e+04
4.088380000000000291e+04
4.066619999999999709e+04
4.076219999999999709e+04
4.068059999999999854e+04
4.056059999999999854e+04
4.070459999999999854e+04
4.086940000000000146e+04
4.068219999999999709e+04
4.057180000000000291e+04
4.066459999999999854e+04
4.064219999999999709e+04
4.063740000000000146e+04
4.069659999999999854e+04
4.075900000000000000e+04
4.090780000000000291e+04
4.088700000000000000e+04
4.073500000000000000e+04
4.062940000000000146e+04
4.056700000000000000e+04
4.056700000000000000e+04
3.382780000000000291e+04
3.543900000000000000e+04
3.719259999999999854e+04
3.958300000000000000e+04
4.187740000000000146e+04
4.352859999999999854e+04
4.535900000000000000e+04
4.672059999999999854e+04
4.783419999999999709e+04
4.892862500000000000e+04
4.937182499999999709e+04
4.956221875000000000e+04
4.989023124999999709e+04
4.975261250000000291e+04
4.988860624999999709e+04
5.013821875000000000e+04
5.016381250000000000e+04
5.019741874999999709e+04
5.006781874999999854e+04
4.968700000000000000e+04
4.949819999999999709e+04
4.952060624999999709e+04
4.893019999999999709e+04
4.861180000000000291e+04
4.833180000000000291e+04
4.804380000000000291e+04
4.778459999999999854e+04
4.742619999999999709e+04
4.684859999999999854e+04
4.666940000000000146e+04
4.646780000000000291e+04
4.608700000000000000e+04
4.588059999999999854e+04
4.540219999999999709e+04
4.520219999999999709e+04
4.513659999999999854e+04
4.470940000000000146e+04
4.445819999999999709e+04
4.432859999999999854e+04
4.387900000000000000e+04
4.394619999999999709e+04
4.361500000000000000e+04
4.346780000000000291e+04
4.333500000000000000e+04
4.329180000000000291e+04
4.306459999999999854e+04
4.295100000000000000e+04
4.277659999999999854e+04
4.264540000000000146e+04
4.258300000000000000e+04
4.239900000000000000e+04
4.211580000000000291e+04
4.204219999999999709e+04
4.202459999999999854e+04
4.224859999999999854e+04
4.194300000000000000e+04
4.184540000000000146e+04
4.150300000000000000e+04
4.145019999999999709e+04
4.146619999999999709e+04
4.149980000000000291e+04
4.126619999999999709e+04
4.113659999999999854e+04
4.100380000000000291e+04
4.093819999999999709e+04
4.083580000000000291e+04
4.098619999999999709e+04
4.099900000000000000e+04
4.087580000000000291e+04
4.093980000000000291e+04
4.085500000000000000e+04
4.091259999999999854e+04
4.069980000000000291e+04
4.102940000000000146e+04
4.075419999999999709e+04
4.078140000000000146e+04
4.080059999999999854e+04
4.068540000000000146e+04
4.061500000000000000e+04
4.066940000000000146e+04
4.074300000000000000e+04
4.075259999999999854e+04
4.054940000000000146e+04
4.065340000000000146e+04
4.044059999999999854e+04
4.041340000000000146e+04
4.053819999999999709e+04
4.026619999999999709e+04
4.041180000000000291e+04
4.035259999999999854e+04
4.036059999999999854e+04
4.045180000000000291e+04
4.029659999999999854e+04
4.035100000000000000e+04
4.015580000000000291e+04
4.025180000000000291e+04
4.035419999999999709e+04
4.024059999999999854e+04
4.043740000000000146e+04
4.010300000000000000e+04
4.005340000000000146e+04
4.020219999999999709e+04
4.003900000000000000e+04
4.003900000000000000e+04
4.016700000000000000e+04
3.996859999999999854e+04
3.982300000000000000e+04
3.983900000000000000e+04
4.001500000000000000e+04
3.990140000000000146e+04
3.986300000000000000e+04
3.989659999999999854e+04
3.983100000000000000e+04
3.984700000000000000e+04
3.999580000000000291e+04
3.990940000000000146e+04
4.022940000000000146e+04
4.029659999999999854e+04
4.010780000000000291e+04
4.016219999999999709e+04
4.049019999999999709e+04
4.036700000000000000e+04
4.066140000000000146e+04
4.040059999999999854e+04
4.043900000000000000e+04
4.066619999999999709e+04
4.053180000000000291e+04
4.073980000000000291e+04
4.095419999999999709e+04
4.059900000000000000e+04
4.065340000000000146e+04
4.046619999999999709e+04
4.060380000000000291e+04
4.054140000000000146e+04
4.053180000000000291e+04
4.052219999999999709e+04
4.054459999999999854e+04
4.052700000000000000e+04
4.049980000000000291e+04
4.051740000000000146e+04
4.041980000000000291e+04
4.054300000000000000e+04
4.033659999999999854e+04
4.036059999999999854e+04
4.057980000000000291e+04
4.018459999999999854e+04
4.039259999999999854e+04
4.020380000000000291e+04
4.026780000000000291e+04
4.024700000000000000e+04
4.016380000000000291e+04
4.035100000000000000e+04
4.037340000000000146e+04
4.040059999999999854e+04
4.039580000000000291e+04
3.997500000000000000e+04
4.035900000000000000e+04
4.009500000000000000e+04
4.007900000000000000e+04
4.002619999999999709e+04
4.009340000000000146e+04
3.978140000000000146e+04
3.979419999999999709e+04
4.002140000000000146e+04
4.017980000000000291e+04
4.006459999999999854e+04
4.030619999999999709e+04
4.022300000000000000e+04
4.048540000000000146e+04
4.056219999999999709e+04
4.039100000000000000e+04
4.045019999999999709e+04
4.021340000000000146e+04
4.028700000000000000e+04
3.999900000000000000e+04
4.021019999999999709e+04
4.001019999999999709e+04
4.012059999999999854e+04
4.026619999999999709e+04
4.020380000000000291e+04
4.005500000000000000e+04
4.043740000000000146e+04
4.017659999999999854e+04
4.038940000000000146e+04
4.035740000000000146e+04
4.011259999999999854e+04
4.013180000000000291e+04
4.021819999999999709e+04
4.023100000000000000e+04
4.026619999999999709e+04
4.007580000000000291e+04
4.016219999999999709e+04
4.007259999999999854e+04
4.014780000000000291e+04
3.999419999999999709e+04
3.997019999999999709e+04
4.001500000000000000e+04
4.015419999999999709e+04
3.991100000000000000e+04
4.004380000000000291e+04
3.998300000000000000e+04
4.001340000000000146e+04
4.004859999999999854e+04
4.002940000000000146e+04
3.986619999999999709e+04
3.995419999999999709e+04
3.997819999999999709e+04
3.975100000000000000e+04
3.978459999999999854e+04
3.981659999999999854e+04
3.960219999999999709e+04
3.973980000000000291e+04
3.987740000000000146e+04
3.997980000000000291e+04
3.985980000000000291e+04
3.974459999999999854e+04
3.994140000000000146e+04
4.007259999999999854e+04
4.018780000000000291e+04
4.000380000000000291e+04
4.018619999999999709e+04
4.028859999999999854e+04
3.999580000000000291e+04
3.977819999999999709e+04
3.995419999999999709e+04
4.002459999999999854e+04
4.007100000000000000e+04
3.980540000000000146e+04
4.005180000000000291e+04
3.992540000000000146e+04
4.008700000000000000e+04
3.990940000000000146e+04
3.983259999999999854e+04
3.972700000000000000e+04
3.958459999999999854e+04
3.957980000000000291e+04
3.968059999999999854e+04
3.982459999999999854e+04
3.983900000000000000e+04
3.985819999999999709e+04
3.983740000000000146e+04
3.990140000000000146e+04
3.980859999999999854e+04
3.981180000000000291e+04
3.982140000000000146e+04
3.988059999999999854e+04
3.981659999999999854e+04
3.967900000000000000e+04
3.972859999999999854e+04
3.973180000000000291e+04
3.971100000000000000e+04
3.979580000000000291e+04
3.962780000000000291e+04
3.959580000000000291e+04
3.947900000000000000e+04
3.962300000000000000e+04
3.947740000000000146e+04
3.912700000000000000e+04
3.905500000000000000e+04
3.933819999999999709e+04
3.952219999999999709e+04
3.949340000000000146e+04
3.949500000000000000e+04
3.953819999999999709e+04
3.971259999999999854e+04
3.952219999999999709e+04
3.950780000000000291e+04
3.952859999999999854e+04
3.955580000000000291e+04
3.930780000000000291e+04
3.921980000000000291e+04
3.926780000000000291e+04
3.958619999999999709e+04
3.955100000000000000e+04
3.954300000000000000e+04
3.962780000000000291e+04
3.960380000000000291e+04
3.979740000000000146e+04
3.957659999999999854e+04
3.951740000000000146e+04
3.941819999999999709e+04
3.968059999999999854e+04
3.932219999999999709e+04
3.911100000000000000e+04
3.920540000000000146e+04
3.923900000000000000e+04
3.930619999999999709e+04
3.922459999999999854e+04
3.922619999999999709e+04
3.921180000000000291e+04
3.919419999999999709e+04
3.931900000000000000e+04
3.949500000000000000e+04
3.945180000000000291e+04
3.928219999999999709e+04
3.917980000000000291e+04
3.922140000000000146e+04
3.895419999999999709e+04
3.909019999999999709e+04
3.890940000000000146e+04
3.906459999999999854e+04
3.901500000000000000e+04
3.900219999999999709e+04
3.882940000000000146e+04
3.892059999999999854e+04
3.884219999999999709e+04
3.876380000000000291e+04
3.883259999999999854e+04
3.856380000000000291e+04
3.895259999999999854e+04
3.938459999999999854e+04
3.942780000000000291e+04
3.987100000000000000e+04
3.984380000000000291e+04
4.003580000000000291e+04
4.024700000000000000e+04
4.014300000000000000e+04
4.016219999999999709e+04
4.041180000000000291e+04
4.034459999999999854e+04
4.049180000000000291e+04
4.068219999999999709e+04
4.056380000000000291e+04
4.030459999999999854e+04
4.051259999999999854e+04
4.098780000000000291e+04
4.072380000000000291e+04
4.080059999999999854e+04
4.060859999999999854e+04
4.041340000000000146e+04
4.053659999999999854e+04
4.071100000000000000e+04
4.061659999999999854e+04
4.056859999999999854e+04
4.064219999999999709e+04
4.084700000000000000e+04
4.091580000000000291e+04
4.071900000000000000e+04
4.081340000000000146e+04
4.097500000000000000e+04
4.082140000000000146e+04
4.089180000000000291e+04
4.090140000000000146e+04
4.072219999999999709e+04
4.076540000000000146e+04
4.067740000000000146e+04
4.095419999999999709e+04
4.082459999999999854e+04
4.090619999999999709e+04
4.092380000000000291e+04
4.075740000000000146e+04
4.080380000000000291e+04
4.080700000000000000e+04
4.088059999999999854e+04
4.078140000000000146e+04
4.073340000000000146e+04
4.069819999999999709e+04
4.065819999999999709e+04
4.060540000000000146e+04
4.078780000000000291e+04
4.064700000000000000e+04
4.078300000000000000e+04
4.065819999999999709e+04
4.089500000000000000e+04
4.064700000000000000e+04
4.067419999999999709e+04
4.077659999999999854e+04
4.069659999999999854e+04
4.078780000000000291e+04
4.074619999999999709e+04
4.061500000000000000e+04
4.076380000000000291e+04
4.062140000000000146e+04
4.060540000000000146e+04
4.065500000000000000e+04
4.040059999999999854e+04
4.029819999999999709e+04
4.065980000000000291e+04
4.033819999999999709e+04
4.038300000000000000e+04
4.036059999999999854e+04
4.017180000000000291e+04
4.004859999999999854e+04
4.020059999999999854e+04
4.039740000000000146e+04
4.049500000000000000e+04
4.031580000000000291e+04
4.025500000000000000e+04
4.028059999999999854e+04
4.035740000000000146e+04
4.024219999999999709e+04
4.011580000000000291e+04
4.011580000000000291e+04
3.431259999999999854e+04
3.608700000000000000e+04
3.825659999999999854e+04
4.068380000000000291e+04
4.273180000000000291e+04
4.471419999999999709e+04
4.598140000000000146e+04
4.729980000000000291e+04
4.849340625000000000e+04
4.901022499999999854e+04
4.973823124999999709e+04
5.011584375000000000e+04
5.022143125000000146e+04
5.044065000000000146e+04
5.026303125000000000e+04
5.028541874999999709e+04
5.038463749999999709e+04
5.021501249999999709e+04
5.007741249999999854e+04
4.992861250000000291e+04
4.984060624999999709e+04
4.942300624999999854e+04
4.912859999999999854e+04
4.906140000000000146e+04
4.875900000000000000e+04
4.848540000000000146e+04
4.816540000000000146e+04
4.765980000000000291e+04
4.719900000000000000e+04
4.690300000000000000e+04
4.649819999999999709e+04
4.642619999999999709e+04
4.577500000000000000e+04
4.565340000000000146e+04
4.521659999999999854e+04
4.535740000000000146e+04
4.479100000000000000e+04
4.463419999999999709e+04
4.432540000000000146e+04
4.408859999999999854e+04
4.408700000000000000e+04
4.378140000000000146e+04
4.388380000000000291e+04
4.359100000000000000e+04
4.355100000000000000e+04
4.335100000000000000e+04
4.343900000000000000e+04
4.283740000000000146e+04
4.272219999999999709e+04
4.254300000000000000e+04
4.238300000000000000e+04
4.222300000000000000e+04
4.219900000000000000e+04
4.219419999999999709e+04
4.202940000000000146e+04
4.178140000000000146e+04
4.158459999999999854e+04
4.153659999999999854e+04
4.155100000000000000e+04
4.123580000000000291e+04
4.129019999999999709e+04
4.123580000000000291e+04
4.123419999999999709e+04
4.125659999999999854e+04
4.117180000000000291e+04
4.108859999999999854e+04
4.114459999999999854e+04
4.130140000000000146e+04
4.113659999999999854e+04
4.107100000000000000e+04
4.097500000000000000e+04
4.103740000000000146e+04
4.104380000000000291e+04
4.091580000000000291e+04
4.092700000000000000e+04
4.081659999999999854e+04
4.103740000000000146e+04
4.094940000000000146e+04
4.102459999999999854e+04
4.100859999999999854e+04
4.093659999999999854e+04
4.100700000000000000e+04
4.085019999999999709e+04
4.094780000000000291e+04
4.084219999999999709e+04
4.065500000000000000e+04
4.070940000000000146e+04
4.079419999999999709e+04
4.125500000000000000e+04
4.103419999999999709e+04
4.082619999999999709e+04
4.089340000000000146e+04
4.067580000000000291e+04
4.085019999999999709e+04
4.092540000000000146e+04
4.087900000000000000e+04
4.073659999999999854e+04
4.063259999999999854e+04
3.968859999999999854e+04
3.969980000000000291e+04
4.072219999999999709e+04
4.078140000000000146e+04
4.090300000000000000e+04
4.094619999999999709e+04
4.060059999999999854e+04
4.078619999999999709e+04
4.084380000000000291e+04
3.897981874999999854e+04
3.932383125000000291e+04
3.953503125000000000e+04
3.912383125000000291e+04
3.960064375000000291e+04
3.980062500000000000e+04
4.079580000000000291e+04
4.050459999999999854e+04
4.073819999999999709e+04
4.063419999999999709e+04
4.094140000000000146e+04
4.099900000000000000e+04
4.133980000000000291e+04
4.196380000000000291e+04
4.211419999999999709e+04
4.194619999999999709e+04
4.170940000000000146e+04
4.188380000000000291e+04
4.193180000000000291e+04
4.189659999999999854e+04
4.147900000000000000e+04
4.115900000000000000e+04
4.107900000000000000e+04
4.067100000000000000e+04
4.061980000000000291e+04
4.039419999999999709e+04
4.050780000000000291e+04
4.007100000000000000e+04
4.004859999999999854e+04
4.002459999999999854e+04
4.003419999999999709e+04
3.990940000000000146e+04
4.012540000000000146e+04
4.018940000000000146e+04
4.025019999999999709e+04
3.989180000000000291e+04
3.977340000000000146e+04
4.005180000000000291e+04
4.017340000000000146e+04
4.002140000000000146e+04
4.002780000000000291e+04
4.000700000000000000e+04
3.998619999999999709e+04
3.995419999999999709e+04
3.987100000000000000e+04
4.001659999999999854e+04
3.991900000000000000e+04
4.005019999999999709e+04
3.997659999999999854e+04
3.986459999999999854e+04
3.981019999999999709e+04
3.992700000000000000e+04
3.994300000000000000e+04
4.004859999999999854e+04
4.029340000000000146e+04
4.028540000000000146e+04
4.042940000000000146e+04
4.061340000000000146e+04
4.056380000000000291e+04
4.039740000000000146e+04
4.062780000000000291e+04
4.061019999999999709e+04
4.073500000000000000e+04
4.051740000000000146e+04
4.058300000000000000e+04
4.053980000000000291e+04
4.056700000000000000e+04
4.055740000000000146e+04
4.053180000000000291e+04
4.063100000000000000e+04
4.066140000000000146e+04
4.050940000000000146e+04
4.045659999999999854e+04
4.075900000000000000e+04
4.051900000000000000e+04
4.049019999999999709e+04
4.043740000000000146e+04
4.045019999999999709e+04
4.046940000000000146e+04
4.057659999999999854e+04
4.045659999999999854e+04
4.052859999999999854e+04
4.042780000000000291e+04
4.044380000000000291e+04
4.057180000000000291e+04
4.051740000000000146e+04
4.047259999999999854e+04
4.056540000000000146e+04
4.030140000000000146e+04
4.054140000000000146e+04
4.024540000000000146e+04
4.023900000000000000e+04
4.035900000000000000e+04
4.053180000000000291e+04
4.045019999999999709e+04
4.016219999999999709e+04
4.015259999999999854e+04
4.005340000000000146e+04
4.009340000000000146e+04
4.012540000000000146e+04
4.016059999999999854e+04
4.028219999999999709e+04
4.011100000000000000e+04
4.018940000000000146e+04
4.040859999999999854e+04
4.056540000000000146e+04
4.051259999999999854e+04
4.080219999999999709e+04
4.070619999999999709e+04
4.097819999999999709e+04
4.088540000000000146e+04
4.089819999999999709e+04
4.091259999999999854e+04
4.115580000000000291e+04
4.110619999999999709e+04
4.108700000000000000e+04
3.179622499999999854e+04
3.938474375000000146e+04
4.074619999999999709e+04
4.051740000000000146e+04
4.053180000000000291e+04
4.065180000000000291e+04
4.047419999999999709e+04
4.057500000000000000e+04
4.021819999999999709e+04
4.043419999999999709e+04
4.035740000000000146e+04
4.037500000000000000e+04
4.052059999999999854e+04
4.050619999999999709e+04
4.046140000000000146e+04
4.069019999999999709e+04
4.053340000000000146e+04
4.050940000000000146e+04
4.066140000000000146e+04
4.029340000000000146e+04
4.017819999999999709e+04
4.040059999999999854e+04
4.026780000000000291e+04
4.033180000000000291e+04
4.026780000000000291e+04
4.032059999999999854e+04
4.054619999999999709e+04
4.042619999999999709e+04
4.045980000000000291e+04
4.051580000000000291e+04
4.070300000000000000e+04
4.042940000000000146e+04
4.047259999999999854e+04
4.054140000000000146e+04
4.069180000000000291e+04
4.075580000000000291e+04
4.082459999999999854e+04
4.070140000000000146e+04
4.061659999999999854e+04
4.091580000000000291e+04
4.072540000000000146e+04
4.071419999999999709e+04
4.093340000000000146e+04
4.090300000000000000e+04
4.087900000000000000e+04
4.106300000000000000e+04
4.083740000000000146e+04
4.074940000000000146e+04
4.081980000000000291e+04
4.092540000000000146e+04
4.100219999999999709e+04
4.080859999999999854e+04
4.091100000000000000e+04
4.080059999999999854e+04
4.057340000000000146e+04
4.070140000000000146e+04
4.065340000000000146e+04
4.074459999999999854e+04
4.040380000000000291e+04
4.041659999999999854e+04
4.051740000000000146e+04
4.073180000000000291e+04
4.052700000000000000e+04
4.057180000000000291e+04
4.051740000000000146e+04
4.071900000000000000e+04
4.047900000000000000e+04
4.037340000000000146e+04
4.060059999999999854e+04
4.023259999999999854e+04
4.039740000000000146e+04
4.020380000000000291e+04
4.028380000000000291e+04
4.032059999999999854e+04
4.039419999999999709e+04
4.043100000000000000e+04
4.039740000000000146e+04
4.047900000000000000e+04
4.012700000000000000e+04
4.037180000000000291e+04
4.029500000000000000e+04
4.022780000000000291e+04
4.033500000000000000e+04
4.020059999999999854e+04
4.037340000000000146e+04
4.051740000000000146e+04
4.060859999999999854e+04
4.079740000000000146e+04
4.099580000000000291e+04
4.118619999999999709e+04
4.093500000000000000e+04
4.109180000000000291e+04
4.123100000000000000e+04
4.117340000000000146e+04
4.136380000000000291e+04
4.145980000000000291e+04
4.122459999999999854e+04
4.149819999999999709e+04
4.132219999999999709e+04
4.155100000000000000e+04
4.152700000000000000e+04
4.154300000000000000e+04
4.141980000000000291e+04
4.171419999999999709e+04
4.155900000000000000e+04
4.169980000000000291e+04
4.171740000000000146e+04
4.166780000000000291e+04
4.166780000000000291e+04
4.164059999999999854e+04
4.151419999999999709e+04
4.170459999999999854e+04
4.157500000000000000e+04
4.175259999999999854e+04
4.159900000000000000e+04
4.143580000000000291e+04
4.158940000000000146e+04
4.143740000000000146e+04
4.149340000000000146e+04
4.150300000000000000e+04
4.132700000000000000e+04
4.153180000000000291e+04
4.137659999999999854e+04
4.145819999999999709e+04
4.158619999999999709e+04
4.133500000000000000e+04
4.127580000000000291e+04
4.120219999999999709e+04
4.114619999999999709e+04
4.098940000000000146e+04
4.135259999999999854e+04
4.122940000000000146e+04
4.121819999999999709e+04
4.107580000000000291e+04
4.107740000000000146e+04
4.129819999999999709e+04
4.138619999999999709e+04
4.167740000000000146e+04
4.139419999999999709e+04
4.132059999999999854e+04
4.136059999999999854e+04
4.135259999999999854e+04
4.125980000000000291e+04
4.136540000000000146e+04
4.139580000000000291e+04
4.149180000000000291e+04
4.143580000000000291e+04
4.129819999999999709e+04
4.132700000000000000e+04
4.127419999999999709e+04
4.109980000000000291e+04
4.114140000000000146e+04
4.107900000000000000e+04
4.083580000000000291e+04
4.105819999999999709e+04
4.087100000000000000e+04
4.072059999999999854e+04
4.065819999999999709e+04
4.092540000000000146e+04
4.097340000000000146e+04
4.119580000000000291e+04
4.092859999999999854e+04
4.078780000000000291e+04
4.084540000000000146e+04
4.077500000000000000e+04
4.054140000000000146e+04
4.059740000000000146e+04
4.060059999999999854e+04
4.069019999999999709e+04
3.348700000000000000e+04
3.465340000000000146e+04
3.662780000000000291e+04
3.866780000000000291e+04
4.109340000000000146e+04
4.281819999999999709e+04
4.497340000000000146e+04
4.642940000000000146e+04
4.754300000000000000e+04
4.847741874999999709e+04
4.923903125000000000e+04
4.959263749999999709e+04
4.990783125000000291e+04
5.021025624999999854e+04
5.030144374999999854e+04
5.076865000000000146e+04
5.062464375000000291e+04
5.062464375000000291e+04
5.055583125000000291e+04
5.024061875000000146e+04
5.009501875000000291e+04
4.992220625000000291e+04
4.942780000000000291e+04
4.919740000000000146e+04
4.868540000000000146e+04
4.840219999999999709e+04
4.809340000000000146e+04
4.774140000000000146e+04
4.737019999999999709e+04
4.692540000000000146e+04
4.677819999999999709e+04
4.646619999999999709e+04
4.623580000000000291e+04
4.579259999999999854e+04
4.528700000000000000e+04
4.507100000000000000e+04
4.474459999999999854e+04
4.426459999999999854e+04
4.438140000000000146e+04
4.435580000000000291e+04
4.379100000000000000e+04
4.377980000000000291e+04
4.359900000000000000e+04
4.356540000000000146e+04
4.345819999999999709e+04
4.303259999999999854e+04
4.284380000000000291e+04
4.282940000000000146e+04
4.267580000000000291e+04
4.259100000000000000e+04
4.219900000000000000e+04
4.229819999999999709e+04
4.203900000000000000e+04
4.185180000000000291e+04
4.201340000000000146e+04
4.173019999999999709e+04
4.159580000000000291e+04
4.165180000000000291e+04
4.155419999999999709e+04
4.148059999999999854e+04
4.152540000000000146e+04
4.125980000000000291e+04
4.146780000000000291e+04
4.135419999999999709e+04
4.157180000000000291e+04
4.163580000000000291e+04
4.149659999999999854e+04
4.134780000000000291e+04
4.139900000000000000e+04
4.116700000000000000e+04
4.122140000000000146e+04
4.113340000000000146e+04
4.123419999999999709e+04
4.117819999999999709e+04
4.106140000000000146e+04
4.105659999999999854e+04
4.109980000000000291e+04
4.104380000000000291e+04
4.110300000000000000e+04
4.106459999999999854e+04
4.099900000000000000e+04
4.104380000000000291e+04
4.112059999999999854e+04
4.104059999999999854e+04
4.099740000000000146e+04
4.095580000000000291e+04
4.079259999999999854e+04
4.101980000000000291e+04
4.092700000000000000e+04
4.097500000000000000e+04
4.099419999999999709e+04
4.092540000000000146e+04
4.089019999999999709e+04
4.075259999999999854e+04
4.071580000000000291e+04
4.076700000000000000e+04
4.057659999999999854e+04
4.061180000000000291e+04
4.049819999999999709e+04
4.071900000000000000e+04
4.067580000000000291e+04
4.075580000000000291e+04
4.078300000000000000e+04
4.067259999999999854e+04
4.065819999999999709e+04
4.051740000000000146e+04
4.072700000000000000e+04
4.071740000000000146e+04
4.070780000000000291e+04
4.068219999999999709e+04
4.054459999999999854e+04
4.071100000000000000e+04
4.095419999999999709e+04
4.085819999999999709e+04
4.121019999999999709e+04
4.115740000000000146e+04
4.118940000000000146e+04
4.124540000000000146e+04
4.125340000000000146e+04
4.111740000000000146e+04
4.097819999999999709e+04
4.097340000000000146e+04
4.113500000000000000e+04
4.104859999999999854e+04
4.098300000000000000e+04
4.094940000000000146e+04
4.104540000000000146e+04
4.097659999999999854e+04
4.109180000000000291e+04
4.110300000000000000e+04
4.096540000000000146e+04
4.086300000000000000e+04
4.109019999999999709e+04
4.113819999999999709e+04
4.098459999999999854e+04
4.092700000000000000e+04
4.084219999999999709e+04
4.089980000000000291e+04
4.085500000000000000e+04
4.092700000000000000e+04
4.068859999999999854e+04
4.080059999999999854e+04
4.091419999999999709e+04
4.091259999999999854e+04
4.091900000000000000e+04
4.077019999999999709e+04
4.077659999999999854e+04
4.074619999999999709e+04
4.083580000000000291e+04
4.095259999999999854e+04
4.117340000000000146e+04
4.106140000000000146e+04
4.087580000000000291e+04
4.097180000000000291e+04
4.086300000000000000e+04
4.076219999999999709e+04
4.088859999999999854e+04
4.062459999999999854e+04
4.052540000000000146e+04
4.059900000000000000e+04
4.067100000000000000e+04
4.046459999999999854e+04
4.035900000000000000e+04
4.053980000000000291e+04
4.030619999999999709e+04
4.043100000000000000e+04
4.040380000000000291e+04
4.079900000000000000e+04
4.047900000000000000e+04
4.039259999999999854e+04
4.051740000000000146e+04
4.050780000000000291e+04
4.048059999999999854e+04
4.045659999999999854e+04
4.039580000000000291e+04
4.047900000000000000e+04
4.053819999999999709e+04
4.040700000000000000e+04
4.033980000000000291e+04
4.036700000000000000e+04
4.032219999999999709e+04
4.036859999999999854e+04
4.005340000000000146e+04
4.044059999999999854e+04
4.042940000000000146e+04
4.041659999999999854e+04
4.048859999999999854e+04
4.047100000000000000e+04
4.058300000000000000e+04
4.075419999999999709e+04
4.055740000000000146e+04
4.037500000000000000e+04
4.042140000000000146e+04
4.047580000000000291e+04
4.018619999999999709e+04
4.048059999999999854e+04
4.046459999999999854e+04
4.041500000000000000e+04
4.061500000000000000e+04
4.068380000000000291e+04
4.043580000000000291e+04
4.014140000000000146e+04
4.042140000000000146e+04
4.019259999999999854e+04
4.029500000000000000e+04
4.008219999999999709e+04
4.016059999999999854e+04
4.029980000000000291e+04
3.986780000000000291e+04
4.016540000000000146e+04
4.049980000000000291e+04
4.045500000000000000e+04
4.052700000000000000e+04
4.054780000000000291e+04
4.057180000000000291e+04
4.052059999999999854e+04
4.039100000000000000e+04
4.049819999999999709e+04
4.054300000000000000e+04
4.024380000000000291e+04
4.039259999999999854e+04
4.064859999999999854e+04
4.069980000000000291e+04
4.069340000000000146e+04
4.058459999999999854e+04
4.080540000000000146e+04
4.055259999999999854e+04
4.077340000000000146e+04
4.057819999999999709e+04
4.037980000000000291e+04
4.043100000000000000e+04
4.054780000000000291e+04
4.050300000000000000e+04
4.025819999999999709e+04
4.043259999999999854e+04
4.066619999999999709e+04
4.046459999999999854e+04
4.070459999999999854e+04
4.064219999999999709e+04
4.072059999999999854e+04
4.073659999999999854e+04
4.059900000000000000e+04
4.063580000000000291e+04
4.072540000000000146e+04
4.059100000000000000e+04
4.068059999999999854e+04
4.063100000000000000e+04
4.041180000000000291e+04
4.042300000000000000e+04
4.053500000000000000e+04
4.019900000000000000e+04
4.022619999999999709e+04
4.031259999999999854e+04
4.016219999999999709e+04
4.012380000000000291e+04
4.019740000000000146e+04
4.001180000000000291e+04
4.000380000000000291e+04
4.018780000000000291e+04
4.031900000000000000e+04
4.038140000000000146e+04
4.044380000000000291e+04
4.041980000000000291e+04
