0.000000000000000000e+00
3.508273333333332994e+04
3.455153333333333285e+04
3.441713333333333139e+04
3.365233333333333576e+04
3.330353333333333285e+04
3.267420000000000073e+04
3.240220000000000073e+04
3.214513333333333503e+04
3.170779999999999927e+04
3.154566666666666788e+04
3.105606666666666570e+04
3.073073333333333358e+04
3.036379999999999927e+04
2.979420000000000073e+04
2.962459999999999854e+04
2.921500000000000000e+04
2.886513333333333503e+04
2.824006666666666570e+04
2.794566666666666788e+04
2.785286666666666497e+04
2.739206666666666570e+04
2.724593333333333430e+04
2.709126666666666642e+04
2.685979999999999927e+04
2.645553333333333285e+04
2.622940000000000146e+04
2.592220000000000073e+04
2.567793333333333430e+04
2.540273333333333358e+04
2.538779999999999927e+04
2.480540000000000146e+04
2.473286666666666497e+04
2.475420000000000073e+04
2.445979999999999927e+04
2.429020000000000073e+04
2.435526666666666642e+04
2.399153333333333285e+04
2.394140000000000146e+04
2.394246666666666715e+04
2.350300000000000000e+04
2.328006666666666570e+04
2.313286666666666497e+04
2.303473333333333358e+04
2.273393333333333430e+04
2.250353333333333285e+04
2.246620000000000073e+04
2.205126666666666642e+04
2.223259999999999854e+04
2.190086666666666497e+04
2.160433333333333212e+04
2.153286666666666497e+04
2.155526666666666642e+04
2.116166666666666788e+04
2.104966666666666788e+04
2.105500000000000000e+04
2.074566666666666788e+04
2.048859999999999854e+04
2.058886666666666497e+04
2.035740000000000146e+04
2.013766666666666788e+04
2.016966666666666788e+04
7.849666666666666970e+03
9.019799999999999272e+03
1.052166666666666606e+04
1.145500000000000000e+04
1.243953333333333285e+04
1.383473333333333358e+04
1.491953333333333285e+04
1.583686666666666679e+04
1.700593333333333430e+04
1.813126666666666642e+04
1.902193333333333430e+04
1.956273333333333358e+04
1.996913333333333503e+04
2.073926666666666642e+04
2.105820000000000073e+04
2.123420000000000073e+04
2.145820000000000073e+04
2.149126666666666642e+04
2.156486666666666497e+04
2.174086666666666497e+04
2.201286666666666497e+04
2.194140000000000146e+04
2.249286666666666497e+04
2.220166666666666788e+04
2.226459999999999854e+04
2.237553333333333285e+04
2.192433333333333212e+04
2.190086666666666497e+04
2.181020000000000073e+04
2.158726666666666642e+04
2.147206666666666570e+04
2.105393333333333430e+04
2.122993333333333430e+04
2.080646666666666715e+04
2.057820000000000073e+04
2.042673333333333358e+04
2.005340000000000146e+04
1.975259999999999854e+04
1.962566666666666788e+04
1.952540000000000146e+04
1.938993333333333430e+04
1.879366666666666788e+04
1.854726666666666642e+04
1.827953333333333285e+04
1.810140000000000146e+04
1.788379999999999927e+04
1.773020000000000073e+04
1.758300000000000000e+04
1.722033333333333212e+04
1.720966666666666788e+04
1.695473333333333358e+04
1.673500000000000000e+04
1.644593333333333430e+04
1.634353333333333285e+04
1.609500000000000000e+04
1.572593333333333248e+04
1.550193333333333248e+04
1.546353333333333285e+04
1.532593333333333248e+04
1.505926666666666642e+04
1.491420000000000073e+04
1.456113333333333321e+04
1.461553333333333285e+04
1.446406666666666752e+04
1.425500000000000000e+04
1.416326666666666642e+04
1.389979999999999927e+04
1.390726666666666642e+04
1.356060000000000036e+04
1.368006666666666752e+04
1.348700000000000000e+04
1.342086666666666679e+04
1.345606666666666752e+04
1.338673333333333358e+04
1.322033333333333394e+04
1.308593333333333248e+04
1.305500000000000000e+04
1.294620000000000073e+04
1.265713333333333321e+04
1.253126666666666642e+04
1.257393333333333248e+04
1.240433333333333394e+04
1.216113333333333321e+04
1.207900000000000000e+04
1.185606666666666752e+04
1.156806666666666752e+04
1.148486666666666679e+04
1.128433333333333394e+04
1.145820000000000073e+04
1.117126666666666642e+04
1.107739999999999964e+04
1.088860000000000036e+04
1.111260000000000036e+04
1.088966666666666606e+04
1.082673333333333358e+04
1.075633333333333394e+04
1.069766666666666606e+04
1.061233333333333394e+04
1.029020000000000073e+04
1.019313333333333321e+04
9.955266666666666424e+03
1.020273333333333358e+04
1.005339999999999964e+04
9.946733333333333576e+03
9.688600000000000364e+03
9.735533333333332848e+03
9.516866666666666788e+03
9.488066666666667516e+03
9.395266666666666424e+03
9.131799999999999272e+03
9.169133333333333212e+03
8.884333333333333940e+03
8.948333333333333940e+03
8.572866666666666788e+03
8.567533333333332848e+03
8.549399999999999636e+03
8.285933333333332484e+03
8.223000000000000000e+03
8.298733333333333576e+03
8.326466666666667152e+03
8.499266666666666424e+03
8.534466666666667152e+03
8.522733333333333576e+03
8.124866666666666788e+03
8.514200000000000728e+03
8.076866666666666788e+03
8.122733333333333576e+03
7.925399999999999636e+03
7.904066666666666606e+03
7.749399999999999636e+03
7.900866666666666788e+03
7.861399999999999636e+03
7.855000000000000000e+03
7.714199999999999818e+03
7.815533333333333758e+03
7.418733333333333576e+03
7.496600000000000364e+03
7.522199999999999818e+03
7.399533333333333758e+03
7.211800000000000182e+03
7.186199999999999818e+03
7.005933333333333394e+03
7.195800000000000182e+03
7.074199999999999818e+03
7.172333333333333030e+03
7.412333333333333030e+03
6.949399999999999636e+03
6.993133333333333212e+03
6.763800000000000182e+03
6.744600000000000364e+03
6.735000000000000000e+03
6.780866666666666788e+03
6.611266666666666424e+03
6.363800000000000182e+03
6.361666666666666970e+03
5.952066666666666606e+03
6.232600000000000364e+03
6.091800000000000182e+03
6.336066666666666606e+03
6.068333333333333030e+03
5.863533333333333758e+03
5.843266666666666424e+03
5.719533333333333758e+03
5.634199999999999818e+03
5.522199999999999818e+03
5.373933333333333394e+03
5.291800000000000182e+03
5.221399999999999636e+03
5.463533333333333758e+03
5.471000000000000000e+03
5.473133333333333212e+03
5.456066666666666606e+03
5.519000000000000000e+03
5.589399999999999636e+03
5.328066666666666606e+03
5.404866666666666788e+03
5.249133333333333212e+03
5.432600000000000364e+03
5.234199999999999818e+03
5.273666666666666970e+03
5.320600000000000364e+03
5.213933333333333394e+03
5.300333333333333030e+03
5.000600000000000364e+03
4.813933333333333394e+03
4.834199999999999818e+03
4.835266666666666424e+03
4.759533333333333758e+03
4.570733333333333576e+03
4.774466666666666242e+03
4.711533333333333758e+03
4.555800000000000182e+03
4.486466666666666242e+03
4.608066666666666606e+03
4.527000000000000000e+03
4.392600000000000364e+03
4.304066666666666606e+03
4.187800000000000182e+03
4.404333333333333030e+03
4.050199999999999818e+03
4.380866666666666788e+03
4.193133333333333212e+03
4.167533333333333758e+03
4.092866666666666788e+03
4.214466666666666242e+03
4.066199999999999818e+03
4.058733333333333121e+03
3.850733333333333121e+03
3.830466666666666697e+03
3.698199999999999818e+03
3.797400000000000091e+03
3.475266666666666879e+03
3.611800000000000182e+03
3.683266666666666879e+03
3.490199999999999818e+03
3.451800000000000182e+03
3.644866666666666788e+03
3.789933333333333394e+03
3.975533333333333303e+03
3.876333333333333485e+03
3.981933333333333394e+03
4.035266666666666879e+03
4.119533333333333758e+03
4.107800000000000182e+03
4.098199999999999818e+03
3.828333333333333485e+03
3.739800000000000182e+03
3.855000000000000000e+03
3.815533333333333303e+03
3.977666666666666515e+03
3.896599999999999909e+03
4.113133333333333212e+03
4.145133333333333212e+03
4.093933333333333394e+03
3.852866666666666788e+03
3.990466666666666697e+03
4.028866666666666788e+03
3.916866666666666788e+03
3.978733333333333121e+03
3.869933333333333394e+03
3.962733333333333121e+03
3.943533333333333303e+03
3.977666666666666515e+03
4.019266666666666879e+03
3.909400000000000091e+03
4.247533333333333758e+03
3.888066666666666606e+03
4.029933333333333394e+03
4.035266666666666879e+03
3.741933333333333394e+03
3.733400000000000091e+03
3.478466666666666697e+03
3.286466666666666697e+03
3.435800000000000182e+03
3.181933333333333394e+03
3.369666666666666515e+03
3.289666666666666515e+03
3.303533333333333303e+03
3.162733333333333121e+03
3.077400000000000091e+03
2.940866666666666788e+03
2.746733333333333121e+03
2.759533333333333303e+03
2.918466666666666697e+03
2.736066666666666606e+03
3.072066666666666606e+03
2.689133333333333212e+03
2.700866666666666788e+03
2.836333333333333485e+03
2.818199999999999818e+03
2.789400000000000091e+03
2.807533333333333303e+03
2.784066666666666606e+03
2.765933333333333394e+03
2.722199999999999818e+03
2.568599999999999909e+03
2.745666666666666515e+03
2.585666666666666515e+03
2.616599999999999909e+03
2.500333333333333485e+03
2.741395833333333485e+03
2.663529166666666697e+03
2.358466666666666697e+03
2.183533333333333303e+03
2.715791666666666515e+03
2.449129166666666606e+03
2.852320833333333212e+03
2.105666666666666515e+03
2.537658333333333303e+03
2.222995833333333394e+03
2.513125000000000000e+03
2.066199999999999818e+03
2.194199999999999818e+03
2.461925000000000182e+03
2.411791666666666515e+03
2.679520833333333485e+03
2.258195833333333212e+03
2.451258333333333212e+03
2.232595833333333303e+03
2.565391666666666879e+03
2.281658333333333303e+03
2.544054166666666788e+03
2.544054166666666788e+03
5.225293333333333430e+04
5.346786666666666861e+04
5.499533333333333576e+04
5.604386666666666861e+04
5.701453333333333285e+04
5.849400000000000000e+04
5.957346666666666715e+04
6.063906666666666570e+04
6.165133333333333576e+04
6.235746666666666715e+04
6.316386666666666861e+04
6.292388333333333139e+04
5.814636250000000291e+04
4.803772499999999854e+04
2.847856666666666570e+04
1.818539583333333212e+04
1.077431250000000000e+04
7.486899999999999636e+03
5.686395833333333030e+03
9.031408333333332848e+03
3.758962500000000091e+03
2.721116666666666788e+03
2.156858333333333121e+03
2.314720833333333303e+03
2.260320833333333212e+03
1.917929166666666561e+03
2.802179166666666788e+03
4.298687500000000000e+03
1.243615833333333285e+04
8.806350000000000364e+03
7.654366666666666788e+03
2.048829583333333358e+04
2.598580833333333430e+04
2.879429583333333358e+04
2.979801250000000073e+04
3.563045416666667006e+04
3.821814583333333576e+04
4.498710416666666424e+04
4.462017500000000291e+04
4.772519166666666570e+04
5.035234999999999854e+04
5.229258333333333576e+04
5.772502916666666715e+04
6.105084166666666715e+04
6.043751666666667006e+04
6.062524583333333430e+04
6.282253749999999854e+04
6.299106666666666570e+04
6.231587916666666570e+04
6.257613749999999709e+04
6.249613333333333139e+04
6.234253333333333285e+04
6.215266666666666424e+04
6.209400000000000000e+04
6.162359999999999854e+04
6.161613333333333139e+04
6.168226666666667006e+04
6.141346666666666715e+04
6.138786666666666861e+04
6.128440000000000146e+04
6.115640000000000146e+04
6.108386666666666861e+04
6.098359999999999854e+04
6.088333333333333576e+04
6.105186666666666861e+04
6.102200000000000000e+04
6.073080000000000291e+04
6.079906666666666570e+04
6.042466666666666424e+04
6.062519999999999709e+04
6.033506666666666570e+04
6.008653333333333285e+04
6.009933333333333576e+04
6.024440000000000146e+04
5.994466666666666424e+04
5.993933333333333576e+04
5.977613333333333139e+04
5.935906666666666570e+04
5.938786666666666861e+04
5.955000000000000000e+04
5.904013333333333139e+04
5.917880000000000291e+04
5.907213333333333139e+04
5.896333333333333576e+04
5.903053333333333285e+04
5.888546666666666715e+04
5.878413333333333139e+04
5.861026666666667006e+04
5.855586666666666861e+04
5.871053333333333285e+04
5.870840000000000146e+04
5.861346666666666715e+04
5.865933333333333576e+04
5.834146666666666715e+04
5.855480000000000291e+04
5.835106666666666570e+04
5.831800000000000000e+04
5.823266666666666424e+04
5.843000000000000000e+04
5.798626666666667006e+04
5.821666666666666424e+04
5.819746666666666715e+04
5.800440000000000146e+04
5.803746666666666715e+04
5.773666666666666424e+04
5.809400000000000000e+04
5.777186666666666861e+04
5.775266666666666424e+04
5.776013333333333139e+04
5.808119999999999709e+04
5.815266666666666424e+04
5.798733333333333576e+04
5.837240000000000146e+04
5.850680000000000291e+04
5.840546666666666715e+04
5.847053333333333285e+04
5.836813333333333139e+04
5.837133333333333576e+04
5.837773333333332994e+04
5.845026666666667006e+04
5.825613333333333139e+04
5.842253333333333285e+04
5.830519999999999709e+04
5.832226666666667006e+04
5.819213333333333139e+04
5.823053333333333285e+04
5.796706666666666570e+04
5.804706666666666570e+04
5.793719999999999709e+04
5.774733333333333576e+04
5.780919999999999709e+04
5.781133333333333576e+04
5.774093333333333430e+04
5.771746666666666715e+04
5.808013333333333139e+04
5.787853333333333285e+04
5.782413333333333139e+04
5.796919999999999709e+04
5.794466666666666424e+04
5.815373333333332994e+04
5.806626666666667006e+04
5.810573333333332994e+04
5.800013333333333139e+04
5.846093333333333430e+04
5.805240000000000146e+04
5.790626666666667006e+04
5.792333333333333576e+04
5.803106666666666570e+04
5.798306666666666570e+04
5.795426666666667006e+04
5.801506666666666570e+04
5.805986666666666861e+04
5.811746666666666715e+04
5.776440000000000146e+04
5.779426666666667006e+04
5.761080000000000291e+04
5.769293333333333430e+04
5.765666666666666424e+04
5.771853333333333285e+04
5.774946666666666715e+04
5.766200000000000000e+04
5.767159999999999854e+04
5.782093333333333430e+04
5.768546666666666715e+04
5.782946666666666715e+04
5.769826666666667006e+04
5.742946666666666715e+04
5.755959999999999854e+04
5.759373333333332994e+04
5.737613333333333139e+04
5.760973333333332994e+04
5.742306666666666570e+04
5.734200000000000000e+04
5.721613333333333139e+04
5.704973333333332994e+04
5.710946666666666715e+04
5.693666666666666424e+04
5.686626666666667006e+04
5.676706666666666570e+04
5.674893333333333430e+04
5.672333333333333576e+04
5.657826666666667006e+04
5.658680000000000291e+04
5.662840000000000146e+04
5.638413333333333139e+04
5.649400000000000000e+04
5.672866666666666424e+04
5.655053333333333285e+04
5.659106666666666570e+04
5.641186666666666861e+04
5.624759999999999854e+04
5.593186666666666861e+04
5.630413333333333139e+04
5.616013333333333139e+04
5.627746666666666715e+04
5.606200000000000000e+04
5.590413333333333139e+04
5.586786666666666861e+04
5.579746666666666715e+04
5.588066666666666424e+04
5.573240000000000146e+04
5.572066666666666424e+04
5.567373333333332994e+04
5.552440000000000146e+04
5.550093333333333430e+04
5.619000000000000000e+04
5.539746666666666715e+04
5.532280000000000291e+04
5.543800000000000000e+04
5.547533333333333576e+04
5.539106666666666570e+04
5.546573333333332994e+04
5.556066666666666424e+04
5.557773333333332994e+04
5.565026666666667006e+04
5.550200000000000000e+04
5.528653333333333285e+04
5.539533333333333576e+04
5.519373333333332994e+04
5.548386666666666861e+04
5.534200000000000000e+04
5.514359999999999854e+04
5.519266666666666424e+04
5.537293333333333430e+04
5.522253333333333285e+04
5.518093333333333430e+04
5.524706666666666570e+04
5.540386666666666861e+04
5.530786666666666861e+04
5.533346666666666715e+04
5.490680000000000291e+04
5.512440000000000146e+04
5.519586666666666861e+04
5.521933333333333576e+04
5.529186666666666861e+04
5.521826666666667006e+04
5.511159999999999854e+04
5.514680000000000291e+04
5.503800000000000000e+04
5.492493333333333430e+04
5.490893333333333430e+04
5.480653333333333285e+04
5.443213333333333139e+04
5.458146666666666715e+04
5.466573333333332994e+04
5.478093333333333430e+04
5.464333333333333576e+04
5.479053333333333285e+04
5.458786666666666861e+04
5.450253333333333285e+04
5.446093333333333430e+04
5.450253333333333285e+04
5.442146666666666715e+04
5.433613333333333139e+04
5.430413333333333139e+04
5.407586666666666861e+04
5.433293333333333430e+04
5.424866666666666424e+04
5.436493333333333430e+04
5.425506666666666570e+04
5.432013333333333139e+04
5.416013333333333139e+04
5.426786666666666861e+04
5.429453333333333285e+04
5.419426666666667006e+04
5.398519999999999709e+04
5.413880000000000291e+04
5.411000000000000000e+04
5.427640000000000146e+04
5.417933333333333576e+04
5.425933333333333576e+04
5.425719999999999709e+04
5.422946666666666715e+04
5.421346666666666715e+04
5.420813333333333139e+04
5.408226666666667006e+04
5.418466666666666424e+04
5.416973333333332994e+04
5.395533333333333576e+04
5.361719999999999709e+04
5.377400000000000000e+04
5.382093333333333430e+04
5.371533333333333576e+04
5.376546666666666715e+04
5.361506666666666570e+04
5.378146666666666715e+04
5.367159999999999854e+04
5.378253333333333285e+04
5.370253333333333285e+04
5.365346666666666715e+04
5.380493333333333430e+04
5.356280000000000291e+04
5.373666666666666424e+04
5.366306666666666570e+04
5.395213333333333139e+04
5.371213333333333139e+04
5.379000000000000000e+04
5.376119999999999709e+04
5.361293333333333430e+04
5.350093333333333430e+04
5.364280000000000291e+04
5.334093333333333430e+04
5.339959999999999854e+04
5.342413333333333139e+04
5.319053333333333285e+04
5.400013333333333139e+04
5.386146666666666715e+04
5.387746666666666715e+04
5.426466666666666424e+04
5.429773333333332994e+04
5.437559999999999854e+04
5.447373333333332994e+04
5.454413333333333139e+04
5.454200000000000000e+04
5.457826666666667006e+04
5.463693333333333430e+04
5.485559999999999854e+04
5.463159999999999854e+04
5.487266666666666424e+04
5.493559999999999854e+04
5.469026666666667006e+04
5.462093333333333430e+04
5.440333333333333576e+04
5.423586666666666861e+04
5.429773333333332994e+04
5.449080000000000291e+04
5.418040000000000146e+04
5.414413333333333139e+04
5.426146666666666715e+04
5.400226666666667006e+04
5.389880000000000291e+04
5.423693333333333430e+04
5.414093333333333430e+04
5.403213333333333139e+04
5.408013333333333139e+04
5.413880000000000291e+04
5.425506666666666570e+04
5.395959999999999854e+04
5.414946666666666715e+04
5.406200000000000000e+04
5.386146666666666715e+04
5.383053333333333285e+04
5.400333333333333576e+04
5.356706666666666570e+04
5.378253333333333285e+04
5.380173333333332994e+04
5.380066666666666424e+04
5.381240000000000146e+04
5.390733333333333576e+04
5.383266666666666424e+04
5.375906666666666570e+04
5.396493333333333430e+04
5.379106666666666570e+04
5.386359999999999854e+04
5.401933333333333576e+04
5.404600000000000000e+04
5.414840000000000146e+04
5.428813333333333139e+04
5.420706666666666570e+04
5.443746666666666715e+04
5.417613333333333139e+04
5.453133333333333576e+04
5.459640000000000146e+04
5.446093333333333430e+04
5.448653333333333285e+04
5.446413333333333139e+04
5.453880000000000291e+04
5.442466666666666424e+04
5.453986666666666861e+04
5.428813333333333139e+04
5.416759999999999854e+04
5.437773333333332994e+04
5.424333333333333576e+04
5.427640000000000146e+04
5.416226666666667006e+04
5.400119999999999709e+04
5.404066666666666424e+04
5.417506666666666570e+04
5.408653333333333285e+04
5.411959999999999854e+04
5.425719999999999709e+04
5.412066666666666424e+04
5.416226666666667006e+04
5.422200000000000000e+04
5.396919999999999709e+04
5.419000000000000000e+04
5.438946666666666715e+04
5.422200000000000000e+04
5.433719999999999709e+04
5.423053333333333285e+04
5.422200000000000000e+04
5.423693333333333430e+04
4.652173333333332994e+04
4.807800000000000000e+04
4.880226666666667006e+04
4.987959999999999854e+04
5.132706666666666570e+04
5.259533333333333576e+04
5.405666666666666424e+04
5.490040000000000146e+04
5.603533333333333576e+04
5.707213333333333139e+04
5.822946666666666715e+04
5.895906666666666570e+04
5.974413333333333139e+04
6.031800000000000000e+04
6.062946666666666715e+04
6.111053333333333285e+04
6.177613333333333139e+04
6.189240000000000146e+04
6.204493333333333430e+04
6.205666666666666424e+04
6.232653333333333285e+04
6.233719999999999709e+04
6.257826666666667006e+04
6.264013333333333139e+04
6.230840416666666715e+04
6.245346666666666715e+04
6.237986666666666861e+04
6.239800000000000000e+04
6.202573750000000291e+04
6.238519999999999709e+04
6.220386666666666861e+04
6.196813333333333139e+04
6.205559999999999854e+04
6.190200000000000000e+04
6.164919999999999709e+04
6.155000000000000000e+04
6.153826666666667006e+04
6.112440000000000146e+04
6.093453333333333285e+04
6.072546666666666715e+04
6.073719999999999709e+04
6.046626666666667006e+04
6.027213333333333139e+04
6.001613333333333139e+04
5.995533333333333576e+04
5.961719999999999709e+04
5.956600000000000000e+04
5.942200000000000000e+04
5.928440000000000146e+04
5.934200000000000000e+04
5.914893333333333430e+04
5.876280000000000291e+04
5.869559999999999854e+04
5.876919999999999709e+04
5.848333333333333576e+04
5.837133333333333576e+04
5.808759999999999854e+04
5.804386666666666861e+04
5.783266666666666424e+04
5.768759999999999854e+04
5.755640000000000146e+04
5.752653333333333285e+04
5.733453333333333285e+04
5.741453333333333285e+04
5.723319999999999709e+04
5.755746666666666715e+04
5.717346666666666715e+04
5.706146666666666715e+04
5.706466666666666424e+04
5.687480000000000291e+04
5.666359999999999854e+04
5.644386666666666861e+04
5.644706666666666570e+04
5.626573333333332994e+04
5.595426666666667006e+04
5.596386666666666861e+04
5.596280000000000291e+04
5.559373333333332994e+04
5.586359999999999854e+04
5.562359999999999854e+04
5.555000000000000000e+04
5.558626666666667006e+04
5.526200000000000000e+04
5.523106666666666570e+04
5.510519999999999709e+04
5.521400000000000000e+04
5.510946666666666715e+04
5.508600000000000000e+04
5.508813333333333139e+04
5.496973333333332994e+04
5.492600000000000000e+04
5.498573333333332994e+04
5.475640000000000146e+04
5.469559999999999854e+04
5.472119999999999709e+04
5.478200000000000000e+04
5.470946666666666715e+04
5.466573333333332994e+04
5.446306666666666570e+04
5.448653333333333285e+04
5.443853333333333285e+04
5.444280000000000291e+04
5.421453333333333285e+04
5.434573333333332994e+04
5.430946666666666715e+04
5.431053333333333285e+04
5.407586666666666861e+04
5.409933333333333576e+04
5.414840000000000146e+04
5.410680000000000291e+04
5.404173333333332994e+04
5.427000000000000000e+04
5.427533333333333576e+04
5.418680000000000291e+04
5.412280000000000291e+04
5.420066666666666424e+04
5.414306666666666570e+04
5.423586666666666861e+04
5.425506666666666570e+04
5.423480000000000291e+04
5.404280000000000291e+04
5.395106666666666570e+04
5.401080000000000291e+04
5.410680000000000291e+04
5.417080000000000291e+04
5.404813333333333139e+04
5.384119999999999709e+04
5.357133333333333576e+04
5.397453333333333285e+04
5.362040000000000146e+04
5.360973333333332994e+04
5.339106666666666570e+04
5.339213333333333139e+04
5.347106666666666570e+04
5.357666666666666424e+04
5.339426666666667006e+04
5.347959999999999854e+04
5.331106666666666570e+04
5.303906666666666570e+04
5.313080000000000291e+04
5.338253333333333285e+04
5.320226666666667006e+04
5.312440000000000146e+04
5.290786666666666861e+04
5.294306666666666570e+04
5.295906666666666570e+04
5.286626666666667006e+04
5.277453333333333285e+04
5.287693333333333430e+04
5.282466666666666424e+04
5.282893333333333430e+04
5.270946666666666715e+04
5.285773333333332994e+04
5.272333333333333576e+04
5.280866666666666424e+04
5.279053333333333285e+04
5.280653333333333285e+04
5.269559999999999854e+04
5.272226666666667006e+04
5.288440000000000146e+04
5.303586666666666861e+04
5.271800000000000000e+04
5.301240000000000146e+04
5.287266666666666424e+04
5.315853333333333285e+04
5.294413333333333139e+04
5.328013333333333139e+04
5.308493333333333430e+04
5.300386666666666861e+04
5.290146666666666715e+04
5.290253333333333285e+04
5.319906666666666570e+04
5.280866666666666424e+04
5.301240000000000146e+04
5.289080000000000291e+04
5.265293333333333430e+04
5.274253333333333285e+04
5.276493333333333430e+04
5.265293333333333430e+04
5.265506666666666570e+04
5.260919999999999709e+04
5.243533333333333576e+04
5.245880000000000291e+04
5.259853333333333285e+04
5.257826666666667006e+04
5.273826666666667006e+04
5.254200000000000000e+04
5.249933333333333576e+04
5.250786666666666861e+04
5.251959999999999854e+04
5.251746666666666715e+04
5.260386666666666861e+04
5.243640000000000146e+04
5.235746666666666715e+04
5.241719999999999709e+04
5.261133333333333576e+04
5.277773333333332994e+04
5.251319999999999709e+04
5.271159999999999854e+04
5.242786666666666861e+04
5.245559999999999854e+04
5.272440000000000146e+04
5.240013333333333139e+04
5.229880000000000291e+04
5.229773333333332994e+04
5.253880000000000291e+04
5.200119999999999709e+04
5.231266666666666424e+04
5.221666666666666424e+04
5.239053333333333285e+04
5.253880000000000291e+04
5.258040000000000146e+04
5.242253333333333285e+04
5.245026666666667006e+04
5.255800000000000000e+04
5.235853333333333285e+04
5.244066666666666424e+04
5.241506666666666570e+04
5.243533333333333576e+04
5.245986666666666861e+04
5.248333333333333576e+04
5.258253333333333285e+04
5.259426666666667006e+04
5.253773333333332994e+04
5.265506666666666570e+04
5.243640000000000146e+04
5.242573333333332994e+04
5.226680000000000291e+04
5.247373333333332994e+04
5.237453333333333285e+04
5.251746666666666715e+04
5.254519999999999709e+04
5.257933333333333576e+04
5.243640000000000146e+04
5.249293333333333430e+04
5.273080000000000291e+04
5.249719999999999709e+04
5.240013333333333139e+04
5.244813333333333139e+04
5.254413333333333139e+04
5.248546666666666715e+04
5.234359999999999854e+04
5.236919999999999709e+04
5.229240000000000146e+04
5.248440000000000146e+04
5.235106666666666570e+04
5.222200000000000000e+04
5.235213333333333139e+04
5.251000000000000000e+04
5.234893333333333430e+04
5.223586666666666861e+04
5.211533333333333576e+04
5.215586666666666861e+04
5.220706666666666570e+04
5.197453333333333285e+04
5.209719999999999709e+04
5.217826666666667006e+04
5.224866666666666424e+04
5.227000000000000000e+04
5.234253333333333285e+04
5.238626666666667006e+04
5.243640000000000146e+04
5.256119999999999709e+04
5.254946666666666715e+04
5.267746666666666715e+04
5.269773333333332994e+04
5.280333333333333576e+04
5.241080000000000291e+04
5.246733333333333576e+04
5.260280000000000291e+04
5.277773333333332994e+04
5.282573333333332994e+04
5.257400000000000000e+04
5.253559999999999854e+04
5.257613333333333139e+04
5.248013333333333139e+04
5.254733333333333576e+04
5.239480000000000291e+04
5.236600000000000000e+04
5.254413333333333139e+04
5.231266666666666424e+04
5.267640000000000146e+04
5.246840000000000146e+04
5.264973333333332994e+04
5.260706666666666570e+04
5.252386666666666861e+04
5.264333333333333576e+04
5.251640000000000146e+04
5.264013333333333139e+04
5.257719999999999709e+04
5.217933333333333576e+04
5.240440000000000146e+04
5.222306666666666570e+04
5.224866666666666424e+04
5.211640000000000146e+04
5.248333333333333576e+04
5.223586666666666861e+04
5.222413333333333139e+04
5.211106666666666570e+04
5.213986666666666861e+04
5.202359999999999854e+04
5.202040000000000146e+04
5.195319999999999709e+04
5.190626666666667006e+04
5.189559999999999854e+04
5.210786666666666861e+04
5.233826666666667006e+04
5.258680000000000291e+04
5.233293333333333430e+04
5.253346666666666715e+04
5.269026666666667006e+04
5.271693333333333430e+04
5.271480000000000291e+04
5.277880000000000291e+04
5.266893333333333430e+04
5.278093333333333430e+04
5.273826666666667006e+04
5.288653333333333285e+04
5.291000000000000000e+04
5.305186666666666861e+04
5.294733333333333576e+04
5.303693333333333430e+04
5.274573333333332994e+04
5.288013333333333139e+04
5.352013333333333139e+04
5.284173333333332994e+04
5.265613333333333139e+04
5.254413333333333139e+04
5.259959999999999854e+04
5.291213333333333139e+04
5.274786666666666861e+04
5.266253333333333285e+04
5.285559999999999854e+04
5.289080000000000291e+04
5.275426666666667006e+04
5.282680000000000291e+04
5.274786666666666861e+04
5.283106666666666570e+04
5.282573333333332994e+04
5.263800000000000000e+04
5.269453333333333285e+04
5.258893333333333430e+04
5.255159999999999854e+04
5.259106666666666570e+04
5.229986666666666861e+04
5.261880000000000291e+04
5.267213333333333139e+04
5.241080000000000291e+04
5.256226666666667006e+04
5.242786666666666861e+04
5.231266666666666424e+04
5.248546666666666715e+04
5.238946666666666715e+04
5.248119999999999709e+04
5.231266666666666424e+04
5.248226666666667006e+04
5.265506666666666570e+04
5.293773333333332994e+04
5.280546666666666715e+04
5.281826666666667006e+04
5.267853333333333285e+04
5.286413333333333139e+04
5.306040000000000146e+04
5.278306666666666570e+04
5.284919999999999709e+04
5.275640000000000146e+04
5.279373333333332994e+04
5.277666666666666424e+04
5.272653333333333285e+04
5.279373333333332994e+04
5.281186666666666861e+04
5.277986666666666861e+04
5.252173333333332994e+04
5.248119999999999709e+04
5.263266666666666424e+04
5.268919999999999709e+04
5.255266666666666424e+04
5.253559999999999854e+04
5.248333333333333576e+04
5.256973333333332994e+04
5.264759999999999854e+04
5.258253333333333285e+04
5.255480000000000291e+04
5.251959999999999854e+04
5.233400000000000000e+04
5.250359999999999854e+04
5.246733333333333576e+04
5.236066666666666424e+04
5.238093333333333430e+04
5.235853333333333285e+04
5.230519999999999709e+04
5.246946666666666715e+04
5.246946666666666715e+04
4.597133333333333576e+04
4.673293333333333430e+04
4.795426666666667006e+04
4.897293333333333430e+04
5.035106666666666570e+04
5.161826666666667006e+04
5.303266666666666424e+04
5.405559999999999854e+04
5.523000000000000000e+04
5.611106666666666570e+04
5.708066666666666424e+04
5.805773333333332994e+04
5.851853333333333285e+04
5.934200000000000000e+04
5.966093333333333430e+04
6.019853333333333285e+04
6.035640000000000146e+04
6.065719999999999709e+04
6.096333333333333576e+04
6.104013333333333139e+04
6.098893333333333430e+04
6.111906666666666570e+04
6.110840000000000146e+04
6.120546666666666715e+04
6.124493333333333430e+04
6.112653333333333285e+04
6.093880000000000291e+04
6.087693333333333430e+04
6.100919999999999709e+04
6.090040000000000146e+04
6.075853333333333285e+04
6.059640000000000146e+04
6.046413333333333139e+04
6.019533333333333576e+04
6.013453333333333285e+04
5.998093333333333430e+04
5.994573333333332994e+04
5.979959999999999854e+04
5.970680000000000291e+04
5.936333333333333576e+04
5.924600000000000000e+04
5.926946666666666715e+04
5.885133333333333576e+04
5.880013333333333139e+04
5.848119999999999709e+04
5.791480000000000291e+04
5.777186666666666861e+04
5.800226666666667006e+04
5.787533333333333576e+04
5.751159999999999854e+04
5.747533333333333576e+04
5.755746666666666715e+04
5.705613333333333139e+04
5.681293333333333430e+04
5.659000000000000000e+04
5.660173333333332994e+04
5.647480000000000291e+04
5.635959999999999854e+04
5.613666666666666424e+04
5.601400000000000000e+04
5.600013333333333139e+04
5.595640000000000146e+04
5.587106666666666570e+04
5.586466666666666424e+04
5.566306666666666570e+04
5.564386666666666861e+04
5.537400000000000000e+04
5.531319999999999709e+04
5.501453333333333285e+04
5.512226666666667006e+04
5.477986666666666861e+04
5.475533333333333576e+04
5.462733333333333576e+04
5.429986666666666861e+04
5.439266666666666424e+04
5.416013333333333139e+04
5.395319999999999709e+04
5.390306666666666570e+04
5.385400000000000000e+04
5.362680000000000291e+04
5.382413333333333139e+04
5.364173333333332994e+04
5.355533333333333576e+04
5.340173333333332994e+04
5.348706666666666570e+04
5.322146666666666715e+04
5.322040000000000146e+04
5.317559999999999854e+04
5.313506666666666570e+04
5.280119999999999709e+04
5.283959999999999854e+04
5.280440000000000146e+04
5.267319999999999709e+04
5.259319999999999709e+04
5.235106666666666570e+04
5.242466666666666424e+04
5.259213333333333139e+04
5.256119999999999709e+04
5.244066666666666424e+04
5.241293333333333430e+04
5.253666666666666424e+04
5.247053333333333285e+04
5.223053333333333285e+04
5.200333333333333576e+04
5.199800000000000000e+04
5.211426666666667006e+04
5.189133333333333576e+04
5.208440000000000146e+04
5.190200000000000000e+04
5.222306666666666570e+04
5.222946666666666715e+04
5.206626666666667006e+04
5.211213333333333139e+04
5.215800000000000000e+04
5.215266666666666424e+04
5.226359999999999854e+04
5.218466666666666424e+04
5.218466666666666424e+04
5.195213333333333139e+04
5.193400000000000000e+04
5.204706666666666570e+04
5.197880000000000291e+04
5.195213333333333139e+04
5.191159999999999854e+04
5.210573333333332994e+04
5.185186666666666861e+04
5.198306666666666570e+04
5.205880000000000291e+04
5.180706666666666570e+04
5.187959999999999854e+04
5.182413333333333139e+04
5.176866666666666424e+04
5.184546666666666715e+04
5.200119999999999709e+04
5.191480000000000291e+04
5.198306666666666570e+04
5.190200000000000000e+04
5.182413333333333139e+04
5.188919999999999709e+04
5.179213333333333139e+04
5.174306666666666570e+04
5.152119999999999709e+04
5.167800000000000000e+04
5.136013333333333139e+04
5.134413333333333139e+04
5.143480000000000291e+04
5.145826666666667006e+04
5.125453333333333285e+04
5.128013333333333139e+04
5.121506666666666570e+04
5.125773333333332994e+04
5.131106666666666570e+04
5.122786666666666861e+04
5.134306666666666570e+04
5.132706666666666570e+04
5.141773333333332994e+04
5.155319999999999709e+04
5.149346666666666715e+04
5.154253333333333285e+04
5.150946666666666715e+04
5.146573333333332994e+04
5.145933333333333576e+04
5.153186666666666861e+04
5.144866666666666424e+04
5.150306666666666570e+04
5.153506666666666570e+04
5.146680000000000291e+04
5.130893333333333430e+04
5.133880000000000291e+04
5.166093333333333430e+04
5.134200000000000000e+04
5.151800000000000000e+04
5.129613333333333139e+04
5.133666666666666424e+04
5.133666666666666424e+04
5.126840000000000146e+04
5.103693333333333430e+04
5.101133333333333576e+04
5.077986666666666861e+04
5.085453333333333285e+04
5.084919999999999709e+04
5.082893333333333430e+04
5.085453333333333285e+04
5.079266666666666424e+04
5.103693333333333430e+04
5.079693333333333430e+04
5.103693333333333430e+04
5.078093333333333430e+04
5.083106666666666570e+04
5.072973333333332994e+04
5.073080000000000291e+04
5.075640000000000146e+04
5.081080000000000291e+04
5.083000000000000000e+04
5.093880000000000291e+04
5.068173333333332994e+04
5.071693333333333430e+04
5.074040000000000146e+04
5.064440000000000146e+04
5.054946666666666715e+04
5.080546666666666715e+04
5.061986666666666861e+04
5.062306666666666570e+04
5.049186666666666861e+04
5.042253333333333285e+04
5.033186666666666861e+04
5.069773333333332994e+04
5.076493333333333430e+04
5.081400000000000000e+04
5.092706666666666570e+04
5.098466666666666424e+04
5.105080000000000291e+04
5.142626666666667006e+04
5.117880000000000291e+04
5.123853333333333285e+04
5.136653333333333285e+04
5.154786666666666861e+04
5.117453333333333285e+04
5.123000000000000000e+04
5.147959999999999854e+04
5.134306666666666570e+04
5.155319999999999709e+04
5.135480000000000291e+04
5.146573333333332994e+04
5.144973333333332994e+04
5.164813333333333139e+04
5.171319999999999709e+04
5.174413333333333139e+04
5.172493333333333430e+04
5.172813333333333139e+04
5.195959999999999854e+04
5.189346666666666715e+04
5.174306666666666570e+04
5.183373333333332994e+04
5.183906666666666570e+04
5.165880000000000291e+04
5.178466666666666424e+04
5.180173333333332994e+04
5.170680000000000291e+04
5.166306666666666570e+04
5.195213333333333139e+04
5.166093333333333430e+04
5.172919999999999709e+04
5.166946666666666715e+04
5.176119999999999709e+04
5.163959999999999854e+04
5.169719999999999709e+04
5.185719999999999709e+04
5.173133333333333576e+04
5.175373333333332994e+04
5.136013333333333139e+04
5.145186666666666861e+04
5.147106666666666570e+04
5.149666666666666424e+04
5.159373333333332994e+04
5.189986666666666861e+04
5.178040000000000146e+04
5.179000000000000000e+04
5.176226666666667006e+04
5.163106666666666570e+04
5.172919999999999709e+04
5.184546666666666715e+04
5.199906666666666570e+04
5.169186666666666861e+04
5.193933333333333576e+04
5.176119999999999709e+04
5.180066666666666424e+04
5.177613333333333139e+04
5.180066666666666424e+04
5.174519999999999709e+04
5.184973333333332994e+04
5.191266666666666424e+04
5.176226666666667006e+04
5.179640000000000146e+04
5.176333333333333576e+04
5.172173333333332994e+04
5.156173333333332994e+04
5.165346666666666715e+04
5.159266666666666424e+04
5.158413333333333139e+04
5.163213333333333139e+04
5.181453333333333285e+04
5.185400000000000000e+04
5.172919999999999709e+04
5.152546666666666715e+04
5.160333333333333576e+04
5.157986666666666861e+04
5.153506666666666570e+04
5.151053333333333285e+04
5.137400000000000000e+04
5.153613333333333139e+04
5.141773333333332994e+04
5.156493333333333430e+04
5.149666666666666424e+04
5.147213333333333139e+04
5.171319999999999709e+04
5.171640000000000146e+04
5.169506666666666570e+04
5.163319999999999709e+04
5.159373333333332994e+04
5.153293333333333430e+04
5.140600000000000000e+04
5.140919999999999709e+04
5.122786666666666861e+04
5.186680000000000291e+04
5.208653333333333285e+04
5.206519999999999709e+04
5.243213333333333139e+04
5.254093333333333430e+04
5.255373333333332994e+04
5.272333333333333576e+04
5.294626666666667006e+04
5.301240000000000146e+04
5.297506666666666570e+04
5.288119999999999709e+04
5.295266666666666424e+04
5.285986666666666861e+04
5.294519999999999709e+04
5.317026666666667006e+04
5.299319999999999709e+04
5.297293333333333430e+04
5.319693333333333430e+04
5.303693333333333430e+04
5.336546666666666715e+04
5.329400000000000000e+04
5.326200000000000000e+04
5.331106666666666570e+04
5.344226666666667006e+04
5.333559999999999854e+04
5.344013333333333139e+04
5.348919999999999709e+04
5.358840000000000146e+04
5.354146666666666715e+04
5.369400000000000000e+04
5.331640000000000146e+04
5.371319999999999709e+04
5.351266666666666424e+04
5.334626666666667006e+04
5.342733333333333576e+04
5.315000000000000000e+04
5.321400000000000000e+04
5.310093333333333430e+04
5.308280000000000291e+04
5.299959999999999854e+04
5.309453333333333285e+04
5.298893333333333430e+04
5.301666666666666424e+04
5.284813333333333139e+04
5.298040000000000146e+04
5.294626666666667006e+04
5.300173333333332994e+04
5.301453333333333285e+04
5.251426666666667006e+04
5.309559999999999854e+04
5.309346666666666715e+04
5.313826666666667006e+04
5.317986666666666861e+04
5.329719999999999709e+04
5.337080000000000291e+04
5.320226666666667006e+04
5.326519999999999709e+04
5.310626666666667006e+04
5.324386666666666861e+04
5.298146666666666715e+04
5.311053333333333285e+04
5.309453333333333285e+04
5.309666666666666424e+04
5.311053333333333285e+04
5.330680000000000291e+04
5.324706666666666570e+04
5.313826666666667006e+04
5.306466666666666424e+04
5.326946666666666715e+04
5.307533333333333576e+04
5.305080000000000291e+04
5.317986666666666861e+04
5.315640000000000146e+04
5.309666666666666424e+04
5.313506666666666570e+04
5.318840000000000146e+04
5.309026666666667006e+04
5.320226666666667006e+04
5.315213333333333139e+04
5.296333333333333576e+04
5.327266666666666424e+04
5.291106666666666570e+04
5.295373333333332994e+04
5.297719999999999709e+04
5.314680000000000291e+04
5.306786666666666861e+04
5.271053333333333285e+04
5.270733333333333576e+04
5.270733333333333576e+04
4.570573333333332994e+04
4.656546666666666715e+04
4.795640000000000146e+04
4.912013333333333139e+04
5.045666666666666424e+04
5.208546666666666715e+04
5.314573333333332994e+04
5.423480000000000291e+04
5.551159999999999854e+04
5.637880000000000291e+04
5.721293333333333430e+04
5.814626666666667006e+04
5.854306666666666570e+04
5.917453333333333285e+04
5.960226666666667006e+04
6.004600000000000000e+04
6.022626666666667006e+04
6.058359999999999854e+04
6.063373333333332994e+04
6.072226666666667006e+04
6.069453333333333285e+04
6.084493333333333430e+04
6.079373333333332994e+04
6.102093333333333430e+04
6.085346666666666715e+04
6.083959999999999854e+04
6.083426666666667006e+04
6.062200000000000000e+04
6.040653333333333285e+04
6.036706666666666570e+04
6.014733333333333576e+04
5.984226666666667006e+04
5.956280000000000291e+04
5.957880000000000291e+04
5.957559999999999854e+04
5.921293333333333430e+04
5.931640000000000146e+04
5.895480000000000291e+04
5.871906666666666570e+04
5.868173333333332994e+04
5.842359999999999854e+04
5.829026666666667006e+04
5.804493333333333430e+04
5.804813333333333139e+04
5.779106666666666570e+04
5.752546666666666715e+04
5.761080000000000291e+04
5.717453333333333285e+04
5.711053333333333285e+04
5.686626666666667006e+04
5.666573333333332994e+04
5.666786666666666861e+04
5.638306666666666570e+04
5.638413333333333139e+04
5.618680000000000291e+04
5.577826666666667006e+04
5.571000000000000000e+04
5.560866666666666424e+04
5.577506666666666570e+04
5.555106666666666570e+04
5.546786666666666861e+04
5.534626666666667006e+04
5.550733333333333576e+04
5.535266666666666424e+04
5.530786666666666861e+04
5.515853333333333285e+04
5.517559999999999854e+04
5.491533333333333576e+04
5.480226666666667006e+04
5.449933333333333576e+04
5.442466666666666424e+04
5.455373333333332994e+04
5.432013333333333139e+04
5.416546666666666715e+04
5.413559999999999854e+04
5.393080000000000291e+04
5.380600000000000000e+04
5.368333333333333576e+04
5.368013333333333139e+04
5.383053333333333285e+04
5.342626666666667006e+04
5.358093333333333430e+04
5.335159999999999854e+04
5.357773333333332994e+04
5.346253333333333285e+04
5.327480000000000291e+04
5.337186666666666861e+04
5.321080000000000291e+04
5.308813333333333139e+04
5.326519999999999709e+04
5.287800000000000000e+04
5.290786666666666861e+04
5.299746666666666715e+04
5.285773333333332994e+04
5.285346666666666715e+04
5.268280000000000291e+04
5.283000000000000000e+04
5.276066666666666424e+04
5.268493333333333430e+04
5.248653333333333285e+04
5.233506666666666570e+04
5.226786666666666861e+04
5.207480000000000291e+04
5.188066666666666424e+04
5.207373333333332994e+04
5.205346666666666715e+04
5.199906666666666570e+04
5.243106666666666570e+04
5.252813333333333139e+04
5.257186666666666861e+04
5.266253333333333285e+04
5.294840000000000146e+04
5.266040000000000146e+04
5.263586666666666861e+04
5.250146666666666715e+04
5.242680000000000291e+04
5.255159999999999854e+04
5.269880000000000291e+04
5.255586666666666861e+04
5.248866666666666424e+04
5.252706666666666570e+04
5.275213333333333139e+04
5.253666666666666424e+04
5.261026666666667006e+04
5.257400000000000000e+04
5.255266666666666424e+04
5.275959999999999854e+04
5.256973333333332994e+04
5.247053333333333285e+04
5.250146666666666715e+04
5.222093333333333430e+04
5.261346666666666715e+04
5.250253333333333285e+04
5.249080000000000291e+04
5.256866666666666424e+04
5.240013333333333139e+04
5.249719999999999709e+04
5.251000000000000000e+04
5.254946666666666715e+04
5.266573333333332994e+04
5.259426666666667006e+04
5.244706666666666570e+04
5.238200000000000000e+04
5.212493333333333430e+04
5.246946666666666715e+04
5.244600000000000000e+04
5.239373333333332994e+04
5.240119999999999709e+04
5.230946666666666715e+04
5.218466666666666424e+04
5.235000000000000000e+04
5.251853333333333285e+04
5.225506666666666570e+04
5.214306666666666570e+04
5.206733333333333576e+04
5.222946666666666715e+04
5.202253333333333285e+04
5.218253333333333285e+04
5.216333333333333576e+04
5.234893333333333430e+04
5.232013333333333139e+04
5.210573333333332994e+04
5.212066666666666424e+04
5.212919999999999709e+04
5.198733333333333576e+04
5.206200000000000000e+04
5.192333333333333576e+04
5.183586666666666861e+04
5.188386666666666861e+04
5.169293333333333430e+04
5.171213333333333139e+04
5.172919999999999709e+04
5.155640000000000146e+04
5.160333333333333576e+04
5.135800000000000000e+04
5.149133333333333576e+04
5.125346666666666715e+04
5.120226666666667006e+04
5.105506666666666570e+04
5.126200000000000000e+04
5.119586666666666861e+04
5.112333333333333576e+04
5.140066666666666424e+04
5.130146666666666715e+04
5.117666666666666424e+04
5.105719999999999709e+04
5.127800000000000000e+04
5.121933333333333576e+04
5.129080000000000291e+04
5.106146666666666715e+04
5.096013333333333139e+04
5.110200000000000000e+04
5.096759999999999854e+04
5.103266666666666424e+04
5.089400000000000000e+04
5.096759999999999854e+04
5.090146666666666715e+04
5.087906666666666570e+04
5.084386666666666861e+04
5.085986666666666861e+04
5.076066666666666424e+04
5.069559999999999854e+04
5.050466666666666424e+04
5.061026666666667006e+04
5.053453333333333285e+04
5.056973333333332994e+04
5.074040000000000146e+04
5.056759999999999854e+04
5.080226666666667006e+04
5.079053333333333285e+04
5.084280000000000291e+04
5.079906666666666570e+04
5.088440000000000146e+04
5.082146666666666715e+04
5.066466666666666424e+04
5.067000000000000000e+04
5.055480000000000291e+04
5.060066666666666424e+04
5.069133333333333576e+04
5.078413333333333139e+04
5.072440000000000146e+04
5.077559999999999854e+04
5.095053333333333285e+04
5.080119999999999709e+04
5.069026666666667006e+04
5.095266666666666424e+04
5.101240000000000146e+04
5.099853333333333285e+04
5.079159999999999854e+04
5.080333333333333576e+04
5.093346666666666715e+04
5.100813333333333139e+04
5.103373333333332994e+04
5.092066666666666424e+04
5.106040000000000146e+04
5.090146666666666715e+04
5.085773333333332994e+04
5.068706666666666570e+04
5.064119999999999709e+04
5.082786666666666861e+04
5.068173333333332994e+04
5.071586666666666861e+04
5.057933333333333576e+04
5.074253333333333285e+04
5.059640000000000146e+04
5.066573333333332994e+04
5.070626666666667006e+04
5.063586666666666861e+04
5.084600000000000000e+04
5.082253333333333285e+04
5.081400000000000000e+04
5.047266666666666424e+04
5.051426666666667006e+04
5.057719999999999709e+04
5.075746666666666715e+04
5.080333333333333576e+04
5.088759999999999854e+04
5.084280000000000291e+04
5.076173333333332994e+04
5.074253333333333285e+04
5.074359999999999854e+04
5.075213333333333139e+04
5.092066666666666424e+04
5.083106666666666570e+04
5.070840000000000146e+04
5.084706666666666570e+04
5.101666666666666424e+04
5.073613333333333139e+04
5.095480000000000291e+04
5.103480000000000291e+04
5.106040000000000146e+04
5.102519999999999709e+04
5.102519999999999709e+04
5.096119999999999709e+04
5.093666666666666424e+04
5.103586666666666861e+04
5.120653333333333285e+04
5.097400000000000000e+04
5.117559999999999854e+04
5.119053333333333285e+04
5.115533333333333576e+04
5.127053333333333285e+04
5.143693333333333430e+04
5.160546666666666715e+04
5.132600000000000000e+04
5.123746666666666715e+04
5.110519999999999709e+04
5.109133333333333576e+04
5.107213333333333139e+04
5.098573333333332994e+04
5.125453333333333285e+04
5.122786666666666861e+04
5.112226666666667006e+04
5.145400000000000000e+04
5.117773333333332994e+04
5.087373333333332994e+04
5.112226666666667006e+04
5.103053333333333285e+04
5.094306666666666570e+04
5.091959999999999854e+04
5.091533333333333576e+04
5.082573333333332994e+04
5.090573333333332994e+04
5.128759999999999854e+04
5.139640000000000146e+04
5.149453333333333285e+04
5.191693333333333430e+04
5.188280000000000291e+04
5.198093333333333430e+04
5.191159999999999854e+04
5.210146666666666715e+04
5.218893333333333430e+04
5.195746666666666715e+04
5.178786666666666861e+04
5.189666666666666424e+04
5.202040000000000146e+04
5.207800000000000000e+04
5.218573333333332994e+04
5.204600000000000000e+04
5.224973333333332994e+04
5.205559999999999854e+04
5.194466666666666424e+04
5.185293333333333430e+04
5.188919999999999709e+04
5.176759999999999854e+04
5.191159999999999854e+04
5.215586666666666861e+04
5.189133333333333576e+04
5.228493333333333430e+04
5.223053333333333285e+04
5.214519999999999709e+04
5.202573333333332994e+04
5.198413333333333139e+04
5.221240000000000146e+04
5.196386666666666861e+04
5.174306666666666570e+04
5.173346666666666715e+04
5.179746666666666715e+04
5.184119999999999709e+04
5.191693333333333430e+04
5.207053333333333285e+04
5.184653333333333285e+04
5.187640000000000146e+04
5.201933333333333576e+04
5.201826666666667006e+04
5.188706666666666570e+04
5.193506666666666570e+04
5.184333333333333576e+04
5.203640000000000146e+04
5.210359999999999854e+04
5.176226666666667006e+04
5.194573333333332994e+04
5.207693333333333430e+04
5.197773333333332994e+04
5.215373333333332994e+04
5.212919999999999709e+04
5.191586666666666861e+04
5.208333333333333576e+04
5.192759999999999854e+04
5.206093333333333430e+04
5.213986666666666861e+04
5.194680000000000291e+04
5.185400000000000000e+04
5.187319999999999709e+04
5.210359999999999854e+04
5.215159999999999854e+04
5.195746666666666715e+04
5.220919999999999709e+04
5.190946666666666715e+04
5.182413333333333139e+04
5.184333333333333576e+04
5.184013333333333139e+04
5.179533333333333576e+04
5.168226666666667006e+04
5.169826666666667006e+04
5.139000000000000000e+04
5.159800000000000000e+04
5.147213333333333139e+04
5.154253333333333285e+04
5.156280000000000291e+04
5.153080000000000291e+04
5.112973333333332994e+04
5.136440000000000146e+04
5.137613333333333139e+04
5.124813333333333139e+04
5.138040000000000146e+04
5.128333333333333576e+04
5.108386666666666861e+04
5.105293333333333430e+04
5.129719999999999709e+04
5.117453333333333285e+04
5.117453333333333285e+04
4.624333333333333576e+04
4.728759999999999854e+04
4.833933333333333576e+04
4.996813333333333139e+04
5.084600000000000000e+04
5.228493333333333430e+04
5.351159999999999854e+04
5.419319999999999709e+04
5.538786666666666861e+04
5.705933333333333576e+04
5.751053333333333285e+04
5.829026666666667006e+04
5.881080000000000291e+04
5.935906666666666570e+04
5.991906666666666570e+04
6.000759999999999854e+04
6.041400000000000000e+04
6.079693333333333430e+04
6.112866666666666424e+04
6.072759999999999854e+04
6.085559999999999854e+04
6.093666666666666424e+04
6.103266666666666424e+04
6.101026666666667006e+04
6.090146666666666715e+04
6.064119999999999709e+04
6.059426666666667006e+04
6.053986666666666861e+04
6.034893333333333430e+04
6.012600000000000000e+04
6.016440000000000146e+04
5.999159999999999854e+04
5.979000000000000000e+04
5.963746666666666715e+04
5.943053333333333285e+04
5.936759999999999854e+04
5.927266666666666424e+04
5.906253333333333285e+04
5.892066666666666424e+04
5.850573333333332994e+04
5.857080000000000291e+04
5.814626666666667006e+04
5.812386666666666861e+04
5.787319999999999709e+04
5.775480000000000291e+04
5.749453333333333285e+04
5.754573333333332994e+04
5.733026666666667006e+04
5.726519999999999709e+04
5.708600000000000000e+04
5.684813333333333139e+04
5.655053333333333285e+04
5.647266666666666424e+04
5.615800000000000000e+04
5.591480000000000291e+04
5.570573333333332994e+04
5.538573333333332994e+04
5.562359999999999854e+04
5.540600000000000000e+04
5.560973333333332994e+04
5.537293333333333430e+04
5.513719999999999709e+04
5.496226666666667006e+04
5.511053333333333285e+04
5.487373333333332994e+04
5.483640000000000146e+04
5.451959999999999854e+04
5.448653333333333285e+04
5.441186666666666861e+04
5.432013333333333139e+04
5.417186666666666861e+04
5.412280000000000291e+04
5.397986666666666861e+04
5.416759999999999854e+04
5.407159999999999854e+04
5.393293333333333430e+04
5.394573333333332994e+04
5.369719999999999709e+04
5.390946666666666715e+04
5.384973333333332994e+04
5.372386666666666861e+04
5.364813333333333139e+04
5.355746666666666715e+04
5.355319999999999709e+04
5.337186666666666861e+04
5.338573333333332994e+04
5.329826666666667006e+04
5.345506666666666570e+04
5.339746666666666715e+04
5.296973333333332994e+04
5.307640000000000146e+04
5.307000000000000000e+04
5.322680000000000291e+04
5.293453333333333285e+04
5.306893333333333430e+04
5.321719999999999709e+04
5.299426666666667006e+04
5.306680000000000291e+04
5.316600000000000000e+04
5.292813333333333139e+04
5.289826666666667006e+04
5.267213333333333139e+04
5.274573333333332994e+04
5.256013333333333139e+04
5.255693333333333430e+04
5.267640000000000146e+04
5.286306666666666570e+04
5.292600000000000000e+04
5.327480000000000291e+04
5.323533333333333576e+04
5.339426666666667006e+04
5.329613333333333139e+04
5.335373333333332994e+04
5.337933333333333576e+04
5.342306666666666570e+04
5.326519999999999709e+04
5.316386666666666861e+04
5.304973333333332994e+04
5.315426666666667006e+04
5.322786666666666861e+04
5.330786666666666861e+04
5.310519999999999709e+04
5.312119999999999709e+04
5.316066666666666424e+04
5.298359999999999854e+04
5.309453333333333285e+04
5.295266666666666424e+04
5.290680000000000291e+04
5.296440000000000146e+04
5.281506666666666570e+04
5.288013333333333139e+04
5.300600000000000000e+04
5.257613333333333139e+04
5.275746666666666715e+04
5.281613333333333139e+04
5.273826666666667006e+04
5.270626666666667006e+04
5.268386666666666861e+04
5.245666666666666424e+04
5.251426666666667006e+04
5.236706666666666570e+04
5.234466666666666424e+04
5.218359999999999854e+04
5.218359999999999854e+04
5.204706666666666570e+04
5.197773333333332994e+04
5.222306666666666570e+04
5.193933333333333576e+04
5.176759999999999854e+04
5.185400000000000000e+04
5.188813333333333139e+04
5.186680000000000291e+04
5.161186666666666861e+04
5.163000000000000000e+04
5.150413333333333139e+04
5.157346666666666715e+04
5.179213333333333139e+04
5.179853333333333285e+04
5.167159999999999854e+04
5.166413333333333139e+04
5.178466666666666424e+04
5.181346666666666715e+04
5.184440000000000146e+04
5.171319999999999709e+04
5.177293333333333430e+04
5.183480000000000291e+04
5.176546666666666715e+04
5.185613333333333139e+04
5.176759999999999854e+04
5.188493333333333430e+04
5.179533333333333576e+04
5.183693333333333430e+04
5.162786666666666861e+04
5.180919999999999709e+04
5.179853333333333285e+04
5.188386666666666861e+04
5.169293333333333430e+04
5.154786666666666861e+04
5.162466666666666424e+04
5.146040000000000146e+04
5.166733333333333576e+04
5.205346666666666715e+04
5.167800000000000000e+04
5.159159999999999854e+04
5.150413333333333139e+04
5.166840000000000146e+04
5.158946666666666715e+04
5.154573333333332994e+04
5.166200000000000000e+04
5.152759999999999854e+04
5.141559999999999854e+04
5.115426666666667006e+04
5.126840000000000146e+04
5.121826666666667006e+04
5.128546666666666715e+04
5.132386666666666861e+04
5.118200000000000000e+04
5.128333333333333576e+04
5.126733333333333576e+04
5.118733333333333576e+04
5.127480000000000291e+04
5.115853333333333285e+04
5.095906666666666570e+04
5.111159999999999854e+04
5.114893333333333430e+04
5.148919999999999709e+04
5.143693333333333430e+04
5.167480000000000291e+04
5.159693333333333430e+04
5.161613333333333139e+04
5.166093333333333430e+04
5.174626666666667006e+04
5.164600000000000000e+04
5.156066666666666424e+04
5.162359999999999854e+04
5.174519999999999709e+04
5.183053333333333285e+04
5.182200000000000000e+04
5.207906666666666570e+04
5.191373333333332994e+04
5.200653333333333285e+04
5.170573333333332994e+04
5.184333333333333576e+04
5.178040000000000146e+04
5.161719999999999709e+04
5.157986666666666861e+04
5.153613333333333139e+04
5.148706666666666570e+04
5.142200000000000000e+04
5.168973333333332994e+04
5.169400000000000000e+04
5.152546666666666715e+04
5.162786666666666861e+04
5.142519999999999709e+04
5.149133333333333576e+04
5.188919999999999709e+04
5.145400000000000000e+04
5.149666666666666424e+04
5.149026666666667006e+04
5.122893333333333430e+04
5.157240000000000146e+04
5.163746666666666715e+04
5.167373333333332994e+04
5.151906666666666570e+04
5.147426666666667006e+04
5.161186666666666861e+04
5.171746666666666715e+04
5.165773333333332994e+04
5.137826666666667006e+04
5.155106666666666570e+04
5.165773333333332994e+04
5.147426666666667006e+04
5.159053333333333285e+04
5.154359999999999854e+04
5.172706666666666570e+04
5.189346666666666715e+04
5.182413333333333139e+04
5.178573333333332994e+04
5.181773333333332994e+04
5.206519999999999709e+04
5.194573333333332994e+04
5.195000000000000000e+04
5.212600000000000000e+04
5.194893333333333430e+04
5.200119999999999709e+04
5.200013333333333139e+04
5.215373333333332994e+04
5.204706666666666570e+04
5.208973333333332994e+04
5.213133333333333576e+04
5.223586666666666861e+04
5.220813333333333139e+04
5.227746666666666715e+04
5.246093333333333430e+04
5.235106666666666570e+04
5.231053333333333285e+04
5.222840000000000146e+04
5.210146666666666715e+04
5.240653333333333285e+04
5.247800000000000000e+04
5.243319999999999709e+04
5.240013333333333139e+04
5.241719999999999709e+04
5.267426666666667006e+04
5.259746666666666715e+04
5.263586666666666861e+04
5.255906666666666570e+04
5.262519999999999709e+04
5.254413333333333139e+04
5.244280000000000291e+04
5.236066666666666424e+04
5.250359999999999854e+04
5.241719999999999709e+04
5.256440000000000146e+04
5.261666666666666424e+04
5.265506666666666570e+04
5.240653333333333285e+04
5.252919999999999709e+04
5.244493333333333430e+04
5.247906666666666570e+04
5.255266666666666424e+04
5.259106666666666570e+04
5.283106666666666570e+04
5.334306666666666570e+04
5.345400000000000000e+04
5.359693333333333430e+04
5.367693333333333430e+04
5.378893333333333430e+04
5.385293333333333430e+04
5.390093333333333430e+04
5.406200000000000000e+04
5.423906666666666570e+04
5.420280000000000291e+04
5.409293333333333430e+04
5.421133333333333576e+04
5.443000000000000000e+04
5.431053333333333285e+04
5.431373333333332994e+04
5.438093333333333430e+04
5.433719999999999709e+04
5.436600000000000000e+04
5.435959999999999854e+04
5.437026666666667006e+04
5.438840000000000146e+04
5.426466666666666424e+04
5.421773333333332994e+04
5.402893333333333430e+04
5.400226666666667006e+04
5.409719999999999709e+04
5.418040000000000146e+04
5.425186666666666861e+04
5.413773333333332994e+04
5.393719999999999709e+04
5.403106666666666570e+04
5.399159999999999854e+04
5.372600000000000000e+04
5.350413333333333139e+04
5.366519999999999709e+04
5.365666666666666424e+04
5.379640000000000146e+04
5.350200000000000000e+04
5.356066666666666424e+04
5.355426666666667006e+04
5.384973333333332994e+04
5.365133333333333576e+04
5.350306666666666570e+04
5.327906666666666570e+04
5.353613333333333139e+04
5.337933333333333576e+04
5.340706666666666570e+04
5.343159999999999854e+04
5.322040000000000146e+04
5.337933333333333576e+04
5.362040000000000146e+04
5.373240000000000146e+04
5.345719999999999709e+04
5.368119999999999709e+04
5.366093333333333430e+04
5.380706666666666570e+04
5.369080000000000291e+04
5.366306666666666570e+04
5.357026666666667006e+04
5.377506666666666570e+04
5.361506666666666570e+04
5.386893333333333430e+04
5.378253333333333285e+04
5.370466666666666424e+04
5.361506666666666570e+04
5.350733333333333576e+04
5.345719999999999709e+04
5.341026666666667006e+04
5.349133333333333576e+04
5.349133333333333576e+04
5.342626666666667006e+04
5.308386666666666861e+04
5.336440000000000146e+04
5.334840000000000146e+04
5.378573333333332994e+04
5.337826666666667006e+04
5.348066666666666424e+04
5.333026666666667006e+04
5.314680000000000291e+04
5.336759999999999854e+04
5.354359999999999854e+04
5.344759999999999854e+04
5.366626666666667006e+04
5.345933333333333576e+04
5.328226666666667006e+04
5.360119999999999709e+04
5.352866666666666424e+04
5.341666666666666424e+04
5.341773333333332994e+04
4.523533333333333576e+04
4.620813333333333139e+04
4.748600000000000000e+04
4.831159999999999854e+04
4.985933333333333576e+04
5.124493333333333430e+04
5.235000000000000000e+04
5.372706666666666570e+04
5.474359999999999854e+04
5.603533333333333576e+04
5.676493333333333430e+04
5.791586666666666861e+04
5.819853333333333285e+04
5.884493333333333430e+04
5.949559999999999854e+04
5.982093333333333430e+04
6.011319999999999709e+04
6.053880000000000291e+04
6.047053333333333285e+04
6.058359999999999854e+04
6.068600000000000000e+04
6.077453333333333285e+04
6.084386666666666861e+04
6.088973333333332994e+04
6.076280000000000291e+04
6.058040000000000146e+04
6.054840000000000146e+04
6.055053333333333285e+04
6.037986666666666861e+04
6.019426666666667006e+04
6.015800000000000000e+04
5.975373333333332994e+04
5.947106666666666570e+04
5.947000000000000000e+04
5.937719999999999709e+04
5.929613333333333139e+04
5.935053333333333285e+04
5.913506666666666570e+04
5.909453333333333285e+04
5.856973333333332994e+04
5.837773333333332994e+04
5.821880000000000291e+04
5.799053333333333285e+04
5.776973333333332994e+04
5.763746666666666715e+04
5.736119999999999709e+04
5.725453333333333285e+04
5.715640000000000146e+04
5.688226666666667006e+04
5.667319999999999709e+04
5.642146666666666715e+04
5.640653333333333285e+04
5.626146666666666715e+04
5.626893333333333430e+04
5.606519999999999709e+04
5.599800000000000000e+04
5.581453333333333285e+04
5.575480000000000291e+04
5.583693333333333430e+04
5.560973333333332994e+04
5.569826666666667006e+04
5.543906666666666570e+04
5.558413333333333139e+04
5.554466666666666424e+04
5.542413333333333139e+04
5.538359999999999854e+04
5.526626666666667006e+04
5.509026666666667006e+04
5.507106666666666570e+04
5.513506666666666570e+04
5.512013333333333139e+04
5.501666666666666424e+04
5.502200000000000000e+04
5.484066666666666424e+04
5.471800000000000000e+04
5.441933333333333576e+04
5.477346666666666715e+04
5.460813333333333139e+04
5.443533333333333576e+04
5.444600000000000000e+04
5.417933333333333576e+04
5.424866666666666424e+04
5.406733333333333576e+04
5.424866666666666424e+04
5.411106666666666570e+04
5.410253333333333285e+04
5.410359999999999854e+04
5.392119999999999709e+04
5.411000000000000000e+04
5.408226666666667006e+04
5.397666666666666424e+04
5.384866666666666424e+04
5.346786666666666861e+04
5.353186666666666861e+04
5.346466666666666424e+04
5.350200000000000000e+04
5.356813333333333139e+04
5.341026666666667006e+04
5.352866666666666424e+04
5.337613333333333139e+04
5.340066666666666424e+04
5.336119999999999709e+04
5.321613333333333139e+04
5.323319999999999709e+04
5.297613333333333139e+04
5.313293333333333430e+04
5.315959999999999854e+04
5.344759999999999854e+04
5.339000000000000000e+04
5.352013333333333139e+04
5.348706666666666570e+04
5.350733333333333576e+04
5.373133333333333576e+04
5.369506666666666570e+04
5.381880000000000291e+04
5.368440000000000146e+04
5.356919999999999709e+04
5.354359999999999854e+04
5.360546666666666715e+04
5.366306666666666570e+04
5.355640000000000146e+04
5.379426666666667006e+04
5.355000000000000000e+04
5.353613333333333139e+04
5.339000000000000000e+04
5.368866666666666424e+04
5.348706666666666570e+04
5.366840000000000146e+04
5.347213333333333139e+04
5.318626666666667006e+04
5.320333333333333576e+04
5.335053333333333285e+04
5.349133333333333576e+04
5.329826666666667006e+04
5.326413333333333139e+04
5.335906666666666570e+04
5.273613333333333139e+04
5.336226666666667006e+04
5.330253333333333285e+04
5.335266666666666424e+04
5.307426666666667006e+04
5.314786666666666861e+04
5.303906666666666570e+04
5.317666666666666424e+04
5.333666666666666424e+04
5.317453333333333285e+04
5.309133333333333576e+04
5.315533333333333576e+04
5.305293333333333430e+04
5.315746666666666715e+04
5.333240000000000146e+04
5.336440000000000146e+04
5.275959999999999854e+04
5.266146666666666715e+04
5.264226666666667006e+04
5.289933333333333576e+04
5.311053333333333285e+04
5.303053333333333285e+04
5.283426666666667006e+04
5.296653333333333285e+04
5.308173333333332994e+04
5.321293333333333430e+04
5.304119999999999709e+04
5.307106666666666570e+04
5.325026666666667006e+04
5.311373333333332994e+04
5.279480000000000291e+04
5.278413333333333139e+04
5.284173333333332994e+04
5.284706666666666570e+04
5.279800000000000000e+04
5.270519999999999709e+04
5.274680000000000291e+04
5.273613333333333139e+04
5.276386666666666861e+04
5.284066666666666424e+04
5.283319999999999709e+04
5.301880000000000291e+04
5.292280000000000291e+04
5.296119999999999709e+04
5.297506666666666570e+04
5.294840000000000146e+04
5.304333333333333576e+04
5.293666666666666424e+04
5.275959999999999854e+04
5.284280000000000291e+04
5.296546666666666715e+04
5.281719999999999709e+04
5.280119999999999709e+04
5.278093333333333430e+04
5.261666666666666424e+04
5.278093333333333430e+04
5.250573333333332994e+04
5.264440000000000146e+04
5.261666666666666424e+04
5.245026666666667006e+04
5.244386666666666861e+04
5.240119999999999709e+04
5.233933333333333576e+04
5.243959999999999854e+04
5.236919999999999709e+04
5.216973333333332994e+04
5.210466666666666424e+04
5.197346666666666715e+04
5.219000000000000000e+04
5.220919999999999709e+04
5.227319999999999709e+04
5.239586666666666861e+04
5.222733333333333576e+04
5.211213333333333139e+04
5.243533333333333576e+04
5.230840000000000146e+04
5.227746666666666715e+04
5.221133333333333576e+04
5.243000000000000000e+04
5.216440000000000146e+04
5.223906666666666570e+04
5.217826666666667006e+04
5.220813333333333139e+04
5.208759999999999854e+04
5.186466666666666424e+04
5.218359999999999854e+04
5.241293333333333430e+04
5.211959999999999854e+04
5.209293333333333430e+04
5.210466666666666424e+04
5.225933333333333576e+04
5.192119999999999709e+04
5.207373333333332994e+04
5.197453333333333285e+04
5.206306666666666570e+04
5.198413333333333139e+04
5.215800000000000000e+04
5.205026666666667006e+04
5.199053333333333285e+04
5.199480000000000291e+04
5.221880000000000291e+04
5.209506666666666570e+04
5.226466666666666424e+04
5.215373333333332994e+04
5.195000000000000000e+04
5.212706666666666570e+04
5.214946666666666715e+04
5.208013333333333139e+04
5.193719999999999709e+04
5.195746666666666715e+04
5.194040000000000146e+04
5.189986666666666861e+04
5.185613333333333139e+04
5.187533333333333576e+04
5.161080000000000291e+04
5.171959999999999854e+04
5.154573333333332994e+04
5.165453333333333285e+04
5.158093333333333430e+04
5.165773333333332994e+04
5.187319999999999709e+04
5.188919999999999709e+04
5.194466666666666424e+04
5.177719999999999709e+04
5.186466666666666424e+04
5.177186666666666861e+04
5.188919999999999709e+04
5.181666666666666424e+04
5.166946666666666715e+04
5.165133333333333576e+04
5.158626666666667006e+04
5.165240000000000146e+04
5.162466666666666424e+04
5.157559999999999854e+04
5.138573333333332994e+04
5.132813333333333139e+04
5.143693333333333430e+04
5.130893333333333430e+04
5.114466666666666424e+04
5.125346666666666715e+04
5.117666666666666424e+04
5.108066666666666424e+04
5.133026666666667006e+04
5.137826666666667006e+04
5.105826666666667006e+04
5.121400000000000000e+04
5.105719999999999709e+04
5.101346666666666715e+04
5.108600000000000000e+04
5.113719999999999709e+04
5.087693333333333430e+04
5.086626666666667006e+04
5.087053333333333285e+04
5.106893333333333430e+04
5.109133333333333576e+04
5.100386666666666861e+04
5.101133333333333576e+04
5.100493333333333430e+04
5.086733333333333576e+04
5.075959999999999854e+04
5.072226666666667006e+04
5.056013333333333139e+04
5.060173333333332994e+04
5.054519999999999709e+04
5.059853333333333285e+04
5.067106666666666570e+04
5.091319999999999709e+04
5.123959999999999854e+04
5.122893333333333430e+04
5.117346666666666715e+04
5.126840000000000146e+04
5.137186666666666861e+04
5.139106666666666570e+04
5.132386666666666861e+04
5.153186666666666861e+04
5.180493333333333430e+04
5.161186666666666861e+04
5.167053333333333285e+04
5.170680000000000291e+04
5.173453333333333285e+04
5.186680000000000291e+04
5.193293333333333430e+04
5.174840000000000146e+04
5.170146666666666715e+04
5.165026666666667006e+04
5.161826666666667006e+04
5.181559999999999854e+04
5.152759999999999854e+04
5.171319999999999709e+04
5.146040000000000146e+04
5.133346666666666715e+04
5.152119999999999709e+04
5.165133333333333576e+04
5.153186666666666861e+04
5.157133333333333576e+04
5.144013333333333139e+04
5.149133333333333576e+04
5.151800000000000000e+04
5.136653333333333285e+04
5.134840000000000146e+04
5.134946666666666715e+04
5.146359999999999854e+04
5.105613333333333139e+04
5.112759999999999854e+04
5.135053333333333285e+04
5.129186666666666861e+04
5.140280000000000291e+04
5.090573333333332994e+04
5.097186666666666861e+04
5.098253333333333285e+04
5.076706666666666570e+04
5.092493333333333430e+04
5.083426666666667006e+04
5.073400000000000000e+04
5.061346666666666715e+04
5.104759999999999854e+04
5.102626666666667006e+04
5.102413333333333139e+04
5.103906666666666570e+04
5.085880000000000291e+04
5.077666666666666424e+04
5.079693333333333430e+04
5.080866666666666424e+04
5.086946666666666715e+04
5.091959999999999854e+04
5.095906666666666570e+04
5.083213333333333139e+04
5.094200000000000000e+04
5.113080000000000291e+04
5.081400000000000000e+04
5.087159999999999854e+04
5.087480000000000291e+04
5.073613333333333139e+04
5.090573333333332994e+04
5.070733333333333576e+04
5.077773333333332994e+04
5.081080000000000291e+04
5.069880000000000291e+04
5.078200000000000000e+04
5.081826666666667006e+04
5.093559999999999854e+04
5.081719999999999709e+04
5.085773333333332994e+04
5.087586666666666861e+04
5.088866666666666424e+04
5.093346666666666715e+04
5.105080000000000291e+04
5.100280000000000291e+04
5.087373333333332994e+04
5.105506666666666570e+04
5.086626666666667006e+04
5.101133333333333576e+04
5.086413333333333139e+04
5.108493333333333430e+04
5.078519999999999709e+04
5.090786666666666861e+04
5.090786666666666861e+04
4.556706666666666570e+04
4.678519999999999709e+04
4.797453333333333285e+04
4.938146666666666715e+04
5.033826666666667006e+04
5.198946666666666715e+04
5.364280000000000291e+04
5.440653333333333285e+04
5.549453333333333285e+04
5.701666666666666424e+04
5.767800000000000000e+04
5.864119999999999709e+04
5.942413333333333139e+04
5.991159999999999854e+04
6.056653333333333285e+04
6.078946666666666715e+04
6.108066666666666424e+04
6.153826666666667006e+04
6.178466666666666424e+04
6.203426666666667006e+04
6.219000000000000000e+04
6.218573333333332994e+04
6.238626666666667006e+04
6.233506666666666570e+04
6.237026666666667006e+04
6.240653333333333285e+04
6.224759999999999854e+04
6.192226666666667006e+04
6.203213333333333139e+04
6.195853333333333285e+04
6.152973333333332994e+04
6.180706666666666570e+04
6.156386666666666861e+04
6.150840000000000146e+04
6.121933333333333576e+04
6.104013333333333139e+04
6.095053333333333285e+04
6.070093333333333430e+04
6.050253333333333285e+04
6.001613333333333139e+04
6.019000000000000000e+04
5.984759999999999854e+04
5.961506666666666570e+04
5.948600000000000000e+04
5.946893333333333430e+04
5.920973333333332994e+04
5.886946666666666715e+04
5.885346666666666715e+04
5.868173333333332994e+04
5.863906666666666570e+04
5.831693333333333430e+04
5.821880000000000291e+04
5.792013333333333139e+04
5.768866666666666424e+04
5.744013333333333139e+04
5.712013333333333139e+04
5.722466666666666424e+04
5.730786666666666861e+04
5.729400000000000000e+04
5.718840000000000146e+04
5.701559999999999854e+04
5.694093333333333430e+04
5.684706666666666570e+04
5.663586666666666861e+04
5.630626666666667006e+04
5.644813333333333139e+04
5.612919999999999709e+04
5.591693333333333430e+04
5.585719999999999709e+04
5.577506666666666570e+04
5.552333333333333576e+04
5.532600000000000000e+04
5.535586666666666861e+04
5.505186666666666861e+04
5.469880000000000291e+04
5.482893333333333430e+04
5.477986666666666861e+04
5.453773333333332994e+04
5.443000000000000000e+04
5.427426666666667006e+04
5.431266666666666424e+04
5.422413333333333139e+04
5.405346666666666715e+04
5.372493333333333430e+04
5.403213333333333139e+04
5.375266666666666424e+04
5.369933333333333576e+04
5.369933333333333576e+04
5.368440000000000146e+04
5.342946666666666715e+04
5.337719999999999709e+04
5.338146666666666715e+04
5.320653333333333285e+04
5.331533333333333576e+04
5.330573333333332994e+04
5.332386666666666861e+04
5.302413333333333139e+04
5.279373333333332994e+04
5.263053333333333285e+04
5.282786666666666861e+04
5.289080000000000291e+04
5.288759999999999854e+04
5.289506666666666570e+04
5.266466666666666424e+04
5.249826666666667006e+04
5.303053333333333285e+04
5.297826666666667006e+04
5.282680000000000291e+04
5.303480000000000291e+04
5.293453333333333285e+04
5.300066666666666424e+04
5.281080000000000291e+04
5.322359999999999854e+04
5.298253333333333285e+04
5.292386666666666861e+04
5.270946666666666715e+04
5.259959999999999854e+04
5.288866666666666424e+04
5.277666666666666424e+04
5.259426666666667006e+04
5.267000000000000000e+04
5.277559999999999854e+04
5.270840000000000146e+04
5.267426666666667006e+04
5.267319999999999709e+04
5.260600000000000000e+04
5.266040000000000146e+04
5.261026666666667006e+04
5.259000000000000000e+04
5.259213333333333139e+04
5.258786666666666861e+04
5.258359999999999854e+04
5.280973333333332994e+04
5.276919999999999709e+04
5.270093333333333430e+04
5.260706666666666570e+04
5.275533333333333576e+04
5.287480000000000291e+04
5.261773333333332994e+04
5.257080000000000291e+04
5.260173333333332994e+04
5.254093333333333430e+04
5.277880000000000291e+04
5.269453333333333285e+04
5.266786666666666861e+04
5.269773333333332994e+04
5.254093333333333430e+04
5.248653333333333285e+04
5.248226666666667006e+04
5.265933333333333576e+04
5.251853333333333285e+04
5.257933333333333576e+04
5.248226666666667006e+04
5.250253333333333285e+04
5.253346666666666715e+04
5.260813333333333139e+04
5.237773333333332994e+04
5.241719999999999709e+04
5.246413333333333139e+04
5.249080000000000291e+04
5.262093333333333430e+04
5.250359999999999854e+04
5.253346666666666715e+04
5.256440000000000146e+04
5.279693333333333430e+04
5.251746666666666715e+04
5.248333333333333576e+04
5.247906666666666570e+04
5.253559999999999854e+04
5.245453333333333285e+04
5.237453333333333285e+04
5.243426666666667006e+04
5.229133333333333576e+04
5.267959999999999854e+04
5.239906666666666570e+04
5.236706666666666570e+04
5.218573333333332994e+04
5.249933333333333576e+04
5.207586666666666861e+04
5.226893333333333430e+04
5.243533333333333576e+04
5.249826666666667006e+04
5.239906666666666570e+04
5.237240000000000146e+04
5.253773333333332994e+04
5.252493333333333430e+04
5.239053333333333285e+04
5.257826666666667006e+04
5.265826666666667006e+04
5.235319999999999709e+04
5.245133333333333576e+04
5.233613333333333139e+04
5.246626666666667006e+04
5.247053333333333285e+04
5.250893333333333430e+04
5.203106666666666570e+04
5.215480000000000291e+04
5.204600000000000000e+04
5.212706666666666570e+04
5.186146666666666715e+04
5.178893333333333430e+04
5.164813333333333139e+04
5.165453333333333285e+04
5.178786666666666861e+04
5.209080000000000291e+04
5.202040000000000146e+04
5.214946666666666715e+04
5.196386666666666861e+04
5.212493333333333430e+04
5.204386666666666861e+04
5.213026666666667006e+04
5.214840000000000146e+04
5.211533333333333576e+04
5.203959999999999854e+04
5.193506666666666570e+04
5.232759999999999854e+04
5.226786666666666861e+04
5.231266666666666424e+04
5.212280000000000291e+04
5.225613333333333139e+04
5.224759999999999854e+04
5.217719999999999709e+04
5.215693333333333430e+04
5.219533333333333576e+04
5.221666666666666424e+04
5.210680000000000291e+04
5.211213333333333139e+04
5.226253333333333285e+04
5.244280000000000291e+04
5.236280000000000291e+04
5.237666666666666424e+04
5.223693333333333430e+04
5.242040000000000146e+04
5.242680000000000291e+04
5.241613333333333139e+04
5.235426666666667006e+04
5.231266666666666424e+04
5.216333333333333576e+04
5.198093333333333430e+04
5.199906666666666570e+04
5.214840000000000146e+04
5.216546666666666715e+04
5.212173333333332994e+04
5.208973333333332994e+04
5.191266666666666424e+04
5.203319999999999709e+04
5.200440000000000146e+04
5.192440000000000146e+04
5.194146666666666715e+04
5.180919999999999709e+04
5.165453333333333285e+04
5.166733333333333576e+04
5.159053333333333285e+04
5.184866666666666424e+04
5.187640000000000146e+04
5.178893333333333430e+04
5.177293333333333430e+04
5.174733333333333576e+04
5.190519999999999709e+04
5.191159999999999854e+04
5.168013333333333139e+04
5.180386666666666861e+04
5.173986666666666861e+04
5.180600000000000000e+04
5.160013333333333139e+04
5.187746666666666715e+04
5.186359999999999854e+04
5.174946666666666715e+04
5.164173333333332994e+04
5.184333333333333576e+04
5.154786666666666861e+04
5.166519999999999709e+04
5.157453333333333285e+04
5.140600000000000000e+04
5.148600000000000000e+04
5.123213333333333139e+04
5.157773333333332994e+04
5.155106666666666570e+04
5.138253333333333285e+04
5.136013333333333139e+04
