0.000000000000000000e+00
6.564930555555550384e+00
8.381232638888898023e+00
8.491649305555537097e+00
7.582708333333345152e+00
7.643732638888906195e+00
8.033055555555565164e+00
7.487222222222220225e+00
6.602760416666651366e+00
6.891041666666679610e+00
5.964166666666667282e+00
6.228315972222207897e+00
6.276666666666657513e+00
8.674930555555546263e+00
9.110677083333333925e+00
1.067248263888888715e+01
1.013888888888889284e+01
9.207708333333338047e+00
9.583315972222205659e+00
8.716510416666670480e+00
8.712343749999993392e+00
9.157222222222241470e+00
7.927499999999999325e+00
1.004416666666667801e+01
9.424722222222237988e+00
9.833177083333341173e+00
9.201041666666666785e+00
9.516649305555537453e+00
9.078732638888899587e+00
9.218732638888891273e+00
1.058914930555556033e+01
9.864166666666665861e+00
1.143401041666667695e+01
1.113317708333334721e+01
1.150623263888888559e+01
9.603888888888883812e+00
8.592899305555564027e+00
8.711649305555548395e+00
1.078604166666665876e+01
8.247500000000011156e+00
7.447760416666672434e+00
7.415815972222222108e+00
8.069375000000007958e+00
7.926232638888886406e+00
1.116555555555555657e+01
1.006581597222221802e+01
9.399565972222221788e+00
1.042638888888889781e+01
8.831597222222233867e+00
8.894374999999996589e+00
5.902343750000000000e+00
3.853055555555553902e+00
5.389149305555551273e+00
6.533055555555562499e+00
8.323333333333350126e+00
1.154833333333332668e+01
1.658539930555558684e+01
1.790305555555556083e+01
1.634123263888888289e+01
1.974305555555556779e+01
1.492081597222225042e+01
1.822159722222221845e+01
1.422914930555554669e+01
1.421373263888886207e+01
1.245831597222219678e+01
1.399956597222222143e+01
1.117638888888890847e+01
1.239373263888887422e+01
1.093942708333333158e+01
1.024993055555555266e+01
1.001604166666665741e+01
1.322206597222220559e+01
1.065493055555554669e+01
9.205815972222231025e+00
1.004956597222221149e+01
7.108177083333336199e+00
6.515555555555549994e+00
7.961041666666669236e+00
7.057708333333337691e+00
9.082222222222215535e+00
1.230331597222221340e+01
1.012805555555555692e+01
8.419722222222222996e+00
8.376232638888891913e+00
6.870399305555557667e+00
6.447899305555549354e+00
6.909722222222220545e+00
7.107222222222215002e+00
5.132222222222221575e+00
4.711388888888881965e+00
4.599149305555553902e+00
4.820815972222206369e+00
4.236388888888885873e+00
4.495555555555563743e+00
4.448333333333333250e+00
4.470677083333330692e+00
5.041597222222214292e+00
4.055399305555548395e+00
4.061388888888894044e+00
5.786041666666658756e+00
5.808055555555549532e+00
4.323888888888888005e+00
5.003055555555552480e+00
5.334982638888880579e+00
4.938263888888883457e+00
5.815260416666662380e+00
5.182482638888897597e+00
4.912343749999994458e+00
5.157222222222215713e+00
4.166649305555562677e+00
4.383315972222229462e+00
4.502708333333330870e+00
4.974930555555555856e+00
4.654843749999995950e+00
5.056232638888880082e+00
5.432899305555550562e+00
4.987065972222224808e+00
5.258263888888894400e+00
5.298177083333333037e+00
5.201927083333333535e+00
5.559982638888891771e+00
5.174930555555564915e+00
5.930399305555555500e+00
6.274843750000002274e+00
7.029930555555560900e+00
5.622899305555542959e+00
5.174930555555558698e+00
3.892899305555554967e+00
5.288732638888879123e+00
5.203055555555542000e+00
5.519982638888889070e+00
6.199930555555550171e+00
5.114565972222224310e+00
6.104149305555552907e+00
5.508055555555560368e+00
5.624930555555566869e+00
5.206232638888890207e+00
6.017899305555559408e+00
5.411041666666661420e+00
5.190000000000006608e+00
5.296597222222223955e+00
6.189930555555546832e+00
5.270677083333334068e+00
5.404930555555549354e+00
5.727708333333342949e+00
5.917899305555545553e+00
6.083055555555556104e+00
5.608263888888882498e+00
6.449374999999998970e+00
6.085260416666680605e+00
5.731597222222225341e+00
5.341041666666663801e+00
5.178315972222221397e+00
4.686388888888876281e+00
4.759982638888883955e+00
5.415555555555561007e+00
4.956666666666663446e+00
5.132899305555551628e+00
5.622222222222213794e+00
6.479843749999999680e+00
6.428315972222206298e+00
5.910399305555547045e+00
4.646510416666667531e+00
5.538263888888885766e+00
5.354930555555548644e+00
5.096597222222214896e+00
5.824722222222229462e+00
4.863263888888890385e+00
5.295677083333324653e+00
4.187500000000000000e+00
5.511041666666667282e+00
6.758263888888896176e+00
6.114149305555547365e+00
5.560399305555557170e+00
7.374930555555539335e+00
6.004930555555551663e+00
6.034010416666659715e+00
5.736649305555556744e+00
5.429149305555555749e+00
4.681597222222222854e+00
6.199149305555567757e+00
5.261093749999992575e+00
5.932708333333329698e+00
4.638263888888888076e+00
4.476927083333342772e+00
4.747899305555558946e+00
4.864565972222222534e+00
6.323263888888886797e+00
5.708263888888903459e+00
5.420399305555554825e+00
5.306597222222223742e+00
5.769166666666666110e+00
5.792899305555558875e+00
4.947899305555554683e+00
5.214166666666671723e+00
5.498593750000001279e+00
5.726649305555548075e+00
5.589427083333335489e+00
6.240260416666662202e+00
6.785399305555548821e+00
6.713263888888882924e+00
5.777065972222216850e+00
6.170555555555568894e+00
7.224722222222224488e+00
7.492708333333333748e+00
6.819427083333332362e+00
7.732708333333330408e+00
7.119982638888886051e+00
7.174149305555569178e+00
7.706927083333328987e+00
7.489565972222232304e+00
6.786649305555545908e+00
7.893593749999998188e+00
7.531597222222219834e+00
6.744722222222224950e+00
7.677065972222215429e+00
7.269722222222219976e+00
7.667899305555555323e+00
8.391232638888878270e+00
1.101493055555557632e+01
9.293055555555554292e+00
8.585677083333333570e+00
9.149374999999993818e+00
9.058263888888886228e+00
7.996597222222229462e+00
8.493732638888898734e+00
7.391232638888879158e+00
7.899930555555558342e+00
8.649374999999993818e+00
8.189427083333336910e+00
8.177343750000000355e+00
5.827499999999991687e+00
6.193732638888882924e+00
5.958315972222215429e+00
5.824375000000002522e+00
4.914930555555555358e+00
5.897760416666664618e+00
5.864930555555540437e+00
5.273333333333336093e+00
6.144166666666665222e+00
6.469722222222228147e+00
5.849149305555564560e+00
6.541597222222232055e+00
6.616388888888891984e+00
5.565260416666665932e+00
5.904843750000000391e+00
6.684565972222226371e+00
6.136041666666671723e+00
6.582482638888888182e+00
8.566041666666665222e+00
8.266927083333333925e+00
6.924722222222218448e+00
6.539166666666671013e+00
6.379149305555560368e+00
5.780555555555550562e+00
6.244375000000005116e+00
6.483315972222219337e+00
7.310260416666676697e+00
7.105399305555550882e+00
6.039565972222207257e+00
6.827065972222225554e+00
6.449930555555550171e+00
6.230399305555549105e+00
5.811041666666671546e+00
6.077499999999995239e+00
5.610000000000002096e+00
6.549374999999998614e+00
6.467343749999995062e+00
6.619374999999999787e+00
4.857708333333326856e+00
5.678315972222217844e+00
6.159565972222220687e+00
7.096597222222214896e+00
7.855399305555552658e+00
6.933263888888896886e+00
6.933055555555542426e+00
6.328055555555549105e+00
7.023593749999993641e+00
6.367899305555561718e+00
7.408333333333333215e+00
6.191597222222226193e+00
6.602760416666662913e+00
6.217343749999992397e+00
7.131232638888888253e+00
6.894375000000006359e+00
6.820677083333341884e+00
6.301649305555549141e+00
8.619982638888878057e+00
7.799149305555560296e+00
8.527708333333334778e+00
7.486649305555558520e+00
8.534375000000000711e+00
7.369375000000006004e+00
7.094427083333330053e+00
7.094427083333330053e+00
6.022899305555550420e+00
6.080555555555553049e+00
5.684722222222235111e+00
4.119478689155316715e+03
1.525628438276687666e+04
3.645374859835053485e+03
1.170666666666667943e+01
1.318437499999999929e+01
1.471859374999996461e+01
1.359437499999998344e+01
1.527276041666664064e+01
1.418993055555558414e+01
1.578539930555552395e+01
1.350748263888886846e+01
1.214373263888888488e+01
1.458326388888889014e+01
1.290276041666670004e+01
1.063331597222221703e+01
9.978888888888885589e+00
1.074442708333333307e+01
8.588263888888894471e+00
1.205722222222221873e+01
9.502343749999999645e+00
8.912760416666666075e+00
1.061831597222222356e+01
1.054706597222220132e+01
8.664149305555550740e+00
7.699149305555561540e+00
7.402499999999997193e+00
6.344427083333329165e+00
8.589565972222224843e+00
6.766388888888889674e+00
7.902065972222223955e+00
8.266597222222205943e+00
6.435833333333333961e+00
7.213888888888882356e+00
5.925677083333328099e+00
5.222482638888889639e+00
5.459374999999999645e+00
4.280399305555558698e+00
4.060399305555563387e+00
4.854149305555549354e+00
4.912343750000007780e+00
4.648888888888885518e+00
4.425260416666666252e+00
4.296597222222222179e+00
4.805399305555559053e+00
4.937500000000000000e+00
4.866666666666666252e+00
4.474565972222225518e+00
4.661093749999997371e+00
5.004930555555557881e+00
5.090555555555549283e+00
5.509375000000000355e+00
5.057708333333327921e+00
5.292708333333333570e+00
5.558263888888882676e+00
4.499930555555556211e+00
4.436041666666672434e+00
4.695815972222226797e+00
4.664427083333337443e+00
6.063263888888885234e+00
5.097899305555548821e+00
4.573263888888890349e+00
5.049843750000010623e+00
4.637222222222229462e+00
4.587222222222218981e+00
4.639427083333342416e+00
4.777065972222223067e+00
4.941597222222226193e+00
4.939166666666673144e+00
5.394166666666663446e+00
5.136034140258368552e+02
7.624310432113539946e+02
2.589411351815859348e+02
5.256927083333327033e+00
7.722417670883071423e+02
4.490555555555554967e+00
4.843333333333339041e+00
4.379930555555549887e+00
2.609013143536779467e+02
2.618244074797628969e+02
2.643564579897457065e+02
4.649930555555551237e+00
1.280148881740304432e+03
7.783450311128302701e+02
7.695772431625254058e+02
1.536195318297279073e+03
2.757774937597637290e+03
2.998283884730867157e+03
2.751626414648428636e+03
4.368550093832021957e+03
5.264529192351223173e+03
3.706093189099364281e+03
8.420153895262608785e+03
8.045968550665140356e+03
8.791209761233860263e+03
1.131713517525566749e+04
1.058917698348335034e+04
1.467973326822885974e+04
1.302324790080364255e+04
1.589804591499939306e+04
1.553051162588756779e+04
1.590512157770766498e+04
1.550569497712453267e+04
1.467132499943948096e+04
1.552167222132973438e+04
1.561754900872944199e+04
1.303483460571899195e+04
1.357478035074763102e+04
1.060723860525528835e+04
6.721725853536124305e+03
4.604723526774249876e+03
2.761560804975032624e+03
4.150428654161813938e+03
3.478880332326888947e+03
4.156029116401413376e+03
2.516913345335854501e+03
2.758024680707451353e+03
2.991781104782951388e+03
1.529504038186604021e+03
1.027547183952332944e+03
2.509467442015539291e+03
5.196309818426767606e+02
5.205393070379892606e+02
2.630394417950842012e+02
2.633446330385738747e+02
1.274246908270252106e+03
2.651106517831484553e+02
5.178485127671560804e+02
5.212788957966700991e+02
5.193608554320867370e+02
7.381597222222233690e+00
5.178126859442389787e+02
5.182276685831280929e+02
6.108333333333333393e+00
2.620140184823674758e+02
2.626235474265945982e+02
7.322065972222209673e+00
7.410399305555551486e+00
8.494427083333322415e+00
7.840815972222236141e+00
8.737065972222241683e+00
2.632708507577578416e+02
7.861649305555531875e+00
7.961388888888892623e+00
8.247065972222181074e+00
9.474374999999996660e+00
8.303888888888877773e+00
6.883263888888876636e+00
6.916649305555548466e+00
6.828888888888888786e+00
7.241388888888887543e+00
5.916041666666672860e+00
2.581163989890946482e+02
7.041232638888886619e+00
6.797899305555551663e+00
5.929010416666666394e+00
7.159722222222212551e+00
6.890260416666659005e+00
6.838263888888886477e+00
6.385399305555544025e+00
7.287482638888894471e+00
6.811388888888887827e+00
6.132482638888897775e+00
6.306232638888895181e+00
6.538263888888882214e+00
6.885260416666687533e+00
7.772899305555543314e+00
6.933263888888883564e+00
6.022482638888891238e+00
6.793732638888903885e+00
7.633055555555565697e+00
6.852708333333342949e+00
7.171093749999999822e+00
7.590815972222227259e+00
7.052708333333350232e+00
7.947065972222180363e+00
7.145815972222221646e+00
8.508177083333343660e+00
7.505815972222211307e+00
8.332899305555546476e+00
9.040815972222251418e+00
1.006833333333334402e+01
7.329930555555543847e+00
7.579149305555560545e+00
2.577453634259434807e+02
8.075677083333349771e+00
8.217899305555567580e+00
7.347065972222226904e+00
7.768055555555542391e+00
6.923593750000002878e+00
7.041597222222242713e+00
7.657708333333326678e+00
7.441041666666665222e+00
7.648333333333326323e+00
7.378315972222210917e+00
7.024375000000002700e+00
6.533055555555564275e+00
7.849149305555565448e+00
9.056666666666680854e+00
9.013888888888903494e+00
8.168333333333331225e+00
6.956597222222216104e+00
7.365555555555521217e+00
7.220555555555536742e+00
6.654149305555560723e+00
6.379149305555554150e+00
8.124982638888869957e+00
8.871597222222209922e+00
8.874149305555588896e+00
9.823333333333346573e+00
8.789149305555559621e+00
8.923888888888901860e+00
9.273263888888880757e+00
8.423263888888900652e+00
8.944427083333323480e+00
8.906597222222222499e+00
7.653888888888888964e+00
8.522500000000004405e+00
8.552708333333354673e+00
8.392708333333333215e+00
9.517708333333333215e+00
8.826232638888892978e+00
9.460833333333315665e+00
1.012623263888888481e+01
8.913888888888903850e+00
7.796597222222227508e+00
8.711649305555532408e+00
7.598263888888874718e+00
9.641510416666676520e+00
8.831093749999970655e+00
8.742343750000008740e+00
9.491388888888881326e+00
8.635399305555573335e+00
7.751388888888899764e+00
8.373177083333333215e+00
9.468593749999993037e+00
7.077760416666655452e+00
7.641597222222259234e+00
7.279930555555544025e+00
6.818732638888890918e+00
6.865555555555561185e+00
7.188263888888906550e+00
7.230815972222207400e+00
6.944166666666660603e+00
7.282482638888898130e+00
6.450677083333347106e+00
6.218593749999985931e+00
7.567899305555559231e+00
6.855555555555554292e+00
7.010399305555552019e+00
6.836093750000006963e+00
6.544982638888877879e+00
6.603732638888876849e+00
6.889166666666691086e+00
7.518732638888911524e+00
5.766649305555543670e+00
5.305399305555549283e+00
5.136041666666679717e+00
6.501649305555555536e+00
5.687482638888888609e+00
6.488888888888886264e+00
6.741649305555543314e+00
5.324375000000011404e+00
5.831093750000014175e+00
6.011041666666653960e+00
6.726927083333322344e+00
5.986649305555537204e+00
7.345815972222225376e+00
5.848263888888880935e+00
5.683177083333331936e+00
5.851388888888894968e+00
6.273593749999993641e+00
6.634565972222253194e+00
6.182222222222228503e+00
7.172065972222204877e+00
6.166649305555544025e+00
6.599375000000006430e+00
8.212482638888891628e+00
8.843732638888875286e+00
7.557482638888919801e+00
7.866597222222213581e+00
8.682482638888904702e+00
7.412222222222204060e+00
8.063177083333334494e+00
7.115000000000009095e+00
7.112222222222216672e+00
7.641666666666666607e+00
6.824930555555562606e+00
6.220555555555549176e+00
6.702760416666674992e+00
7.057222222222232944e+00
5.523263888888892303e+00
6.572899305555568006e+00
7.722222222222220545e+00
7.960260416666657513e+00
8.824999999999999289e+00
7.176666666666656091e+00
8.245815972222223067e+00
1.038748263888889234e+01
8.651649305555544345e+00
8.406666666666678722e+00
8.769982638888876636e+00
9.083055555555549887e+00
8.998263888888889284e+00
1.012888888888889305e+01
1.023722222222222378e+01
8.977065972222247225e+00
9.321597222222234080e+00
8.287482638888892694e+00
7.660833333333324724e+00
7.683055555555546867e+00
6.908263888888909854e+00
7.758263888888873971e+00
7.674149305555562961e+00
8.144982638888857096e+00
6.865555555555544309e+00
6.964930555555556957e+00
7.574930555555567935e+00
7.744374999999977582e+00
7.735399305555582750e+00
7.859982638888879158e+00
8.136388888888893334e+00
9.642708333333333215e+00
8.758315972222192158e+00
8.892899305555568290e+00
8.567899305555567224e+00
8.392899305555562961e+00
1.005826388888889689e+01
8.423333333333347994e+00
8.574930555555569711e+00
8.624149305555587119e+00
9.073888888888918203e+00
1.107914930555555877e+01
9.309982638888875783e+00
1.130937499999999929e+01
1.158817708333333485e+01
1.189373263888890087e+01
9.977760416666678012e+00
7.699375000000016733e+00
8.678315972222197416e+00
1.070826388888887060e+01
1.157289930555555912e+01
1.150414930555555770e+01
1.022493055555552566e+01
1.200388888888886996e+01
1.052493055555556012e+01
1.081873263888892822e+01
1.098039930555553134e+01
1.067493055555553916e+01
1.053583333333334515e+01
9.902499999999978542e+00
1.058248263888890683e+01
1.056248263888888772e+01
1.226083333333333236e+01
1.157706597222221134e+01
1.199159722222222157e+01
9.660833333333339823e+00
1.036942708333331531e+01
9.261041666666640637e+00
1.014748263888886548e+01
1.047359375000000981e+01
1.027500000000000036e+01
9.150000000000000355e+00
9.202760416666674104e+00
8.822482638888894613e+00
9.945833333333332860e+00
7.856232638888896780e+00
9.377500000000006608e+00
1.028359374999999964e+01
9.544375000000020037e+00
1.001067708333333250e+01
1.069659722222222165e+01
8.396597222222213830e+00
8.852708333333355384e+00
7.827343749999999822e+00
7.841597222222267405e+00
9.659982638888873652e+00
8.358263888888849635e+00
7.997065972222214825e+00
8.126232638888883031e+00
8.154930555555530702e+00
8.463732638888890492e+00
7.812482638888896602e+00
7.800260416666666252e+00
7.144982638888875748e+00
7.202760416666675880e+00
6.591597222222243424e+00
7.197065972222207897e+00
6.739565972222226975e+00
7.276232638888902038e+00
1.420826388888888125e+01
1.077567708333334728e+01
1.004888888888886278e+01
1.088083333333336356e+01
1.210581597222220473e+01
1.687805555555553738e+01
2.620954895652662913e+02
2.636470755298932431e+02
4.821123864743704871e+03
8.304985761896499753e+03
1.442402976633680555e+04
1.459659611155165840e+04
8.125848568884267479e+03
7.724406481104426803e+02
1.416317708333335901e+01
1.171026041666665840e+01
1.133498263888890278e+01
9.141388888888885234e+00
9.386041666666658401e+00
8.828315972222215535e+00
7.547760416666670302e+00
8.302708333333344015e+00
7.574149305555565093e+00
7.016649305555556992e+00
7.012482638888897668e+00
6.691597222222212871e+00
5.893732638888887543e+00
6.191388888888893050e+00
5.289565972222220580e+00
5.969427083333325612e+00
4.930815972222222676e+00
5.552499999999990443e+00
5.791597222222227614e+00
2.538576118254661935e+02
4.703315972222222641e+00
4.528888888888877418e+00
4.983263888888886051e+00
4.652065972222217738e+00
2.589308702890079417e+02
2.583780200828447278e+02
2.594661351815858552e+02
2.603211088686519474e+02
1.522287050881905998e+03
7.710224826916058873e+02
2.520182529906169748e+03
5.709567380930577201e+03
5.707488808881967998e+03
1.190206924005723522e+04
1.122606239323908267e+04
1.406346242402364260e+04
1.589305328397723497e+04
1.313132533518365562e+04
1.429362622413527606e+04
1.043265221036169714e+04
8.571078780288426060e+03
4.815288958956393799e+03
2.990004722404480162e+03
1.032124868414137609e+03
5.233100644164611595e+02
5.087065972222210242e+00
5.309999999999996945e+00
2.617713725405268974e+02
5.247482638888881112e+00
6.806597222222220189e+00
5.389565972222229107e+00
6.206597222222215215e+00
5.840555555555564382e+00
5.870833333333333570e+00
5.931927083333334849e+00
5.764565972222221113e+00
5.857708333333328632e+00
6.802065972222237633e+00
6.179843750000000746e+00
7.105815972222207400e+00
7.516388888888887898e+00
7.026927083333323942e+00
6.597222222222219656e+00
6.199930555555576817e+00
6.375260416666666430e+00
7.024722222222226975e+00
6.770815972222225199e+00
7.816041666666676768e+00
7.408315972222204060e+00
7.088263888888899800e+00
9.094722222222168639e+00
7.123263888888894613e+00
6.573333333333342132e+00
8.355815972222227828e+00
8.769374999999994813e+00
7.649982638888866759e+00
7.187482638888888609e+00
6.280399305555549816e+00
7.159722222222209886e+00
6.547065972222196883e+00
8.663263888888899089e+00
9.116597222222216246e+00
8.307222222222216956e+00
7.819722222222216246e+00
8.121597222222233015e+00
7.494010416666666785e+00
8.153055555555505762e+00
8.123333333333345507e+00
8.261649305555545553e+00
7.396597222222213830e+00
7.781597222222216281e+00
7.121597222222211698e+00
7.164427083333337443e+00
6.576232638888918736e+00
8.203315972222192443e+00
9.579149305555553440e+00
7.174843750000007070e+00
7.402343750000000000e+00
8.317708333333333925e+00
7.672899305555561433e+00
7.429149305555553084e+00
6.908177083333344015e+00
8.041597222222240049e+00
7.027065972222209744e+00
7.202065972222243317e+00
7.549982638888866227e+00
7.396597222222211165e+00
9.795555555555532479e+00
9.313732638888875925e+00
8.968732638888912589e+00
8.970833333333333215e+00
9.505555555555572411e+00
8.421093750000000711e+00
8.783055555555575822e+00
8.967708333333332504e+00
8.095555555555538518e+00
8.506597222222216814e+00
7.583263888888923887e+00
6.828888888888877240e+00
6.813888888888907758e+00
6.905833333333346147e+00
7.504930555555564986e+00
8.476666666666655914e+00
9.524149305555573264e+00
9.140260416666659893e+00
9.137222222222201040e+00
1.095123263888891785e+01
9.538263888888858233e+00
1.066373263888890577e+01
1.132151041666667446e+01
1.027831597222220417e+01
8.776232638888890492e+00
8.948333333333346573e+00
8.579149305555549887e+00
8.348263888888897810e+00
9.858315972222207790e+00
9.175000000000000711e+00
1.119888888888890932e+01
9.806927083333324191e+00
1.055138888888889959e+01
9.588263888888896247e+00
8.797500000000008313e+00
8.359999999999990550e+00
8.778315972222193508e+00
7.920815972222223778e+00
8.800677083333351192e+00
1.025493055555554278e+01
7.143732638888909747e+00
7.208333333333333037e+00
8.104149305555553795e+00
8.319722222222226904e+00
7.748333333333344619e+00
8.161041666666664085e+00
8.423333333333346218e+00
8.073593749999982805e+00
9.177065972222239409e+00
9.095555555555534966e+00
8.564166666666686467e+00
9.437760416666666430e+00
8.863263888888866404e+00
8.160399305555550598e+00
8.322482638888891060e+00
1.010539930555551891e+01
8.479010416666650229e+00
9.615815972222248931e+00
8.565815972222251773e+00
1.010805555555554847e+01
8.521597222222213830e+00
8.591597222222207009e+00
8.228888888888866049e+00
8.399843750000011156e+00
9.589565972222223067e+00
9.372899305555558058e+00
8.978315972222212338e+00
8.929427083333333570e+00
9.777065972222230172e+00
9.479930555555553084e+00
1.032159722222223408e+01
9.736041666666658045e+00
1.029104166666666131e+01
9.773888888888892623e+00
1.096104166666668434e+01
8.884375000000000355e+00
9.613263888888889497e+00
8.890555555555581080e+00
9.585399305555579730e+00
9.526388888888893902e+00
9.260399305555548466e+00
9.704149305555549887e+00
9.516649305555548111e+00
9.671510416666661669e+00
1.021222222222220211e+01
1.227770833333331169e+01
1.122692708333336675e+01
1.227456597222222179e+01
1.193192708333332774e+01
1.104826388888887578e+01
1.016638888888888204e+01
9.690815972222221575e+00
9.292899305555563316e+00
9.943732638888914011e+00
1.028638888888888836e+01
1.007888888888886569e+01
1.070583333333333798e+01
8.856927083333328454e+00
1.033567708333333357e+01
8.709565972222238273e+00
9.722222222222221433e+00
8.368333333333344726e+00
8.044427083333321349e+00
9.216649305555540295e+00
8.498263888888889284e+00
9.078888888888867470e+00
9.906666666666673393e+00
8.691510416666671901e+00
9.037482638888901576e+00
8.640555555555568645e+00
7.352500000000000036e+00
9.966510416666677585e+00
7.159982638888890527e+00
8.451041666666666785e+00
6.970833333333333215e+00
9.099565972222224630e+00
9.059374999999999289e+00
8.573333333333350126e+00
7.063732638888859938e+00
7.937482638888891273e+00
7.368315972222212018e+00
8.484982638888881823e+00
7.209982638888890349e+00
7.552499999999999325e+00
7.193593750000014886e+00
6.387482638888879016e+00
6.224930555555533651e+00
5.599982638888872266e+00
6.195555555555553262e+00
6.362760416666666252e+00
6.976041666666666252e+00
7.438263888888900333e+00
7.547760416666643657e+00
6.734010416666682097e+00
6.492343750000006963e+00
7.424930555555567580e+00
7.882708333333339645e+00
7.011388888888876458e+00
8.370815972222230172e+00
7.032482638888893689e+00
7.743055555555562464e+00
8.182222222222186758e+00
7.335399305555578842e+00
8.156510416666666430e+00
7.494982638888865623e+00
8.127708333333329094e+00
9.349982638888878483e+00
8.932899305555547897e+00
8.471597222222207790e+00
8.616597222222202035e+00
9.465555555555550171e+00
9.480555555555570280e+00
7.645815972222218093e+00
7.012760416666666607e+00
7.802708333333332469e+00
7.319427083333335027e+00
8.241041666666662380e+00
8.851388888888871875e+00
7.783315972222201395e+00
7.540260416666663801e+00
9.379166666666666430e+00
9.036649305555535250e+00
1.028159722222223849e+01
7.765260416666662557e+00
8.041510416666666217e+00
8.757899305555552516e+00
6.933263888888856030e+00
6.187482638888890385e+00
7.050260416666666252e+00
7.207222222222187114e+00
7.847899305555565697e+00
7.470555555555560723e+00
7.699375000000005187e+00
7.456666666666666110e+00
6.837482638888884523e+00
7.508263888888905946e+00
9.206232638888893760e+00
9.595555555555563387e+00
8.798263888888889994e+00
9.778055555555544842e+00
9.474999999999999645e+00
8.559374999999999289e+00
1.161326388888889838e+01
9.951232638888889426e+00
9.147482638888901008e+00
9.802065972222257173e+00
9.205399305555507894e+00
8.458333333333333925e+00
8.046597222222230172e+00
8.052065972222218093e+00
8.107222222222233654e+00
7.020555555555559657e+00
7.069982638888863136e+00
7.958177083333342949e+00
6.584010416666686183e+00
8.597899305555559479e+00
8.227500000000000924e+00
8.027499999999985647e+00
7.488263888888881503e+00
7.743732638888875641e+00
7.144982638888880189e+00
8.231666666666662024e+00
7.938263888888880793e+00
7.704149305555563210e+00
7.781232638888895714e+00
8.673333333333342665e+00
7.292708333333333570e+00
7.058263888888907545e+00
5.830555555555571701e+00
6.502760416666651722e+00
6.127343749999999645e+00
6.349930555555559408e+00
7.302760416666673748e+00
6.565815972222239338e+00
6.588263888888885589e+00
5.299982638888877773e+00
5.783315972222215606e+00
6.612760416666666252e+00
5.696093750000000178e+00
6.316597222222219088e+00
7.112222222222203349e+00
6.919722222222179475e+00
6.583263888888880366e+00
6.272899305555560190e+00
6.962343749999983622e+00
8.636041666666677941e+00
7.485399305555546334e+00
7.813888888888896211e+00
8.330815972222202603e+00
8.613263888888907260e+00
7.561388888888893156e+00
7.462343749999991616e+00
6.163732638888887116e+00
8.107899305555552161e+00
7.100260416666666963e+00
7.474375000000004654e+00
7.491597222222240227e+00
6.884565972222224772e+00
7.966041666666684229e+00
7.589930555555563174e+00
7.723177083333333748e+00
6.981927083333321349e+00
7.487482638888883990e+00
6.913888888888894080e+00
7.344374999999994102e+00
6.944374999999997300e+00
6.466597222222222108e+00
7.665555555555580547e+00
7.098263888888899587e+00
7.449565972222225163e+00
6.856597222222220900e+00
7.495815972222220402e+00
8.704010416666656980e+00
9.177500000000003766e+00
9.766597222222204167e+00
9.863888888888888928e+00
1.198039930555555266e+01
9.563732638888845727e+00
8.994982638888869175e+00
9.313263888888876352e+00
9.415555555555553013e+00
8.274374999999986713e+00
8.004930555555564098e+00
8.371597222222202817e+00
8.020815972222214540e+00
7.983263888888877169e+00
8.885260416666685757e+00
7.046597222222199086e+00
8.512499999999999289e+00
8.216041666666663801e+00
9.722500000000012577e+00
9.722500000000012577e+00
9.538888888888884310e+00
8.712222222222203882e+00
9.153732638888884665e+00
1.236581597222223294e+01
1.839581597222223408e+01
2.311484374999999858e+01
2.591692708333333428e+01
2.579670340259870045e+02
7.423017040186464328e+02
3.493646263101104523e+03
5.808273337248688222e+03
8.713688896788484271e+03
1.271816115511549833e+04
1.532621487522096868e+04
1.424080851669206277e+04
9.790897558962235053e+03
6.822419857354698252e+03
3.867000675862626849e+03
2.488825721909207914e+03
1.997676284128822999e+03
2.941785371818542444e+03
2.675086145652670666e+02
2.669647644676099958e+02
1.384442708333335581e+01
2.695324870424799428e+02
2.664635387460390916e+02
5.228781088500561509e+02
1.521853638067244447e+03
1.024009555371602346e+03
5.222296038044817124e+02
2.016312158694797745e+03
5.239765870401593020e+02
3.222037200895679234e+03
1.282701369533271190e+03
7.281865789523667445e+03
1.056270798812203793e+04
1.236193253336587441e+04
1.347807409857749553e+04
1.579173971423442890e+04
1.558958812089600906e+04
1.451793476180924881e+04
1.239241876383462295e+04
7.110122443122590084e+03
5.659140355105930212e+03
5.022680270722431487e+03
2.741043585872384938e+03
1.505336786667505976e+03
5.160127184963221225e+02
1.004693424729241428e+03
1.268192866386573542e+03
1.255053502779802557e+03
5.122451026651593793e+02
9.798333333333346218e+00
8.508263888888912163e+00
9.562500000000000000e+00
8.299982638888879549e+00
8.561388888888888715e+00
9.324149305555584633e+00
9.749982638888871733e+00
9.278055555555557277e+00
9.099930555555520328e+00
9.452499999999989910e+00
1.061555555555554875e+01
1.109833333333334870e+01
1.175722222222223046e+01
1.372472222222221738e+01
1.164305555555554506e+01
1.197692708333332412e+01
1.431414930555553688e+01
1.355748263888891714e+01
1.432750000000000234e+01
1.482326388888886193e+01
1.520831597222220033e+01
1.130276041666667197e+01
1.215164930555555500e+01
1.160692708333334089e+01
1.194567708333330636e+01
1.143604166666666977e+01
1.073734374999997776e+01
1.307638888888889284e+01
1.312039930555556744e+01
1.157831597222221376e+01
1.502993055555557156e+01
1.315659722222223671e+01
1.370388888888889412e+01
1.216039930555558612e+01
1.529159722222222939e+01
1.265998263888888609e+01
1.763248263888887379e+01
1.452914930555555806e+01
1.573638888888887699e+01
1.590972222222223031e+01
1.590104166666666607e+01
1.474567708333332128e+01
1.476901041666666714e+01
1.638159722222223280e+01
1.688305555555554704e+01
1.698039930555553667e+01
1.568734374999998415e+01
1.572081597222223337e+01
1.621039930555553710e+01
1.483638888888887131e+01
1.692888888888890264e+01
1.457770833333333727e+01
1.355770833333334480e+01
1.534581597222223337e+01
1.485026041666666607e+01
1.472326388888888005e+01
1.666164930555556367e+01
1.423270833333332774e+01
1.290305555555554839e+01
1.273326388888886562e+01
1.436659722222221447e+01
1.343500000000001826e+01
1.342623263888885710e+01
1.205998263888886690e+01
1.460123263888890044e+01
1.298638888888887166e+01
1.424706597222220239e+01
1.197484375000000689e+01
1.404914930555554342e+01
1.217493055555553383e+01
1.258526041666669570e+01
1.303109374999998771e+01
1.524817708333333321e+01
1.317333333333332313e+01
1.245659722222222854e+01
1.227831597222221127e+01
1.466164930555557611e+01
1.294000000000001549e+01
1.632901041666665165e+01
1.408159722222220367e+01
1.413539930555554491e+01
1.638873263888889653e+01
1.372151041666666416e+01
1.134937500000001087e+01
9.816232638888882533e+00
1.330659722222223174e+01
1.237437500000000234e+01
1.081222222222221241e+01
1.205623263888889696e+01
1.036164930555553809e+01
1.154859374999998423e+01
1.076873263888888843e+01
1.310817708333335219e+01
1.336373263888892460e+01
1.336873263888890762e+01
1.334659722222220601e+01
1.255722222222222939e+01
1.315748263888888125e+01
1.268123263888891827e+01
1.337039930555555323e+01
1.192159722222221951e+01
1.159000000000001052e+01
1.240270833333332767e+01
1.437359374999998707e+01
1.823192708333333201e+01
1.656326388888889412e+01
1.783333333333333215e+01
1.872159722222222200e+01
1.682159722222223763e+01
1.494373263888888204e+01
1.540692708333334693e+01
1.465692708333331673e+01
1.522888888888887315e+01
1.367993055555555770e+01
1.377472222222223408e+01
1.376859375000002927e+01
1.352776041666663964e+01
1.485859375000000071e+01
1.353289930555555465e+01
1.620373263888889781e+01
1.849750000000002714e+01
1.885937500000000000e+01
2.033270833333334338e+01
1.970331597222221731e+01
1.940414930555556339e+01
2.014706597222219386e+01
2.175138888888886868e+01
1.923472222222222783e+01
2.086659722222227842e+01
2.033222222222225284e+01
2.169659722222221632e+01
2.399138888888892041e+01
2.381442708333328540e+01
2.248305555555556268e+01
2.366039930555554349e+01
2.042206597222223152e+01
2.032039930555554719e+01
2.059567708333330316e+01
2.264706597222221873e+01
2.120331597222221731e+01
2.424651041666665563e+01
2.363888888888887152e+01
2.596770833333333428e+01
2.808166666666665989e+01
2.353826388888886711e+01
2.668123263888890762e+01
2.308192708333331566e+01
2.187055555555554776e+01
2.189164930555553923e+01
1.909789930555558968e+01
2.059055555555555372e+01
2.354659722222222129e+01
2.475539930555562762e+01
2.565651041666666643e+01
2.404472222222220879e+01
2.104609375000000071e+01
2.189104166666666984e+01
2.177770833333331879e+01
1.973222222222225142e+01
2.075276041666666771e+01
2.060623263888890477e+01
1.794659722222222697e+01
2.123159722222222001e+01
1.913192708333331638e+01
2.013166666666668547e+01
1.920817708333335361e+01
2.163192708333334480e+01
2.283317708333336071e+01
2.222388888888886882e+01
2.292388888888891785e+01
2.316638888888888559e+01
1.778123263888888417e+01
1.828604166666665520e+01
2.088748263888889767e+01
2.068609374999999062e+01
2.178993055555553937e+01
1.856104166666665378e+01
2.288888888888886441e+01
2.309659722222222555e+01
2.305748263888891003e+01
2.129706597222227416e+01
2.121234374999998806e+01
2.077493055555559565e+01
1.913914930555556637e+01
2.061206597222223635e+01
1.850331597222225355e+01
1.616317708333333769e+01
1.564567708333331275e+01
1.628664930555555301e+01
1.463331597222220815e+01
1.491206597222222996e+01
1.529833333333335510e+01
1.281659722222222619e+01
1.439416666666666167e+01
1.454789930555558186e+01
1.573222222222222655e+01
1.626104166666666018e+01
1.607159722222223408e+01
1.441664930555554314e+01
1.562706597222225113e+01
1.580692708333332597e+01
1.520826388888886171e+01
1.987317708333333499e+01
2.144984374999999943e+01
2.151666666666666572e+01
2.014138888888892964e+01
1.960555555555555429e+01
1.719993055555557149e+01
1.838305555555554349e+01
1.956248263888888772e+01
1.759826388888887649e+01
1.771164930555558925e+01
2.218123263888892538e+01
2.078604166666668362e+01
2.202388888888884821e+01
1.787326388888888928e+01
2.056998263888891998e+01
1.985555555555557206e+01
1.971067708333333357e+01
2.314722222222223635e+01
2.201373263888894982e+01
2.173083333333334721e+01
2.189722222222221504e+01
1.865817708333334934e+01
1.825539930555561696e+01
1.860206597222224900e+01
1.848706597222220438e+01
1.961206597222222214e+01
1.939651041666666487e+01
2.039859374999999986e+01
2.243956597222225113e+01
2.052206597222222584e+01
2.075206597222219074e+01
2.135373263888891060e+01
2.155998263888887934e+01
1.399651041666666096e+01
1.430414930555554243e+01
1.696499999999999275e+01
1.493039930555554662e+01
1.757692708333335574e+01
1.287456597222221966e+01
1.233456597222220985e+01
1.185901041666668476e+01
1.164984375000001826e+01
1.137984375000000448e+01
1.192159722222221951e+01
1.174581597222223550e+01
1.315067708333334551e+01
1.357706597222222022e+01
1.377888888888887564e+01
1.554138888888888737e+01
1.559164930555553852e+01
1.690748263888885816e+01
1.734888888888887593e+01
1.779472222222220879e+01
1.647493055555559138e+01
1.451604166666666629e+01
1.432993055555552964e+01
1.603664930555557788e+01
1.569706597222225852e+01
1.599159722222223579e+01
1.618604166666668931e+01
1.741555555555552459e+01
1.841692708333333428e+01
1.973604166666662962e+01
1.932249999999998735e+01
1.905937499999999929e+01
1.742414930555554520e+01
1.839289930555555586e+01
1.912916666666666643e+01
1.565831597222220672e+01
1.549331597222221824e+01
1.699722222222223067e+01
1.740270833333331524e+01
1.288317708333334899e+01
1.772805555555555301e+01
1.764914930555556083e+01
1.507493055555556616e+01
1.489081597222221376e+01
1.686651041666667794e+01
1.422623263888886491e+01
1.509164930555555273e+01
1.474567708333331240e+01
1.201456597222222022e+01
1.340770833333333023e+01
1.302081597222223586e+01
1.441039930555557547e+01
1.400831597222218683e+01
1.242081597222223621e+01
1.313539930555557333e+01
1.341789930555555976e+01
1.141604166666667197e+01
1.226623263888887649e+01
1.167623263888892282e+01
1.193456597222221305e+01
1.005206597222224651e+01
1.335770833333331709e+01
1.078083333333336569e+01
1.033081597222222392e+01
1.012873263888890385e+01
1.006998263888886491e+01
1.184472222222220772e+01
1.210805555555556801e+01
1.153159722222220829e+01
1.236789930555552885e+01
1.137159722222219926e+01
1.215270833333331879e+01
1.272831597222221589e+01
1.423151041666666750e+01
1.269937500000002295e+01
1.357159722222221099e+01
1.203722222222222982e+01
1.030234375000000036e+01
1.077770833333332590e+01
1.123326388888887628e+01
1.059659722222222555e+01
1.139609375000000036e+01
1.132888888888890122e+01
9.565555555555560474e+00
1.013039930555552104e+01
1.166164930555554591e+01
1.215666666666667695e+01
1.114305555555554861e+01
1.129998263888886711e+01
1.279956597222221859e+01
1.456164930555554093e+01
1.296138888888886420e+01
1.280831597222219465e+01
1.221942708333332384e+01
1.347206597222222868e+01
1.100998263888889284e+01
1.135826388888890293e+01
1.065651041666666643e+01
1.164972222222221099e+01
1.246998263888887060e+01
1.438248263888889156e+01
1.519859375000000234e+01
1.449331597222221291e+01
1.279659722222223550e+01
1.135998263888888538e+01
1.177159722222222626e+01
1.492750000000000021e+01
1.380972222222221824e+01
1.373401041666668476e+01
1.228498263888887898e+01
2.586526041666665776e+01
2.021805555555557632e+01
2.211555555555557007e+01
2.313638888888887379e+01
2.728268311180009391e+02
2.857453987269936079e+03
5.413937324506971891e+03
9.410633072296777755e+03
1.299334346622864177e+04
1.469352190018732472e+04
1.500346288343639389e+04
1.363930643561654506e+04
9.209739312139867252e+03
6.068179330901052708e+03
2.737902949072261436e+03
1.524921929082871657e+03
3.904417806939012280e+03
2.250172681350441508e+03
3.202937590299978638e+03
1.522670272181827158e+03
2.655432136321072107e+02
7.769425585108336918e+02
7.735040534652638371e+02
7.759658788233331279e+02
2.651179891583652193e+02
5.205952941799167775e+02
1.783624978323777441e+03
2.258104146194191799e+03
3.433564880666724548e+03
8.947949644902304499e+03
1.071484128188663817e+04
1.384529337791339822e+04
1.356851641725936861e+04
1.575330139702692213e+04
1.577256615859032354e+04
1.556644897198969193e+04
1.474949166561525635e+04
7.873560318469736558e+03
3.453798553084265677e+03
3.457487126489209459e+03
1.526450697529052150e+03
1.022962117763095307e+03
2.625306648039822903e+02
6.018732638888907083e+00
6.647065972222208963e+00
6.349375000000009983e+00
6.838263888888884701e+00
6.817708333333333037e+00
6.844722222222173968e+00
6.519374999999984155e+00
5.919427083333340889e+00
6.055555555555566905e+00
5.790260416666665577e+00
6.834565972222226726e+00
6.476649305555543634e+00
6.513263888888905839e+00
6.343732638888892161e+00
6.816649305555547933e+00
7.722760416666641703e+00
6.383333333333333748e+00
6.014930555555561220e+00
5.774930555555565448e+00
6.020555555555549887e+00
6.529149305555549176e+00
7.219166666666669840e+00
8.130833333333336910e+00
6.240555555555521217e+00
7.480815972222231380e+00
7.482899305555561043e+00
6.782899305555547542e+00
7.472899305555568361e+00
8.065815972222235786e+00
8.089427083333333712e+00
7.642708333333333215e+00
8.288263888888860009e+00
8.809374999999999289e+00
8.914149305555563174e+00
9.670399305555569924e+00
1.036326388888886640e+01
1.070414930555555699e+01
1.151581597222223685e+01
1.009166666666666679e+01
1.064081597222223152e+01
1.068750000000000000e+01
9.926649305555562464e+00
1.197993055555556907e+01
1.204151041666668043e+01
1.189914930555556261e+01
1.378317708333334757e+01
1.403270833333334444e+01
1.844123263888888431e+01
1.446164930555557682e+01
1.651326388888890762e+01
1.625901041666667979e+01
1.553159722222224559e+01
1.377248263888887969e+01
1.480270833333332448e+01
1.678456597222218249e+01
1.730539930555556083e+01
1.595805555555559252e+01
1.569437499999997243e+01
1.479539930555554683e+01
1.510276041666664959e+01
1.529914930555557184e+01
1.530206597222226073e+01
1.611222222222222200e+01
1.554998263888888133e+01
1.587326388888888040e+01
1.433826388888891223e+01
1.334081597222223259e+01
1.528151041666666643e+01
1.431388888888890776e+01
1.453123263888889127e+01
1.572776041666665314e+01
1.358539930555553532e+01
1.507414930555556687e+01
1.490234375000000000e+01
1.368456597222222726e+01
1.563123263888887315e+01
1.266937499999996852e+01
1.311789930555556261e+01
1.878956597222221703e+01
1.695817708333336071e+01
1.522484375000002466e+01
1.466222222222219429e+01
1.433498263888889035e+01
1.406373263888894698e+01
1.590123263888883898e+01
1.552805555555556083e+01
1.569659722222220566e+01
1.543083333333334828e+01
1.356833333333334757e+01
1.755401041666664241e+01
1.572770833333330209e+01
1.455956597222217042e+01
1.611248263888889909e+01
1.537498263888886285e+01
1.622437500000001265e+01
1.600722222222221092e+01
1.787206597222221660e+01
1.429651041666667588e+01
1.686234374999997954e+01
1.758734374999998096e+01
1.851659722222228055e+01
2.179359375000000654e+01
2.201664930555552502e+01
1.836937500000002288e+01
1.544192708333333286e+01
1.529151041666670174e+01
1.749333333333332519e+01
1.408750000000000036e+01
1.623664930555554164e+01
1.764972222222221632e+01
1.837317708333333499e+01
1.635484374999998991e+01
1.489914930555556438e+01
1.508123263888890619e+01
1.540493055555553603e+01
1.539609375000000036e+01
1.616222222222222271e+01
1.680373263888887081e+01
1.821937499999998877e+01
1.916659722222221163e+01
1.806373263888894698e+01
2.138055555555555287e+01
2.204972222222222555e+01
2.175659722222222570e+01
1.901164930555553667e+01
2.299289930555554662e+01
2.032604166666666501e+01
2.015206597222223550e+01
1.827414930555556793e+01
1.916222222222221205e+01
1.697770833333329321e+01
1.533159722222220545e+01
1.345770833333332206e+01
1.659993055555555230e+01
1.483437499999999964e+01
1.956456597222225824e+01
1.872692708333331879e+01
1.968248263888886029e+01
1.712359374999999417e+01
1.615901041666667126e+01
1.650104166666666572e+01
1.546039930555558506e+01
1.467039930555554683e+01
1.403159722222222427e+01
1.289472222222217823e+01
1.499826388888886797e+01
2.000609374999997314e+01
1.553583333333332206e+01
1.633055555555556282e+01
1.719437499999999019e+01
1.855826388888888445e+01
1.650956597222222300e+01
1.756972222222222157e+01
1.761222222222220424e+01
1.408456597222219209e+01
1.287472222222221063e+01
1.460104166666666714e+01
1.408748263888890229e+01
1.318956597222222271e+01
1.487493055555554200e+01
1.351248263888889589e+01
1.534055555555557682e+01
1.848664930555553809e+01
1.201493055555555323e+01
1.529472222222221944e+01
1.550192708333332625e+01
1.472317708333333286e+01
1.207706597222220601e+01
1.227472222222225540e+01
1.332484375000002075e+01
1.397333333333335581e+01
1.334659722222221845e+01
1.430539930555559458e+01
1.378888888888889497e+01
1.562831597222225533e+01
1.459609374999999964e+01
1.402055555555557476e+01
1.433888888888888324e+01
1.369859375000000234e+01
1.353305555555554562e+01
1.402770833333335787e+01
1.479993055555559067e+01
1.382984375000000199e+01
1.230826388888888445e+01
1.369270833333333393e+01
1.348722222222220246e+01
1.411317708333332455e+01
1.295401041666664632e+01
1.277151041666666131e+01
1.350539930555558321e+01
1.278914930555553831e+01
1.212326388888888928e+01
1.371104166666666835e+01
1.408916666666669038e+01
1.238305555555556481e+01
9.972899305555566585e+00
1.077493055555558676e+01
1.100539930555555479e+01
1.014776041666666373e+01
1.109401041666666643e+01
1.104750000000004029e+01
9.730399305555559764e+00
1.115956597222220914e+01
1.019659722222219145e+01
9.159999999999987708e+00
1.003123263888889305e+01
1.006916666666664995e+01
7.636041666666645966e+00
9.644427083333310335e+00
1.059331597222221610e+01
1.029437500000000583e+01
9.430815972222209354e+00
9.234565972222233299e+00
1.051831597222223280e+01
1.052805555555553418e+01
9.840555555555578593e+00
1.179498263888889298e+01
1.094305555555554754e+01
9.692899305555561895e+00
1.037276041666667226e+01
9.286388888888831517e+00
9.772899305555551308e+00
9.191041666666661669e+00
1.034359375000000014e+01
1.003248263888890968e+01
8.506232638888906905e+00
8.372500000000002274e+00
1.014164930555553390e+01
8.765555555555520684e+00
9.420815972222232659e+00
9.485260416666688954e+00
8.702708333333351476e+00
9.474375000000009095e+00
1.065026041666666679e+01
1.072039930555556531e+01
1.070651041666666714e+01
1.099972222222220708e+01
1.177414930555556261e+01
1.144159722222221376e+01
1.221414930555553902e+01
1.185826388888888161e+01
1.105539930555553063e+01
9.698333333333350126e+00
1.094993055555554129e+01
1.335331597222223898e+01
1.104333333333334544e+01
1.295166666666664668e+01
1.069659722222224119e+01
1.172638888888887898e+01
1.157692708333336284e+01
1.097623263888889866e+01
1.212472222222221063e+01
1.377159722222223515e+01
1.156916666666667126e+01
1.155234375000000036e+01
1.113326388888888019e+01
1.088305555555556481e+01
1.196664930555555806e+01
1.233567708333333357e+01
1.296916666666664675e+01
1.334956597222222463e+01
1.239659722222221916e+01
9.589149305555563885e+00
1.397437500000000377e+01
1.172623263888892531e+01
9.487343749999974207e+00
1.163826388888889340e+01
1.088166666666668370e+01
1.028151041666666643e+01
1.232604166666666679e+01
1.443638888888886740e+01
1.184789930555557547e+01
1.424937500000000412e+01
1.131659722222225284e+01
1.166442708333332945e+01
1.199164930555553710e+01
1.067388888888888054e+01
1.102326388888887543e+01
1.157623263888891607e+01
1.045388888888887102e+01
1.206972222222222157e+01
1.094104166666667410e+01
1.148748263888888488e+01
1.003722222222222626e+01
1.133498263888886903e+01
1.521083333333334053e+01
1.025331597222221980e+01
1.211442708333333584e+01
1.105770833333332348e+01
1.302805555555551820e+01
1.028993055555556602e+01
9.882222222222226904e+00
1.036326388888888594e+01
9.234565972222226193e+00
1.006164930555554449e+01
1.084583333333333321e+01
1.168437499999999929e+01
1.049164930555554776e+01
9.687065972222237420e+00
1.141937499999997208e+01
1.009972222222221738e+01
8.231597222222232446e+00
8.207708333333348705e+00
9.081666666666661669e+00
9.610399305555541005e+00
9.432482638888902926e+00
9.796597222222205303e+00
9.863888888888892481e+00
9.806232638888888076e+00
1.028706597222221220e+01
9.349565972222217525e+00
9.383315972222209922e+00
8.384565972222279839e+00
7.382708333333334316e+00
8.021597222222220935e+00
8.572482638888894613e+00
9.202708333333314172e+00
9.123263888888892836e+00
8.039565972222229462e+00
7.672065972222215535e+00
7.589166666666695704e+00
8.663888888888889639e+00
7.282708333333343553e+00
8.877760416666669485e+00
7.489166666666670302e+00
7.166649305555538696e+00
8.671597222222235501e+00
7.251649305555562641e+00
6.333177083333334068e+00
6.589166666666675276e+00
6.937065972222236532e+00
7.126041666666666607e+00
7.046597222222218626e+00
8.754930555555556992e+00
7.186649305555548928e+00
7.233177083333344193e+00
7.819427083333315487e+00
8.373263888888905271e+00
7.531232638888907260e+00
8.514930555555535463e+00
8.568593750000021103e+00
8.639565972222222001e+00
8.639565972222222001e+00
1.346789930555553205e+01
1.301942708333333698e+01
1.568305555555555664e+01
2.342993055555556126e+01
2.261388888888889070e+01
2.616083333333335759e+01
3.116109375000002046e+01
2.772250000000002146e+01
2.983222222222217468e+01
1.460186679788165520e+03
1.482922094827227511e+03
7.015461030409057457e+03
1.106931700566582367e+04
1.343610034026144967e+04
1.513309341804476571e+04
1.536319534287743772e+04
1.440274014095702114e+04
1.202248767344554290e+04
1.326947556152237121e+04
1.130238307622248612e+04
9.501960963153573175e+03
7.015238953810523526e+03
6.015380144703127371e+03
3.181880330371593573e+03
1.274245071383317281e+03
2.013845480092366643e+03
3.881277878553603841e+03
5.408341252542861184e+03
5.611867885487868989e+03
6.021470007170556528e+03
1.117615407933552706e+04
1.169017259292178460e+04
1.300342636019361635e+04
1.485126859033268556e+04
1.514980225266112393e+04
1.534122386116874441e+04
1.561994919272103834e+04
1.547055744462647453e+04
1.334900739339086977e+04
8.878310130606490929e+03
8.366270484075543209e+03
3.442217973657183393e+03
1.027456370692783821e+03
1.277490202405451328e+03
7.619977880030203323e+02
8.869375000000019327e+00
9.203055555555540224e+00
2.619224095956478209e+02
9.541597222222215180e+00
9.244010416666666785e+00
8.857899305555555713e+00
8.393732638888899089e+00
9.594722222222214825e+00
1.036388888888888893e+01
1.157472222222220459e+01
1.025748263888889866e+01
9.216597222222183916e+00
1.201414930555553795e+01
1.016831597222222427e+01
1.122276041666666480e+01
1.071972222222222193e+01
1.214826388888890385e+01
1.127734375000000000e+01
1.097248263888886832e+01
9.443732638888922892e+00
9.323263888888877915e+00
9.469375000000006537e+00
9.351649305555552516e+00
8.339843750000000000e+00
8.817899305555553013e+00
1.129000000000000092e+01
9.833055555555546334e+00
9.945555555555561256e+00
7.478888888888882924e+00
7.871510416666658294e+00
6.746510416666663623e+00
7.276927083333353252e+00
7.374982638888871733e+00
6.653732638888881112e+00
7.027708333333332114e+00
8.038732638888880899e+00
9.174982638888861786e+00
9.079166666666667496e+00
1.065493055555556445e+01
1.337993055555553745e+01
1.183305555555556587e+01
1.228055555555555678e+01
1.221604166666668334e+01
1.320831597222220921e+01
1.145166666666667510e+01
1.064498263888888907e+01
1.004123263888888395e+01
9.807222222222232944e+00
8.349722222222213830e+00
8.464565972222240831e+00
8.773333333333322770e+00
8.416041666666654208e+00
8.721510416666664156e+00
8.126232638888881255e+00
9.951927083333350410e+00
8.612343749999986642e+00
8.871510416666666288e+00
9.287482638888890918e+00
8.425677083333344086e+00
1.012498263888885930e+01
9.876041666666667496e+00
9.943055555555543989e+00
9.343732638888887720e+00
1.024000000000001798e+01
9.211093749999987423e+00
9.097065972222171837e+00
9.757899305555550740e+00
9.907222222222243246e+00
9.753888888888873510e+00
9.724843750000013998e+00
9.634565972222231878e+00
8.514149305555564595e+00
8.420555555555539584e+00
9.432482638888911808e+00
9.405833333333335489e+00
8.355399305555545553e+00
9.237065972222232801e+00
1.076222222222221347e+01
9.601041666666667140e+00
8.767899305555550526e+00
9.289427083333306356e+00
1.019706597222222300e+01
1.006805555555554044e+01
1.029166666666666607e+01
1.145651041666666714e+01
1.139826388888889142e+01
1.246456597222222307e+01
1.146373263888890470e+01
1.077437500000000981e+01
1.126638888888890477e+01
1.308081597222220793e+01
1.160972222222223493e+01
1.283437499999999964e+01
1.124359375000001826e+01
1.226526041666665989e+01
1.253317708333334402e+01
1.364789930555555308e+01
1.251998263888887841e+01
1.370826388888889191e+01
1.373222222222220168e+01
1.499789930555558115e+01
1.282109374999999929e+01
1.558888888888890101e+01
1.427498263888887386e+01
1.472159722222220246e+01
1.180826388888887912e+01
1.239104166666668405e+01
1.348331597222219891e+01
1.359581597222224225e+01
1.360276041666666025e+01
1.365692708333333627e+01
1.523706597222223635e+01
1.471581597222220950e+01
1.346916666666664675e+01
1.390414930555556694e+01
1.373993055555555998e+01
1.321500000000001229e+01
1.314888888888889618e+01
1.145972222222223635e+01
1.105817708333334970e+01
1.185956597222221376e+01
1.551972222222221021e+01
1.587414930555554982e+01
1.307638888888886974e+01
1.242567708333334409e+01
1.640581597222223564e+01
1.451326388888890584e+01
1.403083333333333727e+01
1.515623263888890371e+01
1.313638888888884715e+01
1.425416666666666643e+01
1.347484375000000867e+01
1.537067708333331773e+01
1.464539930555554292e+01
1.343826388888889589e+01
1.429750000000000121e+01
1.371414930555553724e+01
1.455956597222220417e+01
1.576026041666666444e+01
1.622770833333335361e+01
1.538326388888888729e+01
1.394437500000002927e+01
1.210123263888888445e+01
1.090659722222220829e+01
1.028873263888885070e+01
1.264826388888888964e+01
1.365442708333333321e+01
1.305067708333334942e+01
1.279373263888887990e+01
1.486789930555556793e+01
1.233039930555555230e+01
1.107623263888887344e+01
1.151666666666666750e+01
1.121873263888887706e+01
1.107159722222223053e+01
1.035493055555553710e+01
9.825677083333340889e+00
9.876666666666658045e+00
9.443732638888885589e+00
9.963263888888883812e+00
9.636649305555531342e+00
1.105770833333335013e+01
1.128826388888890442e+01
8.899375000000011582e+00
9.218732638888916142e+00
1.061104166666665982e+01
1.082873263888887472e+01
1.113583333333333947e+01
1.222993055555552999e+01
1.341692708333333250e+01
1.423289930555554861e+01
1.085414930555557511e+01
1.316638888888889802e+01
1.124993055555557575e+01
1.072493055555553987e+01
1.031859375000002288e+01
8.883263888888935256e+00
8.098263888888888928e+00
1.087333333333332952e+01
9.029427083333333215e+00
8.064149305555543989e+00
9.211041666666684335e+00
1.046638888888888097e+01
1.006664930555554704e+01
1.064416666666667233e+01
9.375260416666666430e+00
1.022888888888889092e+01
8.306232638888880970e+00
9.540555555555528144e+00
8.332708333333345152e+00
7.749565972222222321e+00
7.891649305555533012e+00
8.149982638888861430e+00
8.317899305555569001e+00
8.306927083333333073e+00
7.594374999999998543e+00
7.829930555555530525e+00
7.942708333333333037e+00
8.790815972222231878e+00
9.403315972222204167e+00
7.583315972222206547e+00
8.634982638888880402e+00
9.979166666666666075e+00
8.826388888888876849e+00
9.722222222222230315e+00
9.141510416666674743e+00
9.555815972222225341e+00
9.530399305555562250e+00
8.800000000000000711e+00
7.942899305555555678e+00
7.874843750000014353e+00
8.204930555555534966e+00
8.226232638888902216e+00
8.281232638888889497e+00
8.383055555555563032e+00
9.574843750000006537e+00
8.860833333333319572e+00
8.981232638888894115e+00
8.316388888888887720e+00
8.769982638888858872e+00
1.004567708333331844e+01
7.884565972222223884e+00
8.555399305555550171e+00
8.216666666666666785e+00
8.786649305555544132e+00
8.727065972222249002e+00
9.089565972222219514e+00
9.617708333333332860e+00
8.002708333333334423e+00
7.585000000000007958e+00
7.249930555555553546e+00
8.953732638888876494e+00
8.937760416666666430e+00
8.626666666666672256e+00
7.051232638888891735e+00
7.959565972222274688e+00
6.766388888888898556e+00
7.256597222222228361e+00
5.483055555555562677e+00
7.088888888888886797e+00
6.827708333333334600e+00
6.494982638888886051e+00
6.207222222222216423e+00
6.268315972222226584e+00
6.997065972222214825e+00
6.255399305555523704e+00
7.020399305555570457e+00
6.473263888888896034e+00
6.886093749999986358e+00
6.658333333333333215e+00
5.453055555555559764e+00
6.558177083333324831e+00
6.032222222222230812e+00
6.391597222222213048e+00
5.716649305555546512e+00
5.924930555555546263e+00
5.833263888888907900e+00
6.156666666666677834e+00
6.044982638888886761e+00
6.319374999999989306e+00
5.991597222222223351e+00
7.498888888888911808e+00
7.093593750000019682e+00
6.856232638888894115e+00
6.396597222222207613e+00
7.890555555555573974e+00
8.394722222222167574e+00
8.612760416666667140e+00
7.712482638888890740e+00
9.348888888888884807e+00
9.057708333333344797e+00
8.336649305555530631e+00
8.621597222222231238e+00
8.474843750000005116e+00
8.035677083333332860e+00
7.117343750000014957e+00
7.236388888888892978e+00
7.507899305555550740e+00
7.793315972222225163e+00
7.360260416666654315e+00
6.849722222222236034e+00
8.374982638888873510e+00
6.820677083333319679e+00
8.057708333333344797e+00
6.583263888888881255e+00
6.272899305555566407e+00
6.946510416666662913e+00
7.841597222222236319e+00
7.384375000000000355e+00
7.918732638888882569e+00
6.999375000000004121e+00
8.202708333333333712e+00
8.020399305555544700e+00
7.337482638888896957e+00
8.613263888888896602e+00
7.813177083333334494e+00
7.207482638888890847e+00
7.362482638888896425e+00
6.969374999999994102e+00
1.024234375000001052e+01
9.398888888888917492e+00
8.514149305555564595e+00
8.415815972222222996e+00
6.847500000000025011e+00
7.645833333333333037e+00
8.341041666666679788e+00
7.509565972222275398e+00
8.312343749999984155e+00
1.075388888888886818e+01
8.961388888888894400e+00
8.846093749999999645e+00
8.839565972222231949e+00
9.189930555555566372e+00
1.084888888888889191e+01
1.090206597222225504e+01
1.077317708333333357e+01
9.269427083333338757e+00
1.225331597222223046e+01
1.060956597222221198e+01
1.081664930555553994e+01
9.894166666666679433e+00
1.092472222222221845e+01
1.045972222222222925e+01
1.130831597222219642e+01
1.171326388888888381e+01
9.320555555555559479e+00
1.017901041666664774e+01
1.013539930555558577e+01
9.638888888888907047e+00
8.676388888888897810e+00
8.001388888888884665e+00
8.993315972222218235e+00
1.009333333333334970e+01
1.181484374999999964e+01
1.050123263888887415e+01
9.857482638888900084e+00
1.080331597222220275e+01
1.199888888888890115e+01
1.079359375000002963e+01
9.571510416666653143e+00
9.558263888888889781e+00
8.374374999999989910e+00
9.177760416666673748e+00
1.023166666666665847e+01
1.333526041666667084e+01
1.035138888888890385e+01
8.735833333333321349e+00
8.735833333333321349e+00
1.400414930555555593e+01
1.112359374999999240e+01
1.321659722222221589e+01
1.347456597222221042e+01
2.052250000000002217e+01
2.089472222222223863e+01
2.482055555555556126e+01
3.078526041666671986e+01
2.703171215097109439e+02
2.617870751399728761e+03
5.250694968227545360e+03
9.260295442727134287e+03
1.271435943188958481e+04
1.423279952270481226e+04
1.544697715957533910e+04
1.465641535881652271e+04
1.026030314542028282e+04
6.431201551051671231e+03
3.888674486626528960e+03
3.202949811437134031e+03
1.522587565476097325e+03
1.255250000000001087e+01
2.683958182056745159e+02
1.174659722222221170e+01
8.643732638888883102e+00
9.181666666666668419e+00
7.476388888888878981e+00
5.178033057901579923e+02
1.028908273362051887e+03
1.271228205742042519e+03
2.030236263512496635e+03
3.923244512668199150e+03
3.223174529997243553e+03
5.475029747009014500e+03
7.712705519433542577e+03
1.189667577977074325e+04
1.302766518229776375e+04
1.561776064502292866e+04
1.587521133030547207e+04
1.582966917698223915e+04
1.492165216150815468e+04
1.312083487565676842e+04
7.511021723407906393e+03
1.535678939174015795e+03
1.284825075181062175e+03
5.330815972222231025e+00
5.215227648830410772e+02
6.297500000000012754e+00
4.896093750000000355e+00
2.598438912579745192e+02
5.497065972222220154e+00
7.486554715153896495e+02
5.674375000000009273e+00
5.824982638888879904e+00
5.758263888888890847e+00
5.321597222222238521e+00
4.476041666666666252e+00
4.899149305555568823e+00
5.531597222222203847e+00
5.346597222222239765e+00
4.799375000000003944e+00
4.361041666666646499e+00
5.518593749999978648e+00
4.779843749999999503e+00
5.120833333333333570e+00
4.735399305555556104e+00
5.219982638888896354e+00
5.859375000000000000e+00
6.200000000000000178e+00
6.295555555555543137e+00
6.727500000000000924e+00
6.159565972222218910e+00
5.166597222222216956e+00
5.347222222222237420e+00
5.560000000000004938e+00
6.045555555555539584e+00
7.111388888888873439e+00
5.814427083333322699e+00
4.954149305555556104e+00
6.208263888888909676e+00
5.049149305555568290e+00
5.214930555555554292e+00
5.546597222222221291e+00
5.401041666666666963e+00
5.903315972222215713e+00
5.976232638888919979e+00
5.298333333333343553e+00
5.813732638888887472e+00
5.801232638888881965e+00
6.061388888888874504e+00
6.779930555555565341e+00
8.099843750000001563e+00
9.770555555555555216e+00
8.408315972222212054e+00
7.894427083333342310e+00
7.039843750000000178e+00
8.109982638888887152e+00
7.169010416666666607e+00
7.656666666666665400e+00
7.042708333333333570e+00
6.545677083333330870e+00
7.060677083333333215e+00
7.871597222222226797e+00
7.491597222222254437e+00
7.059565972222220154e+00
6.448333333333345685e+00
7.353055555555548572e+00
6.799565972222222143e+00
6.580833333333346857e+00
7.395833333333333037e+00
7.430399305555521750e+00
6.201927083333320212e+00
6.081666666666666998e+00
6.749722222222222179e+00
6.272222222222223920e+00
6.449930555555536849e+00
5.029930555555536031e+00
5.569374999999992859e+00
6.818593749999990017e+00
5.896093750000000355e+00
5.879149305555561256e+00
7.363732638888881077e+00
7.724375000000017977e+00
7.113177083333325434e+00
8.524722222222219870e+00
7.945815972222226797e+00
8.156666666666662735e+00
9.229010416666655559e+00
7.516597222222217489e+00
9.288263888888883102e+00
7.809375000000000178e+00
9.640815972222238628e+00
9.741927083333333570e+00
8.892708333333333215e+00
7.709010416666677301e+00
7.308263888888868465e+00
7.208263888888901683e+00
6.784722222222212551e+00
7.716597222222232766e+00
8.591388888888900510e+00
9.266597222222225483e+00
6.942899305555569889e+00
9.183263888888900439e+00
7.987482638888897313e+00
7.938263888888895892e+00
7.491597222222204699e+00
7.989565972222232304e+00
8.297899305555553440e+00
7.698888888888853366e+00
7.897222222222240795e+00
7.341597222222224772e+00
8.592899305555571132e+00
7.379149305555560368e+00
6.815555555555522282e+00
7.474982638888879372e+00
6.601232638888884452e+00
7.039930555555553582e+00
7.783593749999999645e+00
6.168593750000013642e+00
7.197899305555569782e+00
7.465815972222254793e+00
6.740555555555522105e+00
8.117899305555573264e+00
7.819722222222208252e+00
8.701232638888875215e+00
8.148593749999994529e+00
7.614427083333335844e+00
7.428315972222196528e+00
7.490815972222251595e+00
7.929930555555568361e+00
7.366597222222244667e+00
6.546510416666662557e+00
6.434010416666671617e+00
6.506597222222209709e+00
6.443732638888904241e+00
6.251232638888922111e+00
7.763263888888905839e+00
5.988263888888876174e+00
6.299149305555583389e+00
7.687482638888886832e+00
7.886649305555547329e+00
7.283315972222216494e+00
7.636093750000008562e+00
6.851927083333345436e+00
7.416597222222224950e+00
7.215260416666658294e+00
6.586388888888887294e+00
7.574374999999991864e+00
8.122899305555565164e+00
7.437065972222234755e+00
7.020555555555556104e+00
6.889149305555562819e+00
6.876927083333324475e+00
6.299722222222221113e+00
7.727499999999994706e+00
6.773888888888856208e+00
6.322899305555556460e+00
6.678315972222199193e+00
6.376232638888885695e+00
5.997899305555561611e+00
5.944166666666654386e+00
7.237482638888892872e+00
7.003732638888902073e+00
6.474375000000002878e+00
6.857222222222233654e+00
7.510000000000013998e+00
7.082708333333340711e+00
5.735833333333316908e+00
6.338732638888878945e+00
6.941597222222241292e+00
7.032708333333325790e+00
6.681093749999981846e+00
7.674375000000003055e+00
7.732899305555547720e+00
6.494982638888868287e+00
6.474982638888874931e+00
7.224722222222235146e+00
6.873333333333347284e+00
6.110677083333333037e+00
7.330815972222229249e+00
7.450000000000000178e+00
7.638263888888881858e+00
8.637222222222209922e+00
7.612482638888886655e+00
6.689149305555546654e+00
6.706666666666675880e+00
6.566041666666679433e+00
8.316666666666666430e+00
6.883263888888904170e+00
8.760833333333314599e+00
6.853315972222209673e+00
7.888732638888876103e+00
8.378732638888878981e+00
6.169374999999986287e+00
6.942899305555540579e+00
6.989999999999995772e+00
7.398888888888898840e+00
7.935399305555568716e+00
6.719375000000005649e+00
7.049375000000014602e+00
6.608315972222210455e+00
8.389930555555560332e+00
7.739149305555534930e+00
6.858263888888880722e+00
7.559999999999993392e+00
7.974722222222225376e+00
7.431232638888896957e+00
6.425677083333342310e+00
7.660399305555580796e+00
8.297899305555560545e+00
8.278315972222200614e+00
8.316597222222187114e+00
7.979930555555554861e+00
7.577065972222222889e+00
6.320833333333333748e+00
6.538263888888879549e+00
7.215000000000018510e+00
8.691388888888901931e+00
9.646597222222204948e+00
7.324930555555554612e+00
7.819722222222222463e+00
7.568732638888890918e+00
8.678888888888893760e+00
8.680815972222232446e+00
8.758263888888889070e+00
7.489149305555560687e+00
6.356927083333327566e+00
5.748263888888873296e+00
6.932708333333346573e+00
6.222760416666648808e+00
7.218732638888900155e+00
6.370833333333333570e+00
5.757222222222219798e+00
5.754930555555548999e+00
6.152065972222237278e+00
7.190555555555522282e+00
6.740555555555522105e+00
5.999930555555559764e+00
6.864149305555562464e+00
6.161388888888892801e+00
5.617708333333333748e+00
5.170815972222225554e+00
6.299982638888878661e+00
5.020555555555559657e+00
6.147222222222239907e+00
6.409010416666680143e+00
6.732222222222218555e+00
6.783055555555566052e+00
6.294722222222184804e+00
6.868593749999989839e+00
6.141666666666666607e+00
6.338263888888869602e+00
6.601041666666666252e+00
7.312760416666666430e+00
7.222065972222178054e+00
6.674375000000006608e+00
8.315815972222226904e+00
6.507708333333343198e+00
6.989149305555545588e+00
5.748888888888858517e+00
6.065815972222231345e+00
6.922482638888895146e+00
5.858055555555568894e+00
5.892899305555586054e+00
5.873263888888886619e+00
6.147899305555569960e+00
7.180555555555555358e+00
7.838177083333326856e+00
6.094982638888865267e+00
6.241597222222210029e+00
6.263732638888853010e+00
7.174930555555599554e+00
6.446597222222200330e+00
6.286093749999984048e+00
6.361388888888847681e+00
6.640555555555565981e+00
6.922222222222239374e+00
7.667708333333333570e+00
8.048888888888903637e+00
8.670555555555539584e+00
8.681232638888889852e+00
8.137343749999986997e+00
6.679930555555547045e+00
8.887482638888888786e+00
7.558263888888883564e+00
7.494375000000013998e+00
8.354930555555563743e+00
8.441597222222261721e+00
8.994427083333343731e+00
7.989930555555551983e+00
1.000623263888889625e+01
9.486388888888875215e+00
9.537499999999999645e+00
9.926927083333334068e+00
1.004859374999998423e+01
9.653732638888904205e+00
9.551041666666666430e+00
8.723888888888911453e+00
8.199930555555537737e+00
7.991388888888905306e+00
9.290555555555561895e+00
9.649722222222241186e+00
8.455555555555571701e+00
9.382708333333344086e+00
8.161649305555531697e+00
7.732222222222244312e+00
8.049375000000015490e+00
7.860399305555548999e+00
7.628888888888878839e+00
8.560399305555547400e+00
6.396510416666655097e+00
5.954930555555558058e+00
7.058333333333333570e+00
6.770833333333333037e+00
5.870833333333333570e+00
7.266597222222211272e+00
5.983263888888878945e+00
5.972899305555548821e+00
5.906597222222208288e+00
7.211041666666679895e+00
7.123888888888858517e+00
6.137760416666666607e+00
5.760833333333326145e+00
6.703888888888882569e+00
7.263732638888888538e+00
6.081232638888889319e+00
6.179010416666658401e+00
5.495815972222205303e+00
5.663177083333329698e+00
6.216927083333333215e+00
6.321597222222238521e+00
6.249722222222229284e+00
6.073263888888877027e+00
7.024722222222214540e+00
6.584565972222221397e+00
7.770555555555537453e+00
8.117899305555551948e+00
7.049722222222218448e+00
6.272065972222214292e+00
6.394982638888866866e+00
6.952343749999999822e+00
6.807222222222191199e+00
6.156510416666666430e+00
7.539166666666671901e+00
5.971597222222206014e+00
6.630399305555525480e+00
6.391510416666670302e+00
6.422899305555552552e+00
6.234565972222215535e+00
6.074843749999994991e+00
8.178055555555552303e+00
7.436649305555545375e+00
1.419123263888888431e+01
1.441651041666667332e+01
1.349859374999999417e+01
1.454659722222224261e+01
1.824164930555553710e+01
2.300748263888891998e+01
2.091604166666665776e+01
2.346659722222221234e+01
2.489270833333333499e+01
2.624081597222226492e+01
7.575681106755474730e+02
3.551927105521887825e+03
6.236937536837252992e+03
8.968252814201514411e+03
1.202534023969410373e+04
1.235745711976977873e+04
1.429415998158746334e+04
1.457047200884393351e+04
1.544882048883969946e+04
1.516586495936685242e+04
1.477365581742366157e+04
1.309495041987101285e+04
9.967817296278224603e+03
1.130482969080582734e+04
1.134514320480318020e+04
8.751731603681779234e+03
1.041256921339989822e+04
1.166564922971696797e+04
1.316537842659843955e+04
1.530406204866804910e+04
1.570898646647135502e+04
1.572318472602735892e+04
1.578909501886338876e+04
1.423252960141394033e+04
1.383705292625320908e+04
1.169793688881529306e+04
8.589401262791694535e+03
6.084416223262158383e+03
6.081627356888445320e+03
2.750458141807715037e+03
2.729091391319433114e+03
7.755745180106167709e+02
8.601041666666667140e+00
5.574930555555544842e+00
6.285399305555567473e+00
6.053888888888879549e+00
7.898263888888886086e+00
7.783263888888871662e+00
6.426232638888902393e+00
6.924565972222223920e+00
8.324722222222243673e+00
7.498593749999998614e+00
8.008263888888869531e+00
8.049722222222241541e+00
6.993593750000017373e+00
7.410833333333324724e+00
8.091041666666678012e+00
1.003888888888888253e+01
8.305399305555505762e+00
8.541041666666680854e+00
9.177708333333310264e+00
1.062993055555555699e+01
9.771597222222220935e+00
9.169722222222199903e+00
7.989427083333334068e+00
1.145206597222225575e+01
8.710399305555577953e+00
7.302500000000000213e+00
8.563263888888878128e+00
9.272065972222220509e+00
1.006248263888889838e+01
8.340260416666669840e+00
7.832708333333324724e+00
8.176232638888876636e+00
6.349930555555576284e+00
6.018055555555545055e+00
7.126232638888894577e+00
5.841597222222224772e+00
6.380833333333342239e+00
7.359375000000000000e+00
6.586649305555551948e+00
7.405555555555569214e+00
7.288732638888882676e+00
7.809722222222232446e+00
9.121597222222192158e+00
8.377760416666669485e+00
6.970677083333312929e+00
7.048888888888897419e+00
7.279149305555561611e+00
7.751232638888884807e+00
8.072899305555560900e+00
8.258593749999999289e+00
7.869722222222205410e+00
9.019374999999975273e+00
8.524722222222241186e+00
8.086388888888892623e+00
7.187482638888890385e+00
7.541388888888884701e+00
8.054843749999999858e+00
8.520815972222226975e+00
7.405815972222211663e+00
8.150677083333347284e+00
7.911041666666648098e+00
7.107708333333347284e+00
8.536649305555531697e+00
8.379010416666648808e+00
8.089166666666692151e+00
7.338263888888900688e+00
7.927065972222240298e+00
7.287482638888895359e+00
8.139565972222218448e+00
9.502500000000001279e+00
8.893055555555566372e+00
9.106666666666656695e+00
8.415815972222233654e+00
7.835833333333336981e+00
7.631597222222211485e+00
5.412343750000000675e+00
5.362343750000008846e+00
6.277065972222215962e+00
5.251232638888901683e+00
5.976649305555562286e+00
5.679010416666658401e+00
4.969722222222210384e+00
5.482222222222188357e+00
5.324930555555561718e+00
4.794166666666659360e+00
5.475260416666666963e+00
5.266232638888883599e+00
4.938732638888877702e+00
5.766649305555546334e+00
5.746597222222217916e+00
5.592343750000009273e+00
4.898333333333332540e+00
4.872065972222222818e+00
4.788732638888884452e+00
5.013732638888886761e+00
6.260677083333333393e+00
6.151388888888882356e+00
5.408177083333328916e+00
5.462222222222205659e+00
5.505833333333345792e+00
5.681597222222236176e+00
6.408593749999999645e+00
5.518732638888875108e+00
5.440555555555557810e+00
6.388732638888860116e+00
6.116510416666666394e+00
5.415815972222227437e+00
7.089149305555562997e+00
6.736388888888870774e+00
6.621510416666658294e+00
7.857222222222248753e+00
6.598593749999980496e+00
6.754930555555548999e+00
7.032222222222234365e+00
6.433333333333333570e+00
7.482899305555559266e+00
6.323593750000013003e+00
7.507708333333331652e+00
6.339930555555557845e+00
7.521510416666666643e+00
7.780815972222211663e+00
7.598263888888885376e+00
8.647899305555547755e+00
9.331597222222224985e+00
8.227065972222236567e+00
6.549930555555551592e+00
7.578055555555531342e+00
7.168333333333325008e+00
6.081093749999981313e+00
6.239166666666694283e+00
6.654149305555552729e+00
6.523333333333346751e+00
7.830399305555547862e+00
7.435399305555569605e+00
7.522899305555575289e+00
8.931232638888900510e+00
7.934982638888879336e+00
8.904930555555552019e+00
7.544722222222221220e+00
9.660399305555568361e+00
7.494722222222219621e+00
7.996597222222216139e+00
8.588263888888898023e+00
8.152760416666652077e+00
8.605555555555554292e+00
8.657222222222250352e+00
9.819982638888870241e+00
8.023177083333333570e+00
9.799722222222214896e+00
9.643732638888881326e+00
1.030539930555554307e+01
9.632222222222200259e+00
9.903888888888868536e+00
9.760260416666685757e+00
9.393732638888877773e+00
9.520815972222228751e+00
9.074843750000004761e+00
8.672482638888872941e+00
9.966388888888912945e+00
9.758315972222195711e+00
1.050623263888890868e+01
1.189937500000000803e+01
1.106500000000002082e+01
1.138888888888888040e+01
1.192326388888889532e+01
8.799930555555540934e+00
1.019472222222220203e+01
9.127760416666644616e+00
9.952343750000000711e+00
1.032206597222221234e+01
9.426666666666681849e+00
8.881927083333328810e+00
8.927708333333356450e+00
1.071326388888888204e+01
1.147498263888887671e+01
1.079104166666665954e+01
1.019026041666666238e+01
1.019498263888886846e+01
1.273706597222222214e+01
1.151664930555554633e+01
1.205104166666666643e+01
1.106604166666667588e+01
1.204026041666667624e+01
1.292993055555555060e+01
1.188567708333333250e+01
1.541138888888882619e+01
1.360414930555556090e+01
1.248326388888890648e+01
1.410826388888885141e+01
1.269914930555554555e+01
9.873333333333347284e+00
1.376326388888888275e+01
1.091039930555555415e+01
1.049706597222220594e+01
1.211651041666669038e+01
1.127333333333332810e+01
9.837222222222230528e+00
9.501232638888886584e+00
9.243732638888893405e+00
1.022493055555557362e+01
9.717899305555537381e+00
8.117708333333332860e+00
9.618315972222232446e+00
8.836649305555551948e+00
9.013263888888893405e+00
1.081248263888889660e+01
9.888263888888902287e+00
9.686388888888844306e+00
8.239149305555541147e+00
1.029472222222219457e+01
9.882482638888911097e+00
9.332708333333322059e+00
1.003159722222222427e+01
1.076555555555556687e+01
1.018270833333333591e+01
1.041805555555556140e+01
9.697499999999996234e+00
9.199982638888858588e+00
1.151664930555553923e+01
1.007706597222224687e+01
9.199843750000008313e+00
1.038326388888889262e+01
8.948888888888893334e+00
8.714930555555561398e+00
1.119984375000001009e+01
9.850260416666666075e+00
1.114972222222221276e+01
9.443732638888878483e+00
9.572065972222214114e+00
9.363177083333329875e+00
8.851232638888886228e+00
8.853888888888871378e+00
9.921597222222210632e+00
9.838263888888862496e+00
9.737222222222227330e+00
1.026248263888888701e+01
1.040206597222221063e+01
1.122276041666665414e+01
9.947760416666657335e+00
1.099659722222222236e+01
1.100831597222221347e+01
8.974982638888862496e+00
1.011138888888888410e+01
1.090831597222221738e+01
1.361659722222221447e+01
1.587388888888887628e+01
1.295401041666664632e+01
1.298826388888889305e+01
1.477159722222224225e+01
1.538539930555559643e+01
1.465972222222220545e+01
1.066138888888887770e+01
1.453305555555558115e+01
1.362706597222221028e+01
1.264159722222220950e+01
1.419984375000001897e+01
1.538055555555555820e+01
1.697993055555557262e+01
1.434888888888888481e+01
1.266859375000000121e+01
1.445748263888889973e+01
1.348916666666665876e+01
1.352914930555556872e+01
1.575539930555555479e+01
1.374123263888888324e+01
1.271000000000001506e+01
1.258437499999999964e+01
1.173604166666669713e+01
1.105722222222221518e+01
1.160956597222225284e+01
1.462914930555555770e+01
1.346456597222221419e+01
1.191109375000000270e+01
1.561164930555557540e+01
1.242776041666664888e+01
1.154817708333333393e+01
1.092498263888885646e+01
1.027776041666667339e+01
1.156456597222223870e+01
9.857222222222244312e+00
9.552065972222214540e+00
9.713888888888906337e+00
9.343333333333326607e+00
8.828732638888878270e+00
7.663263888888900865e+00
8.263177083333333783e+00
9.133593749999999289e+00
1.056734375000001513e+01
8.644722222222226193e+00
7.976388888888878981e+00
8.276041666666666075e+00
8.196597222222200330e+00
8.591597222222235430e+00
9.841597222222230101e+00
9.713263888888883812e+00
1.057055555555553106e+01
1.029331597222220829e+01
1.092770833333329961e+01
1.134104166666666558e+01
1.063604166666666728e+01
1.060539930555552068e+01
1.069789930555555557e+01
8.934374999999999289e+00
9.320399305555550740e+00
1.031326388888890122e+01
9.111041666666688243e+00
8.809982638888877560e+00
8.328315972222197772e+00
8.824982638888876352e+00
8.322760416666664440e+00
