4.052945831428135716e+04
4.031571528730376303e+04
4.055361073007163213e+04
4.005745221764974849e+04
4.037970553269318771e+04
4.028282274043590587e+04
4.013950800182898820e+04
4.021376009754610277e+04
4.002487181832037459e+04
4.001289315653101949e+04
3.992607712238987733e+04
4.010427434842249932e+04
3.997699618960524094e+04
4.023927815881725110e+04
3.996037433318091644e+04
4.002596433470507327e+04
4.006685566224660579e+04
3.996267642127724685e+04
3.990688004877305502e+04
3.992330681298582203e+04
3.985393202255753567e+04
3.960694528273129254e+04
3.978834202103337884e+04
3.977004237158969772e+04
3.971935741502820019e+04
3.974655326931869786e+04
3.946082121627800370e+04
3.956546867855509481e+04
3.977339795762841095e+04
3.970183813443072722e+04
3.981643529949702497e+04
3.968962536198749876e+04
3.959824417009601893e+04
3.971896723060509248e+04
3.977113488797439641e+04
3.976399451303155365e+04
3.978479134278311540e+04
3.963051242188690958e+04
3.966777503429355420e+04
3.956098155768937431e+04
3.964662703856119333e+04
3.980609541228471062e+04
3.950042493522328732e+04
3.971736747447035305e+04
3.967401798506325576e+04
3.965848864502362267e+04
3.992791098917847557e+04
4.010735680536503787e+04
3.996743667123914202e+04
4.017911172077427182e+04
4.026202591068434413e+04
4.019335345221764874e+04
4.030834080170705420e+04
4.029753269318701496e+04
4.017321993598536937e+04
4.017813625971650617e+04
3.986618381344307272e+04
4.005390153939948505e+04
4.018164791952446103e+04
4.032394817863130447e+04
4.032394817863130447e+04
4.352798658741045801e+04
4.435931351928060030e+04
4.586792257277853787e+04
4.668118396585886512e+04
4.820263008687699767e+04
4.952711111111110949e+04
5.029788142051516479e+04
5.125609632677945774e+04
5.231045267489711841e+04
5.304208748666361498e+04
5.384742813595488406e+04
5.436176924249352305e+04
5.458936381649138639e+04
5.525474531321445102e+04
5.537964334705075453e+04
5.535904160951074300e+04
5.553536595031245088e+04
5.554453528425544937e+04
5.557820819996951468e+04
5.538701783264746336e+04
5.535728577960676921e+04
5.526169059594574355e+04
5.524787806736778293e+04
5.516921688766956504e+04
5.479288401158359920e+04
5.473529279073311773e+04
5.442899801859472791e+04
5.433480749885688419e+04
5.425930681298582203e+04
5.388808535284255777e+04
5.368265325407712226e+04
5.365116537113244704e+04
5.336995945739978924e+04
5.309663526901386649e+04
5.324041822892851633e+04
5.302503642737387418e+04
5.288687212315195939e+04
5.287216217040085030e+04
5.243964273738759221e+04
5.240027312909617467e+04
5.234147233653406147e+04
5.207072336534065107e+04
5.195955982319768373e+04
5.193544642584971734e+04
5.168541624752324424e+04
5.150050784941319580e+04
5.138805669867397955e+04
5.122558390489254816e+04
5.118157110196616122e+04
5.087960737692425027e+04
5.070589727175735607e+04
5.047026489864350151e+04
5.057436610272824328e+04
5.066765919829294580e+04
5.061471117207742645e+04
5.043386069196768949e+04
5.034446944063404953e+04
5.036074013107758219e+04
5.016307270233196323e+04
5.020291053193110565e+04
4.993590733119950892e+04
4.998573388203018112e+04
5.001320286541686073e+04
4.990090778844688612e+04
5.002268434689833521e+04
5.005479652491998422e+04
5.008468465172992001e+04
4.984753055936595047e+04
4.991682731290961965e+04
4.996638073464410991e+04
4.968458954427678691e+04
4.986384026825179171e+04
4.991331565310166479e+04
4.971295595183660771e+04
4.962738850784941314e+04
4.954123578722755337e+04
4.945605852766346652e+04
4.941157750342935469e+04
4.941114830056393839e+04
4.921652431031854940e+04
4.933217497332723724e+04
4.934867977442462870e+04
4.929557567443987500e+04
4.959476909007773065e+04
4.945328821825941122e+04
4.936600396281054418e+04
4.949644261545495829e+04
4.963905502210029226e+04
4.956737814357567549e+04
4.955871604938271776e+04
4.959320835238530708e+04
4.948220088401158137e+04
4.951052827312909358e+04
4.941930315500685538e+04
4.913450754458161828e+04
4.943795397043133562e+04
4.947615302545343729e+04
4.930291114159426797e+04
4.959785154702026921e+04
4.937369059594574355e+04
4.924446151501295390e+04
4.939331687242798216e+04
4.928964487120865670e+04
4.924590519737845170e+04
4.930903703703703650e+04
4.923181953970431641e+04
4.909525499161713378e+04
4.924446151501295390e+04
4.918702636793172132e+04
4.926420484682213282e+04
4.927996829751562473e+04
4.913638042981252511e+04
4.911694924554183672e+04
4.914336473098613351e+04
4.901842767870751413e+04
4.907219509221155022e+04
4.897141045572321309e+04
4.900235208047553897e+04
4.911312543819539860e+04
4.889665112025605777e+04
4.905736808413351537e+04
4.909685474775186594e+04
4.901308215211096103e+04
4.900964852918762335e+04
4.873593415637860016e+04
4.881303459838439449e+04
4.877210425240054610e+04
4.903025026672763488e+04
4.887995122694710881e+04
4.881795092211553128e+04
4.878064929126657808e+04
4.849386374028349383e+04
4.889536351165980886e+04
4.893594269166285812e+04
4.897320530406950274e+04
4.878693126047858823e+04
4.906677152873037994e+04
4.908620271300106833e+04
4.885923243408017152e+04
4.891565310166132986e+04
4.900395183661027113e+04
4.918187593354671844e+04
4.883746014327084413e+04
4.899290961743636581e+04
4.871252309099222475e+04
4.886984545038866054e+04
4.885092150586800562e+04
4.896832799878067453e+04
4.865891175125743030e+04
4.845734247828074876e+04
4.855578600823045417e+04
4.874194299649443565e+04
4.863791982929431833e+04
4.849413686937966850e+04
4.859258039932937390e+04
4.865750708733424835e+04
4.845156774881877936e+04
4.864275811614083068e+04
4.864459198292942892e+04
4.876285688157293043e+04
4.882579362901996501e+04
4.883055387898186018e+04
4.867498734948940546e+04
4.853276512726718647e+04
4.563841609510745184e+04
4.564692211553116795e+04
4.550598750190519786e+04
4.550056393842402031e+04
4.546845176040237857e+04
4.563642615454961197e+04
4.546751531778692151e+04
4.545975064776711224e+04
4.532751714677640848e+04
4.520745739978661732e+04
4.507951592745008384e+04
4.522076268861453718e+04
4.513094223441548820e+04
4.506597652796829789e+04
4.500713671696387610e+04
4.514818838591677923e+04
4.509637189452827442e+04
4.561266392318244471e+04
4.553759244017679885e+04
4.577755586038713955e+04
4.589550861149215052e+04
4.603574089315652964e+04
4.629080445054107258e+04
4.642717390641670499e+04
4.664747203170248395e+04
4.654430727023319923e+04
4.658597896662093990e+04
4.666276726108825096e+04
4.649420759030635236e+04
4.645803749428440642e+04
4.669203109282121295e+04
4.641258100899252895e+04
4.652308123761621391e+04
4.658625209571711457e+04
4.661364304221917700e+04
4.673932144490168866e+04
4.654746776406035497e+04
4.651356073769242357e+04
4.651715043438500288e+04
4.648297027892089682e+04
4.661629629629629926e+04
4.655234506934918318e+04
4.676768785246151674e+04
4.673612193263221707e+04
4.674454991617131600e+04
4.696777442463039188e+04
4.678388050602042495e+04
4.665180307879896282e+04
4.666401585124219127e+04
4.673686328303612390e+04
4.683780399329370266e+04
4.659027099527511018e+04
4.671060387136107602e+04
4.663311324493217398e+04
4.665164700502972119e+04
4.673241518061271199e+04
4.657723883554336498e+04
4.660974119798811444e+04
4.683975491540923394e+04
4.653607437890565780e+04
4.651964761469288351e+04
4.664161926535589009e+04
4.651133668648071762e+04
4.672640634049687651e+04
4.648671604938271776e+04
4.630048102423411183e+04
4.643228532235939929e+04
4.651800884011583548e+04
4.651968663313519210e+04
4.653654260021338268e+04
4.650423532998018345e+04
4.653810333790580626e+04
4.654500960219479020e+04
4.668001341258954199e+04
4.658945160798658617e+04
4.665121780216430489e+04
4.608833775339124986e+04
4.663092821216277662e+04
4.638963816491388570e+04
4.649424660874866822e+04
4.644492729766803677e+04
4.635444352994970541e+04
4.652635878677030996e+04
4.661891053193110565e+04
4.691759670781892783e+04
4.663545435147081298e+04
4.656756226185032574e+04
4.666584971803078952e+04
4.666565462581923202e+04
4.662983569577808521e+04
4.659936229233348422e+04
4.661504770614235895e+04
4.658465233958238241e+04
4.648140954122847324e+04
4.669651821368694073e+04
4.670631184270690574e+04
4.652362749580856325e+04
4.652495412284712802e+04
4.637231397652797023e+04
4.646705075445816328e+04
4.624554305746075261e+04
4.621093369913123024e+04
4.633466117969821789e+04
4.622419996951684152e+04
4.621612315195854171e+04
4.636486145404663694e+04
4.612599055022100220e+04
4.622946745922877744e+04
4.611970858100899204e+04
4.599172809023014997e+04
4.573159213534522132e+04
4.580814631915866630e+04
4.610410120408474177e+04
4.612868282274043304e+04
4.592430422191738762e+04
4.602473769242493290e+04
4.618248925468678499e+04
4.648815973174820829e+04
4.632190214906264009e+04
4.621187014174668730e+04
4.647286450236244127e+04
4.652569547325102758e+04
4.665781191891479830e+04
4.672000731595793332e+04
4.655679317177259509e+04
4.667572138393537898e+04
4.639209632677945774e+04
4.643965980795610085e+04
4.667560432860844594e+04
4.669359183051364380e+04
4.675161225422954158e+04
4.650716171315348038e+04
4.638885779606767028e+04
4.641488309708885936e+04
4.662203200731596007e+04
4.650365005334552552e+04
4.660755616521871707e+04
4.636513458314281161e+04
4.638109312604786101e+04
4.633637799115988309e+04
4.595758695320835250e+04
4.629337966773357766e+04
4.642077488187776180e+04
4.649089102270995500e+04
4.624203139765279775e+04
4.629942752629172173e+04
4.643638225880201207e+04
4.643969882639841671e+04
4.634464990092973312e+04
4.621011431184270623e+04
4.621791800030483137e+04
4.623844170096021844e+04
4.627145130315500865e+04
4.635073677793019306e+04
4.626458405730834056e+04
4.629014113702179748e+04
4.616645267489711841e+04
4.634453284560280736e+04
4.640906934918457409e+04
4.621323578722755337e+04
4.634457186404511594e+04
4.655593476604176249e+04
4.633087639079408837e+04
4.626173571101966081e+04
4.642865660722451139e+04
4.643306569120560744e+04
4.658410608139003307e+04
4.669324066453284468e+04
4.648546745922877744e+04
4.708202042371589778e+04
4.661290169181527017e+04
4.647707849413199438e+04
4.661738881268099067e+04
4.656881085200426605e+04
4.644071330589849094e+04
4.643532876085962198e+04
4.650521079103794909e+04
4.660178143575674767e+04
4.666042615454961197e+04
4.665984087791495404e+04
4.638413656454808370e+04
4.652538332571254432e+04
4.604896814509983233e+04
4.623130132601737569e+04
4.639841731443377648e+04
4.642366224660875014e+04
4.639978295991464984e+04
4.622221002895900165e+04
4.624624538942234358e+04
4.639958786770309234e+04
4.631878067367779295e+04
4.647216217040085030e+04
4.627496296296296350e+04
4.677049718030788063e+04
4.642377930193568318e+04
4.628038652644414105e+04
4.648402377686327964e+04
4.627972321292485867e+04
4.613359914647157711e+04
4.608818167962200823e+04
4.633438805060204322e+04
4.631304496265813214e+04
4.617940679774424643e+04
4.635190733119950892e+04
4.630387562871513364e+04
4.626712025605852978e+04
4.629837402834933891e+04
4.611568968145099643e+04
4.601947020271300426e+04
4.612509312604786101e+04
4.608572351775643619e+04
4.612513214449016959e+04
4.598716293247980502e+04
4.595481664380429720e+04
4.630926017375400261e+04
4.640064136564548244e+04
4.657837037037037226e+04
4.638241975308641850e+04
4.681837280902301427e+04
4.653330406950160250e+04
4.680272641365645541e+04
4.675578722755677154e+04
4.667123426306965121e+04
4.696804755372656655e+04
4.668477366255143716e+04
4.681544642584971734e+04
4.692637585733881861e+04
4.681341746684956888e+04
4.265393446121018496e+04
4.401532693187014229e+04
4.519177198597774986e+04
4.628019143423258356e+04
4.756502972107910318e+04
4.853861789361378032e+04
4.980269836915104679e+04
5.106416460905349959e+04
5.184211431184270623e+04
5.324728547477518441e+04
5.363032952293857670e+04
5.419262429507696652e+04
5.479206462429507519e+04
5.502578509373571433e+04
5.531011248285322654e+04
5.548667093430879322e+04
5.563771132449321885e+04
5.580139368998628197e+04
5.576534064929126907e+04
5.582769212010364572e+04
5.585110318549001386e+04
5.563864776710867591e+04
5.556864868160341575e+04
5.526824569425392110e+04
5.529040816948635620e+04
5.506074561804602854e+04
5.502492668800487445e+04
5.473283462886755296e+04
5.456392379210486251e+04
5.415563481176649657e+04
5.394395976223136677e+04
5.385023746380124794e+04
5.364702941624752566e+04
5.320260935832952237e+04
5.307899893308946776e+04
5.304314098460600508e+04
5.309019722603261471e+04
5.294044444444444525e+04
5.276774881877762527e+04
5.264113397347964928e+04
5.259236092059137445e+04
5.240234110653863900e+04
5.218243316567596048e+04
5.220471269623532862e+04
5.212694894071025919e+04
5.185709739368998271e+04
5.171717725956409413e+04
5.201621460143270815e+04
5.195390214906264009e+04
5.179798445358939352e+04
5.183427160493827250e+04
5.157003871361073107e+04
5.167222801402225014e+04
5.132551013565005269e+04
5.116643194634964311e+04
5.099354122847127292e+04
5.073219570187471254e+04
5.062079804907788639e+04
5.077410150891632657e+04
5.053148483462887089e+04
5.067405822283188900e+04
5.037923487273281353e+04
5.042859320225575357e+04
5.034720073159579624e+04
5.036031092821216589e+04
5.022889681450998614e+04
5.019218046029568359e+04
5.014781649138850480e+04
5.041638042981252511e+04
4.996130833714373148e+04
4.994601310775796446e+04
4.996860478585581586e+04
5.016919859777473175e+04
4.985798750190519786e+04
4.995366072245084797e+04
4.983005029721079336e+04
4.972196921201036457e+04
4.980281542447797256e+04
4.989205060204237088e+04
4.956776832799878321e+04
4.971822344154854363e+04
4.962933942996494443e+04
4.950678250266727991e+04
4.952371650663008768e+04
4.988604176192653540e+04
4.983738576436518633e+04
4.995498734948940546e+04
5.009943362292333768e+04
5.003181466239902511e+04
5.020501752781587857e+04
5.010626185032769718e+04
5.008249961896052264e+04
4.997750099070263968e+04
4.995604084743179556e+04
4.978845663770766987e+04
4.994741777168114641e+04
4.991752964487121062e+04
4.980796585886297544e+04
4.980277640603566397e+04
5.005588904130467563e+04
4.993329309556470253e+04
4.999677610120408644e+04
5.008136808413351537e+04
5.006131260478585318e+04
5.001051059289742261e+04
4.993746806889193977e+04
5.008261667428745568e+04
5.014169059594574355e+04
4.996361042524005461e+04
5.011102210028959234e+04
5.005155799420819676e+04
5.031520560890108027e+04
5.011667977442462870e+04
4.990890656912056147e+04
5.012389818625209591e+04
5.012183020880963159e+04
4.995912330437433411e+04
5.006927236701721995e+04
4.997921780216430489e+04
5.002018716659046186e+04
5.003907209266880091e+04
4.999607376924249547e+04
4.999576162170400494e+04
4.984397988111568702e+04
4.998741167504953773e+04
4.997937387593354651e+04
5.000024874256973271e+04
4.992607468373723532e+04
4.985876787075141328e+04
4.987297058375247434e+04
4.987558481938728801e+04
4.983949276024995925e+04
4.965848620637098065e+04
5.000317512574302964e+04
4.978057491236092028e+04
4.991620301783264586e+04
4.968942783112330653e+04
4.968618930041151907e+04
4.983352293857643963e+04
4.970476207895138214e+04
4.972926566072244896e+04
4.967397652796829789e+04
4.946569608291418990e+04
4.968298978814205475e+04
4.975193537570492481e+04
4.974346837372351729e+04
4.966851394604481175e+04
4.978077000457247050e+04
4.964147416552354844e+04
4.968314586191129638e+04
4.947611400701112871e+04
4.944349458923944621e+04
4.962594482548392261e+04
4.956843164151805831e+04
4.948692211553116795e+04
4.939877945435146830e+04
4.972774394147233397e+04
4.956452979728699574e+04
4.971697485139460332e+04
4.976559183051364380e+04
4.943701752781587857e+04
4.950881146166742838e+04
4.962719341563786293e+04
4.935726383173296927e+04
4.936120469440634042e+04
4.905998231976832903e+04
4.936432616979118757e+04
4.930017985063252854e+04
4.909209449778997077e+04
4.927200853528425796e+04
4.925425514403291891e+04
4.914473037646699959e+04
4.928511873190062761e+04
4.912900594421582355e+04
4.947111964639536745e+04
4.925554275262917508e+04
4.973843499466544745e+04
4.917352598689224396e+04
4.932659533607681806e+04
4.915241700960219168e+04
4.937478311233043496e+04
4.959515927450083836e+04
4.991776375552506943e+04
5.005202621551592893e+04
5.011110013717420952e+04
5.029234080170705420e+04
5.031551775643956353e+04
5.027411918914799753e+04
5.026674470355128869e+04
5.032933028501753142e+04
5.044018167962200823e+04
5.031438622161255626e+04
5.029928608443834673e+04
5.057019112940100604e+04
5.048329705837524671e+04
5.047650784941319580e+04
5.033869471117208013e+04
5.038395610425240011e+04
5.051782837982015189e+04
5.035898430117360112e+04
5.051537021795457986e+04
5.026522298430117371e+04
5.015187440938881628e+04
5.010712025605852978e+04
5.008858649596098257e+04
5.041259564090839558e+04
5.001398323426306888e+04
5.007551531778692151e+04
5.023478859929888858e+04
5.022288797439415066e+04
5.015581527206218743e+04
5.010684712696235511e+04
5.027649931412894512e+04
5.018504008535284083e+04
5.001827526291723916e+04
5.015967809785093414e+04
5.009225422953817906e+04
5.011742112482853554e+04
5.010372565157750068e+04
5.016018533760097489e+04
5.015374729461972311e+04
4.998097363206827868e+04
5.018898094802621199e+04
4.998265142508764256e+04
5.009198110044200439e+04
5.015421551592744800e+04
5.010353055936595047e+04
4.993797530864197324e+04
5.006107849413199438e+04
4.995982563633592508e+04
5.004441761926535401e+04
5.012616125590611045e+04
5.032414083219021268e+04
5.020888035360463255e+04
5.032144855967078183e+04
5.024282639841487253e+04
5.030829934461210360e+04
5.023763694558756106e+04
5.038793598536808713e+04
5.032921322969059838e+04
5.013790580704160675e+04
5.023876848041456833e+04
5.012889254686785716e+04
5.036604663923182670e+04
5.013685230909922393e+04
5.021851790885535593e+04
5.019978905654625851e+04
5.002490839811004116e+04
5.018558634354519018e+04
5.016119981710104912e+04
5.013931047096478869e+04
5.004297393689986347e+04
5.048591129401006037e+04
5.017216399939033727e+04
5.010438896509678307e+04
5.029573540618808329e+04
5.015054778235025151e+04
5.018082609358329501e+04
5.032616979119036841e+04
5.010029202865417028e+04
5.006720438957476290e+04
5.022261484529797599e+04
5.019346806889193977e+04
5.006029812528577895e+04
5.055704191434232780e+04
5.001355403139765258e+04
5.024126566072244896e+04
5.010797866178936238e+04
4.999330345983844018e+04
5.020813900320073299e+04
5.017364670019814366e+04
4.995771864045115217e+04
5.000836457857034111e+04
5.014965035817711032e+04
4.991343270842859056e+04
4.987698948331046995e+04
5.001480262155159289e+04
4.991526657521719608e+04
4.982688980338363035e+04
4.988334948940710456e+04
4.983754183813442796e+04
4.992798658741045801e+04
5.004437860082304542e+04
5.017134461210181325e+04
5.013712543819539860e+04
5.023190123456790025e+04
5.020716354214296734e+04
5.016954976375552360e+04
5.015741502819691959e+04
5.005791800030483137e+04
5.007391556165218935e+04
5.010462307575064915e+04
5.003946227709190862e+04
4.989037280902301427e+04
4.985908001828989654e+04
5.015043072702331847e+04
5.039870507544581778e+04
4.999662002743484481e+04
5.014524127419600700e+04
5.018078707514098642e+04
5.015733699131230242e+04
5.020802194787379995e+04
5.010407681755829981e+04
4.986508885840573203e+04
4.988104740131077415e+04
5.011176345069349190e+04
4.989088004877305502e+04
5.007442280140222283e+04
5.002061636945587816e+04
4.997422344154854363e+04
5.007079408626733493e+04
5.010856393842402031e+04
4.989517207742721803e+04
4.993746806889193977e+04
4.996044993141289160e+04
5.017708032312147407e+04
5.002857613168724492e+04
5.012311781740588049e+04
5.032710623380582547e+04
5.017731443377534015e+04
5.013685230909922393e+04
5.009506355738454295e+04
5.017052522481328924e+04
5.036397866178936238e+04
5.005471848803535977e+04
4.978568632830361457e+04
4.965216521871666191e+04
4.982384636488340038e+04
4.979009541228471062e+04
5.007137936290200014e+04
4.992533333333333576e+04
4.991354976375552360e+04
4.999654199055022036e+04
4.995717238225880283e+04
5.032718427069044264e+04
4.996212772443224821e+04
4.987921353452217591e+04
5.011195854290504212e+04
5.001027648224356381e+04
4.997796921201036457e+04
5.012378113092516287e+04
5.003575552507239627e+04
5.000536015851241973e+04
5.012990702636793139e+04
5.005003627495808905e+04
5.008979606767261430e+04
4.989166041761926317e+04
4.986883462886755296e+04
4.987492150586800562e+04
4.988128151196464023e+04
4.973328456028044457e+04
4.987086358786770143e+04
4.983941472336534207e+04
4.976559183051364380e+04
4.990804816338972887e+04
4.987862825788751798e+04
5.001593415637860016e+04
4.992841579027587431e+04
4.988463709800335346e+04
4.998202713001066877e+04
4.983598110044200439e+04
4.978088705989940354e+04
4.985158847736625466e+04
4.978069196768785332e+04
4.971966712391403416e+04
4.958333668648071762e+04
4.957046060051821405e+04
4.971779423868312733e+04
4.967315714067977387e+04
4.960522603261697805e+04
4.958396098155769141e+04
4.948489315653101949e+04
4.960834750800183247e+04
4.950377808260935853e+04
4.951930742264898436e+04
4.957631336686480790e+04
4.936604298125286005e+04
4.938161133973479446e+04
4.966086633135192824e+04
4.969212010364273738e+04
4.999525438195397146e+04
5.015117207742721803e+04
5.024797683279987541e+04
5.017017405883249739e+04
5.024387989635726262e+04
5.023194025301020883e+04
5.049067154397195554e+04
5.036175461057765642e+04
5.019850144795000961e+04
5.015874165523548436e+04
5.019530193568053801e+04
5.049765584514555667e+04
5.049765584514555667e+04
4.314818106995884591e+04
4.459026367931717687e+04
4.561637067520194978e+04
4.665593903368389147e+04
4.807648346288675384e+04
4.900008901082152443e+04
5.013049230300258932e+04
5.098651790885535593e+04
5.217384910836762720e+04
5.275420941929583933e+04
5.355892577351013460e+04
5.426804694406340423e+04
5.456985459533607354e+04
5.496643804298125178e+04
5.515228288370675000e+04
5.518923334857491136e+04
5.532454930650815368e+04
5.529938241121780447e+04
5.536005608901082451e+04
5.517666941015089105e+04
5.515435086114921432e+04
5.500315439719554706e+04
5.560575522024081874e+04
5.475632373113854555e+04
5.470598994055783987e+04
5.456060722450845788e+04
5.433788995579942275e+04
5.412730742264898436e+04
5.413753025453437294e+04
5.387778448407255200e+04
5.383357658893461485e+04
5.353309556470050302e+04
5.340148635878677305e+04
5.346465721688766644e+04
5.304591129401006037e+04
5.303463496418228897e+04
5.275943789056545938e+04
5.265763877457704803e+04
5.246278067367779295e+04
5.229851303155007190e+04
5.212086206370979926e+04
5.206061758878219553e+04
5.195226337448559934e+04
5.175783447645176057e+04
5.164214479500076413e+04
5.154502789208962349e+04
5.143608840115836210e+04
5.140296174363663886e+04
5.126850419143422914e+04
5.128196555403139791e+04
5.100879743941472407e+04
5.097555372656607506e+04
5.097602194787379995e+04
5.087180368846212514e+04
5.069056302392928046e+04
5.052992409693644004e+04
5.037322603261697805e+04
5.034798110044200439e+04
5.024805486968449986e+04
5.033861667428745568e+04
5.039484224965706380e+04
5.015031367169638543e+04
5.043651394604481175e+04
5.007016979119036841e+04
5.024060234720317385e+04
5.035676024996189517e+04
5.020630513641213474e+04
5.005647431793934084e+04
4.991397896662093990e+04
4.991581283340953814e+04
4.985213473555860401e+04
4.991198902606310003e+04
4.978396951684194210e+04
4.985697302240512363e+04
4.978326718488035112e+04
4.961185916780978732e+04
4.977210791037951276e+04
4.970842981252857862e+04
4.969801188843163982e+04
4.952430178326474561e+04
4.946214540466392646e+04
4.960709891784789215e+04
4.929342966011278622e+04
4.961299070263679459e+04
4.961790702636793139e+04
4.980546867855509481e+04
4.990086877000457025e+04
4.985451486053955159e+04
4.972278859929888858e+04
4.994312574302697612e+04
4.986567413504038996e+04
4.993317604023776948e+04
4.999954641060814174e+04
4.986676665142508864e+04
4.996384453589392069e+04
4.987082456942539284e+04
4.997851547020271391e+04
4.980734156378600892e+04
4.982064685261392879e+04
4.973597683279987541e+04
4.940794878829446679e+04
4.956285200426763913e+04
4.948309830818472983e+04
4.957377716811461869e+04
4.938925895442767796e+04
4.955735040390184440e+04
4.953136412132297119e+04
4.935980003048315848e+04
4.957038256363358960e+04
4.955906721536350960e+04
4.965618411827465025e+04
4.960460173754001153e+04
4.966878707514098642e+04
4.946421338210638351e+04
4.961529279073311773e+04
4.965271147690901125e+04
4.959625179088553705e+04
4.977796067672610661e+04
4.969754366712391493e+04
4.974612162780063954e+04
4.971510196616369649e+04
4.967963420210334152e+04
4.985408565767413529e+04
4.983937570492303348e+04
4.956211065386373957e+04
4.969282243560432835e+04
4.960826947111720801e+04
4.961209327846364613e+04
4.958844810242341191e+04
4.960631854900167673e+04
4.949308702941624506e+04
4.946792013412589586e+04
4.924254961133973120e+04
4.970125041914342000e+04
4.965645724737082492e+04
4.968486267337296158e+04
4.979399725651577319e+04
4.980445419905502058e+04
4.944388477366255393e+04
4.963398262459990656e+04
4.950131992074378650e+04
4.948742935528120870e+04
4.943744673068130214e+04
4.962247218411827635e+04
4.941399664685261087e+04
4.941977137631458754e+04
4.951193293705227552e+04
4.965134583142813790e+04
4.981584758420972503e+04
4.953214449016917933e+04
4.958388294467306696e+04
4.964272275567748875e+04
4.948255204999238049e+04
4.961927267184880475e+04
4.941551836610272585e+04
4.931133912513336691e+04
4.939706264288980310e+04
4.925741563786008192e+04
4.929518549001676729e+04
4.924161316872428142e+04
4.950463648834019114e+04
4.945340527358634426e+04
4.949238469745465409e+04
4.928043651882334962e+04
4.943346684956561512e+04
4.939370705685108987e+04
4.938278189300411759e+04
4.930575948788294772e+04
4.904082426459381531e+04
4.913505380277396762e+04
4.925702545343697420e+04
4.915066117969821789e+04
4.908031092821216589e+04
4.903481542447797256e+04
4.901050693491845595e+04
4.900391281816796254e+04
4.894366834324035881e+04
4.890480597469898203e+04
4.888248742569730530e+04
4.871256210943454062e+04
4.871154762993445911e+04
4.914110166133211169e+04
4.927836854138088529e+04
4.942293187014174327e+04
4.951852705380277621e+04
4.954915653101661155e+04
4.963425575369608123e+04
4.972973388203018112e+04
4.983816613321140176e+04
5.008148513946044841e+04
5.011429964944368112e+04
5.023892455418380996e+04
5.014547538484987308e+04
5.025566346593506751e+04
5.029628166438043263e+04
5.021122146014327154e+04
5.042285749123609276e+04
5.042137479042828636e+04
5.033252979728699574e+04
5.023970492303002538e+04
5.044790733119950892e+04
5.045305776558451180e+04
5.050651303155007190e+04
5.079462520957171364e+04
5.051856973022405145e+04
5.087863191586648463e+04
5.062711903673220513e+04
5.045013138241121487e+04
5.056059259259259125e+04
5.053378692272519402e+04
5.057050327693948930e+04
5.083629690595945431e+04
5.087316933394299849e+04
5.096771101966163405e+04
5.073933607681755529e+04
5.077304801097393647e+04
5.075705044962657848e+04
5.079333760097545746e+04
5.078206127114769333e+04
5.075587989635726262e+04
5.070293187014174327e+04
5.079376680384088104e+04
5.066652766346593853e+04
5.062949916171315272e+04
5.064803292181069992e+04
5.056106081390032341e+04
5.055025270538027689e+04
5.054404877305289119e+04
5.064721353452217591e+04
5.044377137631458754e+04
5.043163664075598354e+04
5.061677914951989078e+04
5.073278097850937047e+04
5.080484804145709495e+04
5.073886785550983041e+04
5.070741899100747105e+04
5.070043468983386992e+04
5.072993263222069800e+04
5.074167718335619429e+04
5.091285108977289929e+04
5.088588934613626043e+04
5.085229446730681229e+04
5.095538119189147983e+04
5.100723670172230050e+04
5.095370339887212322e+04
5.090434506934918318e+04
5.107466057003505557e+04
5.108464929126657808e+04
5.078135893918610236e+04
5.083301935680536553e+04
5.074077975918305310e+04
5.088846456332875823e+04
5.122488157293095719e+04
5.088210455723213090e+04
5.062075903063557053e+04
5.082958573388202785e+04
5.080597957628410222e+04
5.072587471422039380e+04
5.079146471574455063e+04
5.068275933546715532e+04
5.067405822283188900e+04
5.070636549306508095e+04
5.062107117817406106e+04
5.070710684346898051e+04
5.077718396585886512e+04
5.060757079713458370e+04
5.036940222527053993e+04
5.047998049077884207e+04
5.071190611187319155e+04
5.065454900167657615e+04
5.069653284560280736e+04
5.062864075598232012e+04
5.055294497789970774e+04
5.062497302240512363e+04
5.058388660265203362e+04
5.042734461210181325e+04
5.044263984148758027e+04
5.025972138393537898e+04
5.041154214296601276e+04
5.049566590458771680e+04
5.064128273129096488e+04
5.069220179850632849e+04
5.079926840420667577e+04
5.096232647462277237e+04
5.086216613321140176e+04
5.098285017527815944e+04
5.089431732967535208e+04
5.095463984148758027e+04
5.096888157293095719e+04
5.090270629477213515e+04
5.095385947264136485e+04
5.065486114921505941e+04
5.080418472793781257e+04
5.074581313824112294e+04
5.091402164304222242e+04
5.068958756287151482e+04
5.057729248590154020e+04
5.075334369760707341e+04
5.053960067062947928e+04
5.051369242493522324e+04
5.059820637098003499e+04
5.043674805669867055e+04
5.027806005182136869e+04
5.040030483158054994e+04
5.056480658436213707e+04
5.100852431031854940e+04
5.059816735253772640e+04
5.074834933699131216e+04
5.036128638926993153e+04
5.030330498399634234e+04
5.032734034445968427e+04
5.037545008382868400e+04
5.029577442463039188e+04
5.049020332266423065e+04
5.036682700807803485e+04
5.036058405730834056e+04
5.041778509373571433e+04
5.025695107453132368e+04
5.028102545343697420e+04
5.033085200426763913e+04
5.031622008840116177e+04
5.008070477061423298e+04
5.001433440024386800e+04
5.010778356957780488e+04
4.988697820454199245e+04
5.015105502210029226e+04
4.998315866483767604e+04
5.008804023776863323e+04
5.008882060661484866e+04
4.984807681755829981e+04
5.016974485596708109e+04
5.021516232281664270e+04
5.020880231672001537e+04
5.030022252705380379e+04
5.018305014479500096e+04
5.010087730528882821e+04
5.021321140070111142e+04
5.022924798049077799e+04
5.015132815119646693e+04
5.020790489254686690e+04
5.013497942386830982e+04
4.999533241883858864e+04
5.004301295534217206e+04
5.002717146776406298e+04
5.012877549154092412e+04
4.982478280749885744e+04
4.986497180307879898e+04
4.985724615150129830e+04
4.997695473251029034e+04
4.981955433622923010e+04
4.982244170096021844e+04
4.973952751105014613e+04
4.959445694253924739e+04
4.968380917543057149e+04
4.965762780064014805e+04
4.966671909769852209e+04
4.989384545038866054e+04
4.980090352080475714e+04
4.977312238987959427e+04
5.007676390794086183e+04
4.997960798658741260e+04
4.973745953360768181e+04
4.974592653558908933e+04
4.961053254077122256e+04
4.976371894528272969e+04
4.959012589544276852e+04
4.967050388660265162e+04
4.961341990550221090e+04
4.984780368846212514e+04
4.971428257887517248e+04
4.970936625514403568e+04
4.972466148452979542e+04
4.962247218411827635e+04
4.925320164609053609e+04
4.938641060813900549e+04
4.963913305898490944e+04
4.929596585886297544e+04
4.964186434994665615e+04
4.968622831885383493e+04
5.006107849413199438e+04
5.014625575369608123e+04
5.011476787075141328e+04
5.011238774577045842e+04
5.048934491693339078e+04
5.039476421277244663e+04
5.040896692577350768e+04
5.058911507392166095e+04
5.038220027434841904e+04
5.035172687090382533e+04
5.043222191739064147e+04
5.063137204694406682e+04
5.051419966468526400e+04
4.233698765432099026e+04
4.385289315653101949e+04
4.453040938881268085e+04
4.583600548696844635e+04
4.719517390641670499e+04
4.850783234263069608e+04
4.948013290656911704e+04
5.052200335314738913e+04
5.132703185490016767e+04
5.228380307879896282e+04
5.353984575522023806e+04
5.388878768480414874e+04
5.441729248590154020e+04
5.477856424325559783e+04
5.509921780216430489e+04
5.527464471879286430e+04
5.546739582380734646e+04
5.576315561652187171e+04
5.535506172839506326e+04
5.546540588324950659e+04
5.540586374028349383e+04
5.535318884316414915e+04
5.517932266422801331e+04
5.514685932022557245e+04
5.524190824569425604e+04
5.479616156073769525e+04
5.465401737540009344e+04
5.433812406645328156e+04
5.398633379058070568e+04
5.422992592592592700e+04
5.399105502210029226e+04
5.727617375400091260e+04
5.691455083066605584e+04
5.684006462429507519e+04
5.706410852004267508e+04
5.689859228776101372e+04
5.684299100746837212e+04
5.671543971955494635e+04
5.651110013717420952e+04
5.633563420210334152e+04
5.620905837524767412e+04
5.596929004724889819e+04
5.590608017070568167e+04
5.567232068282274122e+04
5.560544307270233548e+04
5.533422588020118565e+04
5.546856637707666232e+04
5.522926627038561128e+04
5.530067001981405338e+04
5.530067001981405338e+04
5.506979789666209399e+04
5.489242005791800329e+04
5.489636092059137445e+04
5.471543240359701304e+04
5.450914189910074492e+04
5.450578631306203170e+04
5.433820210333790601e+04
5.437238225880201207e+04
5.435736015851241973e+04
5.435100015241579240e+04
5.421096296296296350e+04
5.426941258954427758e+04
5.409835573845450563e+04
5.400186313062033150e+04
5.404326169791190478e+04
5.405875201950922201e+04
5.391836366407560126e+04
5.383349855204999039e+04
5.372280323121475521e+04
5.351912696235330077e+04
5.361495625666819251e+04
5.368733546715440025e+04
5.382760676726108795e+04
5.342957963725041918e+04
5.321997256515775371e+04
5.359224752324340807e+04
5.333425758268556820e+04
5.344752812071330845e+04
5.360469440634049533e+04
5.334826520347507903e+04
5.337565614997713419e+04
5.335419600670629734e+04
5.329808748666361498e+04
5.340683188538332615e+04
5.351811248285322654e+04
5.340960219478738145e+04
5.346758360006096336e+04
5.338958573388202785e+04
5.336008779149519978e+04
5.335657613168724492e+04
5.360352385307117947e+04
5.334682152110958850e+04
5.342907239750037843e+04
5.358190763603109372e+04
5.344858161865569127e+04
5.394271117207742645e+04
5.370992714525225165e+04
5.349793994817863131e+04
5.357238713610730338e+04
5.350929431489101989e+04
5.325785947264136485e+04
5.324884621246761526e+04
5.343258405730834056e+04
5.329402956866331078e+04
5.312332388355433795e+04
5.320932053040694882e+04
5.323636031092821213e+04
5.318157841792409454e+04
5.332403475080017961e+04
5.345907757963724725e+04
5.354413778387440834e+04
5.324115957933241589e+04
5.321825575369608123e+04
5.327424721841183054e+04
5.342821399176954583e+04
5.335446913580247201e+04
5.354796159122085373e+04
5.320857918000304926e+04
5.338306965401615889e+04
5.328294833104709687e+04
5.349653528425544937e+04
5.318836762688614544e+04
5.324802682517909125e+04
5.344268983386678883e+04
5.340129126657521556e+04
5.328419692120103718e+04
5.315005151653711073e+04
5.318598750190519786e+04
5.308937783874409070e+04
5.323124889498551784e+04
5.318278798963572626e+04
5.318926505105928663e+04
5.304497485139460332e+04
5.333382837982015189e+04
5.330234049687547667e+04
5.325965432098765450e+04
5.337733394299649080e+04
5.348104496265813214e+04
5.340039384240207437e+04
5.321205182136869553e+04
5.311645663770766987e+04
5.333749611339734838e+04
5.340659777472946007e+04
5.314045297972870321e+04
5.336328730376467138e+04
5.326855052583447832e+04
5.327814906264289311e+04
5.326320499923791795e+04
5.393572687090382533e+04
5.335700533455266122e+04
5.340468587105624465e+04
5.321306630086876976e+04
5.315473372961438872e+04
5.325376253619875206e+04
5.302491937204694113e+04
5.296299710409998806e+04
5.307743819539704418e+04
5.317646700198140752e+04
5.325735223289132409e+04
5.321049108367627196e+04
5.331361682670324808e+04
5.309885932022557245e+04
5.320783782959914970e+04
5.311169638774576742e+04
5.307357536960829020e+04
5.310939429964944429e+04
5.312117786922724918e+04
5.296685992988873477e+04
5.292507117817406106e+04
5.293548910227099259e+04
5.290630330742264778e+04
5.283950373418685922e+04
5.291457521719249780e+04
5.298582289285169827e+04
5.270590458771528938e+04
5.286513885078494059e+04
5.287395701874713995e+04
5.285542325864959275e+04
5.281129340039628005e+04
5.263352537722908164e+04
5.253527693949093373e+04
5.278366834324035881e+04
5.287606401463191287e+04
5.316257643651882245e+04
5.317763755525072338e+04
5.351054290504496021e+04
5.340683188538332615e+04
5.346149672306051070e+04
5.345626825179088337e+04
5.357285535741502827e+04
5.345814113702179748e+04
5.364531260478585318e+04
5.365889102270995500e+04
5.362869074836152868e+04
5.377528303612254240e+04
5.400311172077427182e+04
5.382819204389574588e+04
5.400935467154397338e+04
5.372951440329218167e+04
5.372510531931107835e+04
5.379428501752781449e+04
5.366688980338363035e+04
5.383502027130010538e+04
5.365678402682518208e+04
5.353477335771985963e+04
5.365089224203627236e+04
5.374594116750495596e+04
5.370828837067520362e+04
5.366150525834476139e+04
5.380766834324035881e+04
5.368397988111568702e+04
5.384543819539704418e+04
5.360500655387897859e+04
5.362116018899557821e+04
5.378714464258497173e+04
5.370797622313672036e+04
5.368386282578875398e+04
5.342380490778844978e+04
5.364031824417009921e+04
5.353348574912361073e+04
5.370060173754001153e+04
5.369170553269318771e+04
5.361187379972565395e+04
5.380380551745160483e+04
5.362767626886145445e+04
5.360403109282121295e+04
5.348822435604328348e+04
5.349333577198597777e+04
5.364301051668953005e+04
5.360765980795610085e+04
5.359934887974394223e+04
5.351382045419905626e+04
5.366154427678707725e+04
5.376279713458313927e+04
5.378242341106538515e+04
5.395078798963572626e+04
5.369623167200121679e+04
5.368741350403901743e+04
5.387119036732205132e+04
5.372155464106081490e+04
5.371839414723365189e+04
5.379947447035512596e+04
5.360524066453284468e+04
5.382296357262612582e+04
5.366189544276786910e+04
5.396288370675202168e+04
5.407947081237615930e+04
5.388480780368846172e+04
5.389112879134278046e+04
5.378620819996951468e+04
5.372198384392623120e+04
5.379943545191281737e+04
5.384520408474317810e+04
5.365366255144032766e+04
5.363727480566986924e+04
5.391992440176802484e+04
5.382308062795305887e+04
5.362962719097698573e+04
5.369888492607833905e+04
5.377746806889193977e+04
5.368195092211553128e+04
5.357453315043438488e+04
5.340371040999847901e+04
5.345326383173296927e+04
5.377871665904588008e+04
5.378858832495046227e+04
5.366482182594116603e+04
5.358857978966621158e+04
5.358218076512726839e+04
5.364874622770919086e+04
5.349825209571711457e+04
5.356961682670324808e+04
5.356462246608748683e+04
5.340374942844078760e+04
5.351522511812223820e+04
5.351175247675659193e+04
5.327690047248895280e+04
5.348381527206218743e+04
5.326976009754610277e+04
5.327210120408474177e+04
5.349579393385154981e+04
5.367129888736473367e+04
5.361202987349489558e+04
5.358034689833867014e+04
5.365565249199816753e+04
5.410721292485901358e+04
5.378784697454656271e+04
5.357859106843468908e+04
5.368351165980795486e+04
5.377996524919982039e+04
5.374754092363968812e+04
5.363988904130467563e+04
5.417498795915256778e+04
5.396350800182898820e+04
5.367040146319158521e+04
5.379354366712391493e+04
5.352053162627648271e+04
5.364765371132449218e+04
5.401403688462124410e+04
5.397931047096478869e+04
5.392706477671086759e+04
5.397470629477213515e+04
5.386432312147538323e+04
5.375585185185185401e+04
5.376595762841030228e+04
5.379198292943149136e+04
5.389581100442005845e+04
5.394200884011583548e+04
5.378215028196921048e+04
5.374465355890869978e+04
5.365772046944063186e+04
5.389631824417009921e+04
5.361975552507239627e+04
5.375249626581314078e+04
5.363235848193873244e+04
5.370969303459838557e+04
5.365237494284407876e+04
5.386299649443682574e+04
5.361413686937966850e+04
5.382444627343392494e+04
5.367906355738454295e+04
5.358253193110806023e+04
5.362779332418838749e+04
5.348248864502362267e+04
5.362658375247675576e+04
5.367941472336534207e+04
5.368003901844230859e+04
5.356692455418380996e+04
5.344901082152110757e+04
5.363177320530406723e+04
5.350742142966011306e+04
5.361202987349489558e+04
5.354370858100899204e+04
5.375503246456333000e+04
5.351038683127571858e+04
5.349680841335162404e+04
5.325028989483310579e+04
5.334315378753238474e+04
5.349907148300563858e+04
5.336562841030331037e+04
5.341822527053803060e+04
5.360496753543667000e+04
5.345993598536808713e+04
5.338299161713153444e+04
5.347413869836914819e+04
5.339832586495961004e+04
5.340027678707514133e+04
5.336383356195702072e+04
5.348916079865874053e+04
5.343808565767413529e+04
5.356856332876085798e+04
5.325107026367931394e+04
5.317451607986587624e+04
5.351463984148758027e+04
5.343566651425087912e+04
5.330339399481785949e+04
5.322449870446578279e+04
5.332395671391556243e+04
5.326144916933394416e+04
5.331954762993445911e+04
5.327994391098917549e+04
5.331170492303002538e+04
5.341315287303764489e+04
5.339184880353604967e+04
5.341896662094193016e+04
5.345993598536808713e+04
5.350422191739064147e+04
5.331197805212620005e+04
5.306506934918457409e+04
5.332930224051211553e+04
5.328844993141289160e+04
5.304622344154854363e+04
5.318918701417466946e+04
5.308313488797439641e+04
5.332216186556927278e+04
5.308688065843621735e+04
5.324459320225575357e+04
5.324357872275567934e+04
5.343332540771224012e+04
5.340519311080627813e+04
5.400888645023624122e+04
5.362592043895747338e+04
5.355307300716354075e+04
5.359220850480109948e+04
5.372834385002286581e+04
5.369275903063557053e+04
5.388988020118884015e+04
5.369018381344307272e+04
5.366802133821063762e+04
5.356610516689529322e+04
5.361589269928364229e+04
5.373333821063861978e+04
5.373333821063861978e+04
4.257425880201188556e+04
4.384149977137631504e+04
4.500382014936747146e+04
4.610179911598841863e+04
4.712583813443072722e+04
4.838695320835238817e+04
4.950272458466696844e+04
5.052957293095564819e+04
5.131755037341868592e+04
5.233803871361073107e+04
5.302768968145099643e+04
5.354082121627800370e+04
5.392460661484529555e+04
5.443816735253772640e+04
5.461156531016613008e+04
5.501856668190824712e+04
5.489659503124524053e+04
5.517116780978509632e+04
5.517534278311233356e+04
5.523675781130925316e+04
5.506581801554641424e+04
5.504439689071787870e+04
5.492566377076665231e+04
5.503791982929431833e+04
5.471718823350099410e+04
5.450980521262002731e+04
5.419500442005792138e+04
5.412652705380277621e+04
5.393767779301935661e+04
5.383267916476146638e+04
5.351264990092973312e+04
5.316885840573083260e+04
5.284399085505258699e+04
5.277145557079713763e+04
5.268776101204084989e+04
5.264885962505715725e+04
5.256071696387745760e+04
5.254561682670324808e+04
5.227283889650968194e+04
5.218294040542600123e+04
5.190430970888584125e+04
5.186934918457551976e+04
5.171678707514098642e+04
5.157058497180308041e+04
5.130221612559061032e+04
5.152770370370370074e+04
5.119983173296753375e+04
5.122882243560432835e+04
5.105987258039932931e+04
5.093813504039018153e+04
5.082669836915104679e+04
5.067788203017832711e+04
5.062735314738607121e+04
5.034478158817253279e+04
5.049492455418380996e+04
5.037287486663618620e+04
5.016802804450540862e+04
4.999697119341563666e+04
4.986005547934766219e+04
5.008999115988416452e+04
5.007832464563328540e+04
4.993493187014174327e+04
5.026693979576283891e+04
5.005577198597774986e+04
5.028059625057155790e+04
5.008811827465325769e+04
5.005483554336229281e+04
5.013536960829141753e+04
4.982891876238378609e+04
4.973784971803078952e+04
4.968521383935375343e+04
4.976360188995579665e+04
4.958489742417314119e+04
4.981050205761317193e+04
4.964990214906264009e+04
4.956320317024843825e+04
4.960776223136716726e+04
4.962734948940710456e+04
4.957705471726870746e+04
4.945313214449016959e+04
4.953604633440024190e+04
4.931223654930650810e+04
4.951419600670629734e+04
4.968193629019966465e+04
4.973952751105014613e+04
4.992744032921810867e+04
4.983910257582685881e+04
5.009994086267337116e+04
5.008050967840268277e+04
5.008164121322969004e+04
5.006817985063252854e+04
5.028481024234110373e+04
5.034723975003810483e+04
5.012339094650205516e+04
5.015413747904283082e+04
5.029035086114921432e+04
5.017512940100594278e+04
4.999104039018442563e+04
5.013185794848346268e+04
5.024540161560737761e+04
5.007141838134430873e+04
4.998764578570339654e+04
5.020626611796981888e+04
5.029507209266880091e+04
5.021602072854747530e+04
5.013544764517604199e+04
4.988034506934918318e+04
5.019085383325712610e+04
5.002069440634049533e+04
4.999743941472336883e+04
4.997024356043286389e+04
5.002334766041761759e+04
4.988584666971498518e+04
4.999931229995427566e+04
4.988596372504191095e+04
5.008183630544124026e+04
4.984483828684651962e+04
4.992431885383325425e+04
4.991436915104404761e+04
4.989720103642737377e+04
5.007297911903673230e+04
4.971416552354823943e+04
4.977265416857186210e+04
4.961654138088705804e+04
4.963815759792714380e+04
4.979294375857339037e+04
4.996095717116293235e+04
4.980410303307422873e+04
4.986848346288675384e+04
4.980082548392013268e+04
4.963296814509983233e+04
4.941095320835238817e+04
4.971943301326017536e+04
4.973039719554945623e+04
4.980254229538180516e+04
4.994203322664227744e+04
5.003396067672610661e+04
4.994905654625819443e+04
5.041189330894680461e+04
4.994726169791190478e+04
4.987219021490626619e+04
4.965969577808261238e+04
4.995432403597012308e+04
4.968267764060356421e+04
4.988424691358024575e+04
4.986083584819387033e+04
4.972743179393385071e+04
4.993095198902606353e+04
4.994456942539247393e+04
4.965708154244779871e+04
4.972255448864502250e+04
4.972555890870294388e+04
4.982977716811461869e+04
4.968353604633439681e+04
4.965228227404358768e+04
4.959792958390489366e+04
4.972770492303002538e+04
4.968209236396890628e+04
4.986594726413656463e+04
4.972075964029873285e+04
4.928773296753543400e+04
4.948259106843468908e+04
4.970597165066300659e+04
4.952929614388050686e+04
4.951915134887974273e+04
4.956246181984453870e+04
4.945305410760554514e+04
4.953998719707362034e+04
4.918339765279682615e+04
4.957939582380734646e+04
4.951747355586038611e+04
4.923252187166590738e+04
4.943787593354671844e+04
4.938765919829294580e+04
4.926514128943758260e+04
4.960284590763603046e+04
4.948368358481938776e+04
4.941005578417923971e+04
4.937170065538789640e+04
4.997266270385612006e+04
4.927235970126504981e+04
4.975572016460905434e+04
4.992806462429507519e+04
5.041216643804297928e+04
5.034852735863435373e+04
5.056792805974699149e+04
5.044014266117969964e+04
5.082053345526596240e+04
5.092908276177412336e+04
5.077062886755068030e+04
5.084382746532540477e+04
5.095264990092973312e+04
5.100407620789513749e+04
5.113154945892394608e+04
5.102619966468526400e+04
5.114856149977137829e+04
5.129605121170553321e+04
5.120529431489101989e+04
5.130088949855205283e+04
5.134654107605548052e+04
5.126429019966468331e+04
5.102522420362749835e+04
5.124353238835543016e+04
5.122862734339277813e+04
5.115023929279073491e+04
5.135262795305593318e+04
5.125051668952903856e+04
5.139480688919372187e+04
5.132207651272671501e+04
5.145243712848651194e+04
5.143046974546562706e+04
5.128438469745465409e+04
5.132909983234263200e+04
5.103466666666666424e+04
5.117587440938881628e+04
5.119975369608291658e+04
5.124002072854747530e+04
5.118473159579332423e+04
5.132059381191891589e+04
5.139070995275110181e+04
5.116530041152263584e+04
5.120654290504496021e+04
5.114941990550221090e+04
5.102182959914646926e+04
5.115523365340649616e+04
5.124505410760554514e+04
5.100711964639536745e+04
5.100286663618350576e+04
5.101683523853071529e+04
5.083586770309403801e+04
5.088971315348269854e+04
5.084460783417162020e+04
5.085674256973022420e+04
5.094024203627496172e+04
5.091027587258040148e+04
5.083052217649748491e+04
5.090988568815729377e+04
5.080149245541838172e+04
5.089837524767565628e+04
5.079357171162932354e+04
5.089404420057917741e+04
5.087508123761621391e+04
5.092646852613930969e+04
5.081905075445816328e+04
5.138684712696235511e+04
5.083582868465172942e+04
5.093154092363968812e+04
5.086520957171163172e+04
5.095651272671848710e+04
5.091846974546562706e+04
5.044139125133363996e+04
5.071475445816186402e+04
5.073161042524005461e+04
5.051244383478128293e+04
5.038965279682975233e+04
5.055021368693796830e+04
5.051275598231976619e+04
5.072357262612406339e+04
5.053932754153330461e+04
5.057483432403596817e+04
5.055146227709190862e+04
5.053581588172534975e+04
5.052020850480109948e+04
5.044798536808413337e+04
5.026904679164761183e+04
5.025285413808870362e+04
5.027076360310928430e+04
5.033693888126809907e+04
5.042609602194787294e+04
5.037564517604023422e+04
5.034193324188386032e+04
5.038333180917543359e+04
5.033315409236396954e+04
5.045095076969973888e+04
5.039800274348422681e+04
5.034895656149977003e+04
5.036390062490473792e+04
5.029823258649596391e+04
5.013934948940710456e+04
5.017704130467916548e+04
5.034072367017222859e+04
5.054681908245693921e+04
5.047662490474012884e+04
5.056113885078494059e+04
5.070320499923791795e+04
5.093107270233196323e+04
5.081924584666971350e+04
5.080832068282274122e+04
5.096365310166132986e+04
5.081510989178479213e+04
5.079489833866788831e+04
5.060585398567291850e+04
5.070230757506477676e+04
5.069130437433318002e+04
5.060167901234568126e+04
5.092229355281207245e+04
5.080984240207285620e+04
5.067854534369760950e+04
5.064526261240664462e+04
5.079618594726413721e+04
5.072525041914342000e+04
5.065966041761926317e+04
5.062930406950160250e+04
5.064296052431032149e+04
5.067862338058222667e+04
5.068787075140984962e+04
5.076344947416552168e+04
5.070788721231519594e+04
5.058255997561347613e+04
5.052430544124371227e+04
5.058860783417162020e+04
5.065478311233043496e+04
5.057374180765126948e+04
5.050241609510745184e+04
5.046819692120103718e+04
5.025960432860844594e+04
5.055719798811156943e+04
5.041259564090839558e+04
5.057998475842097105e+04
5.063983904892546707e+04
5.065162261850327923e+04
5.046472427983539092e+04
5.069973235787227895e+04
5.032671604938271776e+04
5.015452766346593853e+04
5.040931809175430681e+04
5.039616887669562857e+04
5.035793080323121831e+04
5.022538515470202401e+04
5.029585246151501633e+04
5.023041853376010113e+04
5.021079225727785524e+04
5.029881786313062184e+04
5.042071147690901125e+04
5.023170614235635003e+04
5.029288705989940354e+04
5.046140771223898628e+04
5.022604846822130639e+04
5.028816582837981696e+04
5.021453802773967618e+04
5.040502606310013653e+04
5.020681237616216822e+04
5.024497241274196131e+04
5.024021216278006614e+04
5.021547447035512596e+04
5.019510684346898051e+04
4.989969821673525439e+04
5.023759792714525247e+04
5.014695808565767220e+04
5.013497942386830982e+04
5.016576497485139407e+04
5.005940070111263776e+04
5.014976741350403609e+04
5.004597835695777758e+04
5.015468373723518016e+04
5.020056942539247393e+04
5.028902423411065683e+04
5.030556805365035689e+04
5.026483279987806600e+04
5.037708885840573203e+04
5.011948910227099259e+04
5.020408108520042879e+04
5.003040999847584317e+04
5.018184057308336924e+04
5.009810699588477291e+04
4.997828135954884783e+04
5.004941197988111526e+04
4.992490413046791946e+04
5.025445389422344306e+04
5.028972656607224781e+04
5.004917786922724918e+04
5.001480262155159289e+04
4.981678402682518208e+04
4.984612589544276852e+04
4.990781405273586279e+04
4.981175064776711224e+04
4.967105014479500096e+04
5.005916659045877168e+04
4.990921871665904473e+04
5.011125621094345115e+04
5.012023045267489942e+04
5.017294436823655269e+04
5.027201219326322462e+04
5.056511873190062761e+04
5.039160371894528362e+04
5.043912818167962541e+04
5.057748757811309042e+04
5.043823075750647695e+04
5.022245877152872708e+04
5.089739978661789064e+04
5.085131900624904665e+04
5.059680170705685305e+04
5.059680170705685305e+04
4.330784453589392069e+04
4.451117329675354267e+04
4.555359000152415683e+04
4.681092028654168826e+04
4.794733241883858864e+04
4.913712178021643194e+04
5.016900350556317426e+04
5.093107270233196323e+04
5.200244109129705612e+04
5.297380521262002731e+04
5.378847126962353650e+04
5.425794116750495596e+04
5.452740253010211745e+04
5.496994970278920664e+04
5.482597165066300659e+04
5.523788934613626043e+04
5.534495595183660771e+04
5.522743240359701304e+04
5.530402560585276660e+04
5.516917786922724918e+04
5.524062063709799986e+04
5.523695290352080337e+04
5.515431184270690574e+04
5.489144459686023765e+04
5.494333912513336691e+04
5.472479682975156175e+04
5.467422892851699726e+04
5.449728029263831559e+04
5.425961896052431257e+04
5.406499497027892357e+04
5.385495869532083452e+04
5.377259076360311155e+04
5.344752812071330845e+04
5.329164944368236320e+04
5.322605944215820637e+04
5.311427160493827250e+04
5.290185520499923587e+04
5.292924615150129830e+04
5.279002834933699341e+04
5.258822496570644580e+04
5.258030422191738762e+04
5.213143606157597969e+04
5.229453315043438488e+04
5.173372107910379418e+04
5.195495564700503019e+04
5.181550373418685922e+04
5.175514220393232972e+04
5.152083645785703266e+04
5.159204511507392453e+04
5.148439323273891205e+04
5.123135863435451756e+04
5.123050022862368496e+04
5.118324889498551784e+04
5.110727998780673806e+04
5.089100076207895472e+04
5.081830940405425645e+04
5.049406614845297736e+04
5.043838683127571858e+04
5.074768602347202977e+04
5.063211339734796638e+04
5.069005578417923971e+04
5.066395244627343345e+04
5.038699954275263008e+04
5.037065081542448024e+04
5.033904587715287198e+04
5.027076360310928430e+04
5.018168449931412761e+04
5.038317573540618469e+04
5.015390336838896474e+04
5.018324523700655118e+04
5.018827861606462102e+04
5.028297637555250549e+04
5.018219173906416836e+04
5.033163237311385456e+04
5.017165675964029651e+04
5.018718609967992961e+04
5.023174516079865862e+04
5.039421795458009728e+04
5.012701966163694306e+04
5.021941533302850439e+04
5.020486145404663694e+04
4.978443773814967426e+04
5.022460478585581586e+04
5.029503307422649232e+04
5.007789544276786910e+04
5.048536503581771103e+04
5.034618625209571474e+04
5.030287578113092604e+04
5.050062124676116218e+04
5.035960859625057492e+04
5.022799939033683768e+04
5.032585764365188516e+04
5.033982624599908740e+04
5.040428471269623697e+04
5.052231550068587239e+04
5.029390153939948505e+04
5.031364487120865670e+04
5.030447553726565820e+04
5.036944124371284852e+04
5.025277610120408644e+04
5.018375247675659193e+04
5.014290016765736800e+04
5.027170004572473408e+04
5.001343697607071954e+04
5.008659655540314270e+04
4.998947965249199478e+04
4.999876604176192632e+04
5.023607620789513749e+04
5.019249260783417412e+04
5.027591403749428719e+04
5.011031976832800137e+04
5.037127511050144676e+04
5.023502270995275467e+04
5.032784758420972503e+04
5.020115470202713186e+04
5.020611004420057725e+04
5.010224295076970157e+04
4.995424599908550590e+04
5.009931656759640464e+04
4.993906782502667193e+04
5.019776009754610277e+04
5.015366925773509865e+04
5.016884743179393263e+04
4.984370675201951235e+04
4.975720286541686073e+04
4.992845480871818290e+04
4.986157719859777717e+04
4.964342508763907972e+04
4.962777869227252086e+04
5.011890382563633466e+04
4.939331687242798216e+04
4.970210882487425988e+04
4.996208870598993963e+04
4.988783661027282506e+04
4.979945983843925933e+04
5.011078798963572626e+04
4.979087578113092604e+04
4.984526748971193592e+04
4.975622740435909509e+04
4.982809937509526208e+04
4.989017771681146405e+04
4.953023258649596391e+04
4.963589452827312925e+04
4.984460417619265354e+04
4.991187197073616699e+04
4.991632007315957890e+04
4.975454961133973120e+04
4.998546075293400645e+04
4.991319859777473175e+04
4.973059228776101372e+04
4.955692120103642810e+04
4.964760006096631696e+04
4.977905319311080530e+04
4.974073708276177058e+04
4.972442737387593661e+04
4.951946349641822599e+04
4.958423411065386608e+04
4.955696021947873669e+04
4.971069288218259317e+04
4.968295076969973888e+04
4.971880871818320156e+04
4.948255204999238049e+04
4.974284407864655077e+04
4.945785337600975618e+04
4.942355616521871707e+04
4.939483859167809715e+04
4.940205700350556435e+04
4.927384240207285620e+04
4.917610120408474177e+04
4.944544551135497750e+04
4.925823502514860593e+04
4.945535619570187555e+04
4.922409388812680845e+04
4.928589910074683576e+04
4.934259289742417604e+04
4.950303673220545897e+04
4.934988934613626043e+04
4.924695869532083452e+04
4.919561042524005461e+04
4.917017040085353074e+04
4.922467916476146638e+04
4.926923822588020266e+04
4.951950251486054185e+04
4.948106934918457409e+04
4.982688980338363035e+04
4.984690626428898395e+04
4.997414540466392646e+04
4.982408047553726647e+04
4.991768571864045225e+04
4.978221368693796830e+04
4.991077945435146830e+04
4.967581039475689613e+04
4.974932114007011114e+04
4.949168236549306312e+04
5.005159701265051262e+04
4.993563420210334152e+04
5.009810699588477291e+04
5.020938759335467330e+04
4.977733638164914009e+04
4.978935406188081106e+04
4.978045785703398724e+04
4.969929949702788872e+04
4.995264624295076646e+04
4.987386800792562281e+04
5.001074470355128869e+04
5.019748696844992810e+04
4.995674317939338653e+04
5.013267733577198669e+04
5.017325651577503595e+04
5.033014967230604816e+04
5.012186922725194017e+04
5.024489437585733685e+04
5.009280048773052840e+04
4.999240603566529171e+04
4.999185977747294965e+04
4.983157201646090834e+04
4.979891358024690999e+04
4.990320987654320925e+04
4.994644231062338076e+04
4.979138302088096680e+04
5.010852491998171172e+04
5.003337540009144868e+04
4.981639384240207437e+04
4.963210973936899973e+04
4.954373296753543400e+04
4.971213656454808370e+04
4.984858405730834056e+04
4.946983203779911855e+04
4.952574546563023614e+04
4.963683097088858631e+04
4.966113946044810291e+04
4.957342600213381957e+04
4.966429995427526592e+04
4.963452888279225590e+04
4.961810211857948161e+04
4.965060448102423106e+04
4.978084804145709495e+04
4.977983356195702072e+04
4.973749855204999039e+04
4.970874196006706188e+04
4.969032525529644772e+04
4.977643895747599163e+04
4.975252065233958274e+04
4.975045267489711841e+04
4.994047248894985387e+04
4.995916232281664270e+04
4.996333729614387994e+04
4.982673372961438872e+04
4.997941289437585510e+04
4.984191190367322270e+04
4.996446883097088721e+04
4.997570614235635003e+04
4.983153299801859248e+04
4.987585794848346268e+04
5.002120164609053609e+04
4.981565249199816753e+04
4.990270263679316849e+04
4.998077853985672846e+04
5.023529583904892206e+04
4.993403444596860209e+04
4.998596799268403993e+04
5.011550922115531284e+04
4.992935223289132409e+04
4.964580521262002731e+04
4.985876787075141328e+04
4.945929705837524671e+04
4.975689071787837020e+04
4.978404755372656655e+04
4.991183295229385840e+04
4.992264106081389764e+04
4.971155128791342577e+04
4.951091845755220129e+04
4.970043103185490327e+04
4.975505685108977195e+04
4.957373814967230282e+04
4.981791556165218935e+04
4.965376497485139407e+04
4.957537692424935085e+04
4.986926383173296927e+04
4.987062947721384262e+04
4.993937997256515519e+04
5.011589940557842056e+04
5.003735528120713570e+04
5.006080536503581970e+04
5.021687913427830790e+04
5.025663892699283315e+04
5.022081999695168633e+04
5.027002225270537747e+04
5.016233135192805639e+04
5.011203657978966658e+04
5.024719646395366726e+04
5.013677427221459948e+04
5.038282456942539284e+04
5.004508093278463639e+04
4.998331473860691767e+04
4.996915104404816520e+04
5.009720957171163172e+04
5.004718792866940930e+04
4.997102392927907204e+04
4.971209754610577511e+04
4.980410303307422873e+04
4.968552598689224396e+04
4.966149062642889476e+04
4.983215729309556627e+04
4.993766316110348998e+04
4.964436153025453677e+04
4.965333577198597777e+04
4.964393232738912047e+04
4.952504313366864517e+04
4.959402773967383109e+04
4.960378235025148751e+04
4.940693430879439256e+04
4.942250266727632697e+04
4.947252431031854940e+04
4.958087852461515286e+04
4.954818106995884591e+04
4.948184971803078952e+04
4.929717543057460716e+04
4.928554793476604391e+04
4.957900563938423875e+04
4.936420911446426180e+04
4.938563023929279007e+04
4.941021185794848134e+04
4.939292668800487445e+04
4.947275842097241548e+04
4.936323365340649616e+04
4.915546044810242165e+04
4.928449443682365381e+04
4.926373662551440066e+04
4.936007315957933315e+04
4.945129827770157135e+04
4.949702789208962349e+04
4.947424112178021460e+04
4.952718914799573395e+04
4.964697576588934317e+04
4.975751501295534399e+04
4.944447005029721186e+04
4.934192958390489366e+04
4.934103215973174520e+04
4.937341746684956888e+04
4.961240542600213666e+04
4.957264563328761142e+04
4.952597957628410222e+04
4.953237860082304542e+04
4.956164243255601468e+04
4.947919646395366726e+04
4.960916689529034920e+04
4.951614692882182862e+04
4.932862429507696652e+04
4.938945404663923546e+04
4.944794269166285812e+04
4.930010181374790409e+04
4.939632129248590354e+04
4.950151501295534399e+04
4.927427160493827250e+04
4.951251821368694073e+04
4.957127998780673806e+04
4.951770766651425220e+04
4.942355616521871707e+04
4.940576375552506943e+04
4.949449169333942700e+04
4.947763572626124369e+04
4.941282609358329501e+04
4.918304648681603430e+04
4.931348513946044841e+04
4.938871269623532862e+04
4.942827739673830365e+04
4.947646517299192055e+04
4.939226337448559934e+04
4.941719615912208246e+04
4.957350403901844402e+04
4.942636549306508095e+04
4.950194421582076029e+04
4.948719524462734262e+04
4.926170766651425220e+04
4.937673403444596624e+04
4.951228410303307464e+04
4.972633927754915203e+04
5.002619600670629734e+04
4.999088431641518400e+04
4.999334247828074876e+04
5.008179728699893167e+04
4.995881115683585085e+04
5.019175125743026729e+04
5.051529218106995540e+04
5.038813107757963735e+04
5.030088584057308617e+04
5.041602926383173326e+04
5.052617832647462637e+04
5.037248468221307849e+04
5.045200426764212898e+04
5.052364212772442988e+04
4.214692882182593894e+04
4.326995762841030228e+04
4.465967748818777909e+04
4.573966895290352113e+04
4.694791403749428719e+04
4.813813260173753952e+04
4.905744612101813982e+04
5.031177198597774986e+04
5.138337448559670884e+04
5.180200335314738913e+04
5.271101600365797640e+04
5.328349458923944621e+04
5.386385490016765834e+04
5.428193750952598930e+04
5.460532235939643579e+04
5.464477000457247050e+04
5.475082213077275082e+04
5.501462581923487596e+04
5.504275811614083068e+04
5.487099893308946776e+04
5.483291693339429912e+04
5.482819570187471254e+04
5.481414906264289311e+04
5.430893827160493674e+04
5.403822831885383493e+04
5.416620880963267700e+04
5.391180856576741644e+04
5.380310318549001386e+04
5.363153909465020843e+04
5.339699923792104528e+04
5.322914189910074492e+04
5.284968754762993194e+04
5.267972321292485867e+04
5.234997835695777758e+04
5.234119920743789407e+04
5.236511751257430296e+04
5.216073891175125755e+04
5.195163907940862555e+04
5.202596921201036457e+04
5.175143545191281737e+04
5.169798018594726454e+04
5.135235482395976578e+04
5.132675872580399300e+04
5.131501417466849671e+04
5.107036854138088529e+04
5.096439445206523669e+04
5.062590946502057341e+04
5.051232677945434989e+04
5.041220545648529514e+04
5.054506325255296542e+04
5.036834872732814983e+04
5.034759091601889668e+04
5.018020179850632849e+04
5.002658619112939778e+04
4.979029050449626811e+04
4.971166834324035881e+04
4.963113427831123408e+04
4.931352415790275700e+04
4.934641670477061416e+04
4.943576893766193825e+04
4.941836671239140560e+04
4.960140222527053993e+04
4.949593537570492481e+04
4.919760036579789448e+04
4.930806157597927086e+04
4.923985733882030036e+04
4.912966925773509865e+04
4.917891053193110565e+04
4.890324523700655118e+04
4.894526809937509825e+04
4.898861758878219553e+04
4.894554122847127292e+04
4.907203901844230859e+04
4.903856119493979349e+04
4.885053132144490519e+04
4.882454503886602470e+04
4.895935375704923354e+04
4.867881115683585085e+04
4.868669288218259317e+04
4.861400152415790217e+04
4.873527084285931778e+04
4.853510623380582547e+04
4.871264014631915779e+04
4.878763359244017920e+04
4.879227678707514133e+04
4.867022709952751029e+04
5.209990916018899588e+04
5.204462002743484481e+04
5.197501112635269237e+04
5.202713976527968043e+04
5.208020484682213282e+04
5.193521231519585126e+04
5.182178570339886937e+04
5.178737143728090450e+04
5.189740344459685730e+04
5.195686755067825288e+04
5.206537783874409070e+04
5.192073647309861553e+04
5.199299862825789023e+04
5.202074074074073724e+04
5.196888523090992385e+04
5.197661088248742453e+04
5.190906995884773642e+04
5.206935771985977772e+04
5.184742081999695074e+04
5.194746410608138831e+04
5.194594238683127332e+04
5.215301326017375686e+04
5.216347020271300426e+04
5.202292577351013460e+04
5.232496753543667000e+04
5.223596646852613776e+04
5.197134339277548861e+04
5.203744063404968620e+04
5.234631062338058109e+04
5.205148727328151290e+04
5.200989361377838941e+04
5.192928151196464023e+04
5.207946349641822599e+04
5.182358055174515903e+04
5.174878219783569511e+04
5.170199908550526015e+04
5.175849778997104295e+04
5.185143971955494635e+04
5.168592348727328499e+04
5.152684529797286814e+04
5.167722237463801139e+04
5.151857338820301811e+04
5.125137509525987116e+04
5.134045419905502058e+04
5.137397104099984426e+04
5.138392074378905818e+04
5.152259228776101372e+04
5.140951684194482368e+04
5.183548117664990423e+04
5.152512848651120294e+04
5.146870781893004460e+04
5.187906477671086759e+04
5.160203383630543976e+04
5.175779545800945198e+04
5.163968663313519210e+04
5.184437738149672077e+04
5.165053376009754720e+04
5.132180338363054761e+04
5.178842493522328732e+04
5.165958603871361265e+04
5.160023898795915011e+04
5.157600853528425796e+04
5.158654351470812253e+04
5.139566529492455447e+04
5.188948270080780640e+04
5.151182319768328307e+04
5.127740039628105296e+04
5.144159000152415683e+04
5.143281085200426605e+04
5.133569394909312541e+04
5.133538180155464215e+04
5.124181557689376496e+04
5.140463953665599547e+04
5.135118427069044264e+04
5.149379667733576935e+04
5.123611888431641273e+04
5.148248132906568935e+04
5.150690687395213899e+04
5.149406980643194402e+04
5.148501752781587857e+04
5.125145313214448834e+04
5.132769516841945006e+04
5.133869836915104679e+04
5.161245176040237857e+04
5.126015424477976194e+04
5.136581618655692728e+04
5.160979850632525631e+04
5.148868526139308233e+04
5.159196707818930008e+04
5.153585855814662500e+04
5.146082609358329501e+04
5.152247523243408068e+04
5.146753726566072146e+04
5.140132296905959811e+04
5.137412711476909317e+04
5.179338027739673998e+04
5.216616247523243510e+04
5.228376406035665423e+04
5.255642493522328732e+04
5.236402499618960428e+04
5.260121810699588241e+04
5.271718091754306079e+04
5.268331290961743798e+04
5.287516659045877168e+04
5.296467489711934468e+04
5.303541533302850439e+04
5.290060661484529555e+04
5.296412863892699534e+04
5.299495320835238817e+04
5.311165736930345884e+04
5.331529461972260469e+04
5.306249413199207629e+04
5.325641579027587431e+04
5.312332388355433795e+04
5.324432007315957890e+04
5.311013565005334385e+04
5.304516994360616081e+04
5.303607864654777950e+04
5.300599542752629350e+04
5.304817436366407492e+04
5.322391342783112486e+04
5.308613930803231051e+04
5.319223045267489942e+04
5.309542569730224204e+04
5.299858192348727607e+04
5.309714250876390724e+04
5.304634049687547667e+04
5.319695168419448601e+04
5.309097759487883013e+04
5.304704282883706765e+04
5.306327450083828444e+04
5.313194695930498710e+04
5.299713824112177826e+04
5.294165401615607698e+04
5.281328334095411992e+04
5.291254625819234934e+04
5.301582807498856710e+04
5.289440268251790985e+04
5.299998658741045801e+04
5.297181527206218743e+04
5.296202164304222242e+04
5.293689376619417453e+04
5.261245541838134523e+04
5.248361652187166328e+04
5.297087882944673038e+04
5.308918274653254048e+04
5.297770705685108987e+04
5.302491937204694113e+04
5.306686419753086375e+04
5.314177960676726070e+04
5.325302118579484522e+04
5.306959548849261046e+04
5.336457491236092028e+04
5.335840999847584317e+04
5.332337143728090450e+04
5.316417619265356188e+04
5.326176131687242741e+04
5.328306538637402991e+04
5.314903703703703650e+04
5.324552964487121062e+04
5.304193141289437335e+04
5.316589300411522709e+04
5.311711995122694498e+04
5.326925285779606929e+04
5.320838408779149177e+04
5.299651394604481175e+04
5.306304039018442563e+04
5.303034293552811869e+04
5.296795244627343345e+04
5.296327023319616274e+04
5.287692242036275275e+04
5.323355098308184824e+04
5.298422313671696611e+04
5.292425179088553705e+04
5.282553513183965697e+04
5.264370919067215436e+04
5.260301295534217206e+04
5.262974058832495211e+04
5.253457460752934276e+04
5.224615028196921048e+04
5.254429019966468331e+04
5.229699131229995692e+04
5.229328456028044457e+04
5.236312757201646309e+04
5.232422618503277045e+04
5.222952842554488598e+04
5.218688126809937239e+04
5.219913305898490944e+04
5.229137265660722187e+04
5.223436671239140560e+04
5.224505776558451180e+04
5.201535619570187555e+04
5.247187197073616699e+04
5.228949977137631504e+04
5.238591434232586471e+04
5.248790855052583356e+04
5.255950739216582588e+04
5.262938942234415299e+04
5.271944398719707533e+04
5.277032403597012308e+04
5.272646730681298504e+04
5.284324950464868016e+04
5.277703520804755681e+04
5.263688096326779487e+04
5.276673433927755104e+04
5.288261911294009769e+04
5.276068648071939970e+04
5.294715561652187171e+04
5.276642219173906778e+04
5.269146776406035497e+04
5.287653223593964503e+04
5.271757110196616122e+04
5.267410455723213090e+04
5.259801859472641081e+04
5.271382533150434028e+04
5.257718274653254048e+04
5.248525529644871131e+04
5.258498643499466561e+04
5.261912757201646309e+04
5.277301630848956120e+04
5.271468373723518016e+04
5.267746014327084413e+04
5.280762566681908356e+04
5.288511629324797832e+04
5.271889772900472599e+04
5.286619234872733068e+04
5.271409846060051495e+04
5.256337021795457986e+04
5.249801432708428911e+04
5.288125346745923162e+04
5.269650114311842481e+04
5.265042036274958082e+04
5.234217466849565972e+04
5.265003017832647311e+04
5.257831428135954775e+04
5.248634781283340999e+04
5.246332693187014229e+04
5.253754000914494827e+04
5.241947020271300426e+04
5.243304862063709879e+04
5.251740649291266891e+04
5.221337479042828636e+04
5.242789818625209591e+04
5.252524919981710264e+04
5.249918488035360497e+04
5.265990184423106257e+04
5.245462581923487596e+04
5.246320987654320925e+04
5.245841060813900549e+04
5.245532815119646693e+04
5.237093126047858823e+04
5.244951440329218167e+04
5.216670873342478444e+04
5.229184087791495404e+04
5.221637921048620774e+04
5.231037463801250124e+04
5.240807681755829981e+04
5.230175156226185209e+04
5.254276848041456833e+04
5.210880536503581970e+04
5.231283279987806600e+04
5.240807681755829981e+04
5.221848620637098065e+04
5.206038347812833672e+04
5.200786465477823367e+04
5.194644962658131408e+04
5.199744673068130214e+04
5.184507971345831174e+04
5.200162170400853211e+04
5.199229629629629926e+04
5.225461728395061800e+04
5.225188599298887129e+04
5.213842036274958082e+04
5.218867611644566205e+04
5.220619539704313502e+04
5.210755677488187939e+04
5.227038073464410991e+04
5.211789666209419374e+04
5.218450114311842481e+04
5.238099801859472791e+04
5.245786434994665615e+04
5.221150190519737953e+04
5.246902362444749451e+04
5.242399634202103334e+04
5.237143850022862171e+04
5.231232556012803252e+04
5.247682731290961965e+04
5.240686724584666808e+04
5.222437799115988309e+04
5.226714220393232972e+04
5.197664990092973312e+04
5.215082822740435950e+04
5.235988904130467563e+04
5.240039018442310771e+04
5.248131443377534015e+04
5.242785916780978732e+04
5.267925499161713378e+04
5.258155281207132793e+04
5.276860722450845788e+04
5.278714098460600508e+04
5.288886206370979926e+04
5.271515195854290505e+04
5.260313001066910510e+04
5.268791708581009152e+04
5.261144093888127099e+04
5.246804816338972887e+04
5.246804816338972887e+04
4.277910562414266315e+04
4.394969791190366959e+04
4.589070934308794676e+04
4.664739399481785949e+04
4.781346014327084413e+04
4.904815973174820829e+04
5.010911019661636965e+04
5.091807956104252662e+04
5.210080658436213707e+04
5.270313427831123408e+04
5.366868465172992001e+04
5.399878067367779295e+04
5.437394299649443565e+04
5.471789056546258507e+04
5.502894558756287006e+04
5.506187715287303581e+04
5.525673525377229089e+04
5.533789361377838941e+04
5.528728669410150906e+04
5.536934247828074876e+04
5.522333546715440025e+04
5.510066148452979542e+04
5.511224996189605008e+04
5.499769181527206092e+04
5.471828074988568551e+04
5.432930589849108219e+04
5.414950891632372804e+04
5.423624691358024575e+04
5.388917786922724918e+04
5.369127632982777141e+04
5.341280170705685305e+04
5.320787684804145829e+04
5.305718762383783178e+04
5.276552476756591932e+04
5.287664929126657808e+04
5.277512330437433411e+04
5.261588904130467563e+04
5.260168632830361457e+04
5.238294894071025919e+04
5.222987959152568510e+04
5.212094010059442371e+04
5.205730102118579816e+04
5.200856698673982464e+04
5.195238042981252511e+04
5.182681908245693921e+04
5.176524798049077799e+04
5.156172778539856517e+04
5.165810333790580626e+04
5.144463344002438680e+04
5.124563938424021035e+04
5.118391220850480022e+04
5.118519981710104912e+04
5.117645968602347421e+04
5.089470751409845980e+04
5.086400000000000000e+04
5.082349885688157519e+04
5.057619996951684152e+04
5.048676969974089297e+04
5.072513336381649424e+04
5.064647218411827635e+04
5.060913153482700727e+04
5.059329004724889819e+04
5.066336716963877552e+04
5.075244627343392494e+04
5.074300381039475906e+04
5.054533638164914009e+04
5.039304740131077415e+04
5.028094741655235703e+04
5.020575887821978540e+04
5.015039170858100988e+04
5.019600426764212898e+04
5.005791800030483137e+04
5.022050784941319580e+04
5.001144703551287967e+04
4.986153818015546130e+04
4.980312757201646309e+04
4.990180521262002731e+04
4.987691144642585277e+04
4.959492516384697228e+04
4.971896479195244319e+04
4.956078402682518208e+04
4.944895717116293235e+04
4.961661941777168249e+04
4.977519036732205132e+04
4.971677975918305310e+04
5.010516933394299849e+04
4.972844627343392494e+04
5.000496997408931202e+04
5.006209297363206861e+04
5.000153635116598161e+04
5.000204359091602237e+04
4.997118000304831367e+04
4.991608596250571281e+04
4.998105166895290313e+04
4.974815058680079528e+04
4.991390092973632272e+04
5.010712025605852978e+04
5.019713580246913625e+04
5.007871483005639311e+04
5.006209297363206861e+04
5.001628532235939929e+04
5.009916049382716301e+04
5.013131169029111334e+04
4.989579637250419182e+04
5.000699893308946776e+04
4.989774729461972311e+04
4.979879652491998422e+04
4.998241731443377648e+04
5.003981344307270047e+04
4.985365645480871899e+04
4.999092333485749259e+04
4.996423472031702840e+04
5.000153635116598161e+04
4.985373449169333617e+04
4.984733546715440025e+04
4.986477671086724877e+04
4.975412040847431490e+04
4.975794421582076029e+04
4.981822770919067261e+04
4.992365554031397915e+04
4.981362353299801907e+04
4.941161652187166328e+04
4.960109007773205667e+04
4.963527023319616274e+04
4.951310349032159866e+04
4.967378143575674767e+04
4.956808047553726647e+04
4.973242615454961197e+04
4.967869775948788447e+04
4.944536747447035305e+04
4.927298399634202360e+04
4.957955189757658809e+04
4.977784362139917357e+04
4.975579820149367151e+04
4.979563603109282121e+04
4.959348148148148175e+04
4.981514525224813406e+04
4.977639993903368304e+04
4.968638439262307656e+04
4.965173601585124561e+04
4.977963846974546323e+04
4.975064776710867591e+04
4.992096326779454103e+04
4.990059564090839558e+04
4.977343453741807753e+04
4.988042310623380763e+04
4.996782441700960044e+04
5.010118945282731147e+04
4.974218076512726839e+04
4.989848864502362267e+04
4.969684133516232396e+04
4.991643712848651194e+04
4.981420880963267700e+04
4.988939734796524863e+04
4.964994116750495596e+04
4.982759213534522132e+04
4.982474378905654885e+04
5.001593415637860016e+04
4.987613107757963735e+04
4.987722359396433603e+04
4.991737357110196899e+04
4.986746898338667961e+04
4.991276939490931545e+04
4.980667825026672654e+04
4.980472732815119525e+04
4.960046578265508288e+04
4.984768663313519210e+04
4.969996281054717110e+04
4.985045694253924739e+04
4.997406736777930200e+04
4.985365645480871899e+04
4.977171772595641232e+04
4.963328029263831559e+04
4.964322999542752950e+04
4.969625605852766603e+04
4.976040237768632505e+04
4.959590062490473792e+04
4.936935954884925741e+04
4.937895808565767220e+04
4.937981649138850480e+04
4.967506904435299657e+04
4.952469196768785332e+04
4.995623593964334577e+04
5.008530894680688652e+04
5.019147812833409262e+04
5.013096052431032149e+04
5.018909800335314503e+04
5.027868434689833521e+04
5.039078433165675960e+04
5.032753543667124177e+04
5.024508946806889435e+04
