1.438499497027892176e+04
1.401435878677030996e+04
1.381138484987044649e+04
1.339451181222374726e+04
1.346334034445968609e+04
1.327714433775339057e+04
1.305013504039018517e+04
1.284524919981710082e+04
1.278075171467764085e+04
1.265963846974546504e+04
1.234355006858710476e+04
1.227866239902453890e+04
1.228861210181374736e+04
1.204759518366102748e+04
1.180376893766194189e+04
1.162623502514860593e+04
1.136071452522481377e+04
1.126699222679469676e+04
1.114068952903520767e+04
1.098504496265813214e+04
1.085121170553269258e+04
1.094626063100137253e+04
1.086498521566834279e+04
1.050160646242950679e+04
1.044491266575217196e+04
1.033640237768632869e+04
1.023358878219783583e+04
1.000790611187318973e+04
9.884295686633135119e+03
9.767201341258954926e+03
9.808209724127420486e+03
9.845082152110959214e+03
1.015785398567291486e+04
9.557477213839354590e+03
9.514673982624599375e+03
9.461803993293704480e+03
9.323756744398719093e+03
9.269052888279225954e+03
9.189767413504039723e+03
9.129015698826398875e+03
8.841761926535589737e+03
8.752565767413503636e+03
8.530823959762230515e+03
8.674138698369151825e+03
8.386416704770614160e+03
8.370341106538637177e+03
8.304946197226032382e+03
8.054916018899558367e+03
7.860916323731138618e+03
7.949878372199359546e+03
7.694853833257125189e+03
7.601365645480871535e+03
7.587397043133668376e+03
7.582870903825636560e+03
7.649631458619112891e+03
7.652362749580856871e+03
7.872231672001219522e+03
7.841407102575826684e+03
7.861111415942691565e+03
7.535970736168266740e+03
7.503117207742721803e+03
7.469756439567138841e+03
7.232134125895442594e+03
7.190267337296143523e+03
7.171460448102423470e+03
7.171187319006248799e+03
7.019639689071787870e+03
6.974495351318396388e+03
6.833794848346288745e+03
6.760869379667733483e+03
6.768868160341411567e+03
6.703941472336534389e+03
6.565504039018442199e+03
6.645140679774424825e+03
6.570576436518823357e+03
6.389257735101356047e+03
6.395617741197987925e+03
6.275167809785093596e+03
6.086435604328608861e+03
6.160180460295686316e+03
6.121435147081238028e+03
6.299827465325407502e+03
6.134233196159121690e+03
5.952953513183965697e+03
5.956699283645785727e+03
5.933132144490169594e+03
6.099272671848803839e+03
6.278094192958390522e+03
5.999346441091297493e+03
6.067628715134887898e+03
5.835312909617436162e+03
5.847642737387593115e+03
6.015968297515622908e+03
5.887831732967535572e+03
5.881822892851699180e+03
5.879715896966925357e+03
6.017021795458009365e+03
5.856070720926688409e+03
5.936877914951988714e+03
5.933093126047858277e+03
6.000868160341411567e+03
5.570065538789818675e+03
5.581068739521414500e+03
5.453478433165675597e+03
5.929191281816796618e+03
5.501627190976984821e+03
5.659846974546562706e+03
5.665270538027739349e+03
5.753374180765127676e+03
5.738391098917847557e+03
5.495813443072702285e+03
5.511186709343088296e+03
5.461672306050906627e+03
5.532100594421582173e+03
5.262795305593659577e+03
5.268609053497942114e+03
5.212890717878372016e+03
5.312855967078189678e+03
5.206647767108672269e+03
5.035551897576588999e+03
5.001644871208657605e+03
4.798007620789513567e+03
4.734875781130925134e+03
4.722623990245388995e+03
4.440598689224203554e+03
4.421089468068891620e+03
4.279413504039018335e+03
4.252490778844688066e+03
4.349256515775034131e+03
4.166377076665142340e+03
4.077102880658436334e+03
4.087676878524614949e+03
3.923565310166133258e+03
3.912874256973022511e+03
3.653947873799725585e+03
3.701979576284103132e+03
3.614890413046791764e+03
3.640174363664075372e+03
3.383393994817863131e+03
3.534239292790733089e+03
3.494986739826245866e+03
3.257637555250723835e+03
3.131022709952751029e+03
3.181278463648834077e+03
3.128681603414113852e+03
2.843339734796525136e+03
2.762376467001981382e+03
2.765732053040695064e+03
2.534508763907940647e+03
2.399973174820911481e+03
2.459827465325407502e+03
2.455379362901996501e+03
2.431539094650205698e+03
2.796790733119951256e+03
2.813646700198140479e+03
2.891215363511659689e+03
3.098481329065691170e+03
2.898160646242950861e+03
2.895273281511964797e+03
3.137460752934004176e+03
2.959614692882182680e+03
3.046196616369456024e+03
3.054390489254686599e+03
3.081820454199054893e+03
2.828317634506935065e+03
2.956844383478128293e+03
2.702951379362902117e+03
2.583281816796220028e+03
2.710911141594269338e+03
2.673531473860692131e+03
2.713213229690596108e+03
2.627684804145709677e+03
2.614964791952446376e+03
2.713954580094497942e+03
2.404265203475079943e+03
2.257672915714068040e+03
2.110534369760707250e+03
2.240114616674287390e+03
2.265281511964639321e+03
2.261027130010669225e+03
2.186464258497180253e+03
2.189897881420515205e+03
2.354045724737082764e+03
2.051226337448559661e+03
2.086850175278158986e+03
2.034331351928059803e+03
1.849032769394909337e+03
1.998979271452522426e+03
1.989262459990854950e+03
1.741145557079713399e+03
1.788005486968449986e+03
1.956913275415332919e+03
1.959215211095869563e+03
1.694830513641213201e+03
1.650193415637859971e+03
1.620381801554641015e+03
1.894171620179850606e+03
1.831235939643347137e+03
2.028705532693187024e+03
2.193982929431489083e+03
2.041579942081999661e+03
3.429285322359396559e+03
2.450095717116293144e+03
1.767014631915866403e+03
2.241743179393385162e+03
1.871113092516384768e+03
1.770875933546715487e+03
1.642584819387288462e+03
1.755696844993141212e+03
1.924448559670781833e+03
2.033895442767870691e+03
2.359144337753391028e+03
3.000128486511202482e+03
2.224415180612711538e+03
1.726861911294010042e+03
1.895457399786617998e+03
2.381190519737844625e+03
2.861187471422039380e+03
2.872031550068586967e+03
2.572295076969974161e+03
1.771341258954427758e+03
2.156682060661484684e+03
2.576083219021490549e+03
3.029392165828379802e+03
2.434645785703398815e+03
4.289158055174516448e+03
3.059435756744398532e+03
4.062696692577350859e+03
4.388614083219021268e+03
3.245782045419905444e+03
4.373161865569272777e+03
4.272340039628105842e+03
5.692665599756134725e+03
5.230772138393537716e+03
4.501919676878525024e+03
4.234842554488644964e+03
4.157432860844383868e+03
6.891760859625057492e+03
5.576664532845602480e+03
5.391056546258192611e+03
7.577224508459076787e+03
9.950836305441243894e+03
7.872357110196616304e+03
8.909451150739216246e+03
9.079880201188843785e+03
1.003620713305898425e+04
1.497957033988721196e+04
2.640118106995884955e+04
2.394766178936137658e+04
2.169087029416247606e+04
2.676533409541228320e+04
2.637492211553116795e+04
1.914265554031397551e+04
2.306464959609815560e+04
1.982816018899557821e+04
2.365405304069501653e+04
2.591802331961591335e+04
2.666029888736473004e+04
2.515772184118274527e+04
2.710412696235330077e+04
2.059002164304221878e+04
3.502146883097088721e+04
3.502146883097088721e+04
5.134656790123456449e+04
5.277682792257278197e+04
5.374393903368389147e+04
5.510072732815119525e+04
5.625489285169943469e+04
5.752076817558299081e+04
5.866841761926535401e+04
5.975071117207742645e+04
6.079663953665599547e+04
6.155328516994360689e+04
6.214867108672458562e+04
6.109949321749732917e+04
5.667417421124828252e+04
4.533278890413046611e+04
2.751802926383173326e+04
2.112269532083523882e+04
9.945414418533760909e+03
5.736563938424020307e+03
5.198585124218869169e+03
3.051904740131077688e+03
2.796456180460295855e+03
2.057265508306660649e+03
2.320558908702941608e+03
1.899359396433470465e+03
3.185151958542905049e+03
2.797705380277396671e+03
4.190250266727633061e+03
5.358560280445054559e+03
6.033333638164914191e+03
1.569285779606767210e+04
1.436406645328456034e+04
2.177261469288218359e+04
3.365330925163847132e+04
3.778646700198140752e+04
4.226633760097545746e+04
4.865043209876543551e+04
5.303022191739064147e+04
5.705740832190214860e+04
5.610931229995427566e+04
5.691327389117512212e+04
5.826582609358329501e+04
6.045569897881420184e+04
6.082941060813900549e+04
6.222683005639383919e+04
6.222432769394908973e+04
6.206813793629020074e+04
6.208799557994207862e+04
6.196742691662855941e+04
6.180429080932784564e+04
6.149339186099680228e+04
6.128686724584666808e+04
6.109805700350556435e+04
6.091002713001066877e+04
6.075691876238378609e+04
6.058789087029416260e+04
6.033130559365950467e+04
6.023668587105624465e+04
6.012747325102880859e+04
6.008182167352537363e+04
5.989687425697302388e+04
5.968492607834171940e+04
5.980362017985062994e+04
5.970810303307422873e+04
5.959030635573845211e+04
5.948956073769242357e+04
5.952272641365645541e+04
5.936142417314433987e+04
5.911326688004877360e+04
5.900748788294467522e+04
5.889480262155159289e+04
5.878133699131230242e+04
5.853684743179393263e+04
5.855538119189147983e+04
5.847188172534674231e+04
5.822563633592439874e+04
5.816457247370827827e+04
5.815606645328456216e+04
5.808314098460600508e+04
5.783841731443377648e+04
5.791977076665142522e+04
5.788918030787989846e+04
5.758947965249199478e+04
5.780357384545038803e+04
5.759974150281969196e+04
5.723850876390794292e+04
5.761975796372503828e+04
5.764160829141899012e+04
5.786073586343545321e+04
5.769202011888431298e+04
5.775565919829294580e+04
5.762888827922572818e+04
5.763290717878372379e+04
5.776478951379362843e+04
5.763872092668800178e+04
5.743438134430727223e+04
5.742981618655692728e+04
5.752896204846822366e+04
5.749123121475384687e+04
5.750402926383173326e+04
5.737889711934156367e+04
5.719777351013565203e+04
5.724658558146624273e+04
5.680239963420210552e+04
5.713429050449626811e+04
5.746309891784789215e+04
5.716788538332570897e+04
5.701629873494894127e+04
5.685757171162932354e+04
5.683002469135802676e+04
5.666372809023014997e+04
5.654897485139460332e+04
5.660594177716811100e+04
5.647764913885078568e+04
5.637401615607376880e+04
5.641619509221155022e+04
5.637128486511202209e+04
5.645884224965706380e+04
5.637659137326627388e+04
5.606783843926230475e+04
5.609355159274501057e+04
5.598219295839048573e+04
5.591554945892394608e+04
5.600501874714220321e+04
5.599510806279530516e+04
5.584336534064928856e+04
5.582799207437890436e+04
5.590255631763450947e+04
5.588476390794086183e+04
5.596795122694710881e+04
5.580013290656911704e+04
5.562216979119036841e+04
5.562470598994055763e+04
5.565958847736625466e+04
5.546465233958238241e+04
5.544299710409998806e+04
5.553125682060661347e+04
5.552954000914494827e+04
5.553441731443377648e+04
5.557125072397500480e+04
5.553566590458771680e+04
5.550827495808565436e+04
5.533753025453437294e+04
5.535091358024690999e+04
5.513689742417314119e+04
5.524283249504648848e+04
5.504044383478128293e+04
5.474004084743179556e+04
5.564905349794239009e+04
5.502081755829903705e+04
5.489010577655844827e+04
5.473594391098917549e+04
5.471120621856424259e+04
5.471144032921810867e+04
5.474764944368236320e+04
5.484597591830513556e+04
5.468678067367779295e+04
5.455770766651425220e+04
5.460234476451760565e+04
5.439894162475232588e+04
5.447576893766193825e+04
5.462044932174973655e+04
5.437424295076970157e+04
5.430615576893766411e+04
5.445645480871818290e+04
5.457171528730376303e+04
5.442691784788903897e+04
5.430877000457247050e+04
5.441876299344612198e+04
5.431852461515012692e+04
5.418410608139003307e+04
5.413572321292485867e+04
5.425976284103032958e+04
5.425141289437585510e+04
5.427942813595488406e+04
5.403236335924401646e+04
5.330564487120865670e+04
5.051231458619113255e+04
5.039330833714373148e+04
5.048172412741959852e+04
5.038835299497027881e+04
5.027496540161560551e+04
5.028191068434689805e+04
5.008720865721688460e+04
5.016267032464563090e+04
5.043782837982015189e+04
5.053791068434689805e+04
5.061540131077579281e+04
5.074591800030483137e+04
5.070611918914799753e+04
5.068407376924249547e+04
5.081107879896357190e+04
5.084299588477366342e+04
5.080764517604023422e+04
5.095802225270537747e+04
5.089563176345069223e+04
5.103340588324950659e+04
5.097741441853375727e+04
5.107589696692577127e+04
5.114035543362292083e+04
5.119630787989635428e+04
5.107601402225270431e+04
5.115545557079713763e+04
5.102708489559518057e+04
5.124582228318853595e+04
5.104195092211553128e+04
5.134032495046487020e+04
5.121082274043590587e+04
5.118807498856881284e+04
5.112357750342935469e+04
5.122467428745618236e+04
5.130497424173144100e+04
5.135480079256210593e+04
5.134707514098460524e+04
5.132175217192501441e+04
5.117157018747142138e+04
5.130645694253924739e+04
5.110145404663923546e+04
5.118023228166437912e+04
5.117441853376010113e+04
5.109450876390794292e+04
5.097261515012955351e+04
5.102224660874866822e+04
5.100890230147843249e+04
5.100488340192043688e+04
5.122057735101356229e+04
5.095501783264746336e+04
5.104070233196159097e+04
5.096235329980185634e+04
5.074330376467001770e+04
5.082703734186861402e+04
5.065250784941319580e+04
5.079305227861606545e+04
5.086792866941015382e+04
5.087639567139155406e+04
5.098240877914951852e+04
5.105330528882791987e+04
5.113005456485292234e+04
5.109919097698521364e+04
5.095197439414723340e+04
5.097366864807194361e+04
5.102774820911446295e+04
5.102880170705685305e+04
5.100148879743941507e+04
5.106372321292485867e+04
5.076183752476756490e+04
5.091958908702941699e+04
5.089625605852766603e+04
5.097643895747599163e+04
5.090121140070111142e+04
5.080557719859777717e+04
5.090370858100899204e+04
5.097948239597622160e+04
5.089500746837372571e+04
5.091810638622161059e+04
5.101303825636336114e+04
5.096687943910989270e+04
5.099895259868922585e+04
5.105611461667429103e+04
5.099809419295839325e+04
5.099711873190062761e+04
5.154466453284559975e+04
5.102852857796067838e+04
5.105759731748209015e+04
5.120598445358939352e+04
5.122705441243712994e+04
5.106001646090534632e+04
5.098381344307270047e+04
5.096340679774424643e+04
5.090546441091297311e+04
5.100027922572778334e+04
5.115401188843163982e+04
5.113356622466087720e+04
5.122420606614845019e+04
5.112884499314129062e+04
5.079496418228928815e+04
5.096044139612864092e+04
5.097085932022557245e+04
5.092185215668343153e+04
5.080265081542448024e+04
5.086683615302545513e+04
5.069386739826246048e+04
5.109649870446578279e+04
5.143252552964487404e+04
5.168068282274043304e+04
5.165376009754610277e+04
5.194027251943301235e+04
5.201975308641975425e+04
5.221320652339582739e+04
5.231399115988416452e+04
5.240982045419905626e+04
5.234220149367474369e+04
5.239600792562109564e+04
5.255516415180612967e+04
5.250728852309098875e+04
5.258107239750037843e+04
5.259074897119341767e+04
5.238757994208199671e+04
5.256706477671086759e+04
5.244575643956713611e+04
5.245874958085658000e+04
5.240182167352537363e+04
5.245949093126047956e+04
5.247583965858862939e+04
5.259301204084743222e+04
5.249589513793629158e+04
5.240654290504496021e+04
5.248598445358939352e+04
5.260108885840573203e+04
5.262941624752324424e+04
5.264830117360158329e+04
5.265165675964029651e+04
5.271919768327998463e+04
5.270682883706752182e+04
5.253826916628563049e+04
5.258353055936595047e+04
5.248629660112787678e+04
5.239565675964029651e+04
5.230833348574912088e+04
5.216966194177716534e+04
5.235632616979118757e+04
5.216962292333485675e+04
5.233771437280902319e+04
5.205182624599908740e+04
5.216817924096936622e+04
5.201366620941929432e+04
5.208265081542448024e+04
5.227099283645785908e+04
5.195357780826093222e+04
5.193570736168266740e+04
5.187784301173601852e+04
5.196356652949245472e+04
5.210894924554183672e+04
5.218214784331656847e+04
5.250358177107148367e+04
5.237661575979271583e+04
5.236998262459990656e+04
5.219650663008687843e+04
5.243194391098917549e+04
5.248157536960829020e+04
5.263082091144642618e+04
5.241426855662246817e+04
5.223427648224356381e+04
5.209544886450235936e+04
5.253218228928517055e+04
5.230583630544124026e+04
5.237189452827312925e+04
5.233989940557842056e+04
5.230275384849870170e+04
5.235597500381039572e+04
5.233186160646242934e+04
5.234481572930955736e+04
5.211402164304222242e+04
5.223810028959000192e+04
5.198186617893613584e+04
5.192915226337448257e+04
5.198424630391708342e+04
5.216868648071939970e+04
5.214180277396738529e+04
5.213485749123609276e+04
5.207796860234720225e+04
5.204971925011431449e+04
5.183351806127114833e+04
5.202146989788141946e+04
5.194741289437585510e+04
5.177128364578570472e+04
5.173663526901386649e+04
5.174170766651425220e+04
5.158875537265660387e+04
5.164669775948788447e+04
5.175852461515012692e+04
5.178505715592135675e+04
5.157560615759792563e+04
5.151048437738149369e+04
5.135312299954274931e+04
5.141196281054717110e+04
5.127219875019051688e+04
5.153608047553726647e+04
5.161528791342783370e+04
5.126115653101661155e+04
5.152784758420972503e+04
5.172727084285931778e+04
5.186527907331199822e+04
5.195587989635726262e+04
5.204074500838286622e+04
5.201932388355433795e+04
5.202701051668953005e+04
5.208366529492455447e+04
5.227403627495808905e+04
5.196079622008839942e+04
5.211448986434994731e+04
5.189957628410303005e+04
5.192997165066300659e+04
4.539941594269165944e+04
4.619968419448255008e+04
4.754866880048772873e+04
4.871329126657521556e+04
5.003835756744398532e+04
5.144114860539551592e+04
5.263366925773509865e+04
5.386700320073159673e+04
5.489954823959762143e+04
5.612269836915104679e+04
5.664765249199816753e+04
5.758928456028044457e+04
5.823683462886755296e+04
5.897361987501905242e+04
5.947414845297973079e+04
5.977166407559822983e+04
6.006945282731291081e+04
6.031920987654320925e+04
6.037141655235482176e+04
6.069230422191738762e+04
6.074521322969059838e+04
6.084018549001676729e+04
6.093835589087029075e+04
6.069456729157140944e+04
6.087682243560432835e+04
6.087022831885383493e+04
6.071587136107300466e+04
6.079937082761774218e+04
6.086804328608443757e+04
6.055335954884925741e+04
6.045483798201493482e+04
6.044438103947568743e+04
6.030715317786922969e+04
5.992188507849413145e+04
5.981567687852461677e+04
5.946977838744093606e+04
5.950040786465477868e+04
5.946521322969059838e+04
5.931038805060204322e+04
5.910675080018289736e+04
5.907986709343088296e+04
5.876803170248437527e+04
5.863451059289742261e+04
5.839411796982167289e+04
5.822294406340496789e+04
5.812836335924401646e+04
5.807666392318244471e+04
5.746727389117512212e+04
5.739001737540009344e+04
5.716062795305593318e+04
5.691801127876847750e+04
5.681246639231824520e+04
5.665479286694101756e+04
5.625239567139155406e+04
5.611419234872733068e+04
5.611013443072702648e+04
5.584000975461057533e+04
5.557952263374485483e+04
5.542969181527206092e+04
5.525028501752781449e+04
5.531685048010973696e+04
5.504754519128181710e+04
5.513397104099984426e+04
5.489154945892394608e+04
5.497118609967992961e+04
5.466910531931107835e+04
5.473992379210486251e+04
5.433803383630543976e+04
5.452922420362749835e+04
5.427958420972412569e+04
5.415601280292637966e+04
5.394156744398719457e+04
5.370929065691205324e+04
5.366800914494741301e+04
5.351755403139765258e+04
5.331555555555555475e+04
5.333568907178783411e+04
5.312218015546410606e+04
5.287566163694558782e+04
5.286497058375247434e+04
5.293376009754610277e+04
5.293200426764212898e+04
5.267577015698826290e+04
5.286009327846364613e+04
5.251860387136107602e+04
5.280445297972870321e+04
5.276422496570644580e+04
5.290566681908245664e+04
5.288151440329218167e+04
5.305354671543971926e+04
5.288643072702331847e+04
5.300055967078189133e+04
5.299349733272367303e+04
5.297028135954884783e+04
5.293992501143118716e+04
5.291729431489101989e+04
5.270776527968297160e+04
5.295326931870141561e+04
5.281284194482548628e+04
5.300469562566681998e+04
5.305733150434384879e+04
5.321750221002895705e+04
5.296641853376010113e+04
5.284635878677030996e+04
5.321719006249047379e+04
5.279278646547782409e+04
5.282407925621094182e+04
5.279157689376619237e+04
5.269079225727785524e+04
5.279883432403596817e+04
5.262906508154244511e+04
5.272680627953055955e+04
5.256862551440329116e+04
5.256039262307574973e+04
5.249612924859015038e+04
5.248754519128181710e+04
5.244134735558604007e+04
5.198869440634049533e+04
5.228874622770919086e+04
5.211960128029264160e+04
5.204644170096021844e+04
5.203161469288218359e+04
5.176652339582380955e+04
5.191690047248895280e+04
5.187561896052431257e+04
5.181537448559670884e+04
5.180917055326931586e+04
5.154392318244170019e+04
5.150357811309251701e+04
5.172520286541686073e+04
5.133146776406035497e+04
5.136830117360158329e+04
5.116723914037494251e+04
5.121550495351318386e+04
5.109060691967688035e+04
5.111214509983234166e+04
5.131351928059747297e+04
5.128995214144185593e+04
5.131605547934766219e+04
5.114269654016155982e+04
5.127114525224813406e+04
5.109411857948483521e+04
5.139592623075750453e+04
5.122576680384088104e+04
5.129845816186557204e+04
5.129958969669257931e+04
5.117316994360616081e+04
5.100511751257430296e+04
5.109700594421582355e+04
5.105603657978966658e+04
5.112595762841030228e+04
5.118881633897271968e+04
5.109232373113854555e+04
5.117746197226032382e+04
5.114577899710409838e+04
5.114410120408474177e+04
5.118222222222221899e+04
5.108249108367627196e+04
5.118846517299192055e+04
5.109017771681146405e+04
5.115849900929736032e+04
5.107769181527206092e+04
5.112084621246761526e+04
5.107882335009906819e+04
5.100726352690138447e+04
5.114987593354671844e+04
5.124781222374638310e+04
5.077170919067215436e+04
5.094573144337753183e+04
5.105073007163542206e+04
5.100952659655540629e+04
5.136787197073616699e+04
5.094787745770462061e+04
5.094112726718487829e+04
5.099454351470812253e+04
5.091580429812528746e+04
5.085165797896662116e+04
5.081006431946349767e+04
5.085052644413961389e+04
5.090718122237463831e+04
5.068731229995427566e+04
5.073429050449626811e+04
5.077194330132602045e+04
5.082297942386830982e+04
5.092985093735710689e+04
5.090343545191281737e+04
5.116801950922115793e+04
5.106860051821368688e+04
5.094573144337753183e+04
5.099142203932327538e+04
5.093995671391556243e+04
5.087214266117969964e+04
5.082684224965706380e+04
5.105186160646242934e+04
5.075426794695930585e+04
5.085333577198597777e+04
5.087604450541076221e+04
5.127110623380582547e+04
5.101073616826703073e+04
5.089801188843163982e+04
5.066234049687547667e+04
5.097074226489864668e+04
5.082664715744551359e+04
5.082258923944520939e+04
5.065211766499009536e+04
5.057037402834933891e+04
5.072457491236092028e+04
5.076222770919067261e+04
5.056206310013717302e+04
5.077803017832647311e+04
5.077728882792257355e+04
5.082500838286846556e+04
5.074158695320835250e+04
5.070428532235939929e+04
5.085872031702484674e+04
5.080877671086724877e+04
5.075945739978661732e+04
5.069714494741654926e+04
5.063514464258497173e+04
5.054173449169333617e+04
5.058051882335009577e+04
5.068348849260783754e+04
5.060697332723670115e+04
5.053248712086572050e+04
5.048781100442005845e+04
5.059417527815881476e+04
5.062324401768023381e+04
5.061036793171772297e+04
5.033080079256210593e+04
5.038792379210486251e+04
5.035241700960219168e+04
5.019579698216735414e+04
5.023536168267032190e+04
5.062991617131535168e+04
5.057774851394604775e+04
5.055706873952141177e+04
5.069351623228166136e+04
5.059877945435146830e+04
5.058617649748513941e+04
5.050224782807498559e+04
5.055347904282883974e+04
5.069780826093583164e+04
5.049616095107453293e+04
5.043236579789665848e+04
5.061423075750647695e+04
5.059534583142813790e+04
5.058496692577350768e+04
5.057365157750342769e+04
5.051262673372961581e+04
5.049893126047858823e+04
5.036107910379515670e+04
5.052651729919219360e+04
5.054368541380886745e+04
5.028983142813595623e+04
5.039970736168266740e+04
5.050845176040237857e+04
5.047731504343850247e+04
5.060560768175582780e+04
5.069492089620484330e+04
5.047458375247675576e+04
5.050841274196006998e+04
5.053662307575064915e+04
5.036127419600670692e+04
5.048067062947721570e+04
5.043119524462734262e+04
5.037336991312300233e+04
5.049331260478585318e+04
5.047438866026520554e+04
5.044887059899405722e+04
5.053970553269318771e+04
5.040634049687547667e+04
5.036490291114159481e+04
5.052819509221155022e+04
5.060467123914037802e+04
5.035327541533303156e+04
5.049303947568967851e+04
5.055476665142508864e+04
5.031819783569577703e+04
5.034231123304374341e+04
5.027250723975004075e+04
5.030805304069501290e+04
5.053069227251943084e+04
5.059292668800487445e+04
5.064599176954732684e+04
5.088345800944977964e+04
5.085868129858253087e+04
5.078481938728852401e+04
5.100859015393994923e+04
5.086051516537112911e+04
5.095216948635878362e+04
5.113629751562261663e+04
5.109318213686937816e+04
5.085579393385154981e+04
5.104374577046182094e+04
5.099786008230452717e+04
5.098970522786160291e+04
5.109095808565767220e+04
5.107008321902149328e+04
5.094233683889651002e+04
5.089442219173906778e+04
5.082184788904130255e+04
5.085037037037037226e+04
5.086219295839048573e+04
5.075902819692120102e+04
5.088853040695015807e+04
5.090242097241274314e+04
5.093344063404968620e+04
5.101834476451760565e+04
5.097952141441853018e+04
5.097253711324492906e+04
5.098435970126504981e+04
5.101471604938271776e+04
5.112104130467916548e+04
5.093878616064624657e+04
5.112139247065995733e+04
5.102556317634507286e+04
5.116419570187471254e+04
5.099817222984301043e+04
5.089559274500838364e+04
5.103176710867245856e+04
5.112603566529492673e+04
5.111456424325559783e+04
5.098861271147691150e+04
5.097757049230300618e+04
5.116552232891327731e+04
5.129486846517299273e+04
5.098404755372656655e+04
5.088923273891174904e+04
5.084205944215820637e+04
5.080148026215515711e+04
5.095884163999390148e+04
5.099547995732357958e+04
5.095396433470507327e+04
5.115108550525834289e+04
5.128909373571101605e+04
5.107991586648376688e+04
5.104257521719249780e+04
5.126107849413199438e+04
5.123411675049534824e+04
5.114827617741197901e+04
5.115900624904740107e+04
5.094783843926230475e+04
5.097620484682213282e+04
5.092747081237615930e+04
5.072410669105319539e+04
5.060978265508306504e+04
5.050158451455571048e+04
5.042846395366560319e+04
5.033286877000457025e+04
5.029662063709799986e+04
5.009489529035208398e+04
5.016555768937661924e+04
5.016029019966468331e+04
5.019919158664837596e+04
5.012486145404663694e+04
4.965070934308794676e+04
4.760220210333790601e+04
4.582089315653101949e+04
4.460168388965096528e+04
4.377113732662703842e+04
4.344314830056393839e+04
4.354287943910989270e+04
4.368990092973632272e+04
4.412589300411522709e+04
4.441525377229080914e+04
4.513135924401767988e+04
4.594828837067520362e+04
4.687306447187929007e+04
4.754730315500685538e+04
4.866241121780216781e+04
4.942186617893613584e+04
5.054407559823197516e+04
5.170062124676116218e+04
5.305830696540161443e+04
5.400981069958848093e+04
5.477980064014632080e+04
5.593775095259868976e+04
5.694204663923182670e+04
5.775737600975461100e+04
5.899511903673220513e+04
5.996695137936290121e+04
6.081700716354214092e+04
6.169430056393842096e+04
5.738764349946654693e+04
5.069204008535284083e+04
2.654184255448864496e+04
7.078776863283035709e+03
7.078776863283035709e+03
3.565640603566529171e+04
3.772052065233958274e+04
3.993298338667886128e+04
4.301040695016003883e+04
4.569097393689986347e+04
4.760697454656302580e+04
4.966925529644871131e+04
5.125660356652949122e+04
5.227787227556775179e+04
5.364219112940100604e+04
5.499753574150281929e+04
5.580584179240969388e+04
5.630812620027434605e+04
5.682945160798658617e+04
5.696839628105471638e+04
5.736759396433470829e+04
5.767107940862673422e+04
5.799212315195854171e+04
5.800289224203627236e+04
5.814780673677792947e+04
5.805424051211705228e+04
5.829861301630848902e+04
5.835987197073616699e+04
5.807819783569577703e+04
5.812072793781435757e+04
5.801760219478738145e+04
5.790105410760554514e+04
5.771060509068739339e+04
5.786324523700655118e+04
5.774837494284407876e+04
5.801787532388355612e+04
5.785462216125590930e+04
5.782477305288828211e+04
5.766003718945282890e+04
5.775348635878677305e+04
5.750755311690291273e+04
5.739900381039475906e+04
5.723344855967078183e+04
5.718658741045572242e+04
5.687760036579789448e+04
5.694303429355280969e+04
5.694303429355280969e+04
4.276018167962200823e+04
4.524273007163542206e+04
4.690050663008687843e+04
4.909931290961743798e+04
5.093630117360158329e+04
5.287992684042066685e+04
5.421915683584819635e+04
5.554855418381344498e+04
5.628061819844535785e+04
5.683745038866026880e+04
5.739966712391403416e+04
5.743279378143575741e+04
5.767494223441548820e+04
5.795353391251333960e+04
5.792068038408779103e+04
5.781049230300258932e+04
5.769062764822435565e+04
5.773393811918915162e+04
5.731273403444596624e+04
5.714745191281817097e+04
5.689398811156836018e+04
5.645436732205456792e+04
5.624078036884621542e+04
5.619469958847736416e+04
5.591380582228318963e+04
5.554820301783264586e+04
5.505602438652644196e+04
5.470208809632677730e+04
5.434666910531931353e+04
5.381277975918305310e+04
5.338747873799725494e+04
5.340476390794086183e+04
5.349275049535131984e+04
5.325512818167962541e+04
5.302687029416247242e+04
5.312593811918915162e+04
5.278924798049077799e+04
5.247296448712086567e+04
5.237366255144032766e+04
5.196088645023624122e+04
5.181601097393689997e+04
5.188128882792257355e+04
5.163157079713458370e+04
5.126031031854900357e+04
5.153648285322359152e+04
5.141938850784941314e+04
5.140565401615607698e+04
5.161510501447950082e+04
5.169552202408169251e+04
5.158982106386221858e+04
5.180227648224356381e+04
5.168908398110044072e+04
5.196533455265965313e+04
5.168042188690748299e+04
5.172057186404511594e+04
5.169372717573540285e+04
5.178471818320378225e+04
5.176161926535589009e+04
5.193181771071482945e+04
5.170933455265965313e+04
5.183899283645785908e+04
5.174511446425849863e+04
5.165638652644414105e+04
5.123366072245084797e+04
5.132703185490016767e+04
5.132804633440024190e+04
5.129612924859015038e+04
5.110958207590306120e+04
5.106213565005334385e+04
5.105561957018747489e+04
5.091113427831123408e+04
5.108230818472793908e+04
5.104231428135954775e+04
5.097391495198902703e+04
5.106592043895747338e+04
5.094917725956409413e+04
5.130444017680231627e+04
5.112304343850022997e+04
5.104836213991769910e+04
5.111890748361530132e+04
5.110751409846060415e+04
5.122558390489254816e+04
5.119702240512116987e+04
5.118590214906264009e+04
5.124587349489406915e+04
5.125227251943301235e+04
5.110548513946044841e+04
5.130268434689833521e+04
5.114867855509831134e+04
5.111976588934613392e+04
5.107860143270842673e+04
5.128329218106995540e+04
5.108063039170858247e+04
5.115819905502210167e+04
5.099400944977899780e+04
5.105495625666819251e+04
5.120193872885230667e+04
5.121715592135344923e+04
5.144244840725498943e+04
5.104239231824417220e+04
5.111957079713458370e+04
5.135711507392166095e+04
5.114516689529034920e+04
5.104918152720621583e+04
5.108843408017070760e+04
5.092596128638926893e+04
5.105632190214906586e+04
5.099147325102880859e+04
5.080816460905349959e+04
5.094812376162170403e+04
5.103454961133973120e+04
5.088054381953970733e+04
5.080278006401463063e+04
5.090805182136869553e+04
5.054026398414875439e+04
5.071054046639231819e+04
5.112639902453894319e+04
5.102557536960829020e+04
5.092494680688919470e+04
5.074187227556775179e+04
5.091355342173449026e+04
5.069157750342935469e+04
5.070078585581466177e+04
5.087223289132754144e+04
5.090375979271452525e+04
5.094348056698674191e+04
5.096412132296906202e+04
5.088276787075141328e+04
5.056730376467001770e+04
5.077527206218564243e+04
5.054615576893766411e+04
5.050542051516537322e+04
5.044505898491083644e+04
5.068272031702484674e+04
5.058072610882487788e+04
5.049160798658741260e+04
5.064342874561804638e+04
5.059855753696082684e+04
5.047014784331656847e+04
5.036756835848194169e+04
5.033128120713305543e+04
5.017786069196768949e+04
5.037029964944368112e+04
5.041759000152415683e+04
5.045102880658436334e+04
5.069153848498704610e+04
5.095928303612254240e+04
5.068537357110196899e+04
5.052996311537875590e+04
5.048005852766346652e+04
5.053601097393689997e+04
5.057670720926688227e+04
5.062750922115531284e+04
5.090426703246456600e+04
5.086895534217345266e+04
5.071846121018137637e+04
5.047182563633592508e+04
5.050666910531931353e+04
5.035461423563481367e+04
5.047795153177869361e+04
5.046593385154702264e+04
5.051576040237768757e+04
5.042445724737082492e+04
5.067862338058222667e+04
5.025886297820453910e+04
5.025706812985825673e+04
5.039804176192653540e+04
5.070203444596860209e+04
5.055914891022710071e+04
5.062317817405883397e+04
5.072868404206675768e+04
5.061779362901996501e+04
5.075150983081847517e+04
5.066524005486968235e+04
5.069899100746837212e+04
5.062708001828989654e+04
5.084925102880658233e+04
5.072669410150891781e+04
5.087984148757811636e+04
5.073098613016308809e+04
5.066629355281207245e+04
5.070398536808413337e+04
5.074401828989483329e+04
5.084995336076817330e+04
5.092853650358177401e+04
5.095050388660265162e+04
5.064619905502210167e+04
5.061572565157750068e+04
5.062641670477061416e+04
5.052762200884011691e+04
5.037806431946349767e+04
5.011067093430879322e+04
5.018133333333333576e+04
5.007602255753696227e+04
5.024762566681908356e+04
5.014336838896510017e+04
5.017290534979423683e+04
5.000906691053193208e+04
5.020704648681603430e+04
5.028562962962962774e+04
5.049554884926078375e+04
5.054198079561042687e+04
5.043105136412132561e+04
5.044486389269928623e+04
5.021777655845145637e+04
5.025219082456942851e+04
5.050912726718487829e+04
5.047709312604786101e+04
5.047198171010516671e+04
5.040728913275415107e+04
5.039964151806126756e+04
5.059953299801859248e+04
5.028984362139917357e+04
5.050105044962657848e+04
5.052746593507087528e+04
5.051076604176192632e+04
5.052044261545495829e+04
5.027349489407102374e+04
5.004024264593811677e+04
5.028461515012955351e+04
5.033998231976832903e+04
5.029682792257278197e+04
5.047385459533607354e+04
5.034876146928821981e+04
5.017364670019814366e+04
5.033701691815272352e+04
5.042106264288980310e+04
5.031173296753543400e+04
5.038973083371436951e+04
5.061467215363511787e+04
5.044342021033378842e+04
5.045024843773814791e+04
5.047931717725956696e+04
5.025063008687699767e+04
5.020427617741197901e+04
5.007153543667124177e+04
5.016802804450540862e+04
5.005830818472793908e+04
4.992256302392928046e+04
4.983664441396128677e+04
4.977792165828379802e+04
4.976594299649443565e+04
4.966074927602499520e+04
4.993930193568053801e+04
5.034774698978814558e+04
5.050655204999238049e+04
5.056531382411217783e+04
5.079517146776406298e+04
5.099654564852918702e+04
5.106990032007316040e+04
5.112561865569272777e+04
5.119803688462124410e+04
5.129671452522481559e+04
5.134622892851699726e+04
5.119257430269775796e+04
5.152867916476146638e+04
5.128910592897424067e+04
5.147264868160341575e+04
5.151080871818320156e+04
5.142512421886907396e+04
5.151322786160646501e+04
5.176649657064471830e+04
5.151611522633744607e+04
5.150089803383630351e+04
5.144966681908245664e+04
5.154783721993598738e+04
5.164721719250114256e+04
5.163336564548087335e+04
5.172626855662246817e+04
5.164725621094345115e+04
5.168377747294619621e+04
5.182759945130315464e+04
5.191039658588630118e+04
5.161584636488340038e+04
5.182834080170705420e+04
5.182615576893766411e+04
5.177995793324188708e+04
5.173196524919982039e+04
5.195128791342783370e+04
5.165864959609815560e+04
5.155029538180155214e+04
5.176013656454808370e+04
5.154900777320530324e+04
5.157889590001523902e+04
5.156867306812985771e+04
5.154959304983996117e+04
5.133487456180460140e+04
5.132835848193873244e+04
5.123728943758573587e+04
5.127431793933851441e+04
5.128594543514707766e+04
5.119472031702484674e+04
5.101617192501143290e+04
5.127334247828074876e+04
5.132777320530406723e+04
5.140038652644414105e+04
5.139742112482853554e+04
5.166360493827160826e+04
5.155376802316719841e+04
5.162193324188386032e+04
5.152204602956866438e+04
5.152945953360768181e+04
5.191012345679012651e+04
5.151623228166437912e+04
5.138376467001981655e+04
5.125320896204846940e+04
5.150261484529797599e+04
5.123280231672001537e+04
5.139238774577045842e+04
5.134345861911294196e+04
5.115617009602194594e+04
5.134763359244017920e+04
5.119569577808261238e+04
5.121352720621856133e+04
5.107157811309251701e+04
5.134825788751714572e+04
5.106217466849565972e+04
5.108581984453589394e+04
5.090457918000304926e+04
5.096099984758420760e+04
5.103088187776253471e+04
5.087328638926993153e+04
5.102440481633897434e+04
5.104750373418685922e+04
5.103907575064776756e+04
5.113872885230909742e+04
5.085202133821063762e+04
5.098187471422039380e+04
5.109151653711324616e+04
5.091527023319616274e+04
5.099350221002895705e+04
5.102619966468526400e+04
5.095229873494894127e+04
5.085771803078798985e+04
5.083770156988263625e+04
5.106229172382258548e+04
5.075014418533760181e+04
5.085276268861453718e+04
5.098261606462429336e+04
5.070979911598841863e+04
5.071549580856577086e+04
5.095662978204542014e+04
5.091035390946501866e+04
5.111336686480719072e+04
5.122094071025758603e+04
5.124037189452827442e+04
5.125917878372199630e+04
5.165225057155921240e+04
5.141767169638774794e+04
5.123069532083523518e+04
5.141236518823350343e+04
5.146738119189147983e+04
5.130970766651425220e+04
5.112596982167352689e+04
5.146874683737235318e+04
5.122858832495046227e+04
5.147994513031550014e+04
5.151135497637555090e+04
5.146223075750647695e+04
5.131282914189909934e+04
5.130483036122542399e+04
5.123327053802774026e+04
5.110244170096021844e+04
5.130112360920591163e+04
5.130553269318701496e+04
5.124755128791342577e+04
5.125316994360616081e+04
5.115940862673372612e+04
5.104695747599450988e+04
5.098078219783569511e+04
5.073508306660570088e+04
5.086126870903825329e+04
5.078826520347507903e+04
5.077406249047401070e+04
5.061229202865417028e+04
5.085241152263374534e+04
5.081464167047705996e+04
5.077905685108977195e+04
5.094820179850632849e+04
5.082213321140070184e+04
5.064346776406035497e+04
5.063585916780978732e+04
5.073999939033683768e+04
5.083091236092059262e+04
5.075541167504953773e+04
5.072618686175887706e+04
5.079954153330285044e+04
5.088366529492455447e+04
5.095752720621856133e+04
5.086462429507696652e+04
5.091121231519585126e+04
5.104297759487883013e+04
4.809017893613778142e+04
4.977007895137936430e+04
5.201949215058680420e+04
5.405633287608596584e+04
5.605317969821673614e+04
5.778325743026977580e+04
5.960662825788751798e+04
6.045251287913427950e+04
5.877199207437890436e+04
5.643483203779911855e+04
5.542037677183355845e+04
5.078252751105014613e+04
4.941858451455571048e+04
4.450632129248590354e+04
4.511644231062338076e+04
4.450120850480109948e+04
4.701426947111720801e+04
4.941776314586191438e+04
5.642945846669714956e+04
5.397531473860691767e+04
5.950749169333942700e+04
6.070424066453284468e+04
6.137740755982320115e+04
6.157070233196159097e+04
6.077563283036122448e+04
6.099986648376772064e+04
6.099373403444596624e+04
6.062906752019509440e+04
6.010871757354061992e+04
5.980870477061423298e+04
5.931672123151958658e+04
5.923610912970583740e+04
5.910703612254229665e+04
5.868068160341411567e+04
5.820219844535893935e+04
5.779191952446273353e+04
5.785536351165980886e+04
5.747567504953512980e+04
5.738472306050906627e+04
5.721823136716963927e+04
5.714475964029873285e+04
5.705669501600365766e+04
5.685516476146928471e+04
5.678325377229080914e+04
5.654590458771528938e+04
5.644851455570797407e+04
5.633255174516079569e+04
5.651492394452065491e+04
5.642631306203322310e+04
5.650271117207742645e+04
5.656771589696692536e+04
5.639310836762688268e+04
5.605598902606310003e+04
5.610218686175887706e+04
5.615248163389727415e+04
5.621342844078646885e+04
5.612048651120255818e+04
5.590370004572473408e+04
5.607264990092973312e+04
5.600823045267489942e+04
5.610530833714373148e+04
5.595563359244017920e+04
5.615283279987806600e+04
5.628678311233043496e+04
5.631152080475537514e+04
5.621299923792104528e+04
5.631198902606310003e+04
5.613215302545343729e+04
5.602641304679164750e+04
5.596753421734491712e+04
5.596542722146014421e+04
5.575913671696387610e+04
5.584919128181679844e+04
5.624007803688462445e+04
5.599211583600060840e+04
5.609848010973937198e+04
5.595044413961286045e+04
5.611038073464410991e+04
5.595216095107453293e+04
5.614662886755068030e+04
5.600748910227099259e+04
5.606254412437128485e+04
5.603386556927297352e+04
5.590448041457094951e+04
5.581348940710257739e+04
5.605376497485139407e+04
5.597206035665294621e+04
5.601556591982929240e+04
5.589523304374333384e+04
5.577626581313824136e+04
5.596733912513336691e+04
5.597014845297973079e+04
5.593140313976527978e+04
5.598302453894223436e+04
5.607729309556470253e+04
5.587353878981862363e+04
5.587088553574150137e+04
5.602571071483005653e+04
5.587299253162627429e+04
5.620457125438195362e+04
5.614186861758878513e+04
5.625123731138546282e+04
5.617807773205303965e+04
5.620492242036275275e+04
5.638799695168419566e+04
5.634925163846974465e+04
5.618108215211096103e+04
5.622915287303764489e+04
5.627195610425240011e+04
5.637890565462582163e+04
5.623968785246151674e+04
5.632630879439110140e+04
5.636349336991312157e+04
5.617448803536046034e+04
5.573400884011583548e+04
5.593003749428440642e+04
5.595590672153635387e+04
5.585203962810547091e+04
5.564036457857034111e+04
5.567591037951532053e+04
5.580002804450540862e+04
5.579105380277396762e+04
5.599449596098155598e+04
5.591747355586038611e+04
5.611490687395213899e+04
5.607815150129553513e+04
5.580763664075598354e+04
5.581497210791037651e+04
5.587353878981862363e+04
5.591829294314891013e+04
5.591770766651425220e+04
5.577119341563786293e+04
5.560142417314433987e+04
5.557087273281512171e+04
5.569557567443987500e+04
5.576315561652187171e+04
5.557309678402682766e+04
5.547836000609663461e+04
5.551413991769547283e+04
5.544503825636336114e+04
5.552030483158054994e+04
5.560634049687547667e+04
5.556993629019966465e+04
5.544511629324797832e+04
5.539852827312909358e+04
5.539435329980185634e+04
5.543883432403596817e+04
5.556642463039170980e+04
5.561999695168419566e+04
5.549950800182898820e+04
5.557898856881573010e+04
5.577470507544581778e+04
5.575425941167504789e+04
5.567189147995732492e+04
5.579952080475537514e+04
5.572105471726870746e+04
5.579327785398567357e+04
5.568667946959305118e+04
5.583514464258497173e+04
5.570579850632525631e+04
5.574532418838591548e+04
5.578543514708123985e+04
5.581840573083371419e+04
5.590709465020576317e+04
5.587190001524157560e+04
5.620047431793934084e+04
5.600635756744398532e+04
5.609278341716201976e+04
5.603008078036884399e+04
5.588079622008839942e+04
5.586546197226032382e+04
5.610963938424021035e+04
5.608700868770004308e+04
5.613624996189605008e+04
5.607155738454504171e+04
5.605680841335162404e+04
5.629684987044657464e+04
5.594872732815119525e+04
5.612715866483767604e+04
5.601650236244474945e+04
5.584392379210486251e+04
5.570057003505562898e+04
5.573252613930802909e+04
5.548936320682822407e+04
5.555620179850632849e+04
5.544023898795915011e+04
5.537320530406950274e+04
5.513987501905197132e+04
5.505500990702636773e+04
5.520788416399939160e+04
5.514814692882182862e+04
5.494712391403749643e+04
5.517908855357414723e+04
5.488527968297515326e+04
5.502543392775491520e+04
5.507721140070111142e+04
5.514916140832190285e+04
5.534573632068282313e+04
5.533434293552811869e+04
5.534316110349031806e+04
5.532778783721993386e+04
5.532517360158512747e+04
5.538713488797439641e+04
5.534686785550983041e+04
5.533824477975918126e+04
5.524842432556012500e+04
5.513573906416704995e+04
5.554012620027434605e+04
5.586027251943301235e+04
5.572991190367322270e+04
5.575792714525225165e+04
5.577938728852308850e+04
5.559927815881725110e+04
5.537823868312757259e+04
5.538783721993598738e+04
5.533836183508611430e+04
5.521350281969211937e+04
5.521248834019204514e+04
5.532852918762384070e+04
5.519859777472946007e+04
5.530948818777625274e+04
5.536138271604938200e+04
5.530972229843011883e+04
5.524417131534827058e+04
5.552217771681146405e+04
5.546220637098003499e+04
5.538853955189757835e+04
5.524846334400244086e+04
5.525700838286846556e+04
5.529419295839048573e+04
5.517581100442005845e+04
5.541023380582228128e+04
5.563525316262764682e+04
5.559962932479805022e+04
5.550621917390641465e+04
5.564773906416704995e+04
5.555768449931412761e+04
5.547016613321140176e+04
5.517019234872733068e+04
5.525334064929126907e+04
5.562663008687699767e+04
5.539681146166742838e+04
5.539493857643652154e+04
5.551780765127266932e+04
5.568855235482395801e+04
5.588387867703093798e+04
5.588302027130010538e+04
5.587650419143422914e+04
5.607323517756439833e+04
5.621354549611339462e+04
5.599906111873190093e+04
5.582695076969973888e+04
5.597007041609510634e+04
5.594544977899710648e+04
5.623410821521109756e+04
5.605427221460143483e+04
5.637769608291418990e+04
5.639345953360768181e+04
5.630812620027434605e+04
5.657333455265965313e+04
5.638019326322207053e+04
5.618463283036122448e+04
5.632911812223746529e+04
5.669659381191891589e+04
5.643618472793781257e+04
5.650852491998171172e+04
5.653334064929126907e+04
5.633836549306508095e+04
5.644890474013107450e+04
5.659268770004572434e+04
5.684556622466087720e+04
5.659799420819996885e+04
5.680830361225423258e+04
5.662803840877914627e+04
5.666889071787837020e+04
5.673822648986434797e+04
5.670108093278463639e+04
5.677642554488644964e+04
5.664220210333790601e+04
5.641121292485901358e+04
5.639423990245389723e+04
5.657329553421734454e+04
5.660236427373875631e+04
5.655004054260021076e+04
5.636751226947111718e+04
5.639318640451150713e+04
5.607889285169943469e+04
5.627398506325255585e+04
5.633848254839201400e+04
5.641039353757048957e+04
5.624097546105776564e+04
5.593464167047705996e+04
5.599539338515470445e+04
5.638795793324188708e+04
5.649108367626886320e+04
5.648608931565310195e+04
5.646720438957476290e+04
5.667025636335924355e+04
5.645725468678554898e+04
5.663736381649138639e+04
5.664442615454961197e+04
5.658113824112177826e+04
5.657633897271757451e+04
5.662589239445206476e+04
5.650255509830818482e+04
5.687272306050906627e+04
5.672862795305593318e+04
5.651476787075141328e+04
5.646084438347812829e+04
5.655019661636945239e+04
5.647169151044048340e+04
5.628393476604176249e+04
5.626087486663618620e+04
5.639193781435756682e+04
5.631113062033226743e+04
5.631538363054412184e+04
5.626528395061728224e+04
5.625868983386678883e+04
5.648062673372961581e+04
5.639392775491540669e+04
5.620894131992074108e+04
5.629286998933089490e+04
5.610128943758573587e+04
5.637461362597165135e+04
5.624530650815424451e+04
5.609200304831580434e+04
5.637992013412589586e+04
5.621253101661332039e+04
5.617390275872580241e+04
5.597127998780673806e+04
5.623847828074988502e+04
5.617878006401463063e+04
5.616703551287913433e+04
5.606867001981405338e+04
5.577162261850327923e+04
5.586983203779911855e+04
5.592683798201493482e+04
5.598138576436518633e+04
5.580311050144794717e+04
5.588028898033836595e+04
5.553407834171620198e+04
5.553661454046639119e+04
5.559276207895138214e+04
5.572066453284559975e+04
5.573197988111568702e+04
5.585465386374028458e+04
5.582546806889193977e+04
5.596343728090230434e+04
5.577930925163847132e+04
5.601119585429050494e+04
5.593276878524615313e+04
5.612926566072244896e+04
5.611155128791342577e+04
5.609153482700807945e+04
5.625529522938576702e+04
5.629193354671543784e+04
5.637793019356805598e+04
5.626122603261697805e+04
5.638120774272214476e+04
5.644847553726565820e+04
5.631042828837067646e+04
5.632584057308336924e+04
5.627425819234873052e+04
5.627862825788751798e+04
5.620464929126657808e+04
5.623313275415333192e+04
5.605052644413961389e+04
5.627570187471422105e+04
5.626668861454046419e+04
5.595828684651730146e+04
5.603464593811918894e+04
5.589944703551287967e+04
5.582379027587258315e+04
5.585363938424021035e+04
5.587287547629934124e+04
5.588434689833867014e+04
5.618026276482243702e+04
5.607963420210334152e+04
5.573357963725041918e+04
5.594978082609358535e+04
5.584290931260478828e+04
5.596925102880658233e+04
5.590194421582076029e+04
5.575308885840573203e+04
5.568488462124676153e+04
5.547695534217345266e+04
5.537995549458923779e+04
5.543922450845907588e+04
5.552760128029264160e+04
5.566233196159121871e+04
5.556821947873799945e+04
5.530617162017984811e+04
5.530617162017984811e+04
4.890246486816034303e+04
5.126647523243408068e+04
5.294403414113702456e+04
5.543832708428593469e+04
5.743540801707057108e+04
5.877908611492150521e+04
5.987738454503886896e+04
5.990018625209571474e+04
5.688954214296601276e+04
5.351228608443834673e+04
4.879172062185642426e+04
4.237758451455571048e+04
4.229643011736015615e+04
4.104548178631305927e+04
4.227742966011278622e+04
4.218632296905959811e+04
4.239022892851699726e+04
4.251196463953665807e+04
4.343723289132754144e+04
4.638288081085200247e+04
5.171407742722146213e+04
5.378865264441395993e+04
5.598761804602956545e+04
5.958037540009144868e+04
6.024656409083981271e+04
6.129195869532083452e+04
6.140483340954122832e+04
6.116350312452370417e+04
6.081436610272824328e+04
6.058497668038409029e+04
6.029783996342020691e+04
5.987889894833105063e+04
5.974291967687852593e+04
5.925132632220697997e+04
5.903863679317177593e+04
5.905962871513488790e+04
5.890335985368084221e+04
5.861634019204389915e+04
5.834481085200426605e+04
5.819181953970431641e+04
5.791724676116445335e+04
5.785961652187166328e+04
5.754910775796372764e+04
5.734605578417923971e+04
5.739943301326017536e+04
5.721362719097698573e+04
5.711604206675811292e+04
5.740477853985672846e+04
5.716735131839658425e+04
5.731519219631153828e+04
5.721347111720774410e+04
5.719368876695625659e+04
5.726267337296143523e+04
5.720933516232281545e+04
5.739646761164456984e+04
5.694576558451455639e+04
5.699231458619113255e+04
5.712997165066300659e+04
5.691158542905045033e+04
5.701096540161560551e+04
5.757786434994665615e+04
5.704865721688766644e+04
5.717328212162780255e+04
5.712232403597012308e+04
5.714347203170248395e+04
5.706617649748513941e+04
5.716255204999238049e+04
5.694576558451455639e+04
5.676514921505867824e+04
5.682929553421734454e+04
5.678309769852156751e+04
5.679538850784941314e+04
5.655854656302392686e+04
5.686757262612406339e+04
5.682223319615911896e+04
5.690366468526139215e+04
5.679086236854138406e+04
5.681232251181222091e+04
5.690971254381953622e+04
5.672714525224813406e+04
5.659651150739216246e+04
5.636778539856729185e+04
5.628947538484987308e+04
5.633555616521871707e+04
5.665609266880049108e+04
5.666612040847431490e+04
5.644363725041914586e+04
5.633130315500685538e+04
5.612068160341411567e+04
5.651000762078951084e+04
5.645147995732357958e+04
5.635483127572016383e+04
5.624589178478890244e+04
5.634039445206523669e+04
5.622209053497942659e+04
5.634211126352690189e+04
5.649311263526901166e+04
5.658515714067977387e+04
5.662897485139460332e+04
5.648569913122999424e+04
5.650044810242341191e+04
5.675125864959610044e+04
5.668555159274501057e+04
5.643259503124524053e+04
5.665812162780063954e+04
5.671637616217040340e+04
5.668083036122542399e+04
5.664434811766498751e+04
5.665523426306965121e+04
5.641694863587867439e+04
5.667251943301325809e+04
5.649619509221155022e+04
5.633937997256515519e+04
5.642159183051364380e+04
5.655936595031245088e+04
5.650216491388507711e+04
5.641211034903216205e+04
5.668032312147538323e+04
5.654531931108063145e+04
5.636844871208657423e+04
5.656701356500533439e+04
5.657345160798658617e+04
5.653177991159883823e+04
5.652858039932937390e+04
5.641956287151348806e+04
5.624495534217345266e+04
5.617003993293705571e+04
5.622919189147996076e+04
5.612844627343392494e+04
5.628124249352233164e+04
5.602454016156074067e+04
5.613028014022253046e+04
5.613905928974241397e+04
5.609929949702788872e+04
5.591981466239902511e+04
5.600050480109739146e+04
5.613207498856881284e+04
5.624632098765431874e+04
5.669011675049534824e+04
5.717160432860844594e+04
5.734730437433318002e+04
5.745866300868769758e+04
5.737929949702788872e+04
5.745464410912970925e+04
5.761426855662246817e+04
5.746424264593811677e+04
5.761988721231519594e+04
5.744457735101356229e+04
5.751324980948026496e+04
5.731601158360006229e+04
5.695708093278463639e+04
5.678762383782959660e+04
5.651562627648224588e+04
5.604865355890869978e+04
5.588337143728090450e+04
5.562495229385764105e+04
5.532053040695015807e+04
5.495617619265356188e+04
5.442279408626733493e+04
5.447765401615607698e+04
5.421045572321292275e+04
5.392386526444139599e+04
5.366021764974851249e+04
5.355553116902911279e+04
5.320307757963724725e+04
5.290813717421124602e+04
5.271620545648529514e+04
5.250995397043133562e+04
5.225379789666209399e+04
5.207076238378295966e+04
5.200802072854747530e+04
5.188382502667276276e+04
5.159227922572778334e+04
5.124571742112482752e+04
5.145313946044810291e+04
5.104555281207132793e+04
5.100840725499161636e+04
5.057932144490168866e+04
5.059949397957628389e+04
5.044490291114159481e+04
5.028098643499466561e+04
4.989380643194635195e+04
4.984651607986587624e+04
4.973847401310775604e+04
4.959956835848194169e+04
4.923583843926230475e+04
4.919108428593202552e+04
4.890301112635269237e+04
4.856815485444291699e+04
4.838605578417923971e+04
4.824636976070720993e+04
4.802072610882487788e+04
4.787592866941015382e+04
4.772804877305289119e+04
4.755074897119341767e+04
4.763975003810394992e+04
4.768142173449169059e+04
4.734836031092821213e+04
4.723083676268861745e+04
4.719860752934004267e+04
4.706114555707971158e+04
4.695189391860996693e+04
4.678294406340496789e+04
4.654368297515622544e+04
4.631066483767718455e+04
4.622053223593964503e+04
4.622540954122847324e+04
4.605037280902301427e+04
4.610749580856577086e+04
4.580533699131230242e+04
4.571313641213229857e+04
4.554172839506172750e+04
4.533578905654625851e+04
4.555394116750495596e+04
4.510175643956713611e+04
4.491485810089925508e+04
4.491786252095716918e+04
4.469787654320987349e+04
4.472066331351928238e+04
4.441932388355433795e+04
4.449665843621399108e+04
4.439419600670629734e+04
4.441085688157293043e+04
4.421549154092364188e+04
4.430129309556470253e+04
4.379061972260326002e+04
4.399628593202255433e+04
4.364683676268861745e+04
4.340761469288218359e+04
4.343422527053803060e+04
4.324159122085048148e+04
4.325477945435146830e+04
4.321794604481023998e+04
4.296850114311842481e+04
4.301157750342935469e+04
1.628121322969059656e+04
1.769937753391251317e+04
1.867920865721688824e+04
1.995515073921658404e+04
2.123975491540923758e+04
2.226301356500533439e+04
2.346271361073007211e+04
2.477353818015546494e+04
2.627016857186404377e+04
2.720204602956866438e+04
2.827048803536046398e+04
2.913396616369456024e+04
2.981819356805365169e+04
3.023881237616217186e+04
3.094329035208047571e+04
3.115878920896204727e+04
3.161429050449626448e+04
3.178667398262460119e+04
3.197119219631153828e+04
3.202714464258497173e+04
3.214158573388203149e+04
3.229968846212467543e+04
3.230089803383630715e+04
3.212176436518823175e+04
3.216854747751867035e+04
3.190626550830666019e+04
3.207650297210791177e+04
3.173907148300563858e+04
3.159610791037951640e+04
3.141412589544276852e+04
3.131841365645480982e+04
3.096638926992836423e+04
3.097665112025605777e+04
3.074273555860387205e+04
3.058147233653406511e+04
3.019920865721688824e+04
3.013084834628867611e+04
2.981682792257277833e+04
2.966449992379210380e+04
2.947202194787379995e+04
2.916580521262002731e+04
2.860854381953970369e+04
2.850939795762841095e+04
2.840112178021643194e+04
2.815265233958238241e+04
2.785174211248285428e+04
2.761259807956104123e+04
2.736354336229233377e+04
2.718905288827922413e+04
2.696902789208961985e+04
2.677963237311385456e+04
2.648297515622618448e+04
2.639214022252705399e+04
2.595712360920591527e+04
2.597183356195701708e+04
2.552358969669257567e+04
2.531129035208047571e+04
2.534113946044810291e+04
2.520874988568815752e+04
2.489508062795305523e+04
2.483378265508306504e+04
2.468406889193720417e+04
2.446896021947873669e+04
2.431354976375552360e+04
2.405957872275567570e+04
2.399515927450083836e+04
2.395754549611339826e+04
2.384727937814357574e+04
2.356057186404511594e+04
2.342178326474622736e+04
2.331112696235330077e+04
2.323539216582837980e+04
2.302781405273586279e+04
2.276646852613930969e+04
2.250133821063862342e+04
2.267422892851699362e+04
2.236754397195549609e+04
2.205473311995122640e+04
2.197958360006096700e+04
2.169755829903978156e+04
2.148088888888889051e+04
2.137081786313062184e+04
2.136921810699588605e+04
2.126355616521871707e+04
2.121665599756134907e+04
2.110030300259107025e+04
2.107002469135802312e+04
2.077972748056698765e+04
2.063329126657521556e+04
2.056508702941624870e+04
2.077309434537418201e+04
2.035649443682365381e+04
2.032188507849413145e+04
2.009183234263069608e+04
1.998226855662246453e+04
1.994223563481176825e+04
1.974870416095107430e+04
1.948099862825788659e+04
1.950148331047096508e+04
1.931938424020728417e+04
1.915418015546410606e+04
1.899424356043286025e+04
1.918297576588934680e+04
1.892159122085048148e+04
1.886439018442310771e+04
1.852723182441700919e+04
1.869138241121780084e+04
1.874183325712543956e+04
1.897649016918152847e+04
1.871420819996951832e+04
1.887254503886602834e+04
1.887570553269318771e+04
1.869302118579484886e+04
1.863066971498247221e+04
1.865462703856119333e+04
1.882642524005486848e+04
1.855427160493827250e+04
1.837529401005944237e+04
1.847112330437433411e+04
1.846211004420058089e+04
1.853737661941777333e+04
1.842699344612101777e+04
1.821609876543209975e+04
1.810485718640451159e+04
1.802881024234110737e+04
1.789938606919676749e+04
1.808589422344154809e+04
1.787191708581009152e+04
1.782099801859472791e+04
1.771350221002896069e+04
1.768275567748818867e+04
1.765161896052430893e+04
1.761708763907940738e+04
1.759707117817405742e+04
1.746909068739521535e+04
1.725136777930193421e+04
1.726506325255296542e+04
1.683090504496265930e+04
1.677038744093888090e+04
1.671045511354976406e+04
1.657517817405883397e+04
1.633205426002133754e+04
1.607035756744398714e+04
1.610484987044657828e+04
1.588474683737235137e+04
1.590043225118122245e+04
1.575707849413199256e+04
1.565832281664380389e+04
1.542440725499161636e+04
1.538078463648834077e+04
1.517465020576131610e+04
1.524761469288218177e+04
1.517113854595336124e+04
1.497300289590001557e+04
1.501127998780673624e+04
1.496375552507239809e+04
1.499278524615150127e+04
1.472242645938119131e+04
1.470931626276482166e+04
1.461660844383478070e+04
1.443326078341716129e+04
1.460747812833409625e+04
1.444793171772595633e+04
1.458039932937052254e+04
1.451012711476908953e+04
1.462160280445054195e+04
1.448652095717116208e+04
1.458488645023624485e+04
1.449416857186404559e+04
1.450240146319158703e+04
1.463369852156683373e+04
1.463010882487425624e+04
1.451102453894223436e+04
1.443314372809023007e+04
1.462765066300868784e+04
1.449073494894070973e+04
1.462452918762383706e+04
1.428865843621399108e+04
1.434624965706447256e+04
1.435167322054564829e+04
1.445639871970736203e+04
1.430414875781131013e+04
1.430414875781131013e+04
5.866069196768785332e+04
5.959327175735406490e+04
6.088068526139308233e+04
6.203083447645176057e+04
5.258245237006554089e+04
2.679315653101661155e+04
5.901728547477518987e+03
2.660148148148148266e+03
4.090954427678707361e+03
4.883418991007468321e+03
5.472792562109434584e+03
6.167711019661636783e+03
6.831726870903825329e+03
7.367606157597927449e+03
7.699418991007468321e+03
8.013322359396433058e+03
8.485679622008839942e+03
8.792910836762688632e+03
8.968181679622008232e+03
9.152543819539703691e+03
9.139043438500228149e+03
9.217548544429202593e+03
9.381347965249200570e+03
9.454975765889346803e+03
9.701104099984759159e+03
9.613117512574302964e+03
9.560988873647309447e+03
9.884217649748514305e+03
9.455365950312452696e+03
9.204516384697453759e+03
9.498598384392622393e+03
9.152153635116597798e+03
8.932401768023166369e+03
9.150514860539551592e+03
8.952847431793934447e+03
8.691540923639689936e+03
8.456727937814357574e+03
8.367921963115379185e+03
8.110673372961438872e+03
7.937197378448407107e+03
7.669335771985977772e+03
7.310600213382106631e+03
7.251253162627648635e+03
6.910192958390489366e+03
6.621573540618807783e+03
6.533352842554488234e+03
6.408220698064319549e+03
6.194126505105929027e+03
6.038755067825026345e+03
5.926694101508915992e+03
5.688135345221765419e+03
5.381840573083371055e+03
5.164898033836305331e+03
4.891846974546562706e+03
4.722858100899253259e+03
4.546104557232129082e+03
4.290533760097546292e+03
4.344574302697759776e+03
4.074371589696692354e+03
3.966017375400091623e+03
3.792190214906264373e+03
3.856219478737997179e+03
3.608608443834781156e+03
3.476804145709495515e+03
3.474970278920896362e+03
3.298997104099984881e+03
3.076943148910227137e+03
2.960668190824569592e+03
2.638414875781130831e+03
2.752738911751257547e+03
2.677823502514860593e+03
2.745208352385307080e+03
2.689021795458009365e+03
2.489403444596860027e+03
2.570795915256820535e+03
2.541024843773815064e+03
2.429627190976985275e+03
2.349677335771985781e+03
2.210304526748971057e+03
2.207181679622008687e+03
2.616985063252553118e+03
2.042017985063252581e+03
2.419164761469288351e+03
2.408744246303916952e+03
2.364849108367626741e+03
2.547179850632525358e+03
3.459532540771223921e+03
2.782183661027282596e+03
3.044071178174058787e+03
2.958855814662399098e+03
2.555214906264288857e+03
2.403473708276177604e+03
2.528877000457247505e+03
3.528277091906721580e+03
2.879958847736625557e+03
2.379636945587562877e+03
2.160470964791952611e+03
2.498717878372199266e+03
2.477530864197530718e+03
2.411708885840573203e+03
3.220270995275110636e+03
2.407999390336839042e+03
3.132714372809023189e+03
4.662877000457247050e+03
6.149260021338210208e+03
6.185740435909160624e+03
4.952348117664990241e+03
5.446274500838287167e+03
9.315477213839354590e+03
8.624040999847584317e+03
7.624832799878067817e+03
9.026078798963571899e+03
9.647204237158970500e+03
9.687508459076359941e+03
1.410412970583752394e+04
1.700732738911751221e+04
1.856659792714525247e+04
2.279218945282731147e+04
2.622860631001371803e+04
2.317113046791647503e+04
2.561419265355890821e+04
2.412948620637098065e+04
2.583398003353147215e+04
3.274723548239597585e+04
3.878360524310318579e+04
4.036702682517909125e+04
4.705635970126504981e+04
4.832166864807194361e+04
5.022956180460295582e+04
5.567395122694710881e+04
5.610010333790580626e+04
5.828943026977594855e+04
5.411643758573388186e+04
5.780974607529339846e+04
5.597906736777930200e+04
5.716520957171163172e+04
5.943019219631153828e+04
6.083752491998171172e+04
6.143379500076208205e+04
6.192549672306051070e+04
5.952879073311995307e+04
6.227369029111415875e+04
6.242523487273281353e+04
6.229179332418838749e+04
6.157156866331351921e+04
6.111525346745923162e+04
6.139032860844383686e+04
6.090506477671086759e+04
6.243916537113244704e+04
6.195304420057917741e+04
6.131518000304831367e+04
6.094115409236396954e+04
6.132228059746990039e+04
6.199112269471117179e+04
6.127959640298735030e+04
6.151019036732205132e+04
6.151658710562414490e+04
6.246257277853985579e+04
6.192674317939338653e+04
6.214797180307879898e+04
6.209440237768632505e+04
6.207165310166132986e+04
6.207231550068587239e+04
6.238952857796067838e+04
6.223700670629477099e+04
6.221554519128181710e+04
6.205197988111568702e+04
6.217410760554793524e+04
6.204656180460295582e+04
6.229229446730681229e+04
6.220637600975461100e+04
6.203219905502210167e+04
6.199809541228471062e+04
6.210926139308031998e+04
6.198568754762993194e+04
6.194147965249199478e+04
6.190745557079713763e+04
6.199044779759182711e+04
6.186184301173601852e+04
6.194229903978051880e+04
6.186082853223593702e+04
6.186086755067825288e+04
6.167576406035665423e+04
6.178489864349946583e+04
6.160042081999695074e+04
6.146549367474470637e+04
6.132647096479195170e+04
6.147774546563023614e+04
6.116649535131839366e+04
6.140762932479805022e+04
6.120793293705227552e+04
6.116801707056850864e+04
6.107542630696540436e+04
6.106122359396433603e+04
6.102271239140375110e+04
6.105615119646395033e+04
6.122951013565005269e+04
6.100772930955646734e+04
6.102165889346136100e+04
6.113379789666209399e+04
6.128725743026977580e+04
6.104940100594421529e+04
6.108272275567748875e+04
6.122014570949550398e+04
6.130079682975156175e+04
6.123704069501600316e+04
6.118674592287761334e+04
6.128546258192348614e+04
6.100909495503734070e+04
6.105751684194482368e+04
6.118210272824264393e+04
6.118698003353147215e+04
6.109290656912056147e+04
6.120087059899405722e+04
6.108861454046639119e+04
6.094213930803231051e+04
6.116485657674135291e+04
6.137883371437280584e+04
6.142448529187624081e+04
6.156222039323273930e+04
6.159370827617741452e+04
6.189177015698826290e+04
6.166476085962505749e+04
6.183195488492607547e+04
6.179071239140375110e+04
6.203629446730681229e+04
6.201288462124676153e+04
6.201483447645176057e+04
6.191065508306660922e+04
6.199836854138088529e+04
6.199314007011126523e+04
6.205393080323121831e+04
6.174833836305441218e+04
6.176234811766498751e+04
6.169648285322359152e+04
6.165157262612406339e+04
6.156241548544428952e+04
6.141633043743331655e+04
6.140431275720164558e+04
6.128358969669257931e+04
6.125787654320987349e+04
6.137590733119950892e+04
6.123368510897728993e+04
6.115927693949093373e+04
6.099668709038256202e+04
6.114523030025910703e+04
6.109852522481328924e+04
6.109029233348574780e+04
6.071477884468831326e+04
6.103121841182746721e+04
6.065586099679926701e+04
0.000000000000000000e+00
0.000000000000000000e+00
0.000000000000000000e+00
0.000000000000000000e+00
0.000000000000000000e+00
0.000000000000000000e+00
0.000000000000000000e+00
0.000000000000000000e+00
0.000000000000000000e+00
0.000000000000000000e+00
0.000000000000000000e+00
0.000000000000000000e+00
0.000000000000000000e+00
0.000000000000000000e+00
0.000000000000000000e+00
0.000000000000000000e+00
0.000000000000000000e+00
0.000000000000000000e+00
0.000000000000000000e+00
0.000000000000000000e+00
0.000000000000000000e+00
0.000000000000000000e+00
0.000000000000000000e+00
0.000000000000000000e+00
0.000000000000000000e+00
0.000000000000000000e+00
0.000000000000000000e+00
0.000000000000000000e+00
0.000000000000000000e+00
0.000000000000000000e+00
0.000000000000000000e+00
0.000000000000000000e+00
0.000000000000000000e+00
0.000000000000000000e+00
0.000000000000000000e+00
0.000000000000000000e+00
0.000000000000000000e+00
0.000000000000000000e+00
0.000000000000000000e+00
0.000000000000000000e+00
0.000000000000000000e+00
0.000000000000000000e+00
0.000000000000000000e+00
0.000000000000000000e+00
0.000000000000000000e+00
0.000000000000000000e+00
0.000000000000000000e+00
0.000000000000000000e+00
0.000000000000000000e+00
0.000000000000000000e+00
0.000000000000000000e+00
0.000000000000000000e+00
0.000000000000000000e+00
0.000000000000000000e+00
0.000000000000000000e+00
0.000000000000000000e+00
0.000000000000000000e+00
0.000000000000000000e+00
0.000000000000000000e+00
0.000000000000000000e+00
0.000000000000000000e+00
0.000000000000000000e+00
0.000000000000000000e+00
0.000000000000000000e+00
0.000000000000000000e+00
0.000000000000000000e+00
0.000000000000000000e+00
0.000000000000000000e+00
0.000000000000000000e+00
0.000000000000000000e+00
0.000000000000000000e+00
0.000000000000000000e+00
0.000000000000000000e+00
0.000000000000000000e+00
0.000000000000000000e+00
0.000000000000000000e+00
0.000000000000000000e+00
0.000000000000000000e+00
0.000000000000000000e+00
0.000000000000000000e+00
0.000000000000000000e+00
0.000000000000000000e+00
0.000000000000000000e+00
0.000000000000000000e+00
0.000000000000000000e+00
0.000000000000000000e+00
0.000000000000000000e+00
0.000000000000000000e+00
0.000000000000000000e+00
0.000000000000000000e+00
0.000000000000000000e+00
0.000000000000000000e+00
0.000000000000000000e+00
0.000000000000000000e+00
0.000000000000000000e+00
0.000000000000000000e+00
0.000000000000000000e+00
0.000000000000000000e+00
0.000000000000000000e+00
0.000000000000000000e+00
0.000000000000000000e+00
0.000000000000000000e+00
0.000000000000000000e+00
0.000000000000000000e+00
0.000000000000000000e+00
0.000000000000000000e+00
0.000000000000000000e+00
0.000000000000000000e+00
0.000000000000000000e+00
0.000000000000000000e+00
0.000000000000000000e+00
0.000000000000000000e+00
0.000000000000000000e+00
0.000000000000000000e+00
0.000000000000000000e+00
0.000000000000000000e+00
0.000000000000000000e+00
0.000000000000000000e+00
0.000000000000000000e+00
0.000000000000000000e+00
0.000000000000000000e+00
0.000000000000000000e+00
0.000000000000000000e+00
0.000000000000000000e+00
0.000000000000000000e+00
0.000000000000000000e+00
0.000000000000000000e+00
0.000000000000000000e+00
0.000000000000000000e+00
0.000000000000000000e+00
0.000000000000000000e+00
0.000000000000000000e+00
0.000000000000000000e+00
0.000000000000000000e+00
0.000000000000000000e+00
0.000000000000000000e+00
0.000000000000000000e+00
0.000000000000000000e+00
0.000000000000000000e+00
0.000000000000000000e+00
0.000000000000000000e+00
0.000000000000000000e+00
0.000000000000000000e+00
0.000000000000000000e+00
0.000000000000000000e+00
0.000000000000000000e+00
0.000000000000000000e+00
0.000000000000000000e+00
0.000000000000000000e+00
0.000000000000000000e+00
0.000000000000000000e+00
0.000000000000000000e+00
0.000000000000000000e+00
0.000000000000000000e+00
0.000000000000000000e+00
0.000000000000000000e+00
0.000000000000000000e+00
0.000000000000000000e+00
0.000000000000000000e+00
0.000000000000000000e+00
0.000000000000000000e+00
0.000000000000000000e+00
0.000000000000000000e+00
0.000000000000000000e+00
0.000000000000000000e+00
0.000000000000000000e+00
0.000000000000000000e+00
0.000000000000000000e+00
0.000000000000000000e+00
0.000000000000000000e+00
0.000000000000000000e+00
0.000000000000000000e+00
0.000000000000000000e+00
0.000000000000000000e+00
0.000000000000000000e+00
0.000000000000000000e+00
0.000000000000000000e+00
0.000000000000000000e+00
0.000000000000000000e+00
0.000000000000000000e+00
0.000000000000000000e+00
0.000000000000000000e+00
0.000000000000000000e+00
0.000000000000000000e+00
0.000000000000000000e+00
0.000000000000000000e+00
0.000000000000000000e+00
0.000000000000000000e+00
0.000000000000000000e+00
0.000000000000000000e+00
0.000000000000000000e+00
0.000000000000000000e+00
0.000000000000000000e+00
0.000000000000000000e+00
0.000000000000000000e+00
0.000000000000000000e+00
0.000000000000000000e+00
0.000000000000000000e+00
0.000000000000000000e+00
0.000000000000000000e+00
0.000000000000000000e+00
0.000000000000000000e+00
0.000000000000000000e+00
0.000000000000000000e+00
0.000000000000000000e+00
0.000000000000000000e+00
0.000000000000000000e+00
0.000000000000000000e+00
0.000000000000000000e+00
0.000000000000000000e+00
0.000000000000000000e+00
0.000000000000000000e+00
0.000000000000000000e+00
0.000000000000000000e+00
0.000000000000000000e+00
0.000000000000000000e+00
0.000000000000000000e+00
0.000000000000000000e+00
0.000000000000000000e+00
0.000000000000000000e+00
0.000000000000000000e+00
0.000000000000000000e+00
0.000000000000000000e+00
0.000000000000000000e+00
0.000000000000000000e+00
0.000000000000000000e+00
0.000000000000000000e+00
0.000000000000000000e+00
0.000000000000000000e+00
0.000000000000000000e+00
0.000000000000000000e+00
0.000000000000000000e+00
0.000000000000000000e+00
0.000000000000000000e+00
0.000000000000000000e+00
0.000000000000000000e+00
0.000000000000000000e+00
0.000000000000000000e+00
0.000000000000000000e+00
0.000000000000000000e+00
0.000000000000000000e+00
0.000000000000000000e+00
0.000000000000000000e+00
0.000000000000000000e+00
0.000000000000000000e+00
0.000000000000000000e+00
0.000000000000000000e+00
0.000000000000000000e+00
0.000000000000000000e+00
0.000000000000000000e+00
0.000000000000000000e+00
0.000000000000000000e+00
0.000000000000000000e+00
0.000000000000000000e+00
0.000000000000000000e+00
0.000000000000000000e+00
0.000000000000000000e+00
0.000000000000000000e+00
0.000000000000000000e+00
0.000000000000000000e+00
0.000000000000000000e+00
0.000000000000000000e+00
0.000000000000000000e+00
0.000000000000000000e+00
0.000000000000000000e+00
0.000000000000000000e+00
0.000000000000000000e+00
0.000000000000000000e+00
0.000000000000000000e+00
0.000000000000000000e+00
0.000000000000000000e+00
0.000000000000000000e+00
0.000000000000000000e+00
0.000000000000000000e+00
0.000000000000000000e+00
0.000000000000000000e+00
0.000000000000000000e+00
0.000000000000000000e+00
0.000000000000000000e+00
0.000000000000000000e+00
0.000000000000000000e+00
0.000000000000000000e+00
0.000000000000000000e+00
0.000000000000000000e+00
0.000000000000000000e+00
0.000000000000000000e+00
0.000000000000000000e+00
0.000000000000000000e+00
0.000000000000000000e+00
0.000000000000000000e+00
0.000000000000000000e+00
0.000000000000000000e+00
0.000000000000000000e+00
0.000000000000000000e+00
0.000000000000000000e+00
0.000000000000000000e+00
0.000000000000000000e+00
0.000000000000000000e+00
0.000000000000000000e+00
0.000000000000000000e+00
0.000000000000000000e+00
0.000000000000000000e+00
0.000000000000000000e+00
0.000000000000000000e+00
0.000000000000000000e+00
0.000000000000000000e+00
0.000000000000000000e+00
0.000000000000000000e+00
0.000000000000000000e+00
0.000000000000000000e+00
0.000000000000000000e+00
0.000000000000000000e+00
0.000000000000000000e+00
0.000000000000000000e+00
0.000000000000000000e+00
0.000000000000000000e+00
0.000000000000000000e+00
0.000000000000000000e+00
0.000000000000000000e+00
0.000000000000000000e+00
0.000000000000000000e+00
0.000000000000000000e+00
0.000000000000000000e+00
0.000000000000000000e+00
0.000000000000000000e+00
0.000000000000000000e+00
0.000000000000000000e+00
0.000000000000000000e+00
0.000000000000000000e+00
0.000000000000000000e+00
0.000000000000000000e+00
0.000000000000000000e+00
0.000000000000000000e+00
0.000000000000000000e+00
0.000000000000000000e+00
0.000000000000000000e+00
0.000000000000000000e+00
0.000000000000000000e+00
0.000000000000000000e+00
0.000000000000000000e+00
0.000000000000000000e+00
0.000000000000000000e+00
0.000000000000000000e+00
0.000000000000000000e+00
0.000000000000000000e+00
0.000000000000000000e+00
0.000000000000000000e+00
0.000000000000000000e+00
0.000000000000000000e+00
0.000000000000000000e+00
0.000000000000000000e+00
0.000000000000000000e+00
0.000000000000000000e+00
0.000000000000000000e+00
0.000000000000000000e+00
0.000000000000000000e+00
0.000000000000000000e+00
0.000000000000000000e+00
0.000000000000000000e+00
0.000000000000000000e+00
0.000000000000000000e+00
0.000000000000000000e+00
0.000000000000000000e+00
0.000000000000000000e+00
0.000000000000000000e+00
0.000000000000000000e+00
0.000000000000000000e+00
0.000000000000000000e+00
0.000000000000000000e+00
0.000000000000000000e+00
0.000000000000000000e+00
0.000000000000000000e+00
0.000000000000000000e+00
0.000000000000000000e+00
0.000000000000000000e+00
0.000000000000000000e+00
0.000000000000000000e+00
0.000000000000000000e+00
0.000000000000000000e+00
0.000000000000000000e+00
0.000000000000000000e+00
0.000000000000000000e+00
0.000000000000000000e+00
0.000000000000000000e+00
0.000000000000000000e+00
0.000000000000000000e+00
0.000000000000000000e+00
0.000000000000000000e+00
0.000000000000000000e+00
0.000000000000000000e+00
0.000000000000000000e+00
0.000000000000000000e+00
0.000000000000000000e+00
0.000000000000000000e+00
0.000000000000000000e+00
0.000000000000000000e+00
0.000000000000000000e+00
0.000000000000000000e+00
0.000000000000000000e+00
0.000000000000000000e+00
0.000000000000000000e+00
0.000000000000000000e+00
0.000000000000000000e+00
0.000000000000000000e+00
0.000000000000000000e+00
0.000000000000000000e+00
0.000000000000000000e+00
0.000000000000000000e+00
0.000000000000000000e+00
0.000000000000000000e+00
0.000000000000000000e+00
0.000000000000000000e+00
0.000000000000000000e+00
0.000000000000000000e+00
0.000000000000000000e+00
0.000000000000000000e+00
0.000000000000000000e+00
0.000000000000000000e+00
0.000000000000000000e+00
0.000000000000000000e+00
0.000000000000000000e+00
0.000000000000000000e+00
0.000000000000000000e+00
0.000000000000000000e+00
0.000000000000000000e+00
0.000000000000000000e+00
0.000000000000000000e+00
0.000000000000000000e+00
0.000000000000000000e+00
0.000000000000000000e+00
0.000000000000000000e+00
0.000000000000000000e+00
0.000000000000000000e+00
0.000000000000000000e+00
0.000000000000000000e+00
0.000000000000000000e+00
0.000000000000000000e+00
0.000000000000000000e+00
0.000000000000000000e+00
0.000000000000000000e+00
0.000000000000000000e+00
0.000000000000000000e+00
0.000000000000000000e+00
0.000000000000000000e+00
0.000000000000000000e+00
0.000000000000000000e+00
0.000000000000000000e+00
0.000000000000000000e+00
0.000000000000000000e+00
0.000000000000000000e+00
0.000000000000000000e+00
0.000000000000000000e+00
0.000000000000000000e+00
0.000000000000000000e+00
0.000000000000000000e+00
0.000000000000000000e+00
0.000000000000000000e+00
0.000000000000000000e+00
0.000000000000000000e+00
0.000000000000000000e+00
0.000000000000000000e+00
