2.706272413793103624e+04
2.696562068965517392e+04
2.738051724137931160e+04
2.705389655172413768e+04
2.675375862068965580e+04
2.686851724137931160e+04
2.674493103448275724e+04
2.722162068965517392e+04
2.666548275862068840e+04
2.658603448275861956e+04
2.627706896551724276e+04
2.663900000000000000e+04
2.643596551724138044e+04
2.644479310344827536e+04
2.631237931034482608e+04
2.646244827586206884e+04
2.638300000000000000e+04
2.633886206896551812e+04
2.647127586206896376e+04
2.649775862068965580e+04
2.633886206896551812e+04
2.668313793103448188e+04
2.665665517241379348e+04
2.650658620689655072e+04
2.655072413793103624e+04
2.652424137931034420e+04
2.612700000000000000e+04
2.641831034482758696e+04
2.612700000000000000e+04
2.607403448275861956e+04
2.589748275862068840e+04
2.647127586206896376e+04
2.671844827586206884e+04
2.663900000000000000e+04
2.670079310344827536e+04
2.649775862068965580e+04
2.682437931034482608e+04
2.693031034482758696e+04
2.665665517241379348e+04
2.700093103448275724e+04
2.678906896551724276e+04
2.689500000000000000e+04
2.729224137931034420e+04
2.690382758620689492e+04
2.716865517241379348e+04
2.688617241379310508e+04
2.685086206896551812e+04
2.659486206896551812e+04
2.695679310344827536e+04
2.691265517241379348e+04
2.690382758620689492e+04
2.698327586206896376e+04
2.698327586206896376e+04
2.660368965517241304e+04
2.641831034482758696e+04
2.682437931034482608e+04
2.657720689655172464e+04
2.670079310344827536e+04
2.663017241379310508e+04
2.666548275862068840e+04
2.676258620689655072e+04
2.656837931034482608e+04
2.670079310344827536e+04
2.657720689655172464e+04
2.665665517241379348e+04
2.651541379310344928e+04
2.651541379310344928e+04
2.658603448275861956e+04
2.643596551724138044e+04
2.669196551724138044e+04
2.675375862068965580e+04
2.650658620689655072e+04
2.639182758620689492e+04
2.649775862068965580e+04
2.670962068965517392e+04
2.634768965517241304e+04
2.647127586206896376e+04
2.631237931034482608e+04
2.651541379310344928e+04
2.661251724137931160e+04
2.650658620689655072e+04
2.634768965517241304e+04
2.623293103448275724e+04
2.676258620689655072e+04
2.644479310344827536e+04
2.648893103448275724e+04
2.711568965517241304e+04
2.708920689655172464e+04
2.724810344827586232e+04
2.774244827586206884e+04
2.773362068965517392e+04
2.770713793103448188e+04
2.822796551724138044e+04
2.785720689655172464e+04
2.792782758620689492e+04
2.791900000000000000e+04
2.786603448275861956e+04
2.817500000000000000e+04
2.821913793103448188e+04
2.798962068965517392e+04
2.839568965517241304e+04
2.843982758620689492e+04
2.828093103448275724e+04
2.828975862068965580e+04
2.817500000000000000e+04
2.834272413793103624e+04
2.836920689655172464e+04
2.824562068965517392e+04
2.822796551724138044e+04
2.832506896551724276e+04
2.832506896551724276e+04
2.848396551724138044e+04
2.863403448275861956e+04
2.860755172413793116e+04
2.841334482758620652e+04
2.844865517241379348e+04
2.854575862068965580e+04
2.828975862068965580e+04
2.830741379310344928e+04
2.836037931034482608e+04
2.839568965517241304e+04
2.825444827586206884e+04
2.830741379310344928e+04
2.830741379310344928e+04
2.859872413793103624e+04
2.827210344827586232e+04
2.814851724137931160e+04
2.828975862068965580e+04
2.841334482758620652e+04
2.847513793103448188e+04
2.837803448275861956e+04
2.839568965517241304e+04
2.853693103448275724e+04
2.790134482758620652e+04
2.803375862068965580e+04
2.814851724137931160e+04
2.846631034482758696e+04
2.812203448275861956e+04
2.821913793103448188e+04
2.844865517241379348e+04
2.851044827586206884e+04
2.841334482758620652e+04
2.828093103448275724e+04
2.846631034482758696e+04
2.873996551724138044e+04
2.848396551724138044e+04
2.824562068965517392e+04
2.858989655172413768e+04
2.846631034482758696e+04
2.861637931034482608e+04
2.875762068965517392e+04
2.861637931034482608e+04
2.857224137931034420e+04
2.880175862068965580e+04
2.852810344827586232e+04
2.846631034482758696e+04
2.857224137931034420e+04
2.875762068965517392e+04
2.858106896551724276e+04
2.857224137931034420e+04
2.845748275862068840e+04
2.847513793103448188e+04
2.855458620689655072e+04
2.846631034482758696e+04
2.832506896551724276e+04
2.854575862068965580e+04
2.847513793103448188e+04
2.833389655172413768e+04
2.821913793103448188e+04
2.834272413793103624e+04
2.845748275862068840e+04
2.836037931034482608e+04
2.803375862068965580e+04
2.828975862068965580e+04
2.817500000000000000e+04
2.845748275862068840e+04
2.807789655172413768e+04
2.841334482758620652e+04
2.810437931034482608e+04
2.839568965517241304e+04
2.860755172413793116e+04
2.844865517241379348e+04
2.879293103448275724e+04
2.866051724137931160e+04
2.871348275862068840e+04
2.895182758620689492e+04
2.891651724137931160e+04
2.901362068965517392e+04
2.882824137931034420e+04
2.912837931034482608e+04
2.923431034482758696e+04
2.905775862068965580e+04
2.885472413793103624e+04
2.903127586206896376e+04
2.896065517241379348e+04
2.893417241379310508e+04
2.940203448275861956e+04
2.886355172413793116e+04
2.912837931034482608e+04
2.893417241379310508e+04
2.892534482758620652e+04
2.896948275862068840e+04
2.898713793103448188e+04
2.904893103448275724e+04
2.885472413793103624e+04
2.877527586206896376e+04
2.877527586206896376e+04
1.990355172413793116e+04
2.166906896551724276e+04
2.326686206896551812e+04
2.449389655172413768e+04
2.700093103448275724e+04
3.015237931034482608e+04
3.300368965517241304e+04
3.650824137931034784e+04
3.981858620689655072e+04
4.268755172413792752e+04
4.659817241379310144e+04
4.990851724137931160e+04
5.300700000000000000e+04
5.602675862068965216e+04
5.882537931034482608e+04
6.127062068965517392e+04
6.176496551724137680e+04
2.072551724137931160e+04
2.787862068965517210e+03
4.809379310344827900e+03
6.592551724137931160e+03
9.090758620689655800e+03
9.638068965517240940e+03
1.142124137931034420e+04
1.266593103448275906e+04
1.430786206896551812e+04
1.557903448275862138e+04
1.627641379310344746e+04
1.730041379310344928e+04
1.812137931034482608e+04
1.933075862068965580e+04
2.031944827586206884e+04
2.107862068965517392e+04
2.155531034482758696e+04
2.232331034482758696e+04
2.277351724137931160e+04
2.317958620689655072e+04
2.391227586206896376e+04
2.427420689655172464e+04
2.466262068965517392e+04
2.543944827586206884e+04
2.552772413793103624e+04
2.558951724137931160e+04
2.619862068965517392e+04
2.598675862068965580e+04
2.625158620689655072e+04
2.670179310344827536e+04
2.671062068965517392e+04
2.689600000000000000e+04
2.709903448275861956e+04
2.739917241379310508e+04
2.734620689655172464e+04
2.779641379310344928e+04
2.760220689655172464e+04
2.753158620689655072e+04
2.763751724137931160e+04
2.776110344827586232e+04
2.804358620689655072e+04
2.769048275862068840e+04
2.807889655172413768e+04
2.822896551724138044e+04
2.808772413793103624e+04
2.824662068965517392e+04
2.799944827586206884e+04
2.827310344827586232e+04
2.821131034482758696e+04
2.774344827586206884e+04
2.798179310344827536e+04
2.775227586206896376e+04
2.783172413793103624e+04
2.787586206896551812e+04
2.771696551724138044e+04
2.787586206896551812e+04
2.776110344827586232e+04
2.788468965517241304e+04
2.852027586206896376e+04
2.857324137931034420e+04
2.838786206896551812e+04
2.806124137931034420e+04
2.850162068965517392e+04
2.916368965517241304e+04
3.012589655172413768e+04
3.150300000000000000e+04
3.317141379310344928e+04
3.449555172413792752e+04
3.583734482758621016e+04
3.690548275862068840e+04
3.802658620689655072e+04
3.928010344827586232e+04
4.005693103448276088e+04
4.056893103448276088e+04
4.082493103448276088e+04
4.124865517241378984e+04
4.142520689655172464e+04
4.199017241379310144e+04
4.185775862068965216e+04
4.218437931034482608e+04
4.214906896551723912e+04
4.231679310344827536e+04
4.225500000000000000e+04
4.166355172413792752e+04
4.184893103448276088e+04
4.180479310344827536e+04
4.146051724137931160e+04
4.121334482758621016e+04
4.124865517241378984e+04
4.115155172413792752e+04
4.071017241379310144e+04
4.028644827586207248e+04
4.025113793103448552e+04
4.024231034482758696e+04
4.012755172413792752e+04
3.985389655172413768e+04
3.931541379310344928e+04
3.925362068965517392e+04
3.908589655172413768e+04
3.888286206896551448e+04
3.867100000000000000e+04
3.831789655172413768e+04
3.837086206896551448e+04
3.801775862068965216e+04
3.815900000000000000e+04
3.812368965517241304e+04
3.806189655172413768e+04
3.793831034482758696e+04
3.818548275862068840e+04
3.817665517241378984e+04
3.778824137931034784e+04
3.798244827586207248e+04
3.784120689655172464e+04
3.717913793103448552e+04
3.730272413793103624e+04
3.691431034482758696e+04
3.676424137931034784e+04
3.687017241379310144e+04
3.680837931034482608e+04
3.672010344827586232e+04
3.695844827586207248e+04
3.666713793103448552e+04
3.634934482758621016e+04
3.627872413793103624e+04
3.624341379310344928e+04
3.651706896551723912e+04
3.634051724137931160e+04
3.575789655172413768e+04
3.608451724137931160e+04
3.603155172413792752e+04
3.580203448275862320e+04
3.593444827586207248e+04
3.567844827586207248e+04
3.558134482758621016e+04
3.566962068965517392e+04
3.545775862068965216e+04
3.566079310344827536e+04
3.551072413793103624e+04
3.566079310344827536e+04
3.582851724137931160e+04
3.593444827586207248e+04
3.557251724137931160e+04
3.536065517241378984e+04
3.559017241379310144e+04
3.549306896551723912e+04
3.529886206896551448e+04
3.491044827586207248e+04
3.498106896551723912e+04
3.508700000000000000e+04
3.534300000000000000e+04
3.551072413793103624e+04
3.573141379310344928e+04
3.574906896551723912e+04
3.581086206896551448e+04
3.576672413793103624e+04
3.600506896551723912e+04
3.581968965517241304e+04
3.570493103448276088e+04
3.544010344827586232e+04
3.541362068965517392e+04
3.579320689655172464e+04
3.567844827586207248e+04
3.544893103448276088e+04
3.539596551724137680e+04
3.574024137931034784e+04
3.546658620689655072e+04
3.561665517241378984e+04
3.578437931034482608e+04
3.567844827586207248e+04
3.550189655172413768e+04
3.547541379310344928e+04
3.512231034482758696e+04
3.525472413793103624e+04
3.510465517241378984e+04
3.536948275862068840e+04
3.559900000000000000e+04
3.559900000000000000e+04
3.549306896551723912e+04
3.572258620689655072e+04
3.549306896551723912e+04
3.544010344827586232e+04
3.546658620689655072e+04
3.534300000000000000e+04
3.540479310344827536e+04
3.611100000000000000e+04
3.706437931034482608e+04
3.807072413793103624e+04
3.904175862068965216e+04
4.086024137931034784e+04
4.243155172413792752e+04
4.364093103448276088e+04
4.508865517241378984e+04
4.682768965517241304e+04
4.797527586206896376e+04
4.941417241379310144e+04
5.149748275862068840e+04
5.262741379310344928e+04
5.441972413793103624e+04
5.607965517241378984e+04
5.822503448275862320e+04
5.882537931034482608e+04
6.047613793103448552e+04
6.227696551724137680e+04
6.309793103448276088e+04
5.075696551724137680e+04
2.723144827586206884e+04
1.462565517241379348e+04
8.667034482758621380e+03
7.219310344827586050e+03
5.877517241379310690e+03
4.650482758620689310e+03
5.409655172413793480e+03
5.983448275862068840e+03
6.945655172413793480e+03
7.228137931034482790e+03
8.004965517241379530e+03
8.163862068965517210e+03
8.834758620689655800e+03
9.011310344827586960e+03
9.205517241379309780e+03
9.708689655172413040e+03
1.017655172413793116e+04
1.030013793103448188e+04
1.083862068965517210e+04
1.086510344827586232e+04
1.128000000000000000e+04
1.176551724137930978e+04
1.194206896551724094e+04
1.208331034482758696e+04
1.197737931034482790e+04
1.232165517241379348e+04
1.230400000000000000e+04
1.241875862068965580e+04
1.267475862068965580e+04
1.304551724137930978e+04
1.271889655172413768e+04
1.270124137931034420e+04
1.283365517241379348e+04
1.294841379310344746e+04
1.323089655172413768e+04
1.287779310344827536e+04
1.332800000000000000e+04
1.322206896551724094e+04
1.305434482758620652e+04
1.296606896551724094e+04
1.316910344827586232e+04
1.345158620689655254e+04
1.350455172413793116e+04
1.371641379310344746e+04
1.373406896551724094e+04
1.416662068965517210e+04
1.408717241379310326e+04
1.402537931034482790e+04
1.426372413793103442e+04
1.442262068965517210e+04
1.415779310344827536e+04
1.410482758620689674e+04
1.454620689655172464e+04
1.419310344827586232e+04
1.432551724137930978e+04
1.383117241379310326e+04
1.408717241379310326e+04
1.401655172413793116e+04
1.399006896551724094e+04
1.409600000000000000e+04
1.425489655172413768e+04
1.414013793103448188e+04
1.389296551724137862e+04
1.388413793103448188e+04
1.397241379310344746e+04
1.382234482758620652e+04
1.381351724137930978e+04
1.419310344827586232e+04
1.436965517241379348e+04
1.413131034482758696e+04
1.402537931034482790e+04
1.409600000000000000e+04
1.413131034482758696e+04
1.429020689655172464e+04
1.424606896551724094e+04
1.385765517241379348e+04
1.414896551724137862e+04
1.389296551724137862e+04
1.389296551724137862e+04
1.383117241379310326e+04
1.399006896551724094e+04
1.361048275862069022e+04
1.359282758620689674e+04
1.356634482758620652e+04
1.338979310344827536e+04
1.321324137931034420e+04
1.332800000000000000e+04
1.326620689655172464e+04
1.322206896551724094e+04
1.305434482758620652e+04
1.324855172413793116e+04
1.355751724137930978e+04
1.358400000000000000e+04
1.349572413793103442e+04
1.357517241379310326e+04
1.342510344827586232e+04
4.075431034482758696e+04
4.158410344827586232e+04
4.256396551724137680e+04
4.383513793103448552e+04
4.515927586206896376e+04
4.668644827586207248e+04
4.766631034482758696e+04
4.869031034482758696e+04
4.993500000000000000e+04
5.132093103448276088e+04
5.225665517241378984e+04
5.286575862068965216e+04
5.346606896551723912e+04
5.437558620689655072e+04
5.477293103448276088e+04
5.492303448275862320e+04
5.544403448275862320e+04
5.524979310344827536e+04
5.567351724137931160e+04
5.585896551724137680e+04
5.600017241379310144e+04
5.600906896551723912e+04
5.625627586206896376e+04
5.597368965517241304e+04
5.602668965517241304e+04
5.615037931034482608e+04
5.593834482758621016e+04
5.545275862068965216e+04
5.519675862068965216e+04
5.462286206896551448e+04
5.475524137931034784e+04
5.466689655172413768e+04
5.429603448275862320e+04
5.370455172413792752e+04
5.388993103448276088e+04
5.327186206896551448e+04
5.345724137931034784e+04
5.295406896551723912e+04
5.271568965517241304e+04
5.253913793103448552e+04
5.283044827586207248e+04
5.228313793103448552e+04
5.246851724137931160e+04
5.228313793103448552e+04
5.223017241379310144e+04
5.191237931034482608e+04
5.208010344827586232e+04
5.166520689655172464e+04
5.163872413793103624e+04
5.186824137931034784e+04
5.176231034482758696e+04
5.171817241379310144e+04
5.164755172413792752e+04
5.162989655172413768e+04
5.132093103448276088e+04
5.111789655172413768e+04
5.120617241379310144e+04
5.085306896551723912e+04
5.042934482758621016e+04
5.080010344827586232e+04
5.062355172413792752e+04
5.033224137931034784e+04
5.016451724137931160e+04
5.023513793103448552e+04
4.982906896551723912e+04
4.959955172413792752e+04
4.956424137931034784e+04
4.952893103448276088e+04
4.951127586206896376e+04
4.954658620689655072e+04
4.944065517241378984e+04
4.929941379310344928e+04
4.928175862068965216e+04
4.909637931034482608e+04
4.919348275862068840e+04
4.926410344827586232e+04
4.900810344827586232e+04
4.906989655172413768e+04
4.931706896551723912e+04
4.912286206896551448e+04
4.892865517241378984e+04
4.895513793103448552e+04
4.911403448275862320e+04
5.031458620689655072e+04
5.048231034482758696e+04
5.112672413793103624e+04
5.192120689655172464e+04
5.263627586206896376e+04
5.425193103448276088e+04
5.547931034482758696e+04
5.697141379310344928e+04
5.825151724137931160e+04
5.966400000000000000e+04
6.106758620689655072e+04
6.059089655172413768e+04
3.294289655172413768e+04
3.371089655172413768e+04
1.449324137931034420e+04
8.781793103448275360e+03
3.626482758620689765e+03
4.368000000000000000e+03
5.630344827586206520e+03
6.221793103448276270e+03
6.566068965517240940e+03
7.748965517241379530e+03
8.516965517241378620e+03
8.622896551724137680e+03
9.064275862068965580e+03
9.523310344827586960e+03
9.964689655172413040e+03
1.052082758620689674e+04
1.052082758620689674e+04
1.044137931034482790e+04
1.117406896551724094e+04
1.112993103448275906e+04
1.120055172413793116e+04
1.137710344827586232e+04
1.151834482758620652e+04
1.156248275862069022e+04
1.168606896551724094e+04
1.170372413793103442e+04
1.189793103448275906e+04
1.179200000000000000e+04
1.179200000000000000e+04
1.196855172413793116e+04
1.144772413793103442e+04
1.142124137931034420e+04
1.180082758620689674e+04
1.098868965517241304e+04
1.102400000000000000e+04
1.107696551724137862e+04
1.070620689655172464e+04
1.044137931034482790e+04
1.023834482758620652e+04
1.023834482758620652e+04
1.031779310344827536e+04
9.699862068965518120e+03
9.408551724137931160e+03
9.276137931034481880e+03
9.258482758620690220e+03
9.046620689655172100e+03
9.602758620689655800e+03
9.046620689655172100e+03
8.870068965517240940e+03
8.631724137931034420e+03
8.552275862068965580e+03
8.516965517241378620e+03
8.137379310344827900e+03
7.934344827586206520e+03
7.748965517241379530e+03
7.757793103448276270e+03
7.440000000000000000e+03
7.316413793103448370e+03
7.254620689655172100e+03
6.777931034482759060e+03
6.875034482758620470e+03
6.468965517241379530e+03
6.504275862068965580e+03
5.930482758620689310e+03
5.859862068965517210e+03
5.771586206896551630e+03
5.171310344827586050e+03
5.542068965517240940e+03
5.171310344827586050e+03
4.262068965517240940e+03
4.588689655172413950e+03
4.182620689655172100e+03
4.041379310344827445e+03
3.758896551724138135e+03
3.891310344827586050e+03
3.538206896551724185e+03
3.167448275862068840e+03
3.344000000000000000e+03
5.374344827586206520e+03
7.448827586206896740e+03
7.387034482758620470e+03
7.404689655172413950e+03
9.108413793103447460e+03
9.187862068965518120e+03
1.111227586206896558e+04
1.102400000000000000e+04
8.552275862068965580e+03
1.070620689655172464e+04
1.107696551724137862e+04
1.280717241379310326e+04
1.273655172413793116e+04
1.267475862068965580e+04
1.482868965517241304e+04
1.670896551724138044e+04
1.689434482758620652e+04
2.295889655172413768e+04
1.649710344827586232e+04
1.859806896551724276e+04
2.094620689655172464e+04
1.866868965517241304e+04
2.099034482758620652e+04
2.935889655172413768e+04
3.168937931034482608e+04
2.933241379310344928e+04
3.370206896551723912e+04
3.353434482758621016e+04
3.349020689655172464e+04
3.564413793103448552e+04
3.326068965517241304e+04
3.555586206896551448e+04
3.773627586206896376e+04
4.213241379310344928e+04
3.553820689655172464e+04
4.417158620689655072e+04
5.042151724137931160e+04
5.262841379310344928e+04
5.266372413793103624e+04
5.480000000000000000e+04
6.120000000000000000e+04
5.899310344827586232e+04
5.887834482758621016e+04
6.316855172413792752e+04
6.101462068965517392e+04
6.294786206896551448e+04
6.089103448275862320e+04
6.071448275862068840e+04
6.087337931034482608e+04
6.293903448275862320e+04
6.278013793103448552e+04
6.269186206896551448e+04
6.259475862068965216e+04
6.036137931034482608e+04
6.231227586206896376e+04
6.263006896551723912e+04
6.248000000000000000e+04
6.235641379310344928e+04
6.206510344827586232e+04
6.198565517241378984e+04
6.177379310344827536e+04
6.194151724137931160e+04
6.195917241379310144e+04
6.185324137931034784e+04
6.173848275862068840e+04
6.181793103448276088e+04
6.132358620689655072e+04
6.148248275862068840e+04
6.153544827586207248e+04
6.178262068965517392e+04
6.135889655172413768e+04
6.142951724137931160e+04
6.125296551724137680e+04
6.153544827586207248e+04
6.192386206896551448e+04
6.135006896551723912e+04
6.130593103448276088e+04
6.160606896551723912e+04
6.142951724137931160e+04
6.141186206896551448e+04
6.139420689655172464e+04
6.104110344827586232e+04
6.115586206896551448e+04
6.159724137931034784e+04
6.158841379310344928e+04
6.153544827586207248e+04
6.159724137931034784e+04
6.114703448275862320e+04
6.101462068965517392e+04
6.138537931034482608e+04
6.103227586206896376e+04
6.069682758620689856e+04
6.100579310344827536e+04
6.103227586206896376e+04
6.119117241379310144e+04
6.097931034482758696e+04
6.097931034482758696e+04
6.075862068965517392e+04
6.089103448275862320e+04
6.074096551724137680e+04
6.045848275862068840e+04
6.066151724137931160e+04
6.036137931034482608e+04
6.024662068965517392e+04
6.006124137931034784e+04
6.033489655172413768e+04
6.014068965517241304e+04
6.003475862068965216e+04
6.028193103448276088e+04
5.987586206896551448e+04
6.010537931034482608e+04
5.973462068965517392e+04
5.974344827586207248e+04
5.961986206896551448e+04
5.973462068965517392e+04
5.960220689655172464e+04
5.929324137931034784e+04
5.945213793103448552e+04
5.976110344827586232e+04
5.951393103448276088e+04
5.972579310344827536e+04
5.976110344827586232e+04
5.962868965517241304e+04
5.961986206896551448e+04
5.956689655172413768e+04
5.932855172413792752e+04
5.951393103448276088e+04
5.957572413793103624e+04
5.909903448275862320e+04
5.921379310344827536e+04
5.877241379310344928e+04
5.887834482758621016e+04
5.908137931034482608e+04
5.892248275862068840e+04
5.886951724137931160e+04
5.909020689655172464e+04
5.885186206896551448e+04
5.853403448275862320e+04
5.867531034482758696e+04
5.851634482758621016e+04
5.848103448275862320e+04
5.869296551724137680e+04
5.885186206896551448e+04
5.849868965517241304e+04
5.845451724137931160e+04
5.863996551724137680e+04
5.856051724137931160e+04
5.876355172413792752e+04
5.836627586206896376e+04
5.851637931034482608e+04
5.892248275862068840e+04
2.286179310344827536e+04
2.254400000000000000e+04
2.174951724137931160e+04
2.114041379310344928e+04
2.508634482758620652e+04
2.445075862068965580e+04
2.449489655172413768e+04
2.420358620689655072e+04
2.558951724137931160e+04
2.551889655172413768e+04
2.534234482758620652e+04
2.479503448275861956e+04
2.460965517241379348e+04
2.390344827586206884e+04
2.434482758620689492e+04
2.651641379310344928e+04
2.209379310344827536e+04
2.443310344827586232e+04
2.222620689655172464e+04
2.400055172413793116e+04
2.406234482758620652e+04
2.420358620689655072e+04
2.415062068965517392e+04
2.416827586206896376e+04
2.417710344827586232e+04
2.617213793103448188e+04
2.408882758620689492e+04
2.180248275862068840e+04
2.167006896551724276e+04
2.134344827586206884e+04
2.149351724137931160e+04
2.361213793103448188e+04
2.324137931034482608e+04
2.543944827586206884e+04
2.536000000000000000e+04
2.725793103448275724e+04
2.516579310344827536e+04
2.964137931034482608e+04
2.713434482758620652e+04
2.714317241379310508e+04
2.927062068965517392e+04
2.692248275862068840e+04
2.906758620689655072e+04
3.087724137931034420e+04
3.069186206896551812e+04
3.057710344827586232e+04
3.263393103448275724e+04
3.255448275862068840e+04
3.437296551724137680e+04
3.654455172413792752e+04
3.623558620689655072e+04
4.103779310344827536e+04
3.861020689655172464e+04
4.277682758620689856e+04
4.289158620689655072e+04
4.474537931034482608e+04
4.494841379310344928e+04
4.452468965517241304e+04
4.662565517241378984e+04
4.478068965517241304e+04
4.458648275862068840e+04
5.533848275862068840e+04
5.549737931034482608e+04
5.521489655172413768e+04
5.538262068965517392e+04
5.737765517241378984e+04
5.319337931034482608e+04
5.545324137931034784e+04
5.545324137931034784e+04
4.877858620689655072e+04
5.007624137931034784e+04
5.111793103448276088e+04
5.231858620689655072e+04
5.382837931034482608e+04
5.537337931034482608e+04
5.665348275862068840e+04
5.771282758620689856e+04
5.899289655172413768e+04
5.995517241379310144e+04
6.068796551724137680e+04
6.121762068965517392e+04
5.953158620689655072e+04
5.736000000000000000e+04
5.743944827586207248e+04
6.186206896551723912e+04
6.196800000000000000e+04
6.208275862068965216e+04
5.774841379310344928e+04
5.987586206896551448e+04
5.976110344827586232e+04
5.978758620689655072e+04
5.971696551724137680e+04
5.965517241379310144e+04
5.946096551724137680e+04
6.134124137931034784e+04
6.121765517241378984e+04
6.074975862068965216e+04
6.040551724137931160e+04
6.015831034482758696e+04
5.991106896551723912e+04
5.956679310344827536e+04
