0.000000000000000000e+00
5.888277343750005599e+01
6.046777343750000000e+01
5.780746093749998238e+01
5.871933593749999858e+01
5.795249999999998636e+01
5.759687499999999716e+01
5.774964843749999943e+01
5.920746093749998806e+01
6.043089843750004775e+01
6.281109374999992667e+01
5.949437500000002643e+01
6.053609374999996362e+01
6.134683593749997499e+01
5.975527343750000142e+01
6.411937499999993406e+01
6.106214843750001364e+01
5.964371093749997499e+01
6.463999999999997215e+01
6.246996093749996959e+01
6.326371093749999375e+01
6.622027343749999773e+01
6.509214843749995794e+01
6.338121093749998636e+01
6.033808593749999716e+01
6.470589843750003922e+01
6.552339843750000625e+01
6.429027343749999091e+01
6.484234375000002615e+01
6.258714843750003354e+01
6.469339843750003638e+01
6.826996093749997385e+01
6.551152343750000284e+01
6.295484374999996646e+01
6.470152343749994373e+01
6.540777343749999773e+01
6.540000000000000568e+01
6.234339843750001364e+01
6.993558593749995111e+01
6.502734375000000000e+01
6.777621093750003922e+01
6.840234375000000000e+01
6.594496093750004206e+01
6.424937499999995794e+01
6.760277343749993406e+01
6.519808593749999659e+01
6.591402343749999204e+01
6.643714843749992838e+01
6.398609374999995225e+01
6.922152343749999659e+01
6.652464843749989143e+01
6.582246093749999716e+01
6.072496093749998636e+01
6.439996093750002615e+01
5.964371093750003183e+01
6.450609374999994827e+01
6.444027343749999659e+01
6.054683593749994230e+01
6.307871093749999858e+01
6.154750000000004917e+01
6.338808593750000142e+01
6.636499999999992383e+01
6.292933593749999943e+01
7.454609374999999716e+01
7.190609374999998238e+01
6.862749999999996930e+01
6.370058593750000142e+01
6.752250000000002217e+01
6.894496093749995680e+01
6.660484374999995794e+01
6.859859374999997783e+01
6.437152343750003070e+01
6.334859374999994230e+01
6.220058593750000142e+01
6.598500000000001364e+01
6.515589843749999943e+01
6.395777343750000909e+01
7.246558593750006594e+01
6.546734374999999773e+01
6.631933593750000000e+01
7.082152343750001933e+01
7.051089843750000341e+01
6.999652343750001648e+01
6.420058593749999432e+01
6.991777343750000284e+01
6.947089843749999716e+01
6.693402343750003070e+01
6.531734374999993520e+01
6.335121093750005627e+01
6.443734374999999659e+01
6.067496093749991815e+01
6.257183593750001194e+01
6.307437499999998920e+01
6.535609374999998522e+01
6.569339843750005059e+01
6.183246093749998806e+01
6.317187500000000000e+01
6.450371093750000284e+01
6.310746093750003638e+01
6.337621093750001222e+01
7.296937499999998522e+01
6.553500000000001080e+01
6.402359375000006025e+01
6.026527343750001364e+01
6.671933593750000568e+01
6.882484374999995680e+01
6.449027343749997954e+01
6.874859374999996930e+01
6.989000000000005741e+01
6.467437499999994088e+01
6.064359375000002217e+01
6.718902343750002615e+01
6.282964843749998352e+01
6.511234374999995111e+01
6.451996093750000227e+01
7.218687500000000057e+01
6.478277343750002615e+01
6.795250000000001478e+01
6.461933593749999716e+01
6.577152343750002217e+01
6.144687499999999858e+01
6.262484375000000369e+01
6.710121093750004206e+01
6.699964843749989996e+01
6.542359374999992383e+01
6.559433593750000568e+01
6.461734374999994657e+01
6.765902343749999659e+01
6.886234374999999375e+01
6.217499999999999716e+01
6.421527343749997385e+01
5.664996093750001194e+01
5.885589843750000227e+01
5.884214843750000057e+01
6.369750000000002643e+01
6.211734374999998920e+01
6.235308593749999773e+01
6.187777343750003922e+01
6.643277343750000341e+01
5.796109374999996078e+01
5.949683593749998778e+01
5.876089843749995367e+01
6.206734375000002046e+01
6.535777343750004320e+01
6.672496093749994373e+01
6.713359375000000284e+01
6.417484375000000796e+01
6.405621093749991246e+01
6.082437499999997499e+01
5.978687499999993804e+01
6.858109374999996533e+01
6.675687499999997954e+01
6.538746093749996646e+01
6.360839843750000000e+01
6.282964843750001194e+01
6.243109374999994543e+01
6.255589843749999091e+01
6.489683593749990109e+01
6.244652343750006906e+01
6.394527343749998494e+01
6.483187500000001080e+01
6.279183593749993264e+01
6.224527343749997499e+01
6.311500000000003041e+01
6.526058593749992554e+01
6.661249999999999716e+01
6.592437499999995509e+01
6.667109374999999716e+01
6.554058593749999773e+01
5.986402343749993804e+01
6.346996093749999091e+01
6.617089843750000000e+01
6.408999999999991815e+01
6.310464843749997499e+01
6.247339843749989541e+01
6.201000000000003354e+01
5.849839843749996504e+01
5.901371093750005770e+01
6.007933593750006196e+01
5.827339843749992809e+01
5.947437499999998778e+01
6.151234374999997101e+01
6.680933593749998067e+01
6.322984375000002899e+01
6.606402343750002615e+01
6.093871093750001222e+01
6.046000000000001506e+01
6.175249999999995509e+01
5.919859374999997215e+01
5.671621093750000142e+01
5.810609375000002785e+01
5.801109375000000057e+01
6.112359374999994088e+01
5.994433593750000000e+01
5.964750000000002217e+01
6.027339843749994941e+01
6.372027343749996220e+01
5.941527343749995538e+01
5.744437500000002217e+01
6.088687499999998920e+01
6.454984374999989427e+01
6.585433593749999659e+01
5.869750000000009038e+01
5.813734375000002785e+01
5.837714843749999716e+01
5.972339843749998778e+01
5.937714843749999716e+01
6.171249999999999858e+01
6.741777343750000284e+01
6.288109375000003354e+01
6.343746093749994230e+01
6.470000000000000284e+01
6.671734374999996930e+01
6.324371093750001904e+01
6.684437500000004206e+01
6.737984374999999204e+01
7.077308593749997101e+01
6.566859374999995680e+01
6.852484375000003070e+01
6.750996093749999716e+01
7.296187500000003467e+01
6.513999999999995794e+01
6.344359375000003354e+01
6.573402343749997101e+01
6.325937499999999858e+01
6.429808593750000512e+01
6.046558593749997357e+01
6.167964843749999915e+01
6.231499999999998352e+01
6.701402343749995794e+01
6.675999999999999091e+01
6.660902343749999943e+01
6.520621093750000341e+01
6.120859374999999858e+01
6.121871093749996362e+01
6.086484374999999858e+01
6.143187500000000512e+01
6.049937500000000767e+01
6.226246093749993094e+01
6.076937500000000369e+01
6.054437500000001648e+01
6.329437500000002359e+01
6.274937499999998636e+01
6.442339843749996930e+01
6.164808593749997101e+01
6.035234375000000284e+01
5.973999999999998778e+01
6.068187499999996959e+01
6.094859375000000057e+01
6.028734375000002643e+01
6.063609374999995083e+01
6.057152343750003354e+01
6.255121093750004491e+01
6.371714843749994373e+01
6.143871093749999091e+01
6.855121093750008754e+01
7.019652343750001933e+01
6.662652343749998352e+01
6.872027343750013983e+01
6.729652343750004206e+01
6.886402343749998067e+01
6.505464843749999204e+01
6.368746093749996362e+01
6.199371093749997641e+01
7.045152343750002899e+01
7.065999999999998238e+01
7.024964843750009891e+01
7.042621093750000227e+01
6.695839843749999432e+01
7.714984375000003070e+01
6.891527343750001933e+01
6.972734375000000284e+01
6.735937500000000000e+01
6.655234375000000568e+01
6.225484374999997783e+01
6.729437500000004491e+01
6.254749999999999233e+01
5.798808593750000284e+01
6.109609375000000142e+01
6.154027343750000512e+01
6.154027343750000512e+01
6.521527343750003070e+01
6.364964843749997669e+01
2.193050583833459370e+02
2.408027604097131302e+02
2.619363688081502914e+02
2.550936207002397964e+02
2.683271015352012796e+02
2.859594562715288930e+02
2.851310856050249072e+02
2.662806015962365791e+02
2.809617569917447213e+02
2.805117783540491700e+02
2.793497788423301813e+02
2.784045414155719413e+02
2.797127909272909392e+02
2.704174381440874413e+02
2.739002811616659301e+02
2.700717179292441301e+02
2.694127381318808148e+02
2.596517978852986630e+02
2.537672074311975905e+02
2.583782807344201728e+02
2.576721384614705812e+02
2.661401941865682375e+02
2.548157868379357183e+02
2.540532917207477510e+02
2.621394794648882680e+02
2.584892490571736516e+02
2.662001194185019131e+02
2.591018634980915181e+02
2.598243439668416954e+02
2.481884156221156559e+02
2.467027332490681033e+02
2.614789383882287552e+02
2.514884034150844059e+02
2.518883835786583347e+02
2.502311051362757439e+02
2.482909913057093547e+02
2.548971286958455948e+02
2.487934375947712340e+02
2.481077225679161984e+02
2.545539231294395961e+02
2.605656589692829925e+02
2.593109653657672311e+02
2.482577225679159767e+02
2.528407572358846664e+02
2.486102649873494101e+02
2.523469501680129667e+02
2.481580820649862176e+02
2.582983249849078220e+02
2.432885132783655138e+02
2.557096384614706039e+02
2.510520771211382964e+02
2.611277552217244988e+02
2.554832233613724952e+02
2.597707270234823227e+02
2.490245087617637694e+02
2.566369599336388205e+02
2.546814914888142880e+02
2.601782624238732069e+02
2.452029017060995102e+02
2.525095185273888490e+02
2.570577518647910438e+02
2.588097361177206039e+02
2.530971683686969698e+02
2.566937290376422425e+02
2.552409427827595323e+02
2.596028284639120329e+02
2.580410157197716217e+02
2.598627420991659278e+02
2.578024674409629142e+02
2.573034058564902011e+02
2.626809375947714216e+02
2.599633790010217353e+02
2.601696091645959541e+02
2.569520441621542091e+02
2.583315500825643767e+02
2.502583393281693986e+02
2.553395380586385670e+02
2.548218644136194939e+02
2.471712906831505734e+02
2.504282383149858617e+02
2.533753357881309114e+02
2.607047654145959541e+02
2.536759812349086474e+02
2.641783054536582540e+02
2.780732670015096346e+02
2.690217667573691642e+02
2.606752756685018539e+02
2.530327518647907254e+02
2.661519953340292091e+02
2.553566044038532823e+02
2.666014774507281118e+02
2.562209186738726885e+02
2.512587906831505222e+02
2.498188004487755620e+02
2.528471872895956096e+02
2.571299479097127687e+02
2.642717667573692211e+02
2.606833551973104477e+02
2.559890793794395449e+02
2.603159913057089625e+02
2.630082233613724725e+02
2.635152332490680465e+02
2.613814579194781231e+02
2.603102161592245238e+02
2.523153675264119897e+02
2.572670902436968277e+02
2.572643253511186572e+02
2.625846293061971437e+02
2.531687290376422936e+02
2.558832966035603533e+02
2.566407135957483661e+02
2.564717392915491700e+02
2.619377137178187240e+02
2.634383228486773305e+02
2.616873795503380506e+02
2.572939426606889128e+02
2.586149155610802950e+02
2.520205607026815358e+02
2.600170212739707267e+02
2.583242081636192893e+02
2.610023209565881075e+02
2.626082233613725521e+02
2.592332966035604613e+02
2.634219318574665181e+02
2.729157175630331267e+02
2.669757767671350734e+02
2.653028965181109697e+02
2.737366318696736585e+02
2.576620148652793318e+02
2.607145380586385954e+02
2.554059498018026204e+02
2.483593857759240109e+02
2.601420017427203106e+02
2.527456095308065471e+02
2.554958210176226601e+02
2.521580997651816176e+02
2.523721384614705983e+02
2.512883838838334327e+02
2.512613559907675267e+02
2.499876206392052609e+02
2.422854602998492339e+02
2.504468155854944200e+02
2.430885697358850450e+02
2.490175358003377255e+02
2.488409128755330926e+02
2.419282090181115166e+02
2.363020304292440414e+02
2.440136036103960464e+02
2.375098636811968902e+02
2.369423923677202879e+02
2.478104969209429669e+02
2.466173539155725507e+02
2.417779529756306545e+02
2.469909626191856091e+02
2.493799839204547766e+02
2.583843644136194371e+02
2.491471515840287907e+02
2.474396174043417034e+02
2.499560083955526295e+02
2.536300943940877914e+02
2.530503885835409221e+02
2.484613590425250891e+02
2.517597751802207711e+02
2.529620636934046161e+02
2.342084726899862233e+02
2.387439762300249129e+02
2.476448441499474598e+02
2.538157807344199739e+02
2.591940012544393426e+02
2.694759327119588761e+02
2.646352356904750422e+02
2.524703006929158562e+02
2.509384693330521259e+02
2.537103333467247523e+02
2.633383106416462738e+02
2.540030918306110834e+02
2.583018564790487517e+02
2.565520038789510409e+02
2.479010498994593092e+02
2.563633960908648532e+02
2.541765458101038746e+02
2.549524643892052040e+02
2.606894404023885841e+02
2.569826584810021473e+02
2.566986216157674789e+02
2.671618378633262409e+02
2.576852405732869329e+02
2.513502991670372921e+02
2.574059107393026125e+02
2.544009327119586032e+02
2.559134278291466273e+02
2.459760303682086828e+02
2.470904627412557488e+02
2.402062525361776295e+02
2.435636475557092524e+02
2.384114664644002914e+02
2.487033588594195805e+02
2.463246796602014115e+02
2.432598148530716458e+02
2.365497345918420251e+02
2.468278431123493135e+02
2.397060450166463852e+02
2.405896015352010977e+02
2.468520624727010784e+02
2.432833063691854534e+02
2.454278528779745159e+02
2.398150650972129938e+02
2.377875522798299244e+02
2.404408844941855818e+02
2.477353260225054896e+02
2.512531388276817665e+02
2.401941965669393539e+02
2.399000522798298789e+02
2.456878733247518483e+02
2.459208307832479363e+02
2.500095673555139513e+02
2.478618760102991132e+02
2.364511402314901147e+02
2.469488199800252914e+02
2.457060694307088795e+02
2.429500748628381075e+02
2.438988199800252801e+02
2.415863169282674789e+02
2.396909870332478079e+02
2.460333979219198284e+02
2.421354416841273576e+02
2.444379700654747865e+02
2.462378635591266516e+02
2.388561329072711885e+02
2.407369736665490620e+02
2.437283783906704286e+02
2.444385376924280422e+02
2.386422855561965548e+02
2.380536478608846664e+02
2.347159821504357353e+02
2.381791825288537439e+02
2.369657364839320621e+02
2.382479554170371046e+02
2.267427799409624640e+02
2.438922074311973915e+02
2.471363071626423675e+02
2.390346955293420592e+02
2.439797654145960735e+02
2.440095734590295820e+02
2.385604847139117339e+02
2.381647089570760727e+02
2.472760498994593945e+02
2.354980652803186274e+02
2.406067356294390152e+02
2.360370499604942438e+02
2.389957676118612540e+02
2.366747040742639001e+02
2.355120713227990166e+02
2.382122834199670365e+02
2.346835444062948284e+02
2.428635621064903773e+02
2.409459284394979477e+02
2.409360691255328675e+02
2.445559498018024556e+02
2.360558991426234172e+02
2.434033539766078889e+02
2.477895282930134329e+02
2.418808197969200648e+02
2.369906876558068802e+02
2.454627991670374172e+02
2.383516575044391175e+02
2.357285990327596608e+02
2.390604358857868306e+02
2.318411380952597085e+02
2.344561915010213795e+02
2.355661133760217183e+02
2.265424411958454698e+02
2.320097431367633760e+02
2.375022089570760784e+02
2.346223246186971778e+02
2.378034321016072283e+02
2.370629700654747580e+02
2.384896601289510727e+02
2.462968369477990223e+02
2.402425327485798903e+02
2.331480896943813548e+02
2.360660602754352908e+02
2.408614145845174903e+02
2.367236087983843902e+02
2.366886353486778205e+02
2.336032853120569257e+02
2.423815989106893483e+02
2.457424869722129301e+02
2.415770380586385784e+02
2.386578537935021416e+02
2.415109330171350734e+02
2.368404261201620216e+02
2.384583735078573170e+02
2.363891086763142084e+02
2.465999283784633462e+02
2.430243058198689710e+02
2.327173832124469186e+02
2.315780603975057659e+02
2.495157856172319839e+02
2.424184253877400010e+02
2.441502381318810819e+02
2.552153965181109072e+02
2.500079746431110266e+02
2.507407319062951387e+02
2.512314035981893596e+02
2.424377503389123376e+02
2.514623276704554087e+02
2.476769550508261091e+02
2.414403406709432716e+02
2.400434864228960521e+02
2.408279041475053077e+02
2.443652674287557716e+02
2.418082477754352055e+02
2.439845234102008362e+02
2.354978943818810819e+02
2.340604920381310023e+02
2.382047947114704698e+02
2.348935230439901147e+02
2.326704319185017198e+02
2.271355530732870989e+02
2.291886231416466728e+02
2.290905384248491430e+02
2.239980896943812354e+02
2.278905603975057659e+02
2.309479920381311899e+02
2.339906876558068234e+02
2.279959919160601771e+02
2.264398517793412680e+02
2.260030994600052452e+02
2.266412476533654115e+02
2.290937403291463852e+02
2.254152604097128574e+02
2.298255100435018505e+02
2.275958262056112176e+02
2.325942453950643483e+02
2.322005311006311672e+02
2.373860398286585109e+02
2.342261353486780422e+02
2.334036472505327708e+02
2.311761768525835521e+02
2.321614048188924357e+02
2.331425943940877801e+02
2.319129612153768960e+02
2.310501529878374072e+02
2.344488169282674903e+02
2.351146564668414953e+02
2.396783405488726260e+02
2.316779773896929839e+02
2.301698929780725393e+02
2.289397883027791920e+02
2.297529871553182659e+02
2.349935206025838852e+02
2.343953690522915281e+02
2.374535007661577879e+02
2.364269230073688561e+02
2.387906601899865109e+02
2.350396320527790976e+02
2.315332071870565471e+02
2.313332285493612233e+02
2.365510425752397055e+02
2.309771601289510841e+02
2.339488199800252914e+02
2.294229676240683489e+02
2.348956797212362346e+02
2.312404163545366771e+02
2.347410035127403773e+02
2.336744248384237892e+02
2.325165848726037439e+02
2.316729236787553532e+02
2.336283649629351089e+02
2.286629276460403730e+02
2.335378846162564628e+02
2.389305314058068177e+02
2.335685230439899840e+02
2.328310328096151238e+02
2.296176304048297823e+02
2.260347870820764058e+02
2.364687973970176813e+02
2.276270304292440301e+02
2.257411377900841671e+02
2.262661499971154058e+02
2.292871796602013603e+02
2.332833551973104420e+02
2.411970246309045649e+02
2.433784180635216785e+02
2.369758835786584825e+02
2.310797947114700435e+02
2.342563462251428064e+02
2.351746125215296104e+02
6.299183593750001364e+01
6.188750000000000284e+01
6.072109375000000142e+01
5.881371093749999091e+01
6.369964843749998096e+01
2.357542801851036529e+02
2.654009156221154626e+02
2.725644892305135727e+02
2.888497623628376800e+02
2.970383716768023987e+02
2.763155625337364540e+02
2.803909668916465421e+02
2.880830622285604363e+02
2.856205707734823136e+02
2.839705134004354363e+02
2.823525867646933420e+02
2.675057764619588738e+02
2.671132813447719627e+02
2.547509400361780081e+02
2.651383350557084668e+02
2.668519367402790294e+02
2.565421482270953106e+02
2.612576389497515947e+02
2.562932282441856842e+02
2.529780216401810264e+02
2.536534180635218547e+02
2.592282319062952638e+02
2.498283161348104500e+02
2.586814676851034278e+02
2.511957331269979363e+02
2.502133835786585223e+02
2.499514817231897723e+02
2.507361606782673675e+02
2.463002909272909164e+02
2.507759278291467240e+02
2.429495575898888546e+02
2.489345804780721778e+02
2.430509278291467581e+02
2.409128113740683546e+02
2.384870636934047923e+02
2.416774674409631700e+02
2.432899186128381643e+02
2.452844806855913191e+02
2.547219208711388205e+02
2.532874253267053177e+02
2.456353260225053816e+02
2.466362223237752858e+02
2.416721650117641218e+02
2.483582758516073170e+02
2.531670993989702367e+02
2.487689914888140663e+02
2.464707721894976089e+02
2.402978577607873945e+02
2.468915360444788689e+02
2.453333210176226657e+02
2.405405899995568291e+02
2.416347263520954982e+02
2.438502811616655777e+02
2.494308497041463966e+02
2.480277552217245045e+02
2.510002503389125081e+02
2.397595673555139797e+02
2.490579746431111232e+02
2.492454746431109811e+02
2.411298893159628278e+02
2.537205768769976544e+02
2.544673502534627971e+02
2.561683130830526238e+02
2.505556733125451956e+02
2.420782807344200194e+02
2.469508594697710180e+02
2.451501932710409051e+02
2.449244660371547582e+02
2.411782807344200990e+02
2.424457026094198113e+02
2.356628788179157254e+02
2.374046878999471062e+02
2.374095478242631998e+02
2.403033936494594798e+02
2.329800455659627971e+02
2.362218448823685719e+02
2.415602723115684967e+02
2.421749772065881530e+02
2.381103577607874229e+02
2.432455997651816801e+02
2.379083307832479477e+02
2.346979065889122467e+02
2.359175358003375607e+02
2.431144794648885181e+02
2.409977234834435933e+02
2.451961411470178120e+02
2.383547367280720550e+02
2.395384522432091217e+02
2.418684986299275010e+02
2.339378846162559853e+02
2.340979114717240464e+02
2.358979065889124342e+02
2.329848246186971608e+02
2.315471759980913191e+02
2.266235886567835678e+02
2.288251499360796117e+02
2.279897150605916920e+02
2.338128788179156743e+02
2.353408161348100407e+02
2.274870011323692438e+02
2.354470978730921047e+02
2.368478699678184398e+02
2.308251694673302268e+02
2.300511402314897680e+02
2.339875718110803575e+02
2.313185938447713852e+02
2.329021357148885727e+02
2.356415696138143971e+02
2.291829667085408744e+02
2.354754123872514811e+02
2.325496125215296672e+02
2.319651627534631189e+02
2.305832462495564528e+02
2.299551401704549676e+02
2.350135547822712283e+02
2.308784565156697681e+02
2.326909137910603533e+02
2.333879334443810478e+02
2.382674967378378028e+02
2.370933442109827354e+02
2.409457905000444384e+02
2.334032657808061799e+02
2.352885303682085691e+02
2.393347361177206096e+02
2.383720783418414726e+02
2.413578049653773121e+02
2.404924967378377971e+02
2.321019443696733049e+02
2.448352894014116714e+02
2.299814438813926358e+02
2.359001529878376573e+02
2.358985691255328732e+02
2.410220539277790124e+02
2.427259693330523476e+02
2.352300943940877858e+02
2.324097187227006600e+02
2.372996308320762182e+02
2.349810596650837908e+02
2.379354065889125138e+02
2.416237583345173334e+02
2.450352601045374854e+02
2.472877503389123319e+02
2.506519220918416977e+02
2.505706684297322795e+02
2.412970295137163816e+02
2.372958637422321715e+02
2.313235886567835564e+02
2.371534519380330437e+02
2.383385181611776318e+02
2.376509888643028603e+02
2.333604725068804271e+02
2.369783588594195010e+02
2.330784870332476260e+02
2.356408161348098531e+02
2.290104602998492851e+02
2.344596405977013944e+02
2.330971454805133476e+02
2.301876041597124640e+02
2.341721711152795251e+02
2.345691141694784108e+02
2.419278772920370102e+02
2.327032169526815437e+02
2.355708551973104363e+02
2.362245881074671559e+02
2.353237681001424733e+02
2.350535767549279740e+02
2.345033539766078832e+02
2.381749546235797084e+02
2.378852478975061899e+02
2.356728260225053759e+02
2.435977112764123831e+02
2.528263993257288291e+02
2.484767862886190528e+02
2.369871308320763603e+02
2.396683747285608206e+02
2.384018839448690414e+02
2.393807953828576842e+02
2.400283161348103818e+02
2.349435474580523646e+02
2.382059839814901352e+02
2.412424479097127801e+02
2.415502756685018539e+02
2.416469513887169853e+02
4.890687499999999943e+01
2.431477405732866828e+02
2.416957331269979363e+02
2.416361216157674789e+02
2.358528650850057602e+02
2.294029383271932545e+02
2.351729187959437581e+02
2.426027918428182488e+02
2.350540848726038234e+02
2.306060596650834214e+02
2.349646564668415181e+02
2.328596467012170592e+02
2.362800327485797993e+02
2.369010059541461146e+02
2.408967667573694200e+02
2.403032319062951956e+02
2.460956842988729534e+02
2.449689579194779867e+02
2.372378397554159051e+02
2.395259888643033150e+02
2.323004612153767425e+02
5.294339843750001506e+01
5.148187500000002359e+01
2.332831974214314812e+02
2.407809229463338738e+02
2.405933259004359002e+02
2.377238559907674187e+02
2.381207285493612176e+02
2.418095978730920592e+02
2.369278894990682716e+02
2.350135425752397111e+02
2.420434961885213738e+02
2.313522052949663248e+02
2.408309717744588738e+02
2.393343644136195110e+02
2.354610202974076287e+02
2.424059717744588909e+02
2.398487192720174903e+02
2.308557969087365223e+02
2.359846894258266161e+02
2.384245820039514001e+02
2.411171677583460564e+02
2.405958246797323170e+02
2.382359623140094698e+02
2.350659272187950535e+02
2.353584186738725350e+02
2.382760498994592524e+02
2.316004612153766686e+02
5.783121093749999631e+01
2.436771418184042091e+02
2.432208210176226544e+02
2.439212418550258121e+02
2.517469513887169796e+02
2.519799936860799789e+02
2.474502625459435023e+02
2.542924350923298391e+02
2.520227128022912950e+02
2.525658814424276954e+02
2.549128235810996443e+02
2.663158060640096778e+02
2.592345798677206403e+02
2.602485758394003028e+02
2.547377625459437809e+02
2.607439676851034278e+02
2.499907673066851146e+02
2.473095050996538191e+02
2.520874057954548846e+02
2.527808497041463909e+02
2.542633228486772055e+02
2.626155671113733092e+02
2.503582026094198341e+02
2.520843174165483163e+02
2.477680039399863858e+02
2.491602128022911415e+02
2.563595310395954812e+02
2.528701584810019938e+02
2.530404728120564926e+02
2.553268146699662680e+02
2.627859263032675017e+02
2.575968036836383703e+02
2.644875794404748603e+02
2.674247135347125663e+02
2.658028183931115791e+02
5.546246093749997641e+01
2.591625858491659073e+02
2.557406098359826387e+02
2.558063938325641118e+02
2.571758423799281559e+02
2.551970310395959132e+02
2.687555573457483433e+02
2.629218280977007680e+02
2.601532837861779512e+02
2.542060825532670947e+02
2.601694046968223688e+02
2.575829355806112062e+02
2.622684360688922993e+02
2.494734226411576969e+02
5.777871093750000142e+01
6.260000000000000142e+01
2.673280610078576842e+02
2.645610727876425017e+02
2.745681788057088966e+02
2.650282715791468604e+02
2.726106205171344072e+02
2.691130814546352781e+02
2.624794437593217253e+02
2.673872330659631302e+02
2.634750550264124627e+02
2.677328653901815301e+02
2.697681788057088852e+02
6.867984375000000341e+01
6.546371093750001080e+01
2.678094339936971551e+02
2.685825119966270904e+02
2.516352405732867794e+02
2.517680314058067665e+02
2.562298990815878028e+02
2.607183033174272850e+02
2.601998600190876232e+02
2.518377869600061842e+02
2.639607468599084541e+02
2.692750794404749399e+02
2.531407123750443020e+02
2.522080509370567540e+02
2.525217472261188902e+02
2.553123111909626459e+02
2.630591221040485266e+02
2.614226185029744443e+02
2.545781696504350293e+02
2.637401233857868874e+02
2.646931550019982637e+02
2.594357468599086474e+02
2.570593586152791659e+02
2.595626404756309284e+02
2.510352845185996955e+02
2.629593586152789157e+02
2.583776575654745216e+02
2.594250956147909051e+02
2.528311020845177950e+02
2.549331928437945010e+02
2.500502659028769301e+02
2.486332819551229534e+02
2.580809107393026238e+02
2.570031879609822454e+02
5.729808593749995538e+01
2.542061051362755393e+02
6.529214843750000341e+01
2.502759327119583190e+02
2.603351624482872921e+02
2.596808887666459782e+02
2.532033204072716615e+02
2.520530899995570167e+02
2.393978104585413007e+02
2.423535035127404740e+02
2.510790207856897212e+02
2.527205607026815528e+02
2.432396076387163646e+02
2.450778284639119988e+02
2.602517002290486516e+02
2.578997818940884486e+02
2.530288743013148292e+02
2.490033692353964909e+02
2.517407123750445521e+02
2.468733738130328561e+02
2.583968720430140138e+02
2.577939188569783937e+02
2.605622330659633690e+02
2.547154239839313163e+02
2.526439035981893539e+02
2.537873600190876004e+02
2.527992295259240052e+02
2.628776697725057829e+02
2.551707331269979591e+02
2.609557789033652284e+02
2.539830118745565528e+02
2.582477234834437922e+02
2.602226868623499172e+02
2.551307544893024328e+02
2.582169632905723802e+02
2.504655625337366587e+02
2.490171586030725734e+02
2.519027454560992680e+02
2.568186313813922084e+02
2.537752259248499342e+02
2.476878244966268596e+02
2.417728928560019597e+02
2.410547654145958916e+02
2.435156601899865620e+02
2.417706211274860379e+02
2.535015458101035506e+02
2.439395771211385693e+02
2.489845050996537452e+02
2.520377323335406459e+02
2.432237681001424789e+02
2.426487583345173675e+02
2.481853104585414371e+02
2.469907917207477510e+02
2.427759449189898930e+02
2.507358353608849484e+02
2.468049448579549789e+02
2.493559498018024385e+02
2.483344941133264001e+02
2.457160401338342695e+02
2.414846775239706460e+02
2.414846775239706460e+02
5.945527343749999716e+01
5.517437499999998352e+01
5.024527343749999631e+01
5.711777343749999858e+01
6.397402343750000142e+01
2.549874253267051643e+02
2.660769062227009840e+02
2.651845310395955266e+02
2.776568558686974484e+02
2.841899256318807829e+02
2.896613663667444030e+02
2.768975525850059398e+02
2.810889347261189641e+02
2.726967316621544342e+02
2.724386692231890947e+02
2.751591816133258703e+02
2.883578266328569271e+02
2.702281006807092467e+02
2.785793259614708859e+02
2.728475037568812240e+02
2.620468525117630634e+02
2.654405365937951728e+02
2.668492707246543887e+02
2.637278458589318006e+02
2.496257859224084825e+02
2.583125370210406118e+02
2.581155365937951274e+02
2.687181543916464079e+02
2.676182666963335919e+02
2.679609653657673221e+02
2.723331049531698227e+02
2.654563212007284392e+02
2.530869416230921161e+02
2.693680817598105932e+02
2.528133716768022623e+02
2.582482468599085337e+02
2.568966983979938163e+02
2.517532074922325478e+02
2.524554825776818632e+02
2.480007859224083973e+02
2.517138993257287893e+02
2.633887821382280663e+02
2.619210465425254029e+02
2.691967804902796502e+02
2.514206684297321885e+02
2.536826249116664656e+02
2.568650867646932170e+02
2.548997593110799187e+02
2.535078867524862289e+02
2.617184098237756871e+02
2.615653183931113972e+02
2.675261844819781913e+02
2.609806934541462056e+02
2.641219431489706153e+02
2.675606693452594982e+02
2.657592743867638774e+02
2.613896744722127892e+02
2.592805268281700819e+02
2.609851185029741600e+02
2.558956293672323170e+02
2.677874393647908846e+02
2.620056543916463738e+02
2.576546940034626232e+02
2.638402695649864427e+02
2.586006882661584996e+02
2.543530854219201558e+02
2.559428574556116871e+02
2.632827579683065551e+02
2.689077189058065187e+02
2.664036942476036529e+02
2.587047495454550017e+02
2.581704792207476657e+02
2.541894123262165124e+02
2.571669632905724256e+02
2.581531983369591785e+02
2.587953769868611289e+02
2.563205561250448454e+02
2.646474964326616828e+02
2.590309391206500322e+02
2.586981693452594868e+02
2.591881791108850166e+02
2.578056788057089079e+02
2.685780884736781218e+02
2.629775354951619875e+02
2.655778263276815778e+02
2.667405170625443702e+02
2.577955866426229363e+02
2.525932666963336430e+02
2.482469513887170365e+02
2.528976307100053873e+02
2.549061051362756132e+02
2.531095316499471721e+02
2.511095707124467822e+02
2.557508179658652807e+02
2.551360270112753028e+02
2.474795701020959768e+02
2.545494599336391843e+02
2.597181000703577638e+02
2.582156879609822226e+02
2.550518467134237994e+02
2.514852723115686786e+02
2.553221286958454925e+02
2.540030704683063618e+02
2.573023667329551927e+02
2.497377747529748717e+02
2.571251282685997239e+02
2.584591495698688277e+02
2.462352601045373035e+02
2.444658100312946374e+02
2.478414719575644654e+02
2.496267374604940414e+02
2.556844452852013490e+02
2.598851551240679214e+02
2.603032566255329812e+02
2.534001770967246898e+02
2.558705768769978874e+02
5.492496093750001052e+01
2.527188602632282652e+02
2.549522202485804883e+02
5.875589843749997954e+01
6.093109374999996675e+01
2.587156595796346892e+02
5.431234375000001080e+01
5.959339843749999943e+01
5.502964843749997215e+01
5.491246093750000767e+01
5.456859375000000512e+01
5.322621093750002785e+01
5.757777343749995680e+01
5.613109375000000512e+01
2.588580866426229363e+02
2.588906986421345096e+02
5.351996093749998096e+01
2.554747104829549187e+02
2.557655915254360366e+02
2.636400477021932716e+02
2.570593293184047639e+02
2.563976185029742965e+02
2.561016611665487517e+02
2.566016025727988676e+02
2.561330219453569725e+02
2.589218845552205721e+02
2.522527332490679726e+02
2.564235239595174676e+02
2.501783326143028319e+02
2.558882740205525010e+02
2.624717804902794001e+02
2.628017267793417204e+02
2.578267658418412793e+02
5.923734374999996533e+01
2.613687961763142766e+02
2.626637375825646927e+02
2.666231003755335678e+02
2.575642658418414612e+02
2.644678574556115791e+02
2.572093280977007907e+02
2.579281983369592695e+02
2.505469013398885068e+02
2.593278476899857878e+02
2.605797495454550017e+02
2.582734263032674562e+02
5.536734375000003183e+01
2.574554841035607637e+02
5.433109375000003638e+01
2.565393329805133362e+02
2.546894062227011659e+02
2.567892902559040067e+02
2.608640909761190301e+02
2.517019159883260784e+02
2.549307789033651659e+02
2.540814090913532368e+02
5.297249999999996817e+01
5.484027343749998096e+01
5.573746093749997499e+01
5.291859374999999233e+01
5.198109375000002785e+01
4.857402343750000284e+01
4.994359375000000512e+01
5.331000000000000227e+01
5.100621093750000057e+01
2.533391300386187481e+02
5.367621093749995964e+01
2.489007370942834427e+02
2.520344822114705039e+02
5.534687499999999716e+01
5.371109374999998920e+01
5.341234375000000512e+01
2.506039231294398064e+02
2.436486637300252482e+02
2.403327366060013901e+02
2.451627137178185762e+02
2.435508255952597665e+02
2.431894465059041863e+02
2.440751835054156800e+02
2.455152210420366714e+02
2.421182282441858717e+02
2.469439090913534187e+02
2.510007496064898191e+02
2.503794529145953334e+02
5.075999999999999801e+01
5.035609374999998522e+01
2.517453769868609470e+02
5.260058593750000000e+01
2.464810532563928405e+02
2.477532566255326856e+02
2.525455768769978420e+02
2.494701584810023292e+02
2.421361606782673732e+02
2.433689914888143448e+02
2.487029435151820564e+02
2.460936020845177552e+02
2.435558985322713852e+02
2.403009693330522225e+02
2.400219620698694598e+02
2.441674839204546004e+02
2.372510743135217979e+02
2.445907624238732865e+02
2.550594242280716628e+02
2.450681488984826615e+02
2.464314035981893483e+02
2.426827030366656857e+02
2.460923990815877858e+02
2.415183985322713909e+02
2.346609226411576969e+02
4.989937499999999204e+01
2.428502259248496955e+02
2.356034668916465193e+02
2.439502259248496046e+02
5.122152343750001080e+01
2.469601673310991714e+02
4.998871093750003780e+01
4.995250000000001478e+01
2.396758347505334825e+02
2.424279941743608902e+02
2.421142490571735379e+02
4.901250000000000284e+01
2.423406879609820805e+02
2.449492081636194598e+02
2.509935337251423277e+02
2.510081049531698341e+02
2.446017002290485038e+02
2.417883472627399044e+02
2.404227478975061274e+02
2.464269062227011489e+02
2.487132496064899101e+02
2.480157105439902807e+02
2.552256153291461089e+02
2.557404682344195521e+02
2.573806446260211942e+02
2.527975940889116941e+02
2.578593845552205721e+02
5.809859374999997783e+01
5.221500000000001762e+01
2.570268000215291977e+02
2.563387040132287780e+02
2.553080134004354420e+02
2.566522202485802495e+02
2.509876194185017937e+02
2.545922525972127914e+02
2.552806812471152114e+02
2.527781986421346119e+02
5.193687500000002188e+01
5.455933593749999488e+01
2.598356296724079471e+02
5.424527343750001052e+01
2.634431812471150351e+02
5.923183593750000142e+01
5.822250000000000369e+01
5.429937500000001194e+01
5.461734375000003183e+01
5.030687500000003354e+01
5.050484374999999204e+01
4.853687499999996646e+01
4.781187500000002899e+01
4.921871093749998494e+01
4.862484375000001080e+01
5.463902343750002899e+01
4.982339843750001052e+01
4.874058593750002188e+01
4.971937500000002785e+01
4.886234375000005059e+01
4.667464843749995396e+01
4.358183593750000284e+01
4.835249999999998494e+01
4.849496093750001791e+01
4.763277343750001336e+01
4.812749999999998352e+01
5.071937500000000654e+01
4.775277343749996106e+01
4.700609374999997669e+01
4.845058593750000142e+01
4.878609374999999204e+01
5.017496093749998920e+01
4.705996093750000142e+01
4.739999999999999858e+01
4.500687499999998664e+01
4.636937499999995538e+01
2.408249283784631984e+02
4.583437500000000142e+01
4.790250000000001762e+01
4.766871093750003752e+01
4.784749999999999659e+01
4.653871093750002075e+01
5.299058593750002188e+01
5.250589843750001506e+01
5.105933593749999488e+01
5.130484375000003183e+01
5.001714843750001904e+01
4.833687499999999915e+01
5.128714843749997954e+01
5.045777343750001620e+01
5.064859375000001052e+01
5.265464843750000767e+01
5.171402343750001762e+01
5.210277343749997669e+01
2.396144855684041488e+02
4.709609375000000142e+01
4.900152343750000483e+01
4.958109375000002217e+01
5.189683593749995083e+01
5.311683593749999943e+01
4.768109374999995254e+01
4.810609374999999943e+01
4.546777343750000000e+01
4.743500000000000227e+01
4.711246093749998920e+01
2.422633716768024499e+02
4.988339843749999858e+01
5.086859375000001648e+01
5.076499999999999346e+01
4.739683593749997925e+01
4.932250000000000512e+01
5.260234375000000284e+01
5.581109375000001194e+01
5.507652343750000057e+01
5.030371093750000000e+01
5.240859375000000142e+01
4.917359374999998778e+01
2.493188700288534108e+02
2.362843448823687140e+02
4.569234374999999204e+01
5.128964843749999858e+01
4.951464843750000000e+01
4.799937499999999346e+01
2.451457026094198284e+02
4.971371093749998238e+01
2.441682038301234456e+02
4.596683593750001506e+01
4.969183593750003070e+01
5.213687499999996078e+01
5.199058593750000767e+01
2.485298404878375891e+02
5.316246093750000057e+01
2.523931550019983661e+02
5.443359375000000000e+01
5.187437499999997215e+01
5.052359374999998920e+01
5.091109375000002757e+01
4.648437500000000000e+01
4.841234375000001933e+01
4.839234375000003041e+01
4.724339843750006196e+01
4.627808593750003041e+01
4.647308593750000938e+01
4.823246093750001506e+01
4.933999999999996788e+01
4.572464843749999375e+01
4.851246093750000199e+01
5.101187499999999631e+01
5.388109375000000512e+01
5.172621093749997101e+01
5.048402343750002075e+01
4.899214843750004178e+01
4.980609374999998096e+01
4.901734374999999488e+01
4.833984375000000000e+01
4.871859375000001080e+01
4.847558593750000000e+01
4.911402343749999488e+01
5.309750000000001080e+01
5.046558593750000909e+01
5.348687499999999773e+01
5.491859375000001364e+01
5.352246093750000000e+01
5.455687500000002643e+01
5.542499999999999716e+01
5.719687499999999858e+01
5.311000000000001364e+01
4.862496093749997783e+01
4.773734374999999375e+01
4.741109375000003467e+01
4.741683593750000369e+01
5.451109375000000057e+01
4.749750000000003070e+01
5.057777343750001364e+01
5.473749999999999716e+01
7.257437500000001762e+01
6.554496093750003638e+01
2.753743134492640365e+02
2.767203769868609697e+02
2.780843476289513205e+02
2.848580134004354250e+02
2.960358707612751914e+02
2.845156101411579357e+02
2.888903965181108902e+02
2.866755420869586715e+02
2.846937082856893539e+02
2.913763157075642312e+02
2.908209488862754597e+02
2.731468851655721437e+02
2.838090519136189869e+02
2.857204303926226316e+02
2.786467804902794114e+02
2.716900745576618874e+02
2.814467499727014115e+02
2.810490830415489540e+02
2.940209000581505165e+02
2.747013016694785961e+02
2.730700760835411529e+02
2.682422007173299789e+02
2.721357181733844754e+02
2.583720310395954698e+02
2.599601975435023746e+02
2.651182276338338966e+02
2.639553574556115905e+02
2.713781498140095891e+02
2.651616593354943916e+02
2.594894123262162111e+02
2.736309391206499413e+02
2.710528751558060208e+02
2.657966709321734697e+02
2.641210465425254483e+02
2.685593280977006430e+02
2.693807178682087056e+02
2.632401331514120102e+02
2.735529682344194953e+02
2.660705280488729727e+02
2.720459000581506075e+02
2.711529938691859343e+02
2.633680512422326387e+02
2.633506791108850393e+02
2.677219919770956267e+02
2.595401477998491941e+02
2.698606400483848802e+02
2.585851551240681374e+02
2.612956049531698000e+02
2.553242783540490564e+02
2.588970310395953334e+02
2.607269465059042091e+02
2.609719919770956267e+02
2.656804825776816870e+02
2.640002268403768539e+02
2.587527576631305237e+02
2.620401575654744875e+02
2.616469208711390024e+02
2.627485758394003028e+02
2.685768915742635841e+02
2.731219025605919910e+02
2.591124253267054200e+02
2.679782184785602794e+02
2.626932911103962169e+02
2.737517353242634499e+02
2.658102356904748831e+02
2.709869355195763774e+02
2.640188938325641175e+02
2.736030854219203547e+02
2.652670017427202538e+02
2.730219730561969982e+02
2.747857468599084427e+02
2.746101868623497353e+02
2.687234751313924903e+02
2.755150623506303305e+02
2.806430933564901125e+02
2.772247104829548334e+02
2.762950412935018107e+02
2.729194626802209314e+02
2.709643329805136318e+02
2.732079258149859697e+02
2.774342988008262978e+02
2.688093720430138660e+02
2.723782962983848961e+02
2.653227161592245125e+02
2.712558008760213966e+02
2.727955951875447909e+02
2.853842853730917568e+02
7.719859374999997215e+01
2.879652500337359129e+02
2.834731400483850052e+02
2.836499979585408937e+02
2.883007007783650124e+02
2.910210434907680224e+02
9.158589843749997783e+01
2.843075272554161756e+02
2.907818558686973347e+02
2.789150721162557716e+02
2.786342792695759272e+02
2.798143427461385500e+02
2.666957660859821999e+02
2.780831537812948113e+02
2.715376038545372808e+02
2.801650623506308193e+02
2.755936020845177836e+02
2.613477649873493647e+02
2.644869111055137409e+02
2.584503147310019244e+02
2.697236118501422197e+02
2.621096781343221664e+02
2.654032612031695635e+02
2.654736734956503028e+02
2.736923862642049698e+02
2.693094745820754952e+02
2.682780137056117837e+02
2.726155610078577070e+02
2.705139133638142539e+02
2.647433399385212169e+02
2.604732865327599711e+02
2.683351185029744670e+02
2.699844828218221551e+02
2.661001038545374513e+02
2.690307642549276466e+02
2.682432422822712397e+02
2.738306910127401466e+02
2.681123111909627141e+02
2.704309848970173107e+02
2.637993195527797639e+02
2.667248111909628392e+02
2.631811509126429200e+02
2.705850998872522837e+02
6.893750000000000000e+01
7.305308593750004320e+01
7.173714843750001080e+01
7.138246093749998522e+01
2.672169632905724370e+02
2.664126160615686558e+02
2.727887821382282141e+02
2.698373764985805110e+02
2.745531986421346460e+02
2.727768427461385841e+02
2.779056665986776125e+02
6.885609375000001364e+01
7.481859375000000512e+01
2.809022233003381643e+02
2.645727128022912780e+02
7.663746093750002331e+01
2.708001160615684739e+02
2.788860172456498958e+02
2.817725940889116600e+02
2.766026600068804555e+02
2.732027088350053532e+02
2.807956598848104477e+02
2.801422495454550017e+02
7.125121093749997669e+01
2.698593964570765706e+02
2.764669529145955380e+02
2.695433008760213625e+02
7.347871093749999716e+01
7.542308593749996248e+01
6.669937499999997499e+01
2.697993134492638774e+02
2.681705805391073341e+02
2.716118378633264001e+02
2.708997818940881643e+02
2.630721293061971551e+02
2.727406940644979159e+02
2.752014133638141402e+02
2.724529435151818006e+02
2.618402820771931943e+02
2.811719333833456744e+02
7.250308593750000341e+01
2.776030854219202979e+02
2.718325901216266516e+02
2.626998111909626914e+02
6.977484374999991701e+01
8.413609374999998636e+01
7.214984374999991701e+01
6.868999999999999773e+01
7.577437499999999204e+01
7.261839843749996248e+01
7.367964843749997783e+01
7.672339843749996646e+01
7.800933593750008299e+01
6.935933593749993520e+01
7.194339843750000796e+01
7.386839843750006196e+01
7.676683593749997669e+01
7.429984374999997954e+01
7.379234375000001478e+01
7.648984375000000568e+01
7.787984375000004889e+01
7.617749999999998067e+01
7.782089843750000568e+01
7.296250000000000568e+01
7.569527343749997783e+01
7.288121093750001478e+01
7.606250000000000000e+01
7.385687499999997385e+01
7.446187500000000625e+01
7.030746093749999659e+01
7.338734374999995680e+01
7.406683593750001648e+01
7.385250000000007731e+01
7.514359374999997954e+01
7.393437500000000284e+01
7.215000000000000568e+01
7.153183593750000568e+01
7.624359375000000227e+01
7.339589843749999432e+01
6.950839843750000568e+01
6.507437500000000341e+01
7.307749999999998636e+01
6.799683593749999488e+01
7.105687500000000512e+01
7.661734375000004604e+01
7.350250000000006878e+01
7.605484375000004604e+01
7.061839843749997669e+01
6.899964843749998522e+01
6.789984374999995964e+01
6.645933593749998636e+01
6.699937499999997215e+01
6.253871093749997101e+01
6.515152343749994657e+01
7.342984375000000341e+01
6.638500000000004775e+01
7.012089843750000284e+01
6.548652343749999716e+01
6.567464843749996817e+01
6.706214843749995680e+01
7.030433593750001364e+01
6.842464843749998238e+01
7.362484374999995396e+01
6.562250000000000227e+01
6.711000000000004206e+01
6.465000000000000568e+01
6.832339843750000341e+01
6.520746093750000227e+01
6.024339843750004775e+01
6.433746093750004036e+01
6.315371093750000142e+01
6.621250000000000568e+01
6.318500000000000227e+01
6.586308593750000284e+01
6.722250000000002501e+01
6.359964843749996533e+01
6.576500000000001478e+01
6.208734374999995964e+01
6.478277343750001194e+01
6.463734374999995680e+01
6.262652343749994088e+01
6.600683593750000000e+01
6.436187499999999773e+01
5.782027343750006310e+01
6.195683593750000284e+01
6.602308593749995680e+01
7.026058593749995396e+01
7.181734375000000625e+01
6.964984374999998806e+01
6.706058593749995111e+01
7.084937500000002331e+01
7.754437499999997385e+01
7.412933593750003070e+01
7.484996093749995794e+01
7.639937499999993520e+01
7.314683593749995794e+01
6.891246093749995794e+01
7.097359374999999204e+01
6.698339843750000000e+01
6.391859375000005627e+01
7.390484375000001194e+01
7.870937499999999432e+01
7.403246093750001933e+01
7.527621093749995396e+01
7.816683593750003922e+01
7.365746093749996248e+01
7.523999999999999488e+01
7.458558593749999943e+01
7.325527343749999432e+01
7.394937499999997499e+01
8.248687499999998352e+01
7.708437499999999432e+01
7.903984375000000284e+01
8.418499999999994543e+01
8.404121093749999716e+01
8.512750000000001194e+01
8.547749999999999204e+01
7.861499999999998067e+01
8.636089843750001194e+01
8.019359375000001933e+01
8.088558593750002501e+01
7.823089843749997385e+01
8.009683593749998920e+01
7.748609375000000909e+01
7.826734375000000909e+01
8.183687499999997783e+01
7.615609375000003922e+01
6.763589843750000341e+01
7.008687500000002046e+01
7.543339843750000284e+01
7.252984375000002615e+01
7.569371093749998636e+01
7.921996093750001933e+01
8.024750000000000227e+01
7.645484374999999488e+01
7.166859374999998522e+01
7.305464843749996362e+01
7.056683593750003070e+01
7.188500000000001933e+01
7.398187500000003070e+01
8.283109375000000796e+01
7.473734375000000796e+01
8.034808593750003070e+01
7.956371093750006196e+01
7.003500000000001080e+01
7.379964843749999659e+01
7.816558593750004036e+01
8.119027343750001080e+01
7.638734375000004206e+01
8.296484375000000000e+01
8.014339843750002501e+01
8.486109375000000909e+01
8.778749999999999432e+01
8.466839843750003070e+01
8.560249999999999204e+01
8.372808593749999773e+01
7.927152343749995111e+01
8.539937499999997783e+01
8.139339843749998238e+01
8.102109375000000568e+01
8.718183593749999716e+01
8.008027343749999716e+01
8.068902343749999773e+01
7.474359375000001648e+01
7.480609374999998806e+01
8.086371093749997385e+01
7.067109374999999716e+01
7.856937499999995111e+01
7.604808593749994827e+01
7.694496093749994259e+01
7.790609374999998238e+01
8.217187500000000000e+01
8.360484375000001478e+01
7.358246093749998806e+01
7.865609374999999659e+01
8.059984374999996248e+01
8.337250000000011596e+01
8.084749999999996817e+01
8.489937500000003467e+01
8.421558593750002331e+01
8.378749999999999432e+01
8.082558593749999432e+01
7.848589843750001194e+01
8.075484374999999204e+01
8.394496093749998522e+01
8.190999999999998238e+01
7.140687499999997101e+01
7.497484374999996248e+01
6.953734375000000512e+01
7.588984374999999716e+01
6.888558593749998238e+01
7.023109375000004206e+01
7.030839843750000284e+01
7.396109375000000341e+01
7.486996093750001080e+01
7.571527343750000227e+01
7.438964843750000000e+01
7.254984374999999375e+01
7.563109375000003354e+01
6.927984375000006878e+01
6.901839843750001080e+01
6.724609375000000000e+01
7.012250000000001648e+01
7.369902343750000284e+01
7.596734374999999773e+01
7.306499999999996930e+01
7.023246093749999375e+01
7.286371093749994543e+01
7.295250000000001478e+01
7.713499999999997669e+01
7.868246093749993975e+01
7.457558593749999432e+01
7.157749999999998636e+01
7.811933593749999716e+01
7.774859374999996930e+01
7.698687500000005457e+01
7.698687500000005457e+01
6.168499999999998096e+01
5.611058593749991985e+01
6.028277343750003325e+01
6.477750000000003183e+01
5.859984375000002643e+01
2.657244599336387409e+02
2.721967197602986062e+02
2.782225281709437468e+02
2.664750315278768653e+02
2.765309360688922879e+02
2.807600037568810194e+02
2.830654633516073204e+02
2.816974427217248831e+02
2.803900623506306715e+02
2.827078867524862176e+02
2.831242707246544796e+02
2.764554780000452752e+02
2.737765635102987289e+02
2.737012668794390038e+02
2.776600208467243647e+02
2.636600769990686786e+02
2.683804291719198432e+02
2.725600452607865805e+02
2.723026697725057375e+02
2.582794925874468959e+02
2.633401355928181147e+02
2.726344431489706039e+02
2.590183008760213852e+02
2.619993683809044569e+02
2.508360172456500550e+02
2.551944626802208802e+02
2.611154160493614995e+02
2.621026355928182170e+02
2.693497135347124072e+02
2.560126770967249854e+02
2.696405719941850521e+02
2.662751526826623945e+02
2.667367707246545478e+02
2.571538407319786188e+02
2.604026355928182852e+02
2.602563700288534392e+02
2.671919925874466344e+02
2.543401941865682545e+02
2.530344513887168887e+02
2.502655216401810776e+02
2.552807221406700080e+02
2.573171097749474256e+02
2.529883667939904512e+02
2.495439188569784221e+02
2.612507251924272964e+02
2.507970295137162395e+02
2.451565500825643653e+02
2.520149155610803575e+02
2.516999253267053120e+02
2.509680802339317722e+02
2.521344806855912850e+02
2.533079844087362176e+02
2.488096384614705983e+02
2.515469257539507453e+02
2.519845804780721608e+02
2.603951584810022268e+02
2.556388645356889242e+02
2.538744843477013546e+02
2.479377811616660949e+02
2.476680527681116075e+02
2.427378147310016061e+02
2.466127991670372808e+02
2.445153284639119988e+02
2.522064426606889356e+02
2.546519306367633817e+02
2.586735172456500322e+02
2.576154648774864881e+02
2.662585465425257780e+02
2.644685367768999527e+02
2.633251282685999968e+02
2.597606693452593163e+02
2.448056015962363858e+02
2.537383301728967524e+02
2.578032572358846437e+02
2.618956842988729363e+02
2.536207721894978135e+02
2.567332087129354363e+02
2.523440653413534278e+02
2.535299448579549733e+02
2.549876893037560421e+02
2.562758179658652580e+02
2.584826389497516175e+02
2.625438450044391629e+02
2.563422983735799789e+02
2.608743622773889683e+02
2.605829044526815892e+02
2.608053360933069484e+02
2.602126160615686672e+02
2.569269550508261659e+02
2.485269550508260750e+02
2.540343964570763546e+02
5.866871093749996646e+01
2.515405625337365905e+02
2.605701737397911302e+02
2.496844562715289157e+02
2.507939524263143483e+02
2.514217472261189528e+02
2.509831537812948170e+02
2.495351502412559626e+02
6.007437499999998920e+01
2.588056488984826728e+02
2.413461899751427211e+02
2.546081598848104477e+02
2.549751404756308659e+02
2.462528309053183762e+02
2.433684620088336601e+02
2.476514621919388048e+02
2.525935856050251118e+02
2.497014328950648121e+02
2.531929337495569143e+02
2.542308521455524328e+02
2.637497788423304996e+02
2.491008347505331528e+02
5.822484374999999091e+01
6.057183593749994088e+01
2.605268329805134044e+02
2.502311344331498333e+02
2.555252170747516232e+02
2.563561020845179428e+02
2.471684595674276466e+02
2.503258347505333745e+02
2.543607956880332495e+02
5.818734374999998948e+01
2.446259156221155422e+02
2.445733933442832040e+02
5.481187499999998636e+01
2.578844919770955926e+02
2.473657123750443247e+02
2.516533570283654626e+02
2.525357468599086985e+02
2.563001526826623717e+02
2.553776844209430692e+02
2.508057526582482240e+02
2.573529648774865564e+02
2.574408152192830812e+02
2.531456257051226544e+02
2.492342392915491587e+02
2.489627015107873262e+02
2.466652552217245216e+02
2.515592685884234356e+02
5.605464843749998494e+01
2.471124283784634486e+02
2.497905430024860038e+02
2.514805039399864199e+02
2.463034424775842695e+02
2.475227723115686445e+02
2.495561539644007496e+02
2.517424350923297425e+02
2.535767588227987233e+02
2.476874253267053518e+02
2.460027942842243078e+02
2.447508835786583745e+02
2.530758106416461430e+02
2.457764817231896473e+02
2.499811344331499754e+02
2.517181550019982694e+02
2.455811509126428973e+02
2.495432764619588966e+02
5.649437499999996959e+01
5.560746093750000085e+01
2.532307789033653478e+02
5.501250000000000284e+01
5.641371093750003496e+01
2.583118378633263887e+02
6.050250000000001904e+01
5.771058593749997101e+01
6.145308593749998494e+01
5.792437499999998352e+01
2.543651966279745125e+02
2.471957758516073227e+02
2.579157566255329357e+02
2.555769220918417091e+02
5.891714843749997499e+01
6.125152343750001194e+01
5.685277343749999091e+01
5.672152343750002501e+01
5.797246093750000284e+01
6.051871093749996078e+01
5.483339843750000142e+01
5.773246093749999375e+01
5.567484374999996533e+01
2.476611118501421629e+02
2.496133472627394951e+02
2.585251346772912484e+02
5.280277343749995822e+01
5.300996093749999716e+01
2.395384720796352553e+02
2.423374576753374754e+02
2.413859330171350734e+02
2.479024643892053064e+02
2.404171390718218504e+02
5.480777343749998920e+01
5.312249999999998096e+01
5.272437499999998778e+01
5.373999999999997357e+01
5.776996093750005912e+01
5.549214843749999915e+01
5.102464843750000512e+01
6.014687500000000142e+01
6.275746093749995680e+01
6.341058593749995964e+01
6.857027343749999204e+01
5.910589843750000227e+01
5.945589843750004633e+01
5.981246093750002046e+01
5.726109375000002188e+01
5.666839843750003780e+01
5.783746093749999773e+01
2.503202073091274542e+02
6.057250000000001222e+01
5.887183593749998778e+01
6.172359375000003467e+01
5.991109374999992809e+01
6.463433593749992667e+01
6.548714843749999659e+01
6.780308593750002899e+01
6.397308593749996675e+01
6.894652343750001933e+01
6.052777343750001648e+01
5.732749999999998636e+01
6.127749999999998920e+01
6.199859374999997641e+01
5.953500000000003922e+01
2.500452561372520961e+02
2.469896015352012455e+02
2.469809131807086828e+02
2.493282856172319839e+02
2.450458149141071829e+02
2.409363169282674733e+02
2.456535279268030081e+02
2.510120575898887978e+02
2.538217667573692893e+02
2.448082721894978420e+02
2.536402918428182716e+02
2.559890458101037325e+02
2.567127323335409415e+02
2.585248569673295833e+02
2.591558033174272850e+02
2.573582087129354363e+02
2.586967685884235948e+02
2.517858646577593902e+02
2.603368927949671274e+02
2.484370392793420592e+02
2.555311344331499299e+02
2.548532807344198829e+02
2.573070603364710109e+02
2.527353089326622921e+02
2.568951389497518676e+02
6.060996093749999858e+01
2.562311051362757439e+02
2.517748307222130393e+02
2.517658814424277409e+02
6.272308593749995964e+01
2.598132859224084541e+02
6.625152343750002615e+01
2.535781647676232637e+02
2.543826737397911870e+02
2.528905704683064357e+02
2.474208063691854420e+02
5.963109375000006196e+01
2.516977478975061331e+02
2.529326877778767937e+02
2.518276819795370045e+02
2.480968720430140309e+02
2.468282962983848847e+02
2.499773179048302154e+02
5.583746093749999773e+01
2.566781696504351657e+02
5.833109375000001506e+01
5.433183593750000284e+01
5.651250000000000284e+01
2.463344758027797070e+02
2.488883347505335166e+02
2.469564676851034051e+02
2.478561832612746514e+02
2.487894404023885784e+02
2.484883912080529740e+02
2.480358158296343731e+02
2.480158692353966785e+02
2.480219452852014115e+02
2.416808442109825137e+02
2.540498276704553575e+02
2.521883423799279740e+02
5.443589843750002188e+01
5.465609375000000369e+01
5.375902343750003354e+01
2.520931061738733092e+02
2.561413895601036756e+02
6.752750000000001762e+01
2.603183008760213966e+02
6.139183593750000512e+01
5.962437500000000057e+01
6.061500000000003041e+01
6.564937500000004889e+01
6.129371093750002331e+01
5.766499999999999915e+01
6.120464843749995509e+01
5.573589843749997641e+01
5.693902343749997641e+01
2.497652552217245159e+02
2.525158060640096664e+02
2.517531830781701103e+02
2.467308765596148419e+02
2.565893976777791750e+02
5.866527343750000512e+01
5.884027343749998806e+01
2.528019404023885670e+02
5.864839843749996362e+01
2.484283451265097540e+02
5.978402343750002501e+01
5.613109374999999091e+01
5.612464843749999943e+01
5.333714843749996959e+01
2.497445511811975791e+02
5.500152343750001194e+01
5.185589843750001648e+01
5.574808593749999375e+01
5.416214843750001506e+01
5.504359375000004917e+01
5.636871093749997641e+01
5.428109374999998238e+01
2.580579258149860493e+02
5.314687500000000142e+01
2.459342881196739654e+02
2.535898209565879711e+02
5.669652343750002643e+01
5.518089843750004775e+01
2.532401600068806999e+02
2.479976502412560535e+02
2.452342667573691415e+02
2.521432764619588909e+02
2.539717179292442779e+02
2.504057221406701501e+02
2.501835953706506075e+02
2.508276697725057716e+02
2.505556305879358661e+02
2.490107670015095778e+02
2.578157077974078106e+02
2.545206598848104420e+02
2.576342197602983788e+02
2.575226639741662780e+02
2.528527552217245216e+02
2.582805817598108433e+02
2.560326542085405777e+02
2.509654453462358106e+02
5.460999999999999233e+01
2.560768573945759385e+02
2.503969025605917977e+02
2.520243866914514115e+02
2.519201584810022325e+02
2.470633667939906104e+02
2.513945115083458859e+02
2.448119111055136727e+02
2.445695603364711985e+02
2.471486637300252767e+02
2.461601639741662098e+02
2.444883350557084327e+02
2.468211899751428859e+02
2.465749088472126971e+02
5.742933593750005627e+01
5.566250000000000142e+01
5.515234375000000000e+01
5.029902343749999716e+01
5.588902343750000057e+01
5.413089843750001506e+01
5.434750000000002501e+01
5.476937499999998238e+01
5.251839843750003922e+01
5.157871093749999858e+01
5.280250000000002331e+01
5.185746093750005059e+01
5.121937499999999943e+01
5.215589843749999233e+01
2.494502015107872523e+02
5.513109375000001222e+01
5.655996093750000142e+01
5.866109374999999915e+01
5.584996093750002188e+01
5.584996093750002188e+01
4.571937500000003496e+01
4.654859374999998067e+01
5.021109374999995367e+01
5.037933593749999517e+01
6.491484375000000284e+01
2.607307276338339079e+02
2.727400623506305237e+02
2.648030610078577070e+02
2.837766474336385727e+02
2.821453119844198341e+02
2.933247864717247921e+02
2.909700626558064869e+02
2.852337784761192552e+02
2.878558664888143426e+02
2.869677155488732296e+02
2.770448124116657027e+02
2.745380249971152580e+02
2.720744400972130848e+02
2.660255005830530877e+02
2.692524012178182602e+02
2.787991242402795820e+02
2.682255909150836146e+02
2.728149256318807829e+02
2.688295572847127914e+02
2.661904145234825592e+02
2.657225086396929328e+02
2.691703510469195635e+02
2.687135715669388674e+02
2.638755420869584896e+02
2.696776993745567665e+02
2.610677109712367496e+02
2.593045444673297766e+02
2.625466327852008135e+02
2.629530152314904399e+02
2.631613877290488972e+02
2.665648548310992965e+02
2.650804108613733661e+02
2.729897913545370329e+02
2.694280518525841899e+02
2.702828815644976430e+02
2.650748841279750536e+02
2.695732798188925017e+02
2.620342316621545251e+02
2.624390323823690210e+02
2.674717777436968618e+02
2.708905640596153717e+02
2.596543552583453902e+02
2.556280182832482240e+02
2.548781373018030081e+02
2.577530426973107751e+02
2.661680024141077183e+02
2.556875858491657141e+02
2.663653183931117496e+02
2.639055756562950705e+02
2.667393818086383135e+02
2.710215226167445621e+02
2.557156635469195862e+02
2.598107956880331812e+02
2.600018915742635954e+02
2.541276453584432602e+02
2.516564090913528560e+02
2.508455118745565358e+02
2.540491806977989597e+02
2.658937473481890947e+02
2.729249085420374854e+02
2.652562082856893539e+02
2.659546940034628051e+02
2.605141398042440528e+02
2.736155521577594527e+02
6.211871093749996220e+01
2.634989853852989654e+02
2.644933872407672197e+02
2.639529926484818816e+02
2.652430957978962738e+02
2.739255127900843263e+02
2.609685044282676927e+02
2.636681446260213875e+02
2.655779938691857751e+02
5.751937499999996817e+01
2.583593753999468845e+02
2.598844242280718504e+02
2.658281128877405877e+02
2.710217966645956267e+02
2.706177597993615791e+02
6.649984375000002501e+01
6.454437499999994543e+01
2.828404877656701615e+02
6.586308593750000284e+01
6.660777343749998636e+01
7.176000000000004775e+01
6.472484374999996248e+01
2.837843357270958791e+02
7.712984374999993520e+01
2.724024769014120579e+02
6.337500000000000000e+01
6.227984375000001904e+01
6.841371093750002785e+01
6.479808593749994827e+01
6.878999999999999204e+01
6.706089843750004320e+01
6.319749999999997669e+01
5.552183593750000057e+01
5.865589843750003496e+01
6.995464843750001194e+01
6.308687500000003467e+01
7.012964843749995225e+01
6.710996093750000568e+01
6.491839843750001648e+01
6.587437500000001478e+01
5.915433593750002217e+01
6.386000000000002785e+01
6.610621093749996646e+01
6.136527343749996533e+01
6.707484374999998522e+01
6.694902343750000284e+01
6.164433593750000284e+01
6.157558593750000142e+01
2.748302872651818802e+02
2.804686496919390493e+02
6.386714843749998494e+01
6.269964843749992411e+01
6.150902343750002643e+01
7.322499999999999432e+01
6.307496093750002331e+01
6.780621093749995509e+01
6.311839843750001222e+01
6.368902343749998352e+01
6.376859374999996533e+01
5.406734374999997783e+01
5.759277343750000000e+01
5.736402343749998778e+01
5.988109374999996959e+01
5.937437500000000767e+01
6.388589843750001052e+01
5.861933593749999716e+01
6.124433593749999716e+01
5.091937499999993832e+01
5.122500000000000142e+01
5.583984375000000000e+01
5.532750000000000767e+01
5.507437500000001762e+01
2.638443070405725166e+02
5.690152343749997499e+01
2.683020737642052040e+02
5.789749999999997954e+01
5.429359375000002785e+01
5.797250000000000369e+01
2.615306446260214557e+02
5.873089843750002359e+01
5.996500000000001762e+01
5.366996093749997954e+01
2.694154877656701501e+02
2.649418656343226530e+02
2.665687723726034051e+02
2.588278458589319371e+02
2.631903183931115109e+02
2.639981003755333973e+02
2.648631302827600393e+02
2.667266300386188504e+02
5.939808593749993548e+01
6.092109374999999716e+01
5.918187500000000512e+01
2.680840732759236289e+02
6.422558593750000000e+01
2.647156101411579243e+02
5.587777343749994685e+01
5.934808593749995964e+01
5.337984375000000625e+01
5.894214843749993094e+01
5.678339843749999716e+01
5.952183593749996504e+01
5.783609374999997499e+01
6.333437500000000142e+01
5.522183593749996078e+01
6.142359374999999488e+01
6.699746093749999432e+01
6.039000000000000767e+01
5.888121093750000057e+01
5.917734374999999858e+01
5.893609374999997641e+01
5.796683593750005059e+01
5.702359374999995367e+01
5.972359375000000625e+01
6.059984374999999091e+01
6.053500000000001080e+01
6.919027343749995396e+01
6.880250000000000909e+01
6.465589843749999943e+01
6.260999999999994259e+01
6.646937499999999943e+01
6.492246093750000568e+01
6.002808593750004462e+01
6.492808593750001478e+01
6.187464843749995680e+01
5.763339843749999858e+01
5.940937499999999716e+01
5.834750000000006054e+01
6.314749999999999375e+01
6.571214843749997669e+01
6.268500000000003780e+01
5.608246093750001648e+01
6.009750000000000369e+01
5.970859374999999858e+01
5.750249999999998352e+01
5.994750000000001222e+01
5.929687500000000000e+01
5.731500000000001904e+01
5.437777343749998238e+01
5.847984375000002899e+01
5.500433593750000227e+01
5.486000000000002785e+01
5.426371093750000085e+01
5.512621093750001222e+01
5.425609374999995538e+01
5.584214843750000057e+01
5.829808593749999091e+01
5.772027343749998352e+01
5.545152343750002188e+01
5.432808593749999915e+01
5.494437500000005059e+01
5.713109375000006196e+01
5.761371093750000227e+01
5.324437500000002643e+01
5.436308593750000284e+01
5.083714843749999091e+01
5.426234374999997101e+01
5.410121093749999943e+01
5.526683593750001222e+01
5.775249999999998352e+01
5.720058593750000142e+01
5.478687500000000909e+01
5.394652343750002643e+01
5.448433593749994941e+01
5.539750000000005059e+01
5.318734374999998948e+01
5.026871093749998920e+01
5.211683593750002785e+01
2.583267353242632680e+02
4.983999999999998920e+01
2.620154255098101430e+02
5.308609374999999631e+01
2.561825272554161756e+02
2.624762180513139924e+02
2.552796940034625095e+02
2.534531595796346721e+02
2.655024134248495216e+02
2.615608677095174244e+02
2.626078998750445521e+02
2.615349720185994329e+02
2.637078913301229477e+02
2.537600696748491487e+02
2.614693650239710223e+02
2.646724720185994215e+02
2.716554615205524215e+02
2.656749817842244283e+02
2.591242157930138319e+02
2.534669437593219641e+02
2.603529987519974611e+02
2.620304596894984002e+02
2.611825119966271700e+02
2.617954157441854477e+02
2.620311985200640947e+02
2.564030719941851544e+02
2.634521744722130734e+02
2.584155170625447226e+02
2.511757496064898021e+02
2.601655182832483888e+02
2.559882740205523532e+02
2.671180225557089898e+02
2.710982731050252141e+02
2.651750184053184967e+02
2.830348938935998149e+02
2.733523890107870216e+02
2.740963566011188846e+02
2.767114365571737835e+02
2.738348499482867737e+02
2.741120347017054542e+02
2.669161789888144654e+02
2.740203852266073454e+02
2.623650501435993760e+02
5.649808593749996533e+01
5.918027343749999858e+01
2.720482731050250322e+02
2.625687235444784164e+02
2.684698807710414030e+02
2.651474720185993306e+02
2.613287766450647496e+02
2.582922495454549789e+02
2.626274866670370329e+02
2.654342868989706403e+02
2.610099915498498149e+02
2.552850525850060990e+02
2.554117463105920365e+02
2.642608188813924244e+02
2.634099671357871557e+02
2.628467072480922866e+02
2.602662430757288234e+02
2.702574295991663575e+02
2.688387180513139469e+02
2.562018183320760727e+02
2.678829487031695749e+02
2.693216816133259499e+02
2.696046518892050017e+02
2.575672007173299676e+02
2.544758255952598063e+02
2.606016300386187936e+02
2.694124085420371557e+02
5.179683593749997783e+01
2.696349109834432056e+02
2.705649012178182602e+02
2.698474305146932579e+02
2.724773157685995102e+02
2.739598694795373603e+02
2.641755494111780536e+02
4.872437500000000909e+01
2.648234165376424016e+02
2.650280030244592808e+02
2.696574436372517880e+02
2.605767109102010295e+02
2.535106980317837611e+02
2.640154743379351316e+02
2.655591877168413930e+02
5.429902343749999716e+01
2.751015741914510500e+02
2.669864640229945962e+02
2.674682895845173789e+02
2.614704157441854591e+02
2.633966584199670251e+02
2.720429535859827865e+02
5.189683593750000057e+01
2.703458512300255734e+02
2.693398890107870329e+02
2.611954889863729363e+02
2.700854252046342481e+02
5.191187500000000909e+01
2.675067673677209541e+02
2.609311594575643767e+02
2.578843363374471664e+02
2.670953425019979477e+02
2.609654438203571090e+02
2.564600403779746784e+02
2.638051896089319825e+02
2.620649134248495216e+02
2.645278949922320635e+02
2.660498850435018312e+02
2.639833024019006871e+02
2.629130814546348915e+02
2.604974915498498262e+02
2.608818161958461133e+02
2.748215851777796388e+02
2.661011692231890038e+02
2.667280274385218490e+02
2.681639444917440187e+02
2.627280521577595778e+02
2.613746842378378687e+02
2.659391376680134158e+02
2.629649134248494988e+02
2.642381836885217012e+02
2.631030033296346460e+02
2.583892414277790408e+02
2.568000428193811899e+02
2.553256226533653717e+02
2.662011551851038007e+02
2.685903656953577183e+02
2.676873362153768312e+02
2.683307602876427040e+02
2.662654786103967126e+02
2.672430445283651466e+02
2.627991974824669228e+02
2.617704340547323341e+02
2.650761844819781459e+02
2.654275013154741600e+02
2.699948655122520336e+02
2.655266962617635613e+02
2.612074784272913348e+02
2.568257203096155763e+02
2.687114640229944484e+02
2.612625672334435762e+02
2.669355515474084086e+02
2.592028458589321644e+02
2.660270768159631416e+02
2.642792484468219527e+02
2.513600525850060876e+02
2.608699784272911302e+02
2.738311496919390038e+02
2.635296451753375209e+02
2.657555469697712169e+02
2.690373963350061217e+02
2.649327091401816006e+02
5.276937500000004633e+01
5.203871093749999233e+01
5.688277343750002046e+01
4.606402343750000483e+01
5.030277343749999375e+01
5.142250000000001364e+01
5.466109374999996362e+01
5.526621093749999858e+01
2.668574924653768221e+02
2.774929108613732183e+02
2.725531006807092353e+02
2.804748514741659164e+02
2.783963486665492155e+02
2.768302582734829684e+02
2.666637333101032823e+02
2.623308609956505393e+02
2.684629810518025579e+02
2.701023304170368533e+02
2.746653217500443702e+02
2.739140558809041863e+02
2.692760868257278730e+02
2.610624338716268653e+02
2.717701700776815414e+02
2.610654438203569043e+02
2.592274744600057375e+02
2.582296061128378142e+02
2.552492218965296047e+02
2.585761692231893676e+02
2.623091279023888660e+02
2.586670932954546629e+02
2.578055567353964079e+02
2.605198319429160847e+02
2.582223694795374058e+02
2.508280182832483547e+02
2.497100510591274087e+02
2.564905396455531559e+02
2.533499241060014242e+02
2.557030521577594300e+02
2.557216633027789499e+02
2.599395737642051927e+02
2.498247623628373617e+02
2.590559098237757780e+02
2.531621811860801756e+02
2.585505372041467922e+02
2.571896256440882098e+02
2.518556202119586374e+02
2.614428376191858661e+02
2.642841898530721778e+02
2.595355027192832722e+02
2.592526523774857878e+02
2.544371354097131075e+02
2.496093342012166545e+02
2.550274646943804839e+02
2.583942673677208859e+02
2.573948948091268676e+02
2.615403412812951274e+02
2.548905619233846664e+02
2.532480515474083518e+02
2.511984195893998333e+02
2.561055591768021031e+02
2.500246811860801586e+02
2.510850208467240918e+02
2.526154987519976771e+02
4.504000000000002757e+01
4.472871093749999716e+01
4.364371093750001052e+01
4.355214843750000142e+01
4.326371093750000796e+01
4.289859375000000341e+01
4.236621093750000000e+01
4.318734374999997527e+01
4.398359374999999716e+01
4.355999999999998806e+01
4.246214843749998380e+01
4.660609374999995680e+01
4.520484374999999488e+01
4.810859374999999716e+01
4.734984375000004064e+01
4.485234375000000284e+01
4.370859374999999858e+01
2.486235660737751516e+02
4.550433593750001648e+01
4.725121093750001222e+01
2.409183619111776409e+02
4.535152343750003467e+01
4.498109375000002785e+01
4.647984375000004320e+01
4.610000000000000142e+01
4.802152343750001506e+01
4.873359374999999716e+01
4.511996093750003922e+01
4.463687499999999631e+01
4.460859374999999716e+01
4.456839843749999375e+01
4.432558593750000142e+01
4.490777343750003325e+01
4.644234375000001336e+01
4.797308593749998806e+01
4.656234375000002501e+01
4.216371093749999233e+01
4.597089843749999716e+01
4.614937500000007731e+01
4.450937499999999858e+01
4.469359374999998380e+01
4.616187499999998778e+01
4.326558593750002046e+01
4.529687500000000000e+01
4.681621093750000284e+01
4.737464843750000654e+01
4.607183593750001904e+01
4.762402343750000000e+01
4.878187499999998522e+01
4.918687500000002899e+01
4.773246093750002217e+01
4.922749999999999915e+01
4.711058593749996248e+01
4.462984375000002046e+01
4.415933593749998920e+01
4.375249999999999062e+01
4.103687500000003752e+01
4.750589843750000796e+01
4.911839843750001222e+01
5.109839843750002331e+01
4.805250000000000909e+01
4.961371093750000938e+01
4.947359375000000625e+01
4.767750000000000909e+01
4.616089843749998778e+01
4.629437499999997385e+01
4.391109374999999915e+01
4.469371093749997925e+01
4.578589843750002331e+01
4.420609374999997954e+01
4.431871093749997925e+01
4.581250000000000000e+01
4.370484374999996646e+01
4.534058593750000199e+01
4.564437499999999659e+01
4.444839843750000341e+01
4.288750000000000284e+01
4.293999999999998352e+01
4.944000000000000483e+01
4.724433593749999716e+01
4.616250000000000142e+01
4.631187499999997925e+01
4.847984374999997925e+01
5.092187500000000000e+01
4.811371093749998096e+01
5.001187500000002473e+01
4.981402343750004036e+01
5.066214843749995111e+01
4.875859375000000284e+01
5.065464843750000767e+01
4.746484375000000000e+01
4.901734375000002331e+01
4.831109374999995509e+01
5.146734374999999773e+01
5.350484375000002046e+01
5.189984375000000227e+01
4.656187499999998636e+01
5.145464843749998352e+01
5.211683593750002785e+01
4.954371093750000199e+01
4.892496093750000341e+01
5.020609374999996533e+01
4.936214843749998238e+01
5.054937499999998352e+01
4.908714843749996959e+01
4.905902343749998806e+01
5.073433593749999204e+01
4.732496093749999488e+01
4.863359375000000284e+01
5.089996093749994088e+01
5.303750000000000142e+01
5.236246093749996078e+01
4.536234375000003638e+01
5.019359374999999091e+01
5.243027343749999858e+01
5.039839843749997783e+01
5.569277343750000142e+01
5.477714843750000284e+01
5.103609374999994230e+01
5.756734374999998494e+01
6.522984374999998636e+01
6.495859375000000568e+01
5.468902343749998352e+01
5.264750000000001506e+01
5.524964843749997101e+01
5.186714843749999915e+01
5.178187499999995680e+01
5.018871093749998380e+01
4.983687500000002757e+01
5.578246093750006196e+01
5.565433593750000085e+01
5.427089843750000142e+01
5.126109375000002899e+01
4.904999999999999716e+01
5.224234375000001052e+01
5.218500000000002359e+01
4.943437500000000284e+01
4.983109375000002927e+01
4.917437500000002615e+01
4.707437499999996788e+01
4.686109375000002331e+01
4.997484375000001222e+01
4.511558593750001478e+01
4.722089843749999716e+01
4.632250000000004064e+01
4.678687499999998778e+01
4.484859374999998494e+01
4.355308593749999346e+01
4.884996093749999346e+01
5.431500000000001904e+01
4.951089843750001052e+01
5.056500000000001194e+01
4.576234374999999943e+01
4.883500000000000796e+01
4.822484374999997669e+01
5.026234374999997812e+01
4.850859375000000284e+01
4.818808593749999858e+01
4.798687499999998352e+01
4.864000000000002899e+01
4.566187499999998067e+01
4.749183593750000654e+01
4.369183593750005201e+01
4.711734374999998920e+01
4.794234375000002757e+01
4.616996093750003638e+01
4.624984374999996106e+01
4.675683593750000000e+01
4.730589843750000512e+01
4.648746093750001762e+01
4.695933593749999346e+01
4.849437499999999801e+01
4.775902343750000512e+01
4.748277343750002899e+01
4.359433593749999858e+01
4.710433593750001080e+01
4.488187500000001506e+01
4.918734374999996106e+01
4.963589843750000341e+01
4.563808593750000142e+01
4.820777343750002331e+01
4.743089843750004064e+01
4.713433593750001194e+01
4.559937499999998778e+01
4.534859374999999204e+01
4.472464843750001506e+01
4.686859374999998096e+01
4.489937500000002757e+01
5.152250000000000085e+01
5.066777343750000284e+01
4.951484374999999716e+01
4.723027343750000284e+01
4.723999999999998778e+01
4.541499999999999915e+01
4.636996093749999659e+01
4.512933593750000938e+01
4.639750000000000085e+01
4.716777343750000284e+01
4.496187500000000625e+01
4.629839843749998352e+01
4.382484374999996390e+01
4.611187500000000483e+01
4.185484375000000767e+01
4.248027343750000284e+01
4.363734374999996390e+01
4.553402343749998238e+01
4.424652343750000227e+01
4.916187499999999488e+01
4.609859375000000625e+01
4.717558593750000284e+01
4.683984375000000000e+01
4.410589843750003070e+01
4.618359375000000000e+01
4.495589843750005343e+01
4.847984375000001478e+01
4.752246093750000000e+01
4.794683593750001194e+01
4.782249999999996959e+01
4.569359375000001222e+01
4.342152343749998522e+01
4.458277343750002331e+01
4.079359374999996390e+01
4.256246093750005599e+01
4.709609375000000142e+01
4.758277343749999488e+01
4.932871093749999858e+01
4.944277343750000142e+01
4.702714843750000284e+01
4.500484375000000625e+01
4.688277343750003467e+01
4.353109374999999659e+01
4.764609374999999858e+01
4.297437500000005173e+01
4.592621093749998806e+01
4.528589843750002331e+01
4.298609375000000909e+01
4.389339843750002501e+01
4.329058593749999062e+01
4.761214843749998948e+01
4.449000000000001620e+01
4.459437499999999943e+01
4.534496093749999801e+01
4.008187499999998238e+01
4.110249999999999204e+01
4.466714843750003894e+01
4.213246093750002785e+01
4.330902343750002359e+01
4.506937500000000085e+01
4.381246093750000625e+01
4.464839843750002757e+01
4.381714843750003041e+01
3.921777343750000000e+01
4.280234374999999858e+01
4.277558593749999716e+01
4.313609375000000057e+01
4.204183593750001080e+01
4.348187500000001648e+01
4.158246093750000938e+01
4.227750000000001762e+01
4.087496093750000625e+01
4.415250000000004604e+01
4.240277343749995254e+01
4.358687500000003467e+01
4.322250000000000369e+01
4.510621093749999488e+01
4.581109375000001194e+01
4.256734375000004178e+01
4.490902343750002501e+01
4.562734375000000142e+01
4.322558593750000000e+01
4.192499999999999716e+01
4.273433593749997783e+01
4.461109375000000199e+01
4.202359374999998920e+01
4.397249999999998948e+01
4.458277343750002331e+01
4.695777343750003752e+01
4.219839843750001762e+01
4.418750000000000000e+01
4.537359375000001194e+01
4.321683593750001506e+01
4.238109375000000512e+01
4.157250000000003354e+01
4.556000000000001648e+01
4.164937499999999915e+01
4.480464843749999915e+01
4.670058593750000142e+01
4.492933593749999943e+01
4.556859375000001933e+01
4.530937500000000284e+01
4.592359375000004462e+01
4.415277343749998806e+01
4.520527343749999716e+01
4.253746093750000057e+01
4.603089843750004206e+01
4.101777343749999716e+01
4.083902343749999631e+01
3.960250000000002757e+01
4.557652343750002899e+01
4.398964843750000142e+01
4.346734375000001194e+01
4.298433593750000625e+01
4.276214843749995254e+01
4.139749999999998664e+01
4.394527343749999915e+01
4.369749999999997669e+01
4.445609374999996533e+01
4.282339843750000341e+01
4.157984375000001620e+01
4.109371093750001336e+01
4.389984375000001648e+01
4.368121093749999062e+01
4.428121093750002046e+01
4.268964843749999716e+01
