0.000000000000000000e+00
4.760621484375000136e+02
4.773248437500001273e+02
4.647193750000000136e+02
4.663993750000002478e+02
4.663993750000002478e+02
1.393315261602401733e+03
1.622052315220236778e+03
3.954154776608943848e+03
6.365624672355662369e+03
9.007224853227131462e+03
1.184564439594686155e+04
1.270241092419565030e+04
1.211786870014608394e+04
9.047270709394815640e+03
6.210817466949823029e+03
3.445485937500002933e+02
3.502968359375005321e+02
3.675798437500003502e+02
3.778960937499999773e+02
3.687687109375002592e+02
3.771873437499997408e+02
3.800435937499992747e+02
3.749527734374995589e+02
3.663349609375000000e+02
3.696193359375000114e+02
3.655718359375003388e+02
3.853140234374999977e+02
3.599340234374997181e+02
3.762105859374997863e+02
3.794499609374999523e+02
3.978710937500000000e+02
3.772999609375001455e+02
3.737193749999998431e+02
3.698775000000000546e+02
3.813880859375000227e+02
3.519498437500000136e+02
3.568874609374999523e+02
3.431048437500002137e+02
3.516349999999998772e+02
3.574733984374998954e+02
3.782655859374998499e+02
3.645855859374997863e+02
3.564110937499999636e+02
3.524525000000003843e+02
3.716974999999999341e+02
3.688993750000001910e+02
3.722693749999997408e+02
3.656277734375000250e+02
3.570560937499997181e+02
3.796583984375000114e+02
3.732493749999999864e+02
3.750110937499999864e+02
4.006368750000000318e+02
4.122248437499994225e+02
3.877343750000000000e+02
3.723123437499999113e+02
3.698373437499996612e+02
3.759248437499999227e+02
3.639368750000002137e+02
3.646902734374999682e+02
3.608368749999999068e+02
3.512860937499999636e+02
3.604060937499999682e+02
3.646110937500001228e+02
3.522027734375001842e+02
3.599965234375000023e+02
3.387999609374997476e+02
3.295935937500000250e+02
3.175898437500000000e+02
3.099593750000000227e+02
3.077060937499999795e+02
3.184225000000001273e+02
3.184524999999998727e+02
2.860724999999998204e+02
2.833873437500000136e+02
2.969233984374998272e+02
2.678243749999999750e+02
2.728015234374999523e+02
2.577202734375001114e+02
2.391083984375000000e+02
2.319402734374999966e+02
2.399262109374999454e+02
2.334960937500000000e+02
2.222568749999999795e+02
2.155027734374999397e+02
2.195624609374999068e+02
2.233123437500001671e+02
2.121615234374999943e+02
2.066652734374999341e+02
2.148868749999999181e+02
1.944298437499999750e+02
1.967730859374999568e+02
1.921324609375000421e+02
1.892574609374999000e+02
1.919780859374999693e+02
1.890610937499997704e+02
