0.000000000000000000e+00
1.722620000000000073e+04
1.671579999999999927e+04
1.649340000000000146e+04
1.645979999999999927e+04
1.352060000000000036e+04
7.365399999999999636e+03
6.071000000000000000e+03
7.013399999999999636e+03
7.765399999999999636e+03
9.002200000000000728e+03
1.035100000000000000e+04
1.160220000000000073e+04
1.271579999999999927e+04
1.309660000000000036e+04
1.366779999999999927e+04
1.404860000000000036e+04
1.492220000000000073e+04
1.514939999999999964e+04
1.549500000000000000e+04
1.631100000000000000e+04
1.689979999999999927e+04
1.696859999999999854e+04
1.710300000000000000e+04
1.739420000000000073e+04
1.712059999999999854e+04
1.759579999999999927e+04
1.733820000000000073e+04
1.708379999999999927e+04
1.709500000000000000e+04
1.682779999999999927e+04
1.669500000000000000e+04
1.661020000000000073e+04
1.617500000000000000e+04
1.589979999999999927e+04
1.581339999999999964e+04
1.566939999999999964e+04
1.549179999999999927e+04
1.526139999999999964e+04
1.505179999999999927e+04
1.461660000000000036e+04
1.447900000000000000e+04
1.437500000000000000e+04
1.384860000000000036e+04
1.390779999999999927e+04
1.344700000000000000e+04
1.329020000000000073e+04
1.315260000000000036e+04
1.296539999999999964e+04
1.281500000000000000e+04
1.279900000000000000e+04
1.251260000000000036e+04
1.243420000000000073e+04
1.236539999999999964e+04
1.213660000000000036e+04
1.176700000000000000e+04
1.181179999999999927e+04
1.169179999999999927e+04
1.159260000000000036e+04
1.143900000000000000e+04
1.148539999999999964e+04
1.136379999999999927e+04
1.143579999999999927e+04
1.134460000000000036e+04
1.113660000000000036e+04
1.110620000000000073e+04
1.117020000000000073e+04
1.100379999999999927e+04
1.114300000000000000e+04
1.088379999999999927e+04
1.104220000000000073e+04
1.096220000000000073e+04
1.112860000000000036e+04
1.095900000000000000e+04
1.079579999999999927e+04
1.083579999999999927e+04
1.089500000000000000e+04
1.102460000000000036e+04
1.088700000000000000e+04
1.089020000000000073e+04
1.069179999999999927e+04
1.098779999999999927e+04
1.101179999999999927e+04
1.086139999999999964e+04
1.078939999999999964e+04
1.100379999999999927e+04
1.109179999999999927e+04
1.129339999999999964e+04
1.119900000000000000e+04
1.112860000000000036e+04
1.140379999999999927e+04
1.144539999999999964e+04
1.148700000000000000e+04
1.168060000000000036e+04
1.105660000000000036e+04
1.165979999999999927e+04
1.148700000000000000e+04
1.138300000000000000e+04
1.176379999999999927e+04
1.165979999999999927e+04
1.162460000000000036e+04
1.176860000000000036e+04
1.161660000000000036e+04
1.179579999999999927e+04
1.168700000000000000e+04
1.160379999999999927e+04
1.141660000000000036e+04
1.155420000000000073e+04
1.179260000000000036e+04
1.214620000000000073e+04
1.220060000000000036e+04
1.239739999999999964e+04
1.266139999999999964e+04
1.252379999999999927e+04
1.267739999999999964e+04
1.275260000000000036e+04
1.302779999999999927e+04
1.304700000000000000e+04
1.317500000000000000e+04
1.323739999999999964e+04
1.297020000000000073e+04
1.337979999999999927e+04
1.338939999999999964e+04
1.335260000000000036e+04
1.336860000000000036e+04
1.344220000000000073e+04
1.331420000000000073e+04
1.340379999999999927e+04
1.355420000000000073e+04
1.361979999999999927e+04
1.350139999999999964e+04
1.356860000000000036e+04
1.353979999999999927e+04
1.377179999999999927e+04
1.380220000000000073e+04
1.382139999999999964e+04
1.378939999999999964e+04
1.378139999999999964e+04
1.388700000000000000e+04
1.392220000000000073e+04
1.421660000000000036e+04
1.402139999999999964e+04
1.390939999999999964e+04
1.412220000000000073e+04
1.425179999999999927e+04
1.438300000000000000e+04
1.449979999999999927e+04
1.445500000000000000e+04
1.432539999999999964e+04
1.454460000000000036e+04
1.465500000000000000e+04
1.454939999999999964e+04
1.441020000000000073e+04
1.453339999999999964e+04
1.426460000000000036e+04
1.446300000000000000e+04
1.431420000000000073e+04
1.464220000000000073e+04
1.438779999999999927e+04
1.464220000000000073e+04
1.485179999999999927e+04
1.506300000000000000e+04
1.520060000000000036e+04
1.505339999999999964e+04
1.503420000000000073e+04
1.538620000000000073e+04
1.542779999999999927e+04
1.532220000000000073e+04
1.524539999999999964e+04
1.506300000000000000e+04
1.527100000000000000e+04
1.545179999999999927e+04
1.535420000000000073e+04
1.538939999999999964e+04
1.533660000000000036e+04
1.525820000000000073e+04
1.541020000000000073e+04
1.556220000000000073e+04
1.552379999999999927e+04
1.553660000000000036e+04
1.532860000000000036e+04
1.545500000000000000e+04
1.540220000000000073e+04
1.546939999999999964e+04
1.575420000000000073e+04
1.586620000000000073e+04
1.574139999999999964e+04
1.575900000000000000e+04
1.613020000000000073e+04
1.574460000000000036e+04
1.580220000000000073e+04
1.579579999999999927e+04
1.587579999999999927e+04
1.585500000000000000e+04
1.554620000000000073e+04
1.580060000000000036e+04
1.597500000000000000e+04
1.580220000000000073e+04
1.573500000000000000e+04
1.562620000000000073e+04
1.560700000000000000e+04
1.573820000000000073e+04
1.587739999999999964e+04
1.593660000000000036e+04
1.583579999999999927e+04
1.571100000000000000e+04
1.566779999999999927e+04
1.595420000000000073e+04
1.596220000000000073e+04
1.595100000000000000e+04
1.621820000000000073e+04
1.620060000000000036e+04
1.608860000000000036e+04
1.662940000000000146e+04
1.668859999999999854e+04
1.644540000000000146e+04
1.642779999999999927e+04
1.644700000000000000e+04
1.626460000000000036e+04
1.641500000000000000e+04
1.675420000000000073e+04
1.643740000000000146e+04
1.662940000000000146e+04
1.644859999999999854e+04
1.651579999999999927e+04
1.667259999999999854e+04
1.629820000000000073e+04
1.666620000000000073e+04
1.652220000000000073e+04
1.646620000000000073e+04
1.651259999999999854e+04
1.654140000000000146e+04
1.668859999999999854e+04
1.677500000000000000e+04
1.688220000000000073e+04
1.674620000000000073e+04
1.658940000000000146e+04
1.681820000000000073e+04
1.673020000000000073e+04
1.678300000000000000e+04
1.678940000000000146e+04
1.675259999999999854e+04
1.671579999999999927e+04
1.661820000000000073e+04
1.675420000000000073e+04
1.679740000000000146e+04
1.662940000000000146e+04
1.670140000000000146e+04
1.687420000000000073e+04
1.669020000000000073e+04
1.657179999999999927e+04
1.681500000000000000e+04
1.659100000000000000e+04
1.632220000000000073e+04
1.705500000000000000e+04
1.633660000000000036e+04
1.685179999999999927e+04
1.677340000000000146e+04
1.662300000000000000e+04
1.669820000000000073e+04
1.682779999999999927e+04
1.675100000000000000e+04
1.675259999999999854e+04
1.664059999999999854e+04
1.665820000000000073e+04
1.694459999999999854e+04
1.678620000000000073e+04
1.677979999999999927e+04
1.691740000000000146e+04
1.694300000000000000e+04
1.686779999999999927e+04
1.710620000000000073e+04
1.684859999999999854e+04
1.688700000000000000e+04
1.695740000000000146e+04
1.685340000000000146e+04
1.686940000000000146e+04
1.713020000000000073e+04
1.693659999999999854e+04
1.697340000000000146e+04
1.712379999999999927e+04
1.685659999999999854e+04
1.702140000000000146e+04
1.708220000000000073e+04
1.716859999999999854e+04
1.734940000000000146e+04
1.717179999999999927e+04
1.711259999999999854e+04
1.729020000000000073e+04
1.722300000000000000e+04
1.701020000000000073e+04
1.731259999999999854e+04
1.724059999999999854e+04
1.738940000000000146e+04
1.722459999999999854e+04
1.714620000000000073e+04
1.726940000000000146e+04
1.709340000000000146e+04
1.705820000000000073e+04
1.697020000000000073e+04
1.712859999999999854e+04
1.708540000000000146e+04
1.727100000000000000e+04
1.708540000000000146e+04
1.694459999999999854e+04
1.724059999999999854e+04
1.747259999999999854e+04
1.783259999999999854e+04
1.769500000000000000e+04
1.774140000000000146e+04
1.772220000000000073e+04
1.779259999999999854e+04
1.799100000000000000e+04
1.801500000000000000e+04
1.804859999999999854e+04
1.809340000000000146e+04
1.789340000000000146e+04
1.778620000000000073e+04
1.800859999999999854e+04
1.807740000000000146e+04
1.812700000000000000e+04
1.813020000000000073e+04
1.806940000000000146e+04
1.801179999999999927e+04
1.816059999999999854e+04
1.785659999999999854e+04
1.799259999999999854e+04
1.792059999999999854e+04
1.785179999999999927e+04
1.777979999999999927e+04
1.779259999999999854e+04
1.808220000000000073e+04
1.793820000000000073e+04
1.801820000000000073e+04
1.808059999999999854e+04
1.815259999999999854e+04
1.809820000000000073e+04
1.810459999999999854e+04
1.801179999999999927e+04
1.807579999999999927e+04
1.819100000000000000e+04
1.835900000000000000e+04
1.825340000000000146e+04
1.815579999999999927e+04
1.819259999999999854e+04
1.825020000000000073e+04
1.824540000000000146e+04
1.820540000000000146e+04
1.807740000000000146e+04
1.813979999999999927e+04
1.804859999999999854e+04
1.796220000000000073e+04
1.781659999999999854e+04
1.776859999999999854e+04
1.771740000000000146e+04
1.791740000000000146e+04
1.782140000000000146e+04
1.800059999999999854e+04
1.815259999999999854e+04
1.803579999999999927e+04
1.813659999999999854e+04
1.831579999999999927e+04
1.794620000000000073e+04
1.809820000000000073e+04
1.814300000000000000e+04
1.800379999999999927e+04
1.815579999999999927e+04
1.834459999999999854e+04
1.821820000000000073e+04
1.802620000000000073e+04
1.819900000000000000e+04
1.826300000000000000e+04
1.783420000000000073e+04
1.820379999999999927e+04
1.816859999999999854e+04
1.833659999999999854e+04
1.825820000000000073e+04
1.781979999999999927e+04
1.814620000000000073e+04
1.806300000000000000e+04
1.822459999999999854e+04
1.821500000000000000e+04
1.821020000000000073e+04
1.845179999999999927e+04
1.845979999999999927e+04
1.824540000000000146e+04
1.836059999999999854e+04
1.821820000000000073e+04
1.840220000000000073e+04
1.851900000000000000e+04
1.846940000000000146e+04
1.833659999999999854e+04
1.826459999999999854e+04
1.825340000000000146e+04
1.840059999999999854e+04
1.818140000000000146e+04
1.826779999999999927e+04
2.622300000000000000e+04
2.771420000000000073e+04
2.887100000000000000e+04
3.020700000000000000e+04
3.185179999999999927e+04
3.329180000000000291e+04
3.469019999999999709e+04
3.647740000000000146e+04
3.771259999999999854e+04
3.883100000000000000e+04
3.985500000000000000e+04
4.057340000000000146e+04
4.103740000000000146e+04
4.166940000000000146e+04
4.196859999999999854e+04
4.235580000000000291e+04
4.287580000000000291e+04
4.285980000000000291e+04
4.288700000000000000e+04
4.297819999999999709e+04
4.281500000000000000e+04
4.265980000000000291e+04
4.259100000000000000e+04
4.233019999999999709e+04
4.223900000000000000e+04
4.214300000000000000e+04
4.190780000000000291e+04
4.189659999999999854e+04
4.135259999999999854e+04
4.097180000000000291e+04
4.082300000000000000e+04
4.094140000000000146e+04
4.065180000000000291e+04
4.049659999999999854e+04
4.048380000000000291e+04
4.017019999999999709e+04
3.967580000000000291e+04
3.964540000000000146e+04
3.946780000000000291e+04
3.924700000000000000e+04
3.887419999999999709e+04
3.853819999999999709e+04
3.856700000000000000e+04
3.831580000000000291e+04
3.848219999999999709e+04
3.825500000000000000e+04
3.801819999999999709e+04
3.788540000000000146e+04
3.767580000000000291e+04
3.748700000000000000e+04
3.761500000000000000e+04
3.714940000000000146e+04
3.689180000000000291e+04
3.690619999999999709e+04
3.682140000000000146e+04
3.672380000000000291e+04
3.664540000000000146e+04
3.644700000000000000e+04
3.660700000000000000e+04
3.638459999999999854e+04
3.681180000000000291e+04
3.655580000000000291e+04
3.663419999999999709e+04
3.686140000000000146e+04
3.619419999999999709e+04
3.617500000000000000e+04
3.623100000000000000e+04
3.611419999999999709e+04
3.608540000000000146e+04
3.583900000000000000e+04
3.575740000000000146e+04
3.615419999999999709e+04
3.592059999999999854e+04
3.573180000000000291e+04
3.585500000000000000e+04
3.553659999999999854e+04
3.558140000000000146e+04
3.551580000000000291e+04
3.517500000000000000e+04
3.521180000000000291e+04
3.520380000000000291e+04
3.528540000000000146e+04
3.544859999999999854e+04
3.517180000000000291e+04
3.524859999999999854e+04
3.512700000000000000e+04
3.520700000000000000e+04
3.525340000000000146e+04
3.501180000000000291e+04
3.517180000000000291e+04
3.504219999999999709e+04
3.500540000000000146e+04
3.492059999999999854e+04
3.493340000000000146e+04
3.479740000000000146e+04
3.482780000000000291e+04
3.482459999999999854e+04
3.481180000000000291e+04
3.498459999999999854e+04
3.494140000000000146e+04
3.477500000000000000e+04
3.478300000000000000e+04
3.455740000000000146e+04
3.455740000000000146e+04
3.485659999999999854e+04
3.518300000000000000e+04
3.514459999999999854e+04
3.517019999999999709e+04
3.518780000000000291e+04
3.530780000000000291e+04
3.550140000000000146e+04
3.546300000000000000e+04
3.567580000000000291e+04
3.571580000000000291e+04
3.548540000000000146e+04
3.578459999999999854e+04
3.612700000000000000e+04
3.618780000000000291e+04
3.634140000000000146e+04
3.680859999999999854e+04
3.645659999999999854e+04
3.641819999999999709e+04
3.652859999999999854e+04
3.652859999999999854e+04
3.653819999999999709e+04
3.685180000000000291e+04
3.651580000000000291e+04
3.657980000000000291e+04
3.726619999999999709e+04
3.734780000000000291e+04
3.762780000000000291e+04
3.801819999999999709e+04
3.762140000000000146e+04
3.801340000000000146e+04
3.797980000000000291e+04
3.743100000000000000e+04
3.773340000000000146e+04
3.819100000000000000e+04
3.846780000000000291e+04
3.840540000000000146e+04
3.857980000000000291e+04
3.864059999999999854e+04
3.840380000000000291e+04
3.840540000000000146e+04
3.833180000000000291e+04
3.833019999999999709e+04
3.826619999999999709e+04
3.752859999999999854e+04
3.663419999999999709e+04
3.622459999999999854e+04
3.648059999999999854e+04
3.630459999999999854e+04
3.608219999999999709e+04
3.649019999999999709e+04
3.638940000000000146e+04
3.676859999999999854e+04
3.759740000000000146e+04
3.936859999999999854e+04
4.050140000000000146e+04
4.257340000000000146e+04
4.494459999999999854e+04
4.713819999999999709e+04
4.941819999999999709e+04
5.183749375000000146e+04
5.413526875000000291e+04
5.669081874999999854e+04
5.755197499999999854e+04
5.398400000000000000e+04
4.610880000000000291e+04
2.470400000000000000e+04
1.172639999999999964e+04
5.593600000000000364e+03
7.232000000000000000e+03
9.379200000000000728e+03
1.116000000000000000e+04
1.310079999999999927e+04
1.433760000000000036e+04
1.612160000000000036e+04
1.739840000000000146e+04
1.859359999999999854e+04
2.007359999999999854e+04
2.161279999999999927e+04
2.251200000000000000e+04
2.335520000000000073e+04
2.436320000000000073e+04
2.525279999999999927e+04
2.605279999999999927e+04
2.720320000000000073e+04
2.751840000000000146e+04
2.802879999999999927e+04
2.894879999999999927e+04
2.954559999999999854e+04
2.988959999999999854e+04
3.039359999999999854e+04
3.117440000000000146e+04
3.133120000000000073e+04
3.186079999999999927e+04
3.199840000000000146e+04
3.250079999999999927e+04
3.275200000000000000e+04
3.303680000000000291e+04
3.324319999999999709e+04
3.357440000000000146e+04
3.388000000000000000e+04
3.404640000000000146e+04
3.438880000000000291e+04
3.443359999999999854e+04
3.491200000000000000e+04
3.521919999999999709e+04
3.530240000000000146e+04
3.553600000000000000e+04
3.560640000000000146e+04
3.562400000000000000e+04
3.565119999999999709e+04
3.602880000000000291e+04
3.601919999999999709e+04
3.608159999999999854e+04
3.633440000000000146e+04
3.660640000000000146e+04
3.636800000000000000e+04
3.647840000000000146e+04
3.651519999999999709e+04
3.677759999999999854e+04
3.669919999999999709e+04
3.673440000000000146e+04
3.673440000000000146e+04
3.470459999999999854e+04
3.615259999999999854e+04
3.703100000000000000e+04
3.914459999999999854e+04
4.071900000000000000e+04
4.215100000000000000e+04
4.375740000000000146e+04
4.469659999999999854e+04
4.588859999999999854e+04
4.686619999999999709e+04
4.790619999999999709e+04
4.846619999999999709e+04
4.893019999999999709e+04
4.940540000000000146e+04
4.971100000000000000e+04
5.024540000000000146e+04
5.018780625000000146e+04
5.039100000000000000e+04
5.043901249999999709e+04
5.018301249999999709e+04
5.020540000000000146e+04
5.021181250000000000e+04
5.003740000000000146e+04
4.964700000000000000e+04
4.910459999999999854e+04
4.906940000000000146e+04
4.922459999999999854e+04
4.924059999999999854e+04
4.890459999999999854e+04
4.868380000000000291e+04
4.857980000000000291e+04
4.841980000000000291e+04
4.810780000000000291e+04
4.781180000000000291e+04
4.848380000000000291e+04
4.761340000000000146e+04
4.744540000000000146e+04
4.723100000000000000e+04
4.709019999999999709e+04
4.707580000000000291e+04
4.683900000000000000e+04
4.692859999999999854e+04
4.677340000000000146e+04
4.639900000000000000e+04
4.622940000000000146e+04
4.614300000000000000e+04
4.582140000000000146e+04
4.556219999999999709e+04
4.513340000000000146e+04
4.502140000000000146e+04
4.492540000000000146e+04
4.477659999999999854e+04
4.465500000000000000e+04
4.452859999999999854e+04
4.434940000000000146e+04
4.437980000000000291e+04
4.431100000000000000e+04
4.431580000000000291e+04
4.433500000000000000e+04
4.435900000000000000e+04
4.396859999999999854e+04
4.419580000000000291e+04
4.370459999999999854e+04
4.388700000000000000e+04
4.347419999999999709e+04
4.412700000000000000e+04
4.385019999999999709e+04
4.396219999999999709e+04
4.356059999999999854e+04
4.370140000000000146e+04
4.346300000000000000e+04
4.341340000000000146e+04
4.324380000000000291e+04
4.334140000000000146e+04
4.319100000000000000e+04
4.375900000000000000e+04
4.407740000000000146e+04
4.388380000000000291e+04
4.436219999999999709e+04
4.436219999999999709e+04
4.458940000000000146e+04
4.452380000000000291e+04
4.470940000000000146e+04
4.484380000000000291e+04
4.481980000000000291e+04
4.484859999999999854e+04
4.503419999999999709e+04
4.497019999999999709e+04
4.537500000000000000e+04
4.537019999999999709e+04
4.546459999999999854e+04
4.534459999999999854e+04
4.535580000000000291e+04
4.537500000000000000e+04
4.557980000000000291e+04
4.547900000000000000e+04
4.520700000000000000e+04
4.533500000000000000e+04
4.543259999999999854e+04
4.527900000000000000e+04
4.518619999999999709e+04
4.541340000000000146e+04
4.537500000000000000e+04
4.535419999999999709e+04
4.554940000000000146e+04
4.524700000000000000e+04
4.529180000000000291e+04
4.541180000000000291e+04
4.537180000000000291e+04
4.509819999999999709e+04
4.505340000000000146e+04
4.523740000000000146e+04
4.512380000000000291e+04
4.522780000000000291e+04
4.533180000000000291e+04
4.517500000000000000e+04
4.526619999999999709e+04
4.507740000000000146e+04
4.495740000000000146e+04
4.530140000000000146e+04
4.494619999999999709e+04
4.480219999999999709e+04
4.496859999999999854e+04
4.490780000000000291e+04
4.488380000000000291e+04
4.508059999999999854e+04
4.513019999999999709e+04
4.524540000000000146e+04
4.541819999999999709e+04
4.544059999999999854e+04
4.540219999999999709e+04
4.531900000000000000e+04
4.546300000000000000e+04
4.561819999999999709e+04
4.571740000000000146e+04
4.531900000000000000e+04
4.528540000000000146e+04
4.536219999999999709e+04
4.543100000000000000e+04
4.551740000000000146e+04
4.576540000000000146e+04
4.534140000000000146e+04
4.527900000000000000e+04
4.539259999999999854e+04
4.534940000000000146e+04
4.536059999999999854e+04
4.514459999999999854e+04
4.501819999999999709e+04
4.511900000000000000e+04
4.526940000000000146e+04
4.511740000000000146e+04
4.522619999999999709e+04
4.538780000000000291e+04
4.510300000000000000e+04
4.515580000000000291e+04
4.516540000000000146e+04
4.522459999999999854e+04
4.502619999999999709e+04
4.508380000000000291e+04
4.514459999999999854e+04
4.494459999999999854e+04
4.533500000000000000e+04
4.500700000000000000e+04
4.526780000000000291e+04
4.493500000000000000e+04
4.503580000000000291e+04
4.519740000000000146e+04
4.524859999999999854e+04
4.549980000000000291e+04
4.514619999999999709e+04
4.525819999999999709e+04
4.517180000000000291e+04
4.509019999999999709e+04
4.535259999999999854e+04
4.546140000000000146e+04
4.520540000000000146e+04
4.537340000000000146e+04
4.561659999999999854e+04
4.561340000000000146e+04
4.562300000000000000e+04
4.570619999999999709e+04
4.574940000000000146e+04
4.587259999999999854e+04
4.584219999999999709e+04
4.577019999999999709e+04
4.595259999999999854e+04
4.571259999999999854e+04
4.584540000000000146e+04
4.567580000000000291e+04
4.559419999999999709e+04
4.571900000000000000e+04
4.571259999999999854e+04
4.587900000000000000e+04
4.585180000000000291e+04
4.554300000000000000e+04
4.572059999999999854e+04
4.558940000000000146e+04
4.557340000000000146e+04
4.561340000000000146e+04
4.583259999999999854e+04
4.579259999999999854e+04
4.583900000000000000e+04
4.568540000000000146e+04
4.569180000000000291e+04
4.562140000000000146e+04
4.593819999999999709e+04
4.575580000000000291e+04
4.552859999999999854e+04
4.564219999999999709e+04
4.569659999999999854e+04
4.535259999999999854e+04
4.579259999999999854e+04
4.561340000000000146e+04
4.574940000000000146e+04
4.563259999999999854e+04
4.562780000000000291e+04
4.546619999999999709e+04
4.549980000000000291e+04
4.569019999999999709e+04
4.547580000000000291e+04
4.539580000000000291e+04
4.515740000000000146e+04
4.542300000000000000e+04
4.562300000000000000e+04
4.560540000000000146e+04
4.547740000000000146e+04
4.545019999999999709e+04
4.574619999999999709e+04
4.537180000000000291e+04
4.528059999999999854e+04
4.552380000000000291e+04
4.523259999999999854e+04
4.560219999999999709e+04
4.543900000000000000e+04
4.507580000000000291e+04
4.527900000000000000e+04
4.530300000000000000e+04
4.531100000000000000e+04
4.532219999999999709e+04
4.544380000000000291e+04
4.536380000000000291e+04
4.554300000000000000e+04
4.529659999999999854e+04
4.528219999999999709e+04
4.517819999999999709e+04
4.543740000000000146e+04
4.541980000000000291e+04
4.533340000000000146e+04
4.546940000000000146e+04
4.579900000000000000e+04
4.537500000000000000e+04
4.541659999999999854e+04
4.526140000000000146e+04
4.535259999999999854e+04
4.535100000000000000e+04
4.515419999999999709e+04
4.541180000000000291e+04
4.529659999999999854e+04
4.492059999999999854e+04
4.469980000000000291e+04
4.496859999999999854e+04
4.473500000000000000e+04
4.466459999999999854e+04
4.494459999999999854e+04
4.480219999999999709e+04
4.498619999999999709e+04
4.505819999999999709e+04
4.498780000000000291e+04
4.479900000000000000e+04
4.495740000000000146e+04
4.469500000000000000e+04
4.457980000000000291e+04
4.492380000000000291e+04
4.486140000000000146e+04
4.499100000000000000e+04
4.525659999999999854e+04
4.516059999999999854e+04
4.536540000000000146e+04
4.537180000000000291e+04
4.537500000000000000e+04
4.544540000000000146e+04
4.541980000000000291e+04
4.545019999999999709e+04
4.531259999999999854e+04
4.541819999999999709e+04
4.549340000000000146e+04
4.554459999999999854e+04
4.551100000000000000e+04
4.551419999999999709e+04
4.548540000000000146e+04
4.541340000000000146e+04
4.518619999999999709e+04
4.533340000000000146e+04
4.563740000000000146e+04
4.554619999999999709e+04
4.538940000000000146e+04
4.559900000000000000e+04
4.578140000000000146e+04
4.575900000000000000e+04
4.582300000000000000e+04
4.547740000000000146e+04
4.552219999999999709e+04
4.569019999999999709e+04
4.546780000000000291e+04
4.547900000000000000e+04
4.527580000000000291e+04
4.553180000000000291e+04
4.555419999999999709e+04
4.553019999999999709e+04
4.552059999999999854e+04
4.547100000000000000e+04
4.537500000000000000e+04
4.536859999999999854e+04
4.550940000000000146e+04
4.541819999999999709e+04
4.546780000000000291e+04
4.551580000000000291e+04
4.527419999999999709e+04
4.556059999999999854e+04
4.542459999999999854e+04
4.515900000000000000e+04
4.544059999999999854e+04
4.534459999999999854e+04
4.511419999999999709e+04
4.545819999999999709e+04
4.537659999999999854e+04
4.542140000000000146e+04
4.546940000000000146e+04
4.534619999999999709e+04
4.559740000000000146e+04
4.554619999999999709e+04
4.564859999999999854e+04
4.510619999999999709e+04
4.552540000000000146e+04
4.551259999999999854e+04
4.525500000000000000e+04
4.563740000000000146e+04
4.535580000000000291e+04
4.546780000000000291e+04
4.552380000000000291e+04
4.533659999999999854e+04
4.536540000000000146e+04
4.513019999999999709e+04
4.525180000000000291e+04
4.531900000000000000e+04
4.526780000000000291e+04
4.518619999999999709e+04
4.519900000000000000e+04
4.513819999999999709e+04
4.539580000000000291e+04
4.525980000000000291e+04
4.504859999999999854e+04
4.511419999999999709e+04
4.497500000000000000e+04
4.526459999999999854e+04
4.487900000000000000e+04
4.493500000000000000e+04
4.480700000000000000e+04
4.488859999999999854e+04
4.449500000000000000e+04
4.486619999999999709e+04
4.476540000000000146e+04
4.492059999999999854e+04
4.463259999999999854e+04
4.450619999999999709e+04
4.471100000000000000e+04
4.454300000000000000e+04
4.464219999999999709e+04
4.465180000000000291e+04
4.485180000000000291e+04
4.470459999999999854e+04
4.479740000000000146e+04
4.508700000000000000e+04
4.526619999999999709e+04
4.547580000000000291e+04
4.548059999999999854e+04
4.509180000000000291e+04
4.529340000000000146e+04
4.526300000000000000e+04
4.531100000000000000e+04
4.531259999999999854e+04
4.520380000000000291e+04
4.540540000000000146e+04
4.565659999999999854e+04
4.583580000000000291e+04
4.614140000000000146e+04
4.701819999999999709e+04
4.727259999999999854e+04
4.771740000000000146e+04
4.880219999999999709e+04
4.966459999999999854e+04
5.022780000000000291e+04
5.022780000000000291e+04
4.245019999999999709e+04
4.503419999999999709e+04
4.746780000000000291e+04
5.017663124999999854e+04
5.294315625000000000e+04
5.521058125000000291e+04
5.754705625000000146e+04
5.688639375000000291e+04
5.322240000000000146e+04
4.468800000000000000e+04
3.403519999999999709e+04
2.155679999999999927e+04
1.039200000000000000e+04
4.566399999999999636e+03
5.289600000000000364e+03
6.243199999999999818e+03
6.897600000000000364e+03
7.408000000000000000e+03
8.054399999999999636e+03
8.193600000000000364e+03
8.801600000000000364e+03
9.073600000000000364e+03
9.355200000000000728e+03
9.206399999999999636e+03
9.808000000000000000e+03
9.761600000000000364e+03
9.868799999999999272e+03
1.030239999999999964e+04
1.010079999999999927e+04
1.020639999999999964e+04
1.024160000000000036e+04
1.001600000000000000e+04
9.948799999999999272e+03
1.000479999999999927e+04
1.005439999999999964e+04
9.851200000000000728e+03
9.585600000000000364e+03
9.347200000000000728e+03
9.328000000000000000e+03
9.315200000000000728e+03
9.020799999999999272e+03
9.059200000000000728e+03
8.809600000000000364e+03
8.545600000000000364e+03
8.395200000000000728e+03
8.345600000000000364e+03
8.161600000000000364e+03
7.900800000000000182e+03
7.872000000000000000e+03
7.699199999999999818e+03
7.603199999999999818e+03
7.408000000000000000e+03
7.657600000000000364e+03
7.443199999999999818e+03
7.515199999999999818e+03
7.352000000000000000e+03
7.340800000000000182e+03
6.854399999999999636e+03
6.899199999999999818e+03
6.904000000000000000e+03
6.808000000000000000e+03
6.600000000000000000e+03
6.214399999999999636e+03
6.300800000000000182e+03
6.587199999999999818e+03
6.214399999999999636e+03
6.230399999999999636e+03
5.955199999999999818e+03
5.963199999999999818e+03
5.966399999999999636e+03
6.038399999999999636e+03
6.004800000000000182e+03
5.942399999999999636e+03
5.849600000000000364e+03
5.612800000000000182e+03
5.627199999999999818e+03
5.988800000000000182e+03
5.665600000000000364e+03
5.851199999999999818e+03
6.142399999999999636e+03
5.814399999999999636e+03
5.809600000000000364e+03
5.968000000000000000e+03
5.785600000000000364e+03
6.126399999999999636e+03
5.832000000000000000e+03
5.812800000000000182e+03
5.632000000000000000e+03
6.121600000000000364e+03
6.020800000000000182e+03
6.084800000000000182e+03
5.750399999999999636e+03
6.032000000000000000e+03
5.636800000000000182e+03
5.686399999999999636e+03
5.523199999999999818e+03
5.758399999999999636e+03
5.628800000000000182e+03
5.236800000000000182e+03
5.451199999999999818e+03
5.571199999999999818e+03
5.561600000000000364e+03
5.640000000000000000e+03
5.364800000000000182e+03
5.324800000000000182e+03
5.281600000000000364e+03
5.299199999999999818e+03
5.305600000000000364e+03
5.443199999999999818e+03
5.684800000000000182e+03
5.462399999999999636e+03
5.267199999999999818e+03
5.211199999999999818e+03
4.844800000000000182e+03
5.625600000000000364e+03
5.156800000000000182e+03
5.084800000000000182e+03
5.547199999999999818e+03
4.811199999999999818e+03
4.649600000000000364e+03
4.659199999999999818e+03
4.539199999999999818e+03
4.340800000000000182e+03
4.468800000000000182e+03
4.601600000000000364e+03
4.614399999999999636e+03
4.571199999999999818e+03
4.640000000000000000e+03
4.488000000000000000e+03
4.675199999999999818e+03
4.635199999999999818e+03
4.513600000000000364e+03
4.457600000000000364e+03
4.441600000000000364e+03
4.596800000000000182e+03
4.433600000000000364e+03
4.516800000000000182e+03
4.635199999999999818e+03
4.771199999999999818e+03
4.692800000000000182e+03
4.744000000000000000e+03
4.979199999999999818e+03
4.555199999999999818e+03
4.435199999999999818e+03
4.606399999999999636e+03
4.665600000000000364e+03
4.636800000000000182e+03
4.644800000000000182e+03
4.318399999999999636e+03
4.198399999999999636e+03
4.304000000000000000e+03
4.563199999999999818e+03
4.337600000000000364e+03
4.588800000000000182e+03
4.104000000000000000e+03
4.092800000000000182e+03
4.156800000000000182e+03
4.545600000000000364e+03
4.075199999999999818e+03
4.070400000000000091e+03
3.955199999999999818e+03
3.960000000000000000e+03
3.867199999999999818e+03
4.105600000000000364e+03
3.840000000000000000e+03
3.913599999999999909e+03
3.884800000000000182e+03
3.812800000000000182e+03
4.310399999999999636e+03
4.297600000000000364e+03
4.236800000000000182e+03
3.614400000000000091e+03
4.137600000000000364e+03
3.601599999999999909e+03
4.184000000000000000e+03
4.228800000000000182e+03
4.097600000000000364e+03
4.433600000000000364e+03
4.435199999999999818e+03
4.435199999999999818e+03
4.515199999999999818e+03
4.526399999999999636e+03
4.659199999999999818e+03
4.651199999999999818e+03
4.515199999999999818e+03
4.427199999999999818e+03
4.532800000000000182e+03
4.451199999999999818e+03
4.457600000000000364e+03
4.872000000000000000e+03
4.489600000000000364e+03
4.480000000000000000e+03
4.457600000000000364e+03
4.332800000000000182e+03
4.603199999999999818e+03
4.550399999999999636e+03
4.174399999999999636e+03
4.337600000000000364e+03
4.254399999999999636e+03
4.614399999999999636e+03
4.422399999999999636e+03
4.483199999999999818e+03
4.206399999999999636e+03
4.326399999999999636e+03
4.400000000000000000e+03
4.416000000000000000e+03
4.233600000000000364e+03
4.222399999999999636e+03
4.360000000000000000e+03
4.291199999999999818e+03
4.481600000000000364e+03
4.251199999999999818e+03
4.164800000000000182e+03
3.964800000000000182e+03
4.088000000000000000e+03
4.376000000000000000e+03
4.174399999999999636e+03
4.382399999999999636e+03
3.979199999999999818e+03
4.054400000000000091e+03
4.203199999999999818e+03
3.958400000000000091e+03
4.348800000000000182e+03
4.438399999999999636e+03
4.148800000000000182e+03
4.457600000000000364e+03
4.184000000000000000e+03
4.294399999999999636e+03
4.132800000000000182e+03
4.292800000000000182e+03
4.699199999999999818e+03
4.611199999999999818e+03
4.361600000000000364e+03
4.188800000000000182e+03
4.038400000000000091e+03
4.134399999999999636e+03
4.380800000000000182e+03
4.211199999999999818e+03
4.313600000000000364e+03
4.908800000000000182e+03
4.158399999999999636e+03
4.041599999999999909e+03
4.305600000000000364e+03
4.472000000000000000e+03
4.558399999999999636e+03
4.369600000000000364e+03
4.473600000000000364e+03
3.937599999999999909e+03
3.849599999999999909e+03
3.904000000000000000e+03
4.443199999999999818e+03
4.483199999999999818e+03
3.825599999999999909e+03
4.204800000000000182e+03
4.062400000000000091e+03
4.873600000000000364e+03
5.155199999999999818e+03
4.283199999999999818e+03
4.340800000000000182e+03
5.097600000000000364e+03
4.675199999999999818e+03
3.888000000000000000e+03
4.561600000000000364e+03
3.852800000000000182e+03
4.212800000000000182e+03
4.809600000000000364e+03
4.033599999999999909e+03
4.825600000000000364e+03
5.550399999999999636e+03
5.278399999999999636e+03
4.409600000000000364e+03
5.483199999999999818e+03
5.184000000000000000e+03
4.846399999999999636e+03
4.224000000000000000e+03
4.000000000000000000e+03
4.593600000000000364e+03
4.116800000000000182e+03
4.142399999999999636e+03
4.347199999999999818e+03
4.294399999999999636e+03
4.552000000000000000e+03
4.880000000000000000e+03
4.704000000000000000e+03
4.913600000000000364e+03
4.683199999999999818e+03
4.393600000000000364e+03
4.156800000000000182e+03
4.382399999999999636e+03
4.729600000000000364e+03
4.142399999999999636e+03
4.652800000000000182e+03
4.576000000000000000e+03
4.716800000000000182e+03
4.489600000000000364e+03
4.275199999999999818e+03
4.148800000000000182e+03
4.643199999999999818e+03
4.851199999999999818e+03
4.758399999999999636e+03
4.940800000000000182e+03
4.715199999999999818e+03
4.614399999999999636e+03
4.793600000000000364e+03
4.651199999999999818e+03
4.857600000000000364e+03
4.468800000000000182e+03
4.436800000000000182e+03
4.593600000000000364e+03
4.252800000000000182e+03
4.542399999999999636e+03
4.737600000000000364e+03
4.838399999999999636e+03
4.435199999999999818e+03
4.827199999999999818e+03
4.491199999999999818e+03
4.385600000000000364e+03
4.630399999999999636e+03
4.227199999999999818e+03
4.232000000000000000e+03
4.232000000000000000e+03
4.108800000000000182e+03
4.424000000000000000e+03
4.505600000000000364e+03
4.512000000000000000e+03
4.526399999999999636e+03
4.577600000000000364e+03
4.494399999999999636e+03
4.606399999999999636e+03
4.593600000000000364e+03
5.201600000000000364e+03
4.571199999999999818e+03
4.209600000000000364e+03
4.606399999999999636e+03
4.497600000000000364e+03
4.660800000000000182e+03
4.576000000000000000e+03
4.624000000000000000e+03
4.592000000000000000e+03
4.564800000000000182e+03
4.550399999999999636e+03
4.664000000000000000e+03
4.627199999999999818e+03
4.488000000000000000e+03
4.584000000000000000e+03
4.548800000000000182e+03
4.449600000000000364e+03
4.860800000000000182e+03
4.737600000000000364e+03
4.620800000000000182e+03
4.774399999999999636e+03
4.699199999999999818e+03
4.812800000000000182e+03
4.664000000000000000e+03
4.900800000000000182e+03
4.728000000000000000e+03
4.952000000000000000e+03
4.651199999999999818e+03
4.848000000000000000e+03
4.657600000000000364e+03
4.715199999999999818e+03
5.096000000000000000e+03
4.939199999999999818e+03
4.755199999999999818e+03
5.153600000000000364e+03
5.118399999999999636e+03
5.104000000000000000e+03
5.260800000000000182e+03
5.048000000000000000e+03
4.936000000000000000e+03
5.180800000000000182e+03
5.376000000000000000e+03
5.659199999999999818e+03
5.972800000000000182e+03
6.617600000000000364e+03
6.852800000000000182e+03
7.515199999999999818e+03
7.782399999999999636e+03
8.563200000000000728e+03
9.243200000000000728e+03
9.564799999999999272e+03
9.753600000000000364e+03
1.049920000000000073e+04
1.068479999999999927e+04
1.130400000000000000e+04
1.188000000000000000e+04
1.193760000000000036e+04
1.217120000000000073e+04
1.280639999999999964e+04
1.326400000000000000e+04
1.351679999999999927e+04
1.372160000000000036e+04
4.529659999999999854e+04
4.665180000000000291e+04
4.820059999999999854e+04
5.017500000000000000e+04
5.169343750000000000e+04
5.324711250000000291e+04
5.533704374999999709e+04
5.693263124999999854e+04
5.852473124999999709e+04
5.988480000000000291e+04
5.955359999999999854e+04
5.710240000000000146e+04
5.488159999999999854e+04
5.417759999999999854e+04
4.994719999999999709e+04
4.378880000000000291e+04
4.229759999999999854e+04
4.317919999999999709e+04
3.861759999999999854e+04
3.675040000000000146e+04
3.898080000000000291e+04
3.683200000000000000e+04
3.601119999999999709e+04
4.010719999999999709e+04
4.100480000000000291e+04
4.109919999999999709e+04
4.611040000000000146e+04
4.689280000000000291e+04
4.832000000000000000e+04
4.836640000000000146e+04
4.761600000000000000e+04
4.886559999999999854e+04
5.116319999999999709e+04
4.989280000000000291e+04
5.287680000000000291e+04
5.280480000000000291e+04
5.439680000000000291e+04
5.752319999999999709e+04
5.678080000000000291e+04
5.584480000000000291e+04
5.868640000000000146e+04
5.938719999999999709e+04
6.063359999999999854e+04
6.091680000000000291e+04
6.077280000000000291e+04
6.060159999999999854e+04
6.098719999999999709e+04
6.131840000000000146e+04
6.111680000000000291e+04
6.084000000000000000e+04
6.061759999999999854e+04
6.018559999999999854e+04
6.037440000000000146e+04
6.023840000000000146e+04
6.030240000000000146e+04
6.015200000000000000e+04
6.014080000000000291e+04
5.986880000000000291e+04
5.987200000000000000e+04
6.006719999999999709e+04
5.979519374999999854e+04
5.968159999999999854e+04
5.935840000000000146e+04
5.923840000000000146e+04
5.942719999999999709e+04
5.917918125000000146e+04
5.924639375000000291e+04
5.914558125000000291e+04
5.947840000000000146e+04
5.916638124999999854e+04
5.919678749999999854e+04
5.905118750000000000e+04
5.908479374999999709e+04
5.878396875000000000e+04
5.898398750000000291e+04
5.886876249999999709e+04
5.865594999999999709e+04
5.900156874999999854e+04
5.940639375000000291e+04
5.969280000000000291e+04
5.980480000000000291e+04
5.998400000000000000e+04
6.002400000000000000e+04
6.018559999999999854e+04
6.039359999999999854e+04
6.045919999999999709e+04
6.073600000000000000e+04
6.061600000000000000e+04
6.088159999999999854e+04
6.069280000000000291e+04
6.086400000000000000e+04
6.087040000000000146e+04
6.104640000000000146e+04
6.104959999999999854e+04
6.109600000000000000e+04
6.113440000000000146e+04
6.064800000000000000e+04
6.123359999999999854e+04
6.043680000000000291e+04
6.120959999999999854e+04
6.081919999999999709e+04
5.701280000000000291e+04
5.273119999999999709e+04
4.841759999999999854e+04
3.750080000000000291e+04
2.396479999999999927e+04
1.065920000000000073e+04
8.281600000000000364e+03
5.118399999999999636e+03
4.457600000000000364e+03
5.616000000000000000e+03
6.707199999999999818e+03
7.630399999999999636e+03
8.408000000000000000e+03
9.424000000000000000e+03
1.011200000000000000e+04
1.100639999999999964e+04
1.204479999999999927e+04
1.256320000000000073e+04
1.323200000000000000e+04
1.367520000000000073e+04
1.424479999999999927e+04
1.484320000000000073e+04
1.532960000000000036e+04
1.569920000000000073e+04
1.598079999999999927e+04
1.661440000000000146e+04
1.732800000000000000e+04
1.800479999999999927e+04
1.791520000000000073e+04
1.843840000000000146e+04
1.845600000000000000e+04
1.886240000000000146e+04
1.899520000000000073e+04
1.946079999999999927e+04
2.009759999999999854e+04
1.995200000000000000e+04
2.043840000000000146e+04
2.048320000000000073e+04
2.070720000000000073e+04
2.095040000000000146e+04
2.126240000000000146e+04
2.114240000000000146e+04
2.144640000000000146e+04
2.116959999999999854e+04
2.144959999999999854e+04
2.113920000000000073e+04
2.141120000000000073e+04
2.164000000000000000e+04
2.173279999999999927e+04
2.177759999999999854e+04
2.205440000000000146e+04
2.206720000000000073e+04
2.195200000000000000e+04
2.231520000000000073e+04
2.203679999999999927e+04
2.216800000000000000e+04
2.219200000000000000e+04
2.238720000000000073e+04
2.243679999999999927e+04
2.263200000000000000e+04
2.245600000000000000e+04
2.264479999999999927e+04
2.266079999999999927e+04
2.240640000000000146e+04
2.292479999999999927e+04
2.274720000000000073e+04
2.300479999999999927e+04
2.277600000000000000e+04
2.310559999999999854e+04
2.313440000000000146e+04
2.288479999999999927e+04
2.291840000000000146e+04
2.305600000000000000e+04
2.288800000000000000e+04
2.329920000000000073e+04
2.339200000000000000e+04
2.397279999999999927e+04
2.353759999999999854e+04
2.373759999999999854e+04
2.378240000000000146e+04
2.412320000000000073e+04
2.422079999999999927e+04
2.422400000000000000e+04
2.433600000000000000e+04
2.457120000000000073e+04
2.425279999999999927e+04
2.443040000000000146e+04
2.471840000000000146e+04
2.485600000000000000e+04
2.495520000000000073e+04
2.468479999999999927e+04
2.492800000000000000e+04
2.475040000000000146e+04
2.508479999999999927e+04
2.501600000000000000e+04
2.462240000000000146e+04
2.451840000000000146e+04
2.464000000000000000e+04
2.449279999999999927e+04
2.443520000000000073e+04
2.451359999999999854e+04
2.487840000000000146e+04
2.472800000000000000e+04
2.481920000000000073e+04
2.472959999999999854e+04
2.476640000000000146e+04
2.470559999999999854e+04
2.454240000000000146e+04
2.479840000000000146e+04
2.484000000000000000e+04
2.463679999999999927e+04
2.465279999999999927e+04
2.498240000000000146e+04
2.488800000000000000e+04
2.495040000000000146e+04
2.519520000000000073e+04
2.544479999999999927e+04
2.545920000000000073e+04
2.592000000000000000e+04
2.560320000000000073e+04
2.592320000000000073e+04
2.561440000000000146e+04
2.562079999999999927e+04
2.580479999999999927e+04
2.649600000000000000e+04
2.630079999999999927e+04
2.660479999999999927e+04
2.662879999999999927e+04
2.659200000000000000e+04
2.656000000000000000e+04
2.686400000000000000e+04
2.687840000000000146e+04
2.690400000000000000e+04
2.716320000000000073e+04
2.694559999999999854e+04
2.735359999999999854e+04
2.732159999999999854e+04
2.724959999999999854e+04
2.730879999999999927e+04
2.766879999999999927e+04
2.713600000000000000e+04
2.739200000000000000e+04
2.728159999999999854e+04
2.724800000000000000e+04
2.728640000000000146e+04
2.742240000000000146e+04
2.713920000000000073e+04
2.742879999999999927e+04
2.732640000000000146e+04
2.758400000000000000e+04
2.764000000000000000e+04
2.781120000000000073e+04
2.785920000000000073e+04
2.789440000000000146e+04
2.853600000000000000e+04
2.795200000000000000e+04
2.790079999999999927e+04
2.785920000000000073e+04
2.831200000000000000e+04
2.838720000000000073e+04
2.829120000000000073e+04
2.831200000000000000e+04
2.830559999999999854e+04
2.846559999999999854e+04
2.846879999999999927e+04
2.845920000000000073e+04
2.851359999999999854e+04
2.840159999999999854e+04
2.884000000000000000e+04
2.833600000000000000e+04
2.820000000000000000e+04
2.820959999999999854e+04
2.804959999999999854e+04
2.824000000000000000e+04
2.842559999999999854e+04
2.855520000000000073e+04
2.876479999999999927e+04
2.888159999999999854e+04
2.900320000000000073e+04
2.903200000000000000e+04
2.944800000000000000e+04
2.916640000000000146e+04
2.903679999999999927e+04
2.922240000000000146e+04
2.904479999999999927e+04
2.908320000000000073e+04
2.907520000000000073e+04
2.926240000000000146e+04
2.910079999999999927e+04
2.919200000000000000e+04
2.922400000000000000e+04
2.945279999999999927e+04
2.931359999999999854e+04
2.944479999999999927e+04
2.936640000000000146e+04
2.939840000000000146e+04
2.930240000000000146e+04
2.919840000000000146e+04
2.961759999999999854e+04
2.955679999999999927e+04
2.985120000000000073e+04
2.949920000000000073e+04
2.966559999999999854e+04
2.972320000000000073e+04
2.972640000000000146e+04
2.984320000000000073e+04
2.986720000000000073e+04
2.966079999999999927e+04
2.984640000000000146e+04
2.967200000000000000e+04
2.989440000000000146e+04
2.993440000000000146e+04
2.990720000000000073e+04
2.976479999999999927e+04
2.992479999999999927e+04
2.972000000000000000e+04
2.967679999999999927e+04
2.973600000000000000e+04
3.008320000000000073e+04
3.016800000000000000e+04
3.002079999999999927e+04
3.003200000000000000e+04
3.016479999999999927e+04
3.051359999999999854e+04
3.044000000000000000e+04
3.051200000000000000e+04
3.060479999999999927e+04
3.076159999999999854e+04
3.104959999999999854e+04
3.154559999999999854e+04
3.114559999999999854e+04
3.131679999999999927e+04
3.142079999999999927e+04
3.152959999999999854e+04
3.141759999999999854e+04
3.159679999999999927e+04
3.148000000000000000e+04
3.143200000000000000e+04
3.176320000000000073e+04
3.189920000000000073e+04
3.156320000000000073e+04
3.164959999999999854e+04
3.171840000000000146e+04
3.171200000000000000e+04
3.177600000000000000e+04
3.176959999999999854e+04
3.193440000000000146e+04
3.204640000000000146e+04
3.194079999999999927e+04
3.228159999999999854e+04
3.228640000000000146e+04
3.232000000000000000e+04
3.261759999999999854e+04
3.226079999999999927e+04
3.204640000000000146e+04
3.250079999999999927e+04
3.246559999999999854e+04
3.244159999999999854e+04
3.270400000000000000e+04
3.249120000000000073e+04
3.250400000000000000e+04
3.237440000000000146e+04
3.270079999999999927e+04
3.277440000000000146e+04
3.273600000000000000e+04
3.290240000000000146e+04
3.268320000000000073e+04
3.284319999999999709e+04
3.279680000000000291e+04
3.263679999999999927e+04
3.266400000000000000e+04
3.279040000000000146e+04
3.298719999999999709e+04
3.320159999999999854e+04
3.303200000000000000e+04
3.331680000000000291e+04
3.326719999999999709e+04
3.346400000000000000e+04
3.341440000000000146e+04
3.356959999999999854e+04
3.363359999999999854e+04
3.317919999999999709e+04
3.351359999999999854e+04
3.359519999999999709e+04
3.363040000000000146e+04
3.368000000000000000e+04
3.330719999999999709e+04
3.361119999999999709e+04
3.368319999999999709e+04
3.348319999999999709e+04
3.343840000000000146e+04
3.343840000000000146e+04
5.449366249999999854e+04
5.619656250000000000e+04
5.750230625000000146e+04
5.916154374999999709e+04
6.053280000000000291e+04
5.738559999999999854e+04
4.446240000000000146e+04
3.326719999999999709e+04
1.766240000000000146e+04
8.262399999999999636e+03
6.792000000000000000e+03
5.388800000000000182e+03
5.120000000000000000e+03
5.225600000000000364e+03
5.516800000000000182e+03
5.704000000000000000e+03
6.168000000000000000e+03
6.513600000000000364e+03
6.363199999999999818e+03
6.505600000000000364e+03
6.508800000000000182e+03
6.020800000000000182e+03
6.161600000000000364e+03
5.825600000000000364e+03
5.507199999999999818e+03
5.347199999999999818e+03
5.504000000000000000e+03
4.958399999999999636e+03
4.961600000000000364e+03
4.670399999999999636e+03
4.628800000000000182e+03
4.734399999999999636e+03
4.201600000000000364e+03
6.118399999999999636e+03
5.580800000000000182e+03
5.601600000000000364e+03
4.620800000000000182e+03
5.344000000000000000e+03
6.297600000000000364e+03
6.899199999999999818e+03
7.273600000000000364e+03
7.355199999999999818e+03
8.318399999999999636e+03
8.256000000000000000e+03
7.851199999999999818e+03
8.459200000000000728e+03
8.705600000000000364e+03
8.883200000000000728e+03
9.841600000000000364e+03
8.643200000000000728e+03
1.057120000000000073e+04
1.172320000000000073e+04
1.974559999999999854e+04
1.706400000000000000e+04
1.790879999999999927e+04
1.573760000000000036e+04
1.841440000000000146e+04
1.835520000000000073e+04
2.166240000000000146e+04
1.872479999999999927e+04
2.237279999999999927e+04
2.550559999999999854e+04
2.882879999999999927e+04
2.606079999999999927e+04
2.688640000000000146e+04
2.804959999999999854e+04
2.751840000000000146e+04
2.688640000000000146e+04
2.807359999999999854e+04
2.651359999999999854e+04
2.691679999999999927e+04
2.806240000000000146e+04
2.912320000000000073e+04
2.892000000000000000e+04
2.807040000000000146e+04
3.111040000000000146e+04
2.874879999999999927e+04
2.729759999999999854e+04
2.099200000000000000e+04
2.315520000000000073e+04
1.653120000000000073e+04
1.424160000000000036e+04
1.660320000000000073e+04
1.580160000000000036e+04
1.520639999999999964e+04
1.328800000000000000e+04
1.435520000000000073e+04
1.320960000000000036e+04
1.444800000000000000e+04
1.353920000000000073e+04
1.107520000000000073e+04
1.336000000000000000e+04
1.702400000000000000e+04
1.369439999999999964e+04
1.444639999999999964e+04
1.255679999999999927e+04
1.193279999999999927e+04
1.265760000000000036e+04
1.487520000000000073e+04
1.503839999999999964e+04
1.269439999999999964e+04
1.282400000000000000e+04
1.437920000000000073e+04
1.195360000000000036e+04
1.175200000000000000e+04
1.215520000000000073e+04
1.099679999999999927e+04
1.018720000000000073e+04
1.032320000000000073e+04
1.079360000000000036e+04
1.196000000000000000e+04
1.187839999999999964e+04
1.178239999999999964e+04
1.003360000000000036e+04
1.227679999999999927e+04
9.244799999999999272e+03
1.012639999999999964e+04
6.940800000000000182e+03
9.979200000000000728e+03
9.107200000000000728e+03
8.089600000000000364e+03
9.296000000000000000e+03
7.630399999999999636e+03
8.980799999999999272e+03
8.969600000000000364e+03
8.198399999999999636e+03
8.622399999999999636e+03
7.512000000000000000e+03
7.585600000000000364e+03
5.806399999999999636e+03
7.825600000000000364e+03
5.179199999999999818e+03
6.723199999999999818e+03
7.502399999999999636e+03
6.123199999999999818e+03
6.809600000000000364e+03
5.841600000000000364e+03
5.302399999999999636e+03
6.832000000000000000e+03
6.062399999999999636e+03
6.729600000000000364e+03
5.881600000000000364e+03
6.273600000000000364e+03
6.048000000000000000e+03
5.710399999999999636e+03
5.812800000000000182e+03
5.286399999999999636e+03
4.323199999999999818e+03
5.985600000000000364e+03
5.537600000000000364e+03
5.203199999999999818e+03
5.795199999999999818e+03
5.745600000000000364e+03
5.392000000000000000e+03
5.113600000000000364e+03
4.768000000000000000e+03
4.971199999999999818e+03
4.081599999999999909e+03
4.041599999999999909e+03
5.321600000000000364e+03
4.425600000000000364e+03
4.931199999999999818e+03
4.846399999999999636e+03
5.380800000000000182e+03
4.683199999999999818e+03
4.625600000000000364e+03
5.158399999999999636e+03
4.683199999999999818e+03
4.404800000000000182e+03
4.328000000000000000e+03
5.406399999999999636e+03
5.401600000000000364e+03
5.552000000000000000e+03
4.747199999999999818e+03
5.099199999999999818e+03
4.721600000000000364e+03
4.492800000000000182e+03
4.748800000000000182e+03
4.595199999999999818e+03
4.724800000000000182e+03
4.931199999999999818e+03
4.968000000000000000e+03
5.014399999999999636e+03
5.182399999999999636e+03
5.308800000000000182e+03
5.332800000000000182e+03
5.452800000000000182e+03
5.110399999999999636e+03
5.188800000000000182e+03
5.318399999999999636e+03
5.340800000000000182e+03
5.593600000000000364e+03
5.280000000000000000e+03
5.588800000000000182e+03
5.534399999999999636e+03
5.552000000000000000e+03
5.412800000000000182e+03
5.667199999999999818e+03
5.712000000000000000e+03
5.704000000000000000e+03
6.025600000000000364e+03
5.988800000000000182e+03
6.760000000000000000e+03
7.555199999999999818e+03
8.348799999999999272e+03
9.022399999999999636e+03
1.004639999999999964e+04
1.147520000000000073e+04
1.274560000000000036e+04
1.370720000000000073e+04
1.499200000000000000e+04
1.637920000000000073e+04
1.777440000000000146e+04
1.866559999999999854e+04
2.029759999999999854e+04
2.146400000000000000e+04
2.205600000000000000e+04
2.321120000000000073e+04
2.385759999999999854e+04
2.477759999999999854e+04
2.597600000000000000e+04
2.640959999999999854e+04
2.694240000000000146e+04
2.779679999999999927e+04
2.846400000000000000e+04
2.899040000000000146e+04
2.979359999999999854e+04
3.030079999999999927e+04
3.081920000000000073e+04
3.095359999999999854e+04
3.177120000000000073e+04
3.195040000000000146e+04
3.208479999999999927e+04
3.228640000000000146e+04
3.253600000000000000e+04
3.254079999999999927e+04
3.288159999999999854e+04
3.292000000000000000e+04
3.308480000000000291e+04
3.320959999999999854e+04
3.328640000000000146e+04
3.304959999999999854e+04
3.337280000000000291e+04
3.344800000000000000e+04
3.319200000000000000e+04
3.353759999999999854e+04
3.337919999999999709e+04
3.321280000000000291e+04
3.341440000000000146e+04
3.322880000000000291e+04
3.312959999999999854e+04
3.325759999999999854e+04
3.334559999999999854e+04
3.343519999999999709e+04
3.346880000000000291e+04
3.336159999999999854e+04
3.320800000000000000e+04
3.341759999999999854e+04
3.354080000000000291e+04
3.333280000000000291e+04
3.342559999999999854e+04
3.348319999999999709e+04
3.334880000000000291e+04
3.374080000000000291e+04
3.331359999999999854e+04
3.315040000000000146e+04
3.311680000000000291e+04
3.299680000000000291e+04
3.287519999999999709e+04
3.280480000000000291e+04
3.290559999999999854e+04
3.267520000000000073e+04
3.268479999999999927e+04
3.262720000000000073e+04
3.220959999999999854e+04
3.200640000000000146e+04
3.259040000000000146e+04
3.238240000000000146e+04
3.247040000000000146e+04
3.264000000000000000e+04
3.248959999999999854e+04
3.275679999999999927e+04
3.259520000000000073e+04
3.268479999999999927e+04
3.288000000000000000e+04
3.267840000000000146e+04
3.295200000000000000e+04
3.302080000000000291e+04
3.282559999999999854e+04
3.305119999999999709e+04
3.277119999999999709e+04
3.269279999999999927e+04
3.224159999999999854e+04
3.265120000000000073e+04
3.266079999999999927e+04
3.248159999999999854e+04
3.240959999999999854e+04
3.227040000000000146e+04
3.182559999999999854e+04
3.179200000000000000e+04
3.206879999999999927e+04
3.194079999999999927e+04
3.211679999999999927e+04
3.211200000000000000e+04
3.190400000000000000e+04
3.196959999999999854e+04
3.182720000000000073e+04
3.140479999999999927e+04
3.146559999999999854e+04
3.137120000000000073e+04
3.107200000000000000e+04
3.103520000000000073e+04
3.113759999999999854e+04
3.091679999999999927e+04
3.087840000000000146e+04
3.060320000000000073e+04
3.043359999999999854e+04
3.043359999999999854e+04
3.049120000000000073e+04
3.021120000000000073e+04
3.029279999999999927e+04
3.010079999999999927e+04
3.002400000000000000e+04
2.984159999999999854e+04
3.006879999999999927e+04
3.015359999999999854e+04
3.006240000000000146e+04
3.009920000000000073e+04
3.026879999999999927e+04
3.011520000000000073e+04
3.020800000000000000e+04
3.023520000000000073e+04
3.022079999999999927e+04
3.010559999999999854e+04
3.025440000000000146e+04
2.982879999999999927e+04
3.003840000000000146e+04
2.980000000000000000e+04
2.980640000000000146e+04
2.943840000000000146e+04
2.960159999999999854e+04
2.945600000000000000e+04
2.931520000000000073e+04
2.943200000000000000e+04
2.954559999999999854e+04
2.932959999999999854e+04
2.937279999999999927e+04
2.934720000000000073e+04
2.939359999999999854e+04
2.946400000000000000e+04
2.959520000000000073e+04
2.939040000000000146e+04
2.952000000000000000e+04
2.957920000000000073e+04
2.958559999999999854e+04
2.955679999999999927e+04
2.924159999999999854e+04
2.964479999999999927e+04
2.936479999999999927e+04
2.958559999999999854e+04
2.945279999999999927e+04
2.941120000000000073e+04
2.930559999999999854e+04
2.938079999999999927e+04
2.949440000000000146e+04
2.947359999999999854e+04
2.988640000000000146e+04
2.972320000000000073e+04
2.986559999999999854e+04
2.987520000000000073e+04
3.013920000000000073e+04
2.997600000000000000e+04
3.001759999999999854e+04
3.026879999999999927e+04
3.034879999999999927e+04
3.041279999999999927e+04
3.085120000000000073e+04
3.078079999999999927e+04
3.104800000000000000e+04
3.106400000000000000e+04
3.111040000000000146e+04
3.142879999999999927e+04
3.120640000000000146e+04
3.132320000000000073e+04
3.136800000000000000e+04
3.151040000000000146e+04
3.128959999999999854e+04
3.139200000000000000e+04
3.153279999999999927e+04
3.149759999999999854e+04
3.133759999999999854e+04
3.152320000000000073e+04
3.152320000000000073e+04
6.217119999999999709e+04
5.734880000000000291e+04
3.177440000000000146e+04
1.535360000000000036e+04
6.963199999999999818e+03
6.713600000000000364e+03
5.977600000000000364e+03
7.451199999999999818e+03
8.430399999999999636e+03
9.460799999999999272e+03
1.000320000000000073e+04
1.087839999999999964e+04
1.128320000000000073e+04
1.171679999999999927e+04
1.201279999999999927e+04
1.197279999999999927e+04
1.227520000000000073e+04
1.240479999999999927e+04
1.224160000000000036e+04
1.216960000000000036e+04
1.210079999999999927e+04
1.192000000000000000e+04
1.186239999999999964e+04
1.144320000000000073e+04
1.113920000000000073e+04
1.110239999999999964e+04
1.085760000000000036e+04
1.098879999999999927e+04
1.036000000000000000e+04
1.014720000000000073e+04
9.953600000000000364e+03
9.790399999999999636e+03
9.494399999999999636e+03
9.390399999999999636e+03
9.556799999999999272e+03
9.230399999999999636e+03
8.961600000000000364e+03
8.776000000000000000e+03
8.468799999999999272e+03
8.488000000000000000e+03
8.019199999999999818e+03
7.956800000000000182e+03
7.833600000000000364e+03
7.929600000000000364e+03
7.689600000000000364e+03
7.523199999999999818e+03
7.440000000000000000e+03
7.046399999999999636e+03
6.753600000000000364e+03
6.617600000000000364e+03
6.360000000000000000e+03
6.236800000000000182e+03
6.190399999999999636e+03
5.886399999999999636e+03
5.520000000000000000e+03
5.700800000000000182e+03
5.584000000000000000e+03
5.579199999999999818e+03
5.753600000000000364e+03
5.368000000000000000e+03
5.288000000000000000e+03
4.892800000000000182e+03
5.086399999999999636e+03
5.102399999999999636e+03
4.993600000000000364e+03
4.969600000000000364e+03
4.940800000000000182e+03
5.008000000000000000e+03
5.044800000000000182e+03
4.985600000000000364e+03
4.846399999999999636e+03
4.936000000000000000e+03
4.758399999999999636e+03
4.646399999999999636e+03
4.451199999999999818e+03
5.003199999999999818e+03
4.137600000000000364e+03
5.403199999999999818e+03
4.960000000000000000e+03
4.105600000000000364e+03
4.652800000000000182e+03
5.316800000000000182e+03
4.910399999999999636e+03
5.049600000000000364e+03
5.156800000000000182e+03
5.268800000000000182e+03
5.328000000000000000e+03
5.313600000000000364e+03
5.409600000000000364e+03
5.385600000000000364e+03
5.556800000000000182e+03
5.456000000000000000e+03
5.713600000000000364e+03
5.833600000000000364e+03
5.704000000000000000e+03
5.918399999999999636e+03
6.054399999999999636e+03
6.201600000000000364e+03
5.894399999999999636e+03
6.388800000000000182e+03
6.289600000000000364e+03
6.448000000000000000e+03
6.214399999999999636e+03
6.121600000000000364e+03
6.150399999999999636e+03
6.568000000000000000e+03
6.544000000000000000e+03
6.500800000000000182e+03
6.395199999999999818e+03
6.531199999999999818e+03
6.414399999999999636e+03
6.675199999999999818e+03
6.654399999999999636e+03
6.617600000000000364e+03
7.008000000000000000e+03
6.779199999999999818e+03
6.646399999999999636e+03
6.779199999999999818e+03
6.798399999999999636e+03
6.736000000000000000e+03
6.872000000000000000e+03
6.732800000000000182e+03
6.708800000000000182e+03
6.828800000000000182e+03
6.782399999999999636e+03
6.918399999999999636e+03
6.539199999999999818e+03
6.657600000000000364e+03
6.672000000000000000e+03
6.876800000000000182e+03
7.182399999999999636e+03
7.380800000000000182e+03
7.459199999999999818e+03
7.452800000000000182e+03
7.038399999999999636e+03
7.332800000000000182e+03
7.403199999999999818e+03
7.422399999999999636e+03
7.464000000000000000e+03
7.572800000000000182e+03
7.609600000000000364e+03
7.427199999999999818e+03
7.793600000000000364e+03
7.972800000000000182e+03
7.971199999999999818e+03
8.006399999999999636e+03
7.977600000000000364e+03
8.270399999999999636e+03
8.454399999999999636e+03
8.385600000000000364e+03
8.574399999999999636e+03
8.595200000000000728e+03
8.691200000000000728e+03
8.680000000000000000e+03
8.774399999999999636e+03
8.908799999999999272e+03
8.916799999999999272e+03
9.020799999999999272e+03
9.000000000000000000e+03
9.164799999999999272e+03
8.801600000000000364e+03
8.827200000000000728e+03
9.350399999999999636e+03
9.326399999999999636e+03
9.275200000000000728e+03
9.489600000000000364e+03
9.379200000000000728e+03
9.328000000000000000e+03
9.608000000000000000e+03
9.683200000000000728e+03
9.745600000000000364e+03
9.721600000000000364e+03
9.892799999999999272e+03
9.737600000000000364e+03
9.966399999999999636e+03
9.924799999999999272e+03
1.009439999999999964e+04
9.883200000000000728e+03
9.907200000000000728e+03
1.059679999999999927e+04
1.031520000000000073e+04
1.039679999999999927e+04
1.050239999999999964e+04
1.051839999999999964e+04
1.049439999999999964e+04
1.072320000000000073e+04
1.060479999999999927e+04
1.066400000000000000e+04
1.040000000000000000e+04
1.071360000000000036e+04
1.075520000000000073e+04
1.068160000000000036e+04
1.069920000000000073e+04
1.053279999999999927e+04
1.086239999999999964e+04
1.041600000000000000e+04
1.055360000000000036e+04
1.072800000000000000e+04
1.070720000000000073e+04
1.051200000000000000e+04
1.064800000000000000e+04
1.062239999999999964e+04
1.036639999999999964e+04
1.072800000000000000e+04
1.063679999999999927e+04
1.069439999999999964e+04
1.067200000000000000e+04
1.081120000000000073e+04
1.078879999999999927e+04
1.114079999999999927e+04
1.096960000000000036e+04
1.103679999999999927e+04
1.087200000000000000e+04
1.110079999999999927e+04
1.110720000000000073e+04
1.107839999999999964e+04
1.121439999999999964e+04
1.120639999999999964e+04
1.123839999999999964e+04
1.142400000000000000e+04
1.137760000000000036e+04
1.125120000000000073e+04
1.151039999999999964e+04
1.131839999999999964e+04
1.117600000000000000e+04
1.107200000000000000e+04
1.099520000000000073e+04
1.073600000000000000e+04
1.098879999999999927e+04
1.116160000000000036e+04
1.123200000000000000e+04
1.124639999999999964e+04
1.137439999999999964e+04
1.152639999999999964e+04
1.131679999999999927e+04
1.157279999999999927e+04
1.141439999999999964e+04
1.137920000000000073e+04
1.136320000000000073e+04
1.144639999999999964e+04
1.148320000000000073e+04
1.144000000000000000e+04
1.149760000000000036e+04
1.144960000000000036e+04
1.146079999999999927e+04
1.126239999999999964e+04
1.151200000000000000e+04
1.130239999999999964e+04
1.119200000000000000e+04
1.144639999999999964e+04
1.138720000000000073e+04
1.174879999999999927e+04
1.137120000000000073e+04
1.139039999999999964e+04
1.124479999999999927e+04
1.118239999999999964e+04
1.154879999999999927e+04
1.160160000000000036e+04
1.040000000000000000e+04
1.173281250000000000e+04
1.159361249999999927e+04
1.148160625000000073e+04
1.226401874999999927e+04
1.097279999999999927e+04
1.083839999999999964e+04
1.068160000000000036e+04
1.043200000000000000e+04
1.040960000000000036e+04
1.031200000000000000e+04
1.065279999999999927e+04
1.128160000000000036e+04
1.153920000000000073e+04
1.139200000000000000e+04
1.177120000000000073e+04
1.179039999999999964e+04
1.168800000000000000e+04
1.132160000000000036e+04
1.171520000000000073e+04
1.247200000000000000e+04
1.208639999999999964e+04
1.221760000000000036e+04
1.191360000000000036e+04
1.196960000000000036e+04
1.211679999999999927e+04
1.195520000000000073e+04
1.197120000000000073e+04
1.174400000000000000e+04
1.130400000000000000e+04
1.106079999999999927e+04
1.084639999999999964e+04
1.070239999999999964e+04
1.053760000000000036e+04
1.011520000000000073e+04
9.828799999999999272e+03
9.763200000000000728e+03
9.720000000000000000e+03
9.668799999999999272e+03
9.459200000000000728e+03
8.979200000000000728e+03
8.769600000000000364e+03
8.884799999999999272e+03
8.609600000000000364e+03
8.662399999999999636e+03
8.705600000000000364e+03
8.937600000000000364e+03
8.782399999999999636e+03
8.723200000000000728e+03
8.720000000000000000e+03
8.505600000000000364e+03
8.625600000000000364e+03
8.755200000000000728e+03
8.812799999999999272e+03
9.265600000000000364e+03
9.468799999999999272e+03
1.018400000000000000e+04
1.098560000000000036e+04
1.198400000000000000e+04
1.280160000000000036e+04
1.360160000000000036e+04
1.468000000000000000e+04
1.569920000000000073e+04
1.623360000000000036e+04
1.726240000000000146e+04
1.795520000000000073e+04
1.878400000000000000e+04
1.935040000000000146e+04
1.991359999999999854e+04
2.093120000000000073e+04
2.147200000000000000e+04
2.188800000000000000e+04
2.247359999999999854e+04
2.293600000000000000e+04
2.347200000000000000e+04
2.416159999999999854e+04
2.413759999999999854e+04
2.418559999999999854e+04
2.451520000000000073e+04
2.444959999999999854e+04
2.479040000000000146e+04
2.481440000000000146e+04
2.515840000000000146e+04
2.515679999999999927e+04
2.520479999999999927e+04
2.510400000000000000e+04
2.534240000000000146e+04
2.524800000000000000e+04
2.532320000000000073e+04
2.544479999999999927e+04
2.552320000000000073e+04
2.522879999999999927e+04
2.506079999999999927e+04
2.490400000000000000e+04
2.508959999999999854e+04
2.512800000000000000e+04
2.481759999999999854e+04
2.481120000000000073e+04
2.459200000000000000e+04
2.486559999999999854e+04
2.450240000000000146e+04
2.461279999999999927e+04
2.448640000000000146e+04
2.421120000000000073e+04
2.407200000000000000e+04
2.403359999999999854e+04
2.409600000000000000e+04
2.441279999999999927e+04
2.401920000000000073e+04
2.404159999999999854e+04
2.388000000000000000e+04
2.391200000000000000e+04
2.408800000000000000e+04
2.346879999999999927e+04
2.348959999999999854e+04
2.340000000000000000e+04
2.385791249999999854e+04
2.400649375000000146e+04
2.260320000000000073e+04
2.224479999999999927e+04
2.232479999999999927e+04
2.203840000000000146e+04
2.201120000000000073e+04
2.202559999999999854e+04
2.164000000000000000e+04
2.127520000000000073e+04
2.149759999999999854e+04
2.094240000000000146e+04
2.085600000000000000e+04
2.071359999999999854e+04
2.060000000000000000e+04
2.050559999999999854e+04
2.045600000000000000e+04
2.024159999999999854e+04
2.025120000000000073e+04
1.099679999999999927e+04
9.984000000000000000e+03
6.305600000000000364e+03
7.169600000000000364e+03
7.667199999999999818e+03
9.428799999999999272e+03
9.916799999999999272e+03
1.113120000000000073e+04
1.203039999999999964e+04
1.302560000000000036e+04
1.372160000000000036e+04
1.421760000000000036e+04
1.441279999999999927e+04
1.476000000000000000e+04
1.515839999999999964e+04
1.517439999999999964e+04
1.532000000000000000e+04
1.535200000000000000e+04
1.508639999999999964e+04
1.492160000000000036e+04
1.489600000000000000e+04
1.491839999999999964e+04
1.486239999999999964e+04
1.428160000000000036e+04
1.417439999999999964e+04
1.372800000000000000e+04
1.359839999999999964e+04
1.353279999999999927e+04
1.326400000000000000e+04
1.294079999999999927e+04
1.256639999999999964e+04
1.226400000000000000e+04
1.227839999999999964e+04
1.197439999999999964e+04
1.189920000000000073e+04
1.185600000000000000e+04
1.157600000000000000e+04
1.137600000000000000e+04
1.122720000000000073e+04
1.090239999999999964e+04
1.046400000000000000e+04
1.028639999999999964e+04
1.008320000000000073e+04
9.820799999999999272e+03
9.662399999999999636e+03
9.619200000000000728e+03
9.420799999999999272e+03
9.465600000000000364e+03
8.995200000000000728e+03
8.720000000000000000e+03
8.648000000000000000e+03
8.593600000000000364e+03
8.276799999999999272e+03
8.208000000000000000e+03
7.905600000000000364e+03
7.748800000000000182e+03
7.486399999999999636e+03
7.792000000000000000e+03
7.801600000000000364e+03
7.200000000000000000e+03
7.401600000000000364e+03
6.899199999999999818e+03
7.024000000000000000e+03
7.296000000000000000e+03
6.819199999999999818e+03
6.662399999999999636e+03
7.361600000000000364e+03
6.654399999999999636e+03
6.694399999999999636e+03
7.128000000000000000e+03
6.822399999999999636e+03
6.976000000000000000e+03
6.985600000000000364e+03
6.076800000000000182e+03
6.753600000000000364e+03
6.776000000000000000e+03
6.332800000000000182e+03
6.112000000000000000e+03
6.638399999999999636e+03
6.664000000000000000e+03
6.606399999999999636e+03
6.544000000000000000e+03
7.200000000000000000e+03
7.296000000000000000e+03
7.420800000000000182e+03
7.574399999999999636e+03
6.876800000000000182e+03
7.732800000000000182e+03
7.152000000000000000e+03
7.756800000000000182e+03
7.475199999999999818e+03
7.310399999999999636e+03
7.454399999999999636e+03
7.497600000000000364e+03
7.398399999999999636e+03
7.280000000000000000e+03
7.387199999999999818e+03
7.849600000000000364e+03
7.937600000000000364e+03
7.297600000000000364e+03
7.739199999999999818e+03
7.924800000000000182e+03
7.459199999999999818e+03
7.646399999999999636e+03
7.814399999999999636e+03
7.836800000000000182e+03
7.240000000000000000e+03
7.763199999999999818e+03
7.636800000000000182e+03
7.401600000000000364e+03
7.500800000000000182e+03
7.404800000000000182e+03
7.244800000000000182e+03
7.395199999999999818e+03
7.273600000000000364e+03
7.352000000000000000e+03
7.235199999999999818e+03
7.201600000000000364e+03
7.216000000000000000e+03
7.352000000000000000e+03
7.065600000000000364e+03
7.844800000000000182e+03
7.276800000000000182e+03
7.081600000000000364e+03
7.371199999999999818e+03
6.936000000000000000e+03
6.984000000000000000e+03
7.116800000000000182e+03
7.603199999999999818e+03
7.390399999999999636e+03
6.873600000000000364e+03
7.412800000000000182e+03
7.468800000000000182e+03
7.470399999999999636e+03
7.870399999999999636e+03
7.596800000000000182e+03
7.766399999999999636e+03
7.614399999999999636e+03
7.428800000000000182e+03
7.366399999999999636e+03
7.329600000000000364e+03
7.481600000000000364e+03
7.660800000000000182e+03
7.174399999999999636e+03
7.764800000000000182e+03
7.334399999999999636e+03
7.091199999999999818e+03
7.273600000000000364e+03
7.561600000000000364e+03
7.486399999999999636e+03
7.433600000000000364e+03
7.876800000000000182e+03
7.268800000000000182e+03
7.313600000000000364e+03
6.923199999999999818e+03
7.200000000000000000e+03
7.377600000000000364e+03
7.515199999999999818e+03
7.012800000000000182e+03
7.441600000000000364e+03
7.478399999999999636e+03
7.348800000000000182e+03
7.454399999999999636e+03
7.510399999999999636e+03
7.051199999999999818e+03
7.288000000000000000e+03
7.299199999999999818e+03
7.243199999999999818e+03
7.513600000000000364e+03
7.401600000000000364e+03
7.355199999999999818e+03
7.164800000000000182e+03
7.225600000000000364e+03
7.088000000000000000e+03
7.318399999999999636e+03
7.067199999999999818e+03
7.307199999999999818e+03
7.180800000000000182e+03
7.227199999999999818e+03
7.404800000000000182e+03
7.723199999999999818e+03
7.878399999999999636e+03
7.379199999999999818e+03
7.822399999999999636e+03
7.817600000000000364e+03
7.747199999999999818e+03
7.830399999999999636e+03
7.217600000000000364e+03
7.585600000000000364e+03
7.588800000000000182e+03
8.091199999999999818e+03
7.596800000000000182e+03
8.323200000000000728e+03
8.086399999999999636e+03
8.116800000000000182e+03
7.811199999999999818e+03
8.184000000000000000e+03
7.713600000000000364e+03
7.849600000000000364e+03
7.691199999999999818e+03
7.739199999999999818e+03
7.752000000000000000e+03
8.078399999999999636e+03
7.449600000000000364e+03
7.518399999999999636e+03
7.553600000000000364e+03
7.569600000000000364e+03
7.745600000000000364e+03
7.512000000000000000e+03
7.353600000000000364e+03
7.280000000000000000e+03
7.496000000000000000e+03
7.580800000000000182e+03
7.891199999999999818e+03
7.854399999999999636e+03
7.734399999999999636e+03
7.915199999999999818e+03
7.576000000000000000e+03
7.497600000000000364e+03
7.408000000000000000e+03
7.540800000000000182e+03
7.384000000000000000e+03
7.438399999999999636e+03
7.520000000000000000e+03
7.278399999999999636e+03
7.371199999999999818e+03
7.296000000000000000e+03
7.227199999999999818e+03
7.507199999999999818e+03
7.553600000000000364e+03
7.379199999999999818e+03
7.256000000000000000e+03
7.547199999999999818e+03
7.401600000000000364e+03
7.424000000000000000e+03
7.601600000000000364e+03
7.529600000000000364e+03
7.163199999999999818e+03
7.532800000000000182e+03
7.614399999999999636e+03
7.131199999999999818e+03
7.452800000000000182e+03
7.284800000000000182e+03
8.001600000000000364e+03
7.419199999999999818e+03
7.196800000000000182e+03
7.267199999999999818e+03
7.336000000000000000e+03
7.252800000000000182e+03
7.747199999999999818e+03
7.236800000000000182e+03
7.235199999999999818e+03
7.212800000000000182e+03
7.425600000000000364e+03
7.388800000000000182e+03
7.646399999999999636e+03
7.724800000000000182e+03
7.496000000000000000e+03
7.579199999999999818e+03
7.539199999999999818e+03
7.129600000000000364e+03
7.675199999999999818e+03
7.304000000000000000e+03
7.252800000000000182e+03
7.289600000000000364e+03
7.630399999999999636e+03
7.484800000000000182e+03
7.481600000000000364e+03
7.340800000000000182e+03
6.977600000000000364e+03
7.520000000000000000e+03
7.275199999999999818e+03
7.153600000000000364e+03
7.344000000000000000e+03
6.844800000000000182e+03
6.820800000000000182e+03
6.640000000000000000e+03
6.712000000000000000e+03
6.875199999999999818e+03
7.116800000000000182e+03
7.494399999999999636e+03
7.219199999999999818e+03
7.681600000000000364e+03
7.779199999999999818e+03
7.524800000000000182e+03
7.846399999999999636e+03
7.660800000000000182e+03
7.696000000000000000e+03
7.939199999999999818e+03
7.592000000000000000e+03
7.449600000000000364e+03
7.446399999999999636e+03
7.387199999999999818e+03
7.694399999999999636e+03
7.473600000000000364e+03
7.758399999999999636e+03
7.808000000000000000e+03
7.860800000000000182e+03
7.387199999999999818e+03
7.539199999999999818e+03
7.726399999999999636e+03
7.872000000000000000e+03
7.660800000000000182e+03
7.577600000000000364e+03
7.913600000000000364e+03
7.745600000000000364e+03
8.043199999999999818e+03
7.782399999999999636e+03
7.968000000000000000e+03
7.948800000000000182e+03
8.542399999999999636e+03
7.752000000000000000e+03
7.732800000000000182e+03
7.688000000000000000e+03
7.972800000000000182e+03
7.649600000000000364e+03
7.905600000000000364e+03
7.710399999999999636e+03
7.974399999999999636e+03
7.444800000000000182e+03
7.385600000000000364e+03
7.233600000000000364e+03
7.251199999999999818e+03
7.416000000000000000e+03
7.096000000000000000e+03
7.368000000000000000e+03
7.401600000000000364e+03
7.310399999999999636e+03
6.968000000000000000e+03
7.312000000000000000e+03
7.516800000000000182e+03
7.568000000000000000e+03
7.403199999999999818e+03
7.284800000000000182e+03
7.694399999999999636e+03
7.836800000000000182e+03
7.601600000000000364e+03
7.328000000000000000e+03
7.649600000000000364e+03
8.097600000000000364e+03
7.505600000000000364e+03
7.540800000000000182e+03
7.886399999999999636e+03
7.635199999999999818e+03
7.638399999999999636e+03
7.561600000000000364e+03
7.561600000000000364e+03
7.380800000000000182e+03
7.502399999999999636e+03
8.297600000000000364e+03
7.900800000000000182e+03
7.620800000000000182e+03
7.401600000000000364e+03
7.240000000000000000e+03
7.403199999999999818e+03
7.368000000000000000e+03
7.412800000000000182e+03
7.352000000000000000e+03
7.584000000000000000e+03
7.568000000000000000e+03
7.644800000000000182e+03
7.636800000000000182e+03
7.566399999999999636e+03
7.531199999999999818e+03
7.315199999999999818e+03
7.636800000000000182e+03
7.464000000000000000e+03
7.838399999999999636e+03
7.910399999999999636e+03
7.315199999999999818e+03
7.739199999999999818e+03
7.574399999999999636e+03
7.548800000000000182e+03
7.772800000000000182e+03
7.537600000000000364e+03
7.742399999999999636e+03
7.353600000000000364e+03
7.470399999999999636e+03
7.371199999999999818e+03
7.568000000000000000e+03
8.040000000000000000e+03
7.907199999999999818e+03
8.081600000000000364e+03
8.004800000000000182e+03
8.396799999999999272e+03
8.417600000000000364e+03
8.344000000000000000e+03
8.312000000000000000e+03
8.422399999999999636e+03
8.483200000000000728e+03
8.158399999999999636e+03
8.158399999999999636e+03
5.042239375000000291e+04
2.322239374999999927e+04
1.131039374999999927e+04
1.054399374999999964e+04
6.416000000000000000e+03
7.248000000000000000e+03
8.499200000000000728e+03
1.003360000000000036e+04
1.060800000000000000e+04
1.172639999999999964e+04
1.286560000000000036e+04
1.330079999999999927e+04
1.411839999999999964e+04
1.415520000000000073e+04
1.432000000000000000e+04
1.481600000000000000e+04
1.471679999999999927e+04
1.501120000000000073e+04
1.504160000000000036e+04
1.508639999999999964e+04
1.485120000000000073e+04
