0.000000000000000000e+00
1.170758168028832733e+04
7.634017638730406361e+03
6.275085851278304290e+03
5.674574571835994902e+03
4.501021100461483002e+03
3.240360307290554374e+03
3.240128485391140657e+03
2.924893824357390258e+03
2.910401838273405701e+03
2.309621816739439964e+03
2.276031229886412802e+03
2.899899018449188134e+03
1.607420548557639449e+03
9.438334527343511127e+02
1.266993484258651733e+03
9.452493273681404844e+02
9.417618661254643939e+02
9.454146783202886581e+02
9.506705325073004360e+02
6.239134614920617423e+02
6.294788100028040390e+02
6.222102632498739467e+02
6.239226112723350752e+02
6.298615425467490923e+02
6.238376893973348842e+02
6.169190126395224070e+02
6.263490425467491605e+02
6.239852632498741514e+02
6.192914931082726753e+02
3.200585154145956039e+02
6.213852577567100752e+02
3.164672455781700364e+02
3.164672455781700364e+02
4.411527343749999375e+01
3.206083591645957540e+02
3.167613498872517539e+02
3.130189377778769426e+02
3.221464661592246443e+02
6.582892793631551740e+02
9.884323318237069316e+02
9.900887603515386672e+02
7.438443207883242394e+03
9.152983859863283215e+03
1.011215835471153332e+04
1.377998038685263055e+04
1.445052302618980139e+04
1.469701137398183346e+04
1.405419506583213843e+04
1.181654984583318219e+04
1.163537743947744821e+04
9.899786188716283505e+03
1.089891736787557602e+04
8.993065189642307814e+03
8.742768472661975466e+03
7.501903334397667095e+03
6.667872202596661737e+03
6.344929855417610270e+03
7.215634139993194367e+03
1.019702602367161853e+04
8.031794047421813957e+03
8.528680404362083209e+03
1.227682642886580106e+04
1.242624547004461238e+04
1.357203856847525458e+04
1.449993301725328456e+04
1.462452333497941800e+04
1.493870787119806118e+04
1.422776369380712276e+04
1.405544053338468075e+04
1.329017288488149643e+04
1.288527266597211383e+04
1.146215479116200913e+04
7.211251594590547029e+03
5.738443166806699082e+03
5.738950160214902098e+03
6.550474020599724099e+03
5.154184600982666780e+03
4.239567563700079518e+03
3.604968578857779903e+03
3.269611648843289004e+03
1.649804221958517473e+03
2.332320062894225430e+03
1.971478095033168529e+03
1.987307641541957764e+03
1.983759285829067494e+03
1.332800317754745492e+03
9.899469894164801644e+02
9.870407565063236461e+02
6.585450447440147173e+02
6.602200630545615923e+02
6.671339729666709673e+02
6.389720961356163116e+02
3.399210315889119443e+02
6.507519301199915844e+02
6.548906654715538025e+02
3.338814396089317142e+02
6.481559035086631866e+02
3.274262073701619329e+02
3.316283756440878960e+02
3.286362619966268426e+02
3.308016803926228704e+02
3.351610666841268653e+02
3.330773270601034710e+02
3.303398758882284483e+02
3.320086503022910733e+02
3.325586853975058830e+02
3.641187500000001620e+01
3.334985721772908391e+02
3.381148270601034937e+02
3.359741944307090193e+02
3.904652343750000654e+01
3.606187500000000767e+01
3.316923563569783937e+02
3.671058593749999943e+01
3.766234374999997669e+01
3.203246093749999801e+01
3.148433593749998138e+01
3.249058593750001478e+01
3.567250000000002075e+01
3.898499999999999943e+01
3.358437500000000142e+01
3.689859375000000341e+01
3.481859375000000512e+01
3.358277343750000199e+01
3.211859374999998096e+01
3.532964843749999773e+01
3.494937499999999631e+01
3.719652343750003354e+01
3.260371093749999716e+01
3.477749999999998920e+01
3.104683593749999204e+01
3.182652343749999346e+01
3.391937499999999517e+01
3.428589843749998778e+01
3.643558593749997954e+01
3.011734375000001052e+01
3.512437500000000057e+01
3.376734374999999488e+01
3.432250000000000512e+01
3.149749999999999162e+01
3.149234374999998565e+01
3.363433593749999773e+01
3.428871093750000654e+01
3.325249999999999062e+01
3.380687500000000512e+01
3.281058593750000085e+01
3.284359375000001080e+01
3.453437499999999716e+01
3.244859375000000057e+01
3.318433593749999488e+01
3.648402343749999233e+01
3.352437500000000625e+01
3.479683593750000625e+01
3.908871093749999659e+01
3.594996093749997357e+01
3.473749999999999716e+01
3.202187500000000142e+01
3.248589843749999062e+01
3.163558593750000725e+01
3.688609374999997925e+01
3.521871093750000625e+01
3.313589843749998920e+01
3.534437500000000654e+01
3.499496093749999659e+01
3.257027343750000625e+01
3.228402343749998948e+01
3.556621093750000284e+01
2.998500000000002075e+01
3.177152343749999730e+01
3.475121093749998380e+01
3.153808593750000000e+01
3.084339843749998522e+01
3.157714843750000000e+01
2.752808593750001620e+01
3.227339843749999915e+01
3.231714843750000199e+01
3.301250000000000284e+01
3.416621093749999716e+01
3.626734374999999488e+01
3.919746093749999716e+01
3.410933593749999915e+01
2.997558593750000000e+01
3.061683593750000298e+01
3.748808593750000284e+01
2.820250000000000767e+01
3.554371093749998778e+01
3.291527343749998380e+01
3.721871093749997783e+01
3.266871093750001620e+01
3.272984375000000057e+01
3.373499999999999943e+01
3.479984375000000796e+01
3.016250000000000142e+01
3.432339843749998920e+01
3.021464843749999929e+01
3.199433593750000071e+01
3.430484375000001052e+01
3.047250000000001435e+01
3.544234374999998494e+01
3.546734375000001194e+01
3.319496093750001364e+01
3.499808593749999375e+01
3.328277343750000483e+01
3.216464843749999858e+01
3.354984374999997954e+01
3.299214843749997783e+01
3.628902343749999915e+01
4.111187499999998352e+01
4.003746093750000057e+01
3.420371093749999858e+01
3.383339843750000142e+01
3.448609375000000909e+01
3.227437500000000625e+01
3.385683593750000142e+01
3.689234374999998778e+01
3.755609374999998806e+01
3.771683593749999375e+01
4.026859375000002927e+01
3.248277343749999346e+01
3.893187500000000512e+01
4.105933593749999488e+01
3.675121093749999091e+01
3.783500000000002217e+01
3.522484374999999801e+01
3.846187500000000625e+01
3.205277343750000085e+01
3.463359375000000284e+01
3.493121093749999062e+01
3.033999999999999631e+01
3.539746093750000000e+01
3.544996093749999488e+01
3.098609374999999133e+01
3.173687499999999773e+01
3.064359375000001506e+01
3.292734374999999858e+01
3.161527343749999730e+01
3.227749999999998209e+01
3.253746093749999346e+01
3.393187499999999801e+01
2.919746093750000071e+01
2.889437499999998948e+01
2.966152343750000142e+01
2.899859374999999773e+01
2.823734374999999019e+01
2.784214843749999346e+01
3.072558593750000000e+01
2.829437499999999517e+01
3.040234375000000000e+01
2.831734374999999915e+01
2.711558593750001478e+01
2.847808593750000838e+01
3.016621093750000071e+01
3.047250000000000725e+01
3.263187499999998664e+01
3.222308593749998806e+01
3.027714843749999929e+01
3.081859374999999801e+01
3.266058593749998806e+01
3.388437499999999858e+01
3.252089843750000142e+01
3.671527343749998096e+01
2.999750000000002004e+01
3.117652343749999133e+01
3.425484374999999915e+01
3.191089843749998778e+01
2.988121093749999702e+01
2.667484374999999019e+01
3.035609374999997812e+01
3.325777343750001336e+01
3.258027343749999716e+01
2.932777343749997812e+01
2.830902343749999517e+01
3.268999999999999773e+01
3.039859374999999631e+01
3.110308593750000483e+01
3.544937500000001052e+01
3.094652343749999801e+01
3.412652343749999062e+01
3.144000000000000483e+01
3.260589843750002359e+01
3.641058593749998096e+01
3.457621093750000085e+01
3.732339843749998920e+01
3.500214843749999716e+01
3.462933593750000938e+01
3.252484375000000227e+01
3.131109375000000483e+01
3.158089843750000369e+01
3.386871093750001904e+01
3.210687500000001648e+01
3.479964843749999659e+01
3.118984375000000142e+01
3.029339843750001293e+01
2.936109374999999844e+01
2.862109375000000000e+01
3.325121093749997669e+01
3.339859375000001052e+01
2.907984374999999844e+01
3.042749999999998778e+01
3.538984374999999716e+01
2.926859374999998664e+01
3.044937500000001052e+01
3.202308593749999943e+01
3.178500000000000725e+01
3.153187500000002075e+01
3.385308593750000483e+01
3.387464843749997812e+01
3.077339843749998138e+01
3.131734374999999915e+01
3.906214843749997101e+01
3.975484375000003467e+01
3.355687500000001933e+01
3.387621093750001222e+01
3.135609374999998522e+01
3.307152343749999801e+01
3.401714843749999773e+01
3.472621093749999943e+01
3.517402343749999716e+01
3.460433593750001791e+01
3.611484374999999858e+01
2.731246093749999204e+01
3.021734375000000838e+01
3.338999999999999346e+01
3.480902343749999517e+01
3.134496093750002998e+01
3.152964843750000767e+01
3.339214843750001194e+01
3.101089843750000341e+01
3.851527343749998522e+01
3.773558593749999091e+01
3.861839843749999801e+01
3.550937499999999858e+01
3.562749999999999062e+01
3.747152343749998948e+01
3.491621093749999716e+01
3.403687499999999488e+01
3.787750000000001194e+01
3.843277343750001052e+01
3.476734375000001620e+01
3.188871093749999730e+01
3.780484374999999631e+01
3.895234374999999716e+01
3.696996093750001933e+01
3.663558593749998238e+01
3.320121093749999375e+01
3.374359374999995964e+01
3.390777343750000483e+01
3.319964843749998096e+01
3.354839843750001194e+01
3.415996093750000284e+01
4.050589843750002217e+01
3.681859375000000512e+01
3.838589843749999631e+01
3.518652343750000000e+01
3.017500000000000071e+01
3.611109374999999488e+01
3.163500000000002998e+01
2.893437499999999929e+01
2.934359374999997883e+01
3.263984374999999716e+01
3.129000000000000981e+01
2.751734375000000199e+01
3.346371093749999659e+01
3.136933593750000071e+01
3.174437500000000156e+01
3.112984375000000270e+01
2.624027343749997954e+01
2.746859375000000369e+01
2.774359374999996675e+01
2.723187500000000227e+01
2.634996093749999346e+01
2.887437500000000412e+01
2.921000000000001506e+01
3.469027343749998948e+01
2.719652343749999801e+01
3.092027343750000767e+01
3.054339843749999517e+01
3.046058593749999233e+01
3.097984375000000767e+01
3.400000000000000000e+01
3.636214843749998238e+01
3.318187500000000512e+01
3.095683593749999929e+01
3.639964843749996959e+01
3.051214843750000938e+01
2.953589843749999133e+01
3.222984375000000767e+01
3.878433593749997499e+01
3.442339843749999062e+01
3.019121093749999929e+01
2.910589843749998096e+01
2.688496093750000071e+01
2.889234375000001975e+01
2.970121093750000796e+01
2.969371093749999346e+01
3.024027343749999019e+01
3.010484375000001478e+01
2.690277343749998451e+01
2.833734374999999162e+01
3.136000000000001364e+01
3.042750000000000199e+01
2.862871093749999929e+01
3.125933593749998707e+01
3.043089843750001222e+01
3.208609374999998920e+01
3.544359374999997669e+01
3.842621093750000227e+01
3.255152343749998778e+01
2.978109375000000369e+01
3.089437499999999659e+01
3.217750000000000909e+01
3.239652343750000085e+01
3.389609374999999858e+01
3.263109375000001933e+01
3.528687500000000909e+01
3.483902343749999631e+01
3.108746093749999773e+01
2.870621093750000341e+01
2.988339843749999858e+01
2.826402343749999346e+01
2.945839843750000142e+01
2.941859374999998522e+01
2.836996093750001791e+01
2.899359374999998096e+01
3.177484375000002004e+01
1.690527343750000000e+01
2.189750000000002927e+01
2.907984374999998067e+01
3.235484374999999346e+01
4.311839843750001933e+01
5.568558593750000085e+01
6.390234375000000000e+01
7.221371093749998238e+01
6.878749999999999432e+01
6.758746093749998352e+01
6.665902343750003922e+01
7.714433593750000284e+01
7.347183593749997499e+01
7.256109374999996930e+01
7.195464843749996930e+01
7.499859374999998352e+01
7.571000000000000796e+01
7.284984374999994827e+01
7.743589843749998636e+01
8.425839843750000568e+01
7.579746093750000568e+01
7.299996093749996362e+01
7.189996093750002615e+01
6.174996093749999915e+01
6.427437499999999204e+01
7.081714843749999488e+01
5.644750000000001222e+01
5.690746093749999091e+01
5.282984375000002331e+01
4.774687500000000284e+01
4.629687500000000000e+01
4.338402343750003354e+01
5.034214843750000767e+01
4.117984375000001052e+01
4.533433593750000057e+01
4.548558593749999801e+01
3.943089843750003354e+01
4.348714843749998948e+01
3.902250000000003638e+01
3.578187500000001364e+01
3.640250000000002473e+01
3.076621093749999858e+01
3.252250000000000796e+01
3.068609374999998707e+01
3.268558593749999375e+01
3.563437499999999858e+01
3.551089843749998920e+01
3.947964843750001762e+01
3.604214843749998920e+01
3.747250000000001791e+01
3.328499999999998238e+01
3.072152343750000725e+01
2.963609374999999346e+01
3.727109374999999858e+01
2.551527343750000298e+01
2.644277343750000142e+01
2.829808593749999091e+01
3.107027343750000981e+01
2.894359374999997314e+01
2.665589843749998522e+01
2.781859374999999801e+01
2.795277343749999588e+01
2.710000000000000142e+01
2.853187500000000298e+01
3.330687500000001933e+01
3.165250000000002117e+01
2.648109375000000654e+01
2.620589843749999659e+01
2.724937499999999346e+01
2.855308593750002544e+01
2.792749999999999844e+01
3.088734375000002075e+01
2.726996093749999517e+01
2.599683593749999844e+01
2.803433593750000341e+01
2.834687500000000071e+01
2.731187500000000412e+01
3.099609375000000000e+01
2.616937499999999162e+01
3.141000000000000369e+01
3.301187499999998920e+01
3.297652343749999915e+01
2.724214843749998494e+01
2.551246093749998778e+01
3.226734374999999488e+01
3.190777343750000838e+01
2.917152343750001364e+01
2.653402343750001791e+01
2.525484375000000270e+01
2.584027343749999517e+01
2.541402343749998138e+01
2.844937500000001052e+01
2.953687499999998067e+01
2.595484374999999133e+01
2.042808593750001123e+01
2.499652343750000227e+01
2.750777343750000981e+01
2.438652343749999929e+01
2.512359374999998707e+01
2.773746093749998565e+01
2.973652343750000071e+01
3.183089843750000725e+01
2.923746093750001052e+01
3.017464843749997527e+01
2.749437499999999801e+01
2.845609375000002927e+01
3.116109374999999204e+01
2.963499999999998380e+01
2.710937500000000000e+01
2.558687499999998494e+01
2.536187500000000483e+01
2.107750000000000767e+01
2.355859375000000000e+01
2.249437500000001577e+01
2.050464843750001620e+01
2.058902343749999631e+01
2.168187499999999801e+01
2.403902343750000270e+01
2.387734375000000142e+01
1.959339843749997812e+01
2.476234375000001364e+01
2.004750000000000654e+01
2.066527343750000512e+01
2.208121093750001052e+01
2.354687500000000000e+01
2.293808593749999858e+01
2.034027343749999872e+01
1.742464843749999304e+01
1.986500000000001620e+01
1.986250000000000071e+01
1.789902343749999858e+01
2.004359375000000654e+01
2.200152343749999773e+01
2.537734375000000142e+01
2.317734374999999858e+01
2.109937499999999844e+01
2.292558593749999929e+01
2.304687500000000000e+01
2.222437499999999488e+01
2.092152343749999233e+01
2.048746093749998920e+01
2.582183593749999773e+01
2.366250000000000142e+01
2.433496093750000000e+01
2.473109374999996746e+01
2.303902343749999915e+01
2.346000000000001151e+01
2.296937500000000654e+01
1.850277343749999304e+01
1.863500000000002643e+01
2.302437500000001691e+01
1.937808593750001052e+01
2.130152343749999133e+01
2.296933593749999858e+01
2.162984374999999915e+01
2.529683593749998849e+01
2.462621093749997669e+01
2.101000000000001222e+01
2.501937500000001791e+01
2.301839843750001080e+01
2.307750000000000767e+01
1.887359375000001549e+01
2.505277343749999375e+01
2.040249999999998209e+01
2.270999999999999730e+01
2.199937500000000767e+01
2.244527343750001336e+01
2.216859375000000654e+01
1.991558593750001194e+01
2.234984374999998735e+01
2.050609374999998025e+01
1.820609374999998309e+01
2.298871093749998806e+01
2.121558593750001265e+01
1.989234375000000199e+01
2.019984374999999588e+01
2.192500000000000071e+01
2.681187499999999346e+01
2.217984375000001762e+01
2.389996093749999417e+01
2.232871093749999858e+01
1.945484375000003041e+01
2.256246093750000270e+01
2.908109374999999019e+01
2.968187500000001933e+01
2.913589843749999631e+01
3.043027343749999858e+01
3.055933593750000199e+01
2.685621093749998067e+01
2.622464843749999730e+01
2.453558593749999517e+01
2.762437499999999702e+01
2.464750000000001506e+01
2.531859374999998735e+01
2.328999999999998494e+01
2.350937499999999858e+01
2.088089843750001506e+01
2.023558593749999801e+01
1.994808593750000014e+01
1.882437500000000696e+01
2.171089843749998494e+01
1.950433593749999872e+01
2.117984375000002117e+01
2.270308593750001336e+01
2.117496093749999631e+01
2.803652343750000142e+01
1.890250000000000696e+01
1.794371093750000412e+01
1.787109375000000000e+01
1.862734375000000142e+01
1.862359374999998707e+01
1.838999999999998991e+01
2.041937499999999517e+01
2.046937499999998877e+01
1.982984374999998778e+01
1.810687499999999162e+01
2.636859374999999517e+01
1.884839843749999488e+01
1.834859375000000625e+01
1.963499999999999801e+01
2.159234375000001194e+01
2.096683593749999019e+01
2.131250000000000000e+01
2.241250000000000142e+01
2.320859374999999858e+01
2.489839843749999559e+01
2.464937500000001691e+01
2.609750000000002501e+01
2.587871093749999929e+01
2.660277343749999091e+01
2.319750000000000512e+01
2.234609375000000142e+01
2.721734374999999062e+01
2.533187499999998948e+01
2.582187499999999858e+01
2.188999999999999702e+01
2.453589843749997357e+01
2.534964843749998664e+01
2.363984375000000071e+01
2.301734375000001265e+01
2.216484374999999929e+01
2.059609375000000142e+01
2.190277343750000583e+01
1.979234375000000767e+01
2.228187500000000654e+01
2.121996093749999801e+01
2.276109374999999346e+01
2.056109375000000483e+01
2.308749999999999858e+01
2.344371093749997925e+01
1.928871093749999233e+01
1.901234374999999588e+01
2.453121093749997783e+01
2.575937499999999858e+01
2.426214843749996675e+01
2.301734374999997712e+01
2.257933593749999446e+01
2.698499999999999588e+01
2.555464843749998138e+01
2.344277343750000142e+01
2.377484374999997385e+01
3.037402343750000000e+01
3.060234374999999929e+01
3.523687499999999773e+01
2.752734375000000000e+01
2.697359374999999915e+01
3.283687500000000625e+01
3.856214843749995680e+01
3.491996093750002927e+01
3.065902343750001435e+01
3.663808593750000142e+01
3.722621093749999233e+01
3.128499999999999659e+01
2.843652343750000000e+01
2.994000000000000483e+01
2.869984374999997812e+01
2.579496093749999730e+01
3.084984374999998025e+01
3.189027343749998522e+01
2.379527343750000767e+01
2.344027343749997883e+01
2.603750000000000142e+01
2.645687499999999659e+01
2.814234374999999133e+01
2.872484374999998380e+01
3.196937500000002075e+01
2.758277343750000199e+01
2.937027343750001052e+01
2.691402343749999915e+01
2.639749999999999019e+01
2.553687499999999488e+01
2.404937500000000838e+01
2.560464843750001407e+01
2.305249999999999133e+01
2.578687500000001620e+01
2.377484374999999517e+01
2.656683593750000227e+01
2.158109374999997954e+01
2.323339843750000000e+01
2.268437499999999929e+01
2.310746093750002572e+01
2.828246093749999801e+01
2.382808593750002046e+01
2.370609374999999019e+01
2.528187499999999233e+01
2.352750000000000696e+01
2.583433593749999346e+01
2.959496093749999801e+01
2.751249999999999929e+01
3.303609374999996362e+01
2.394683593749999417e+01
1.706000000000000938e+01
2.738339843749999858e+01
2.749589843749999929e+01
2.245933593749999702e+01
2.031996093749999943e+01
3.082964843750000838e+01
2.472734374999999929e+01
2.328246093750000867e+01
2.670464843749998707e+01
2.192652343750000199e+01
2.315152343749999986e+01
2.511234374999999019e+01
2.298277343750000412e+01
2.545609374999998309e+01
2.471527343749998451e+01
2.309808593749998451e+01
2.919984374999999233e+01
2.089839843750000625e+01
2.093500000000001648e+01
1.990687500000000654e+01
2.333999999999998920e+01
2.347464843750000796e+01
2.372109375000000142e+01
2.208964843749999929e+01
2.730687500000002643e+01
2.452734375000000000e+01
2.271859374999996817e+01
2.391371093749999233e+01
2.113277343750001336e+01
2.009937500000000909e+01
2.102984375000001549e+01
1.808749999999999858e+01
1.979937499999999062e+01
1.760152343749999915e+01
2.422750000000001336e+01
2.280152343749998778e+01
2.045433593749998380e+01
2.021734374999999773e+01
1.869359375000001577e+01
1.964859374999998565e+01
2.287496093749998849e+01
2.322152343750001791e+01
2.098433593749999915e+01
2.441558593750001904e+01
2.301402343749999346e+01
2.239589843750000142e+01
2.177402343749999858e+01
2.464749999999999375e+01
2.243687499999998636e+01
3.036996093750003212e+01
2.305621093750000483e+01
2.462964843750001265e+01
2.041996093750000796e+01
2.622183593749999275e+01
2.385464843750001052e+01
3.303902343749997783e+01
3.179234375000000767e+01
2.978808593750000000e+01
2.769859374999998636e+01
2.568359375000000000e+01
3.391308593750000000e+01
2.998589843749999773e+01
2.389937499999999559e+01
2.890777343750000483e+01
2.612749999999999062e+01
2.390937500000000071e+01
2.540746093750001933e+01
2.456152343750000000e+01
2.763402343750000156e+01
2.691484374999999929e+01
2.907484375000002430e+01
2.643109374999998096e+01
2.848609375000000199e+01
2.254527343750000767e+01
2.570996093750000000e+01
3.077749999999999275e+01
2.832750000000002188e+01
2.830234374999999858e+01
2.968496093750000142e+01
2.579183593750000725e+01
2.282984375000000199e+01
2.282984375000000199e+01
1.836500000000001620e+01
1.962249999999999517e+01
1.963277343750001691e+01
2.026499999999997925e+01
2.951249999999999929e+01
3.301234374999995680e+01
3.869808593749997527e+01
4.644371093749998636e+01
4.813714843749995254e+01
4.479687500000000000e+01
5.253246093749999091e+01
4.390464843750000057e+01
4.836714843750000625e+01
4.749839843750001478e+01
5.050687499999996533e+01
4.734359374999997527e+01
4.595214843750000000e+01
4.888499999999998380e+01
4.553277343750002615e+01
5.128437499999999716e+01
4.208999999999998920e+01
3.439902343749999858e+01
3.797183593749999631e+01
3.791859374999998522e+01
3.199964843749996746e+01
3.446777343750000000e+01
2.927984374999999773e+01
3.545433593749999091e+01
3.979234375000001478e+01
3.596484375000000000e+01
3.432187499999999858e+01
3.470937500000000142e+01
2.986527343749999730e+01
3.532437499999999631e+01
2.969984374999999588e+01
3.538499999999998380e+01
3.257187499999999858e+01
4.139749999999997954e+01
4.133589843750000625e+01
3.852984374999998352e+01
2.659652343750000369e+01
3.285621093749999488e+01
2.944964843749998096e+01
3.409234375000001194e+01
3.165277343749998451e+01
3.165859375000000142e+01
3.316109374999998494e+01
3.307027343750000625e+01
3.609359375000002501e+01
3.837734375000000142e+01
3.701527343749997101e+01
3.301499999999997925e+01
2.974000000000000199e+01
3.356058593749998664e+01
3.242484374999999375e+01
3.345249999999999346e+01
3.107359375000000412e+01
2.653500000000002501e+01
2.342027343750000767e+01
2.267109375000000071e+01
2.414984374999999872e+01
2.288609375000000767e+01
2.394214843750001620e+01
2.372089843750000071e+01
2.213500000000002288e+01
2.351371093750001506e+01
2.475687499999998664e+01
2.349234374999999631e+01
2.493359375000000000e+01
2.521234374999998096e+01
2.058187500000000725e+01
2.530308593750001123e+01
2.228687499999999133e+01
2.121484375000000000e+01
2.214687500000000142e+01
2.504339843749998806e+01
2.450433593749999162e+01
1.961109374999999488e+01
2.232984375000000199e+01
2.265121093749998948e+01
2.310484375000000412e+01
2.733687500000000270e+01
2.396000000000000441e+01
2.471558593750000909e+01
2.462183593749999488e+01
2.326937500000000369e+01
2.403402343750000014e+01
1.975609375000000512e+01
1.956859374999999446e+01
2.305152343750000199e+01
2.021839843750000654e+01
2.017933593750000298e+01
1.922246093749999929e+01
2.062359375000000128e+01
2.099359375000000938e+01
2.158984375000000000e+01
2.095777343750001620e+01
2.057402343749999929e+01
2.435621093750000909e+01
2.086058593750000156e+01
2.158687500000000981e+01
2.347152343749999659e+01
2.225121093750000512e+01
2.206214843750000654e+01
2.243437499999999929e+01
2.184839843749999488e+01
2.205152343750000199e+01
2.032621093750001506e+01
1.994121093749999929e+01
2.336371093750000227e+01
2.164183593750000512e+01
1.988499999999999801e+01
2.313433593749999062e+01
2.397464843749999730e+01
2.225250000000001549e+01
2.113984375000000071e+01
2.222734374999999929e+01
2.362250000000000583e+01
2.441464843749999858e+01
2.196234374999999517e+01
2.068500000000000583e+01
2.487500000000000000e+01
2.277249999999998664e+01
2.292808593750001833e+01
2.208871093750000725e+01
2.121109375000000341e+01
2.004937500000001549e+01
2.053496093749999929e+01
1.996214843750001577e+01
1.878433593749999986e+01
2.023964843750000142e+01
2.073871093750001648e+01
1.962933593750000227e+01
1.859359374999998948e+01
1.882250000000000512e+01
1.842933593749999233e+01
2.312250000000001293e+01
2.515999999999997883e+01
2.344183593749999517e+01
2.071152343749999858e+01
2.217183593749999559e+01
2.328499999999999304e+01
2.385937500000000000e+01
2.503437500000000071e+01
2.520308593750000981e+01
2.288187499999997243e+01
2.268437499999999929e+01
2.565249999999999631e+01
2.265464843749998991e+01
2.191996093749999375e+01
1.906621093749999929e+01
2.176871093749998565e+01
2.450484375000001691e+01
2.266371093750001009e+01
2.423750000000000071e+01
2.293734374999999304e+01
2.247984375000001478e+01
2.053246093750001222e+01
2.031308593749999858e+01
1.927652343749999631e+01
1.965214843749999929e+01
2.174683593750000909e+01
2.151234375000001364e+01
2.123871093749999162e+01
2.570249999999999346e+01
2.173871093750000583e+01
2.062964843750000199e+01
1.924996093749999204e+01
2.013109375000000512e+01
2.276246093750000554e+01
2.078902343749999204e+01
2.118027343749999858e+01
2.275859374999999929e+01
2.238246093750002430e+01
2.049859374999999062e+01
2.270250000000001123e+01
2.167308593749999801e+01
2.342984375000001052e+01
2.409371093750000270e+01
2.320250000000001123e+01
2.339999999999999858e+01
2.184277343750000000e+01
2.139277343750000071e+01
2.128964843749999858e+01
2.445249999999998991e+01
2.515589843749999943e+01
2.213734375000000654e+01
2.387777343749997527e+01
2.165746093750000867e+01
2.445687499999998948e+01
2.512750000000001904e+01
2.347402343750000142e+01
2.212437500000001478e+01
2.344437499999998664e+01
2.197734374999999929e+01
2.081871093749998991e+01
1.997359374999998494e+01
2.246109375000001052e+01
2.315058593750000071e+01
2.328902343749998849e+01
2.519371093750000767e+01
2.380999999999999162e+01
2.251246093750000199e+01
2.326734375000001620e+01
2.075484374999999559e+01
2.017933593749999943e+01
2.150152343749999773e+01
2.188746093749999133e+01
2.413187500000000085e+01
2.328359375000000142e+01
2.165902343750000369e+01
2.122484375000000156e+01
2.202152343750000085e+01
2.041234375000000156e+01
2.091058593749999517e+01
2.055371093750000000e+01
2.326859375000000441e+01
2.208746093749999062e+01
2.052027343750000909e+01
2.222246093749999929e+01
2.183871093750001080e+01
1.864808593749999233e+01
2.007777343749998522e+01
2.109839843749998423e+01
1.985308593750001904e+01
1.894859374999998280e+01
1.860589843749999517e+01
2.111527343749997954e+01
2.059996093749997925e+01
2.154000000000000625e+01
2.100999999999998380e+01
2.051000000000001222e+01
1.983734375000000938e+01
1.939937499999998494e+01
1.898558593749999091e+01
2.325609374999997669e+01
2.227187500000000142e+01
1.902652343749999275e+01
1.762484374999999304e+01
1.950484375000001336e+01
1.995121093749998309e+01
2.013246093749999588e+01
2.019027343750000369e+01
2.116558593750001194e+01
1.742437499999999062e+01
2.281187500000000767e+01
2.126527343749999233e+01
2.179750000000001009e+01
1.903558593749999517e+01
2.192183593749999204e+01
2.032777343749999233e+01
2.049937499999998636e+01
2.323734375000001506e+01
1.975000000000000000e+01
1.943609374999999062e+01
1.973687500000000483e+01
2.103246093750001933e+01
2.225121093750000156e+01
2.231109375000000128e+01
2.295234375000000071e+01
2.021371093749998593e+01
2.097808593750001904e+01
2.062808593750002117e+01
1.995464843750000483e+01
1.964683593749999702e+01
1.984339843750000298e+01
2.042437499999998707e+01
2.033183593749999929e+01
1.979984374999999019e+01
2.216109374999999915e+01
2.031308593749999858e+01
2.275621093750000412e+01
1.781558593750001052e+01
1.983121093749998920e+01
1.791484374999999929e+01
1.919214843750000199e+01
2.234984374999999801e+01
2.085746093750001151e+01
1.810902343749999588e+01
2.191109374999998494e+01
2.168734374999999304e+01
2.126402343749998991e+01
2.259058593750000909e+01
2.303339843750000071e+01
1.957734375000000071e+01
2.026484375000000071e+01
2.023246093750000796e+01
2.367749999999999133e+01
2.218609375000000483e+01
2.331234375000002501e+01
2.182308593749998948e+01
2.044937500000000696e+01
1.943500000000000938e+01
2.096246093749999417e+01
2.239859374999999631e+01
2.215609374999997883e+01
2.635589843750002359e+01
2.809984374999999091e+01
2.274984375000000725e+01
2.122964843750001052e+01
2.354683593750000625e+01
2.363246093750002075e+01
2.358500000000001151e+01
2.413500000000002643e+01
2.405308593750001123e+01
2.444996093750000909e+01
2.745902343750002572e+01
2.529652343750000298e+01
2.305152343749999133e+01
2.093402343749999517e+01
2.140902343750000725e+01
1.984687500000000071e+01
2.066246093749998636e+01
2.336734374999999631e+01
2.016937499999999162e+01
2.204058593750001549e+01
1.906714843749998778e+01
2.122339843749999133e+01
2.027308593749999233e+01
1.832734375000000071e+01
1.963964843750000000e+01
1.988687499999999631e+01
1.998109375000000654e+01
2.202652343749999986e+01
2.015249999999999631e+01
1.868121093749998707e+01
1.606000000000002004e+01
2.021109375000000341e+01
1.899339843749999091e+01
1.722484374999999446e+01
1.417734375000000036e+01
1.589964843749999446e+01
1.781246093749999915e+01
1.726871093749999986e+01
1.715687499999999233e+01
1.732964843750000483e+01
1.776714843750000128e+01
1.754750000000001009e+01
1.761246093749999631e+01
1.964277343750000071e+01
1.978999999999998494e+01
1.894058593750001052e+01
2.019000000000000483e+01
2.087984375000001336e+01
2.075152343750000483e+01
1.691839843749998806e+01
2.019058593750001407e+01
2.183749999999999858e+01
2.090589843749998877e+01
2.015464843750000767e+01
2.114437499999999659e+01
2.092109375000000071e+01
2.002109374999999858e+01
2.072652343749999915e+01
2.148589843749999062e+01
2.095484375000000199e+01
2.111734374999999275e+01
2.243437499999999929e+01
2.142402343750000071e+01
2.072437500000000554e+01
1.780746093750000369e+01
1.839996093750000483e+01
1.554058593750000838e+01
1.863749999999999929e+01
1.622359375000000270e+01
2.073187499999999872e+01
1.956499999999999417e+01
2.287250000000000938e+01
2.250902343749999801e+01
2.145250000000001123e+01
2.126871093750001052e+01
1.768714843750000654e+01
2.150433593749999517e+01
1.994234375000000981e+01
1.844746093750000071e+01
1.883609374999999631e+01
1.782183593749999417e+01
2.326734375000001620e+01
1.804808593749999801e+01
2.313609374999998636e+01
2.654839843750000483e+01
2.156250000000000000e+01
2.047984375000002188e+01
2.546484375000000000e+01
2.188183593750000000e+01
2.078609374999998849e+01
2.066234374999999801e+01
1.911558593750000767e+01
1.737437499999999346e+01
1.662500000000000000e+01
1.886714843750001336e+01
1.802484374999999517e+01
1.802484374999999517e+01
1.124437499999999446e+01
2.370687499999998238e+01
2.481558593750000696e+01
3.419214843750000199e+01
5.057652343750000057e+01
4.763734374999999943e+01
5.439902343749999858e+01
4.986214843749998238e+01
6.686109374999998067e+01
6.417152343750002785e+01
7.178746093749998636e+01
7.944749999999996248e+01
7.366859374999998522e+01
5.953433593749998920e+01
5.995000000000000284e+01
5.434683593749998920e+01
5.529527343750002899e+01
4.978089843750000654e+01
5.241714843749998920e+01
5.984437500000004917e+01
5.354750000000003496e+01
6.553500000000002501e+01
6.080371093750000000e+01
7.155433593749998522e+01
5.416152343750000142e+01
5.697964843749997499e+01
5.808964843750000284e+01
5.018734374999999659e+01
5.471933593749999858e+01
4.849058593749999346e+01
5.039058593750000625e+01
4.482187499999999858e+01
4.887339843750000057e+01
4.043246093750000369e+01
3.849902343750000000e+01
3.521683593750002217e+01
3.973902343749997357e+01
3.221000000000000085e+01
3.416234375000001222e+01
2.764339843750000725e+01
2.647984375000000412e+01
3.323871093749998806e+01
3.040464843750000412e+01
2.993187499999999801e+01
2.865609375000001435e+01
2.919371093749999702e+01
2.513558593749999659e+01
2.687089843749999929e+01
2.421187499999999915e+01
2.627499999999999858e+01
3.185152343749998494e+01
2.750687499999999730e+01
2.717749999999999133e+01
2.532734375000000071e+01
3.185058593750000000e+01
2.533687500000000625e+01
2.388277343750000625e+01
2.378089843750000654e+01
2.248746093749999631e+01
2.352089843750000142e+01
2.258589843750000270e+01
2.679750000000001364e+01
2.774214843750001336e+01
2.653589843750000199e+01
2.094359375000000512e+01
2.294000000000001194e+01
2.602499999999999858e+01
2.495902343750000085e+01
2.068359375000000000e+01
1.939937500000000625e+01
1.939964843750000867e+01
2.226996093750000938e+01
2.236214843749999304e+01
2.231250000000000000e+01
2.345234375000000071e+01
2.017250000000000654e+01
1.797359374999999204e+01
2.114746093750000000e+01
2.113749999999999929e+01
1.993187500000001222e+01
1.891371093750001720e+01
1.868609374999999417e+01
2.036996093750000369e+01
1.923734375000000085e+01
1.838902343750000412e+01
1.906371093749999801e+01
2.005152343749999488e+01
1.991464843749999858e+01
1.911937500000000512e+01
1.865464843749998991e+01
2.155000000000000071e+01
2.125609375000001222e+01
2.004437499999999517e+01
1.824359374999999517e+01
1.888500000000001222e+01
2.119859374999999702e+01
2.101089843749998565e+01
1.972187500000000071e+01
1.922437500000000199e+01
2.272359374999999204e+01
1.950433593749998806e+01
1.881187500000000767e+01
1.717964843750000270e+01
1.679652343749999233e+01
1.751246093749999133e+01
1.894984374999999233e+01
1.814234375000000909e+01
1.844937500000001052e+01
1.786500000000000199e+01
1.663500000000001222e+01
1.955249999999999844e+01
1.854839843749998707e+01
1.738499999999999801e+01
2.114937500000000625e+01
1.903109375000000369e+01
1.924433593750000071e+01
1.704859374999999133e+01
1.829750000000000654e+01
2.038609374999999702e+01
1.870250000000000767e+01
1.942246093749999858e+01
1.844652343749998735e+01
1.962152343749999872e+01
2.173964843750000142e+01
1.942152343749999233e+01
2.110277343749999801e+01
1.990484375000000128e+01
2.021734375000000838e+01
1.883359374999999858e+01
2.038734374999999233e+01
2.198109374999999233e+01
2.164984374999999872e+01
1.976714843749999062e+01
1.830937499999999929e+01
1.858500000000000085e+01
2.130902343749999872e+01
1.749750000000000583e+01
1.739937500000001336e+01
1.704371093750000199e+01
1.507871093750000036e+01
1.534964843750000441e+01
1.750621093749998991e+01
2.072808593750001194e+01
1.743609374999998707e+01
1.648277343750000057e+01
1.730152343749999133e+01
2.133277343750000554e+01
1.657484374999999233e+01
1.660609374999999233e+01
1.675999999999999801e+01
1.589183593749999091e+01
1.669984375000000654e+01
1.656250000000000000e+01
1.674359375000000227e+01
1.716000000000002146e+01
1.593433593750000021e+01
1.947437499999999133e+01
1.595683593749999929e+01
1.553687499999999133e+01
1.683183593749999929e+01
1.855687499999999801e+01
1.595839843749999964e+01
1.754937500000000838e+01
1.667496093749998565e+01
1.472250000000001613e+01
1.433902343750000696e+01
1.495937499999999964e+01
1.452652343750000341e+01
1.486109375000000377e+01
1.536937500000000512e+01
1.775277343749998948e+01
1.934121093750000142e+01
1.729433593750000142e+01
1.681527343750000014e+01
1.459652343749999126e+01
1.870250000000000767e+01
1.691000000000000014e+01
1.722808593750001549e+01
2.195999999999997954e+01
1.835609375000000654e+01
1.857183593749999417e+01
1.806734375000000625e+01
1.829234375000000767e+01
1.750687500000000796e+01
1.641937499999999872e+01
1.493734374999998771e+01
1.709937499999998423e+01
1.618589843749999702e+01
1.563999999999999702e+01
1.537437500000000590e+01
1.393687500000001123e+01
1.561871093750000661e+01
1.314750000000001151e+01
1.528558593750000760e+01
1.615621093749998849e+01
1.781371093750001222e+01
1.385234374999999929e+01
1.577496093749999240e+01
1.530937499999999929e+01
1.569214843749998423e+01
1.558437499999999964e+01
1.349359375000002181e+01
1.649652343749998096e+01
1.525464843749998423e+01
1.515687500000000298e+01
1.348687499999999417e+01
1.320777343750001265e+01
1.381464843750000071e+01
1.442089843750000000e+01
1.556714843749998600e+01
1.541187499999999133e+01
1.424750000000000760e+01
1.627984375000001194e+01
1.486621093750000000e+01
1.857437500000001052e+01
1.737964843750000199e+01
1.589859374999999453e+01
1.658734374999999872e+01
1.799683593749998778e+01
1.823277343750002188e+01
1.663589843749998209e+01
1.851859374999999730e+01
1.572246093749999929e+01
1.662249999999999872e+01
1.784058593750000909e+01
1.721371093750001791e+01
1.343277343750001407e+01
1.491527343750000867e+01
1.478277343750001194e+01
1.641839843750000583e+01
1.626937500000000369e+01
1.595234375000000071e+01
1.623964843750000142e+01
1.790999999999999304e+01
1.384359375000000014e+01
1.919496093750001009e+01
1.836000000000000298e+01
2.146937500000001009e+01
1.722777343749998735e+01
1.531484374999999964e+01
1.754652343749998877e+01
1.652808593750000909e+01
1.826214843749998806e+01
1.547183593749999275e+01
1.512871093749999929e+01
1.463902343750000945e+01
1.561000000000000831e+01
1.678187499999998877e+01
1.647183593749999631e+01
1.572808593750000838e+01
1.608433593749999346e+01
1.698609374999998778e+01
1.475937500000000036e+01
1.487808593750000696e+01
1.840433593750000085e+01
1.612734375000000142e+01
1.595234375000000071e+01
1.599437499999999623e+01
1.538433593750000128e+01
1.597152343749999304e+01
1.519859375000000412e+01
1.694359374999998380e+01
1.578984374999999929e+01
1.729749999999999588e+01
1.694433593750000000e+01
1.723999999999999844e+01
1.832734375000000071e+01
1.613687500000001052e+01
1.476937500000000192e+01
1.616527343749999801e+01
1.589121093750000036e+01
1.560249999999998671e+01
1.598500000000000298e+01
1.621839843750000298e+01
1.673984374999999858e+01
1.851527343750000654e+01
1.448187499999999694e+01
1.503999999999999559e+01
1.537437500000001123e+01
1.525609374999999623e+01
1.712109375000000000e+01
1.645589843750000369e+01
1.792437499999999062e+01
1.502250000000000441e+01
1.468500000000000760e+01
1.632984374999999488e+01
1.618687499999998991e+01
1.573734374999999908e+01
1.560902343749998877e+01
1.660484375000001478e+01
1.605589843749999801e+01
1.671246093749998707e+01
1.623402343749999233e+01
1.583433593750000412e+01
1.493109374999999339e+01
1.842964843749998494e+01
1.683359374999999858e+01
1.651996093749999162e+01
1.743609374999998352e+01
1.567984374999999808e+01
1.741937500000000938e+01
1.651000000000001577e+01
1.680250000000001620e+01
1.883999999999999986e+01
1.805249999999998423e+01
1.735687500000000227e+01
1.745234375000000071e+01
1.760464843749999986e+01
1.727246093750000000e+01
1.683558593749999943e+01
1.788500000000001577e+01
1.649234375000001407e+01
1.860839843750000000e+01
1.866058593749999517e+01
1.759937500000001265e+01
1.778609374999998494e+01
2.058187499999998948e+01
1.751558593750001336e+01
1.858433593750000057e+01
1.859277343750000000e+01
1.740999999999999659e+01
1.731714843749998423e+01
1.846777343750000000e+01
1.639609374999999858e+01
2.087187499999999929e+01
1.950609374999998380e+01
1.752749999999999631e+01
1.858109375000000796e+01
1.724527343750001052e+01
1.608246093750000227e+01
1.558500000000000263e+01
1.550621093749998103e+01
1.807308593750000725e+01
1.572246093749999929e+01
1.594687500000000036e+01
1.914937499999998494e+01
1.728734374999999801e+01
1.681558593750001052e+01
1.627984375000001904e+01
2.054652343750000298e+01
1.541839843749997918e+01
1.467250000000000298e+01
1.442464843750001080e+01
1.497734374999999929e+01
1.510933593750000270e+01
1.498089843749999339e+01
1.553749999999999964e+01
1.574652343749999339e+01
1.696058593750000298e+01
1.643652343750000000e+01
1.655589843749999801e+01
1.610609375000000654e+01
1.425687500000000796e+01
1.545484374999999844e+01
1.872652343749999204e+01
1.587652343750000128e+01
1.474859374999999773e+01
1.423277343750000590e+01
1.609371093749999915e+01
1.531734375000001158e+01
1.610621093750000199e+01
1.776249999999999929e+01
1.789359375000001506e+01
1.567437500000000128e+01
1.599683593749999844e+01
1.592871093750000000e+01
1.449937499999999702e+01
1.624527343750001052e+01
1.390433593749999908e+01
1.504984374999999019e+01
1.523687500000000661e+01
1.508714843750000867e+01
1.287109375000000000e+01
1.481777343749999964e+01
1.413246093749999410e+01
1.411859374999999872e+01
1.337484374999999126e+01
1.348750000000000071e+01
1.470121093749999908e+01
1.320371093750000036e+01
1.457464843750000227e+01
1.398109374999999055e+01
1.381246093749999559e+01
1.484234375000000306e+01
1.359996093749999524e+01
1.467152343749999410e+01
1.557027343750001158e+01
1.501499999999999169e+01
1.607484375000000654e+01
1.439984375000000227e+01
1.598109374999999588e+01
1.665902343749998948e+01
1.741234375000000867e+01
1.434359374999997883e+01
1.554589843750000000e+01
1.894984374999999233e+01
2.034058593750000909e+01
2.946109374999999275e+01
3.539058593750002757e+01
4.124000000000002331e+01
4.629839843749999773e+01
4.822734375000000284e+01
5.578609374999999915e+01
5.107109375000000284e+01
5.087496093749999204e+01
5.427749999999999631e+01
4.375234375000000142e+01
5.623187500000002359e+01
5.586058593749997669e+01
5.366937500000003780e+01
5.075687500000002217e+01
4.505859375000000000e+01
3.927250000000001506e+01
3.836000000000002785e+01
4.717652343749997357e+01
3.912437499999999346e+01
4.062339843749999346e+01
4.759839843749998778e+01
3.891937500000000938e+01
3.899683593749998778e+01
3.800214843749999716e+01
3.634496093750000512e+01
3.432984374999999488e+01
3.909808593749998806e+01
3.662437500000000057e+01
3.892249999999998522e+01
3.002964843749999346e+01
2.916371093749999233e+01
2.850121093750000867e+01
2.809996093749999702e+01
3.169996093750000909e+01
3.075484375000000981e+01
2.411777343749999858e+01
2.429808593750000156e+01
2.285277343750001222e+01
2.500527343750000142e+01
2.438609375000000412e+01
2.566500000000000981e+01
2.354214843750000341e+01
2.468609374999999062e+01
2.435234374999999929e+01
2.023750000000000071e+01
2.213089843749998309e+01
2.130746093750000369e+01
2.193589843750000057e+01
1.754234375000000767e+01
1.793871093750001222e+01
1.947308593749999872e+01
2.333437500000000142e+01
2.113109375000001222e+01
1.717652343750000199e+01
1.718734374999999659e+01
2.059359374999998948e+01
1.790121093750000014e+01
1.769652343749999091e+01
1.967183593749999204e+01
1.730527343749999858e+01
1.723808593749999929e+01
1.784750000000001080e+01
1.584750000000001080e+01
1.550000000000000000e+01
1.579359374999998877e+01
1.940687500000001009e+01
1.807027343750001336e+01
1.734984374999998735e+01
1.938109374999998380e+01
2.285000000000000142e+01
2.421683593749999730e+01
2.728687499999999844e+01
2.106109375000000483e+01
2.063746093750000199e+01
1.781937500000000085e+01
1.913746093750000199e+01
1.904746093749999858e+01
2.143277343750001052e+01
1.906058593750000085e+01
1.804808593750000512e+01
1.988589843749999986e+01
1.729214843749999631e+01
2.088109374999999091e+01
1.782621093749999730e+01
1.915687500000000654e+01
1.899527343750000341e+01
1.958589843749998494e+01
1.921464843749999929e+01
1.864609374999999858e+01
1.995433593749999801e+01
1.646499999999999631e+01
1.661152343750000071e+01
1.710371093750000071e+01
1.986871093749999062e+01
1.615277343749999872e+01
1.666683593749999304e+01
1.741683593750000014e+01
1.559859374999999737e+01
1.602109374999999858e+01
2.054609375000000071e+01
2.223402343749999588e+01
1.885621093749999844e+01
2.143589843749998991e+01
2.006734375000001691e+01
1.836402343749999133e+01
1.733687500000000981e+01
1.670937500000000142e+01
1.667749999999999488e+01
1.659058593750000554e+01
1.711996093749999304e+01
1.756734375000001336e+01
1.637749999999999062e+01
1.871089843749999559e+01
2.045249999999999702e+01
1.887750000000000128e+01
1.908609375000001052e+01
1.831500000000000483e+01
1.839750000000001506e+01
1.839027343750000654e+01
1.561187500000000838e+01
1.883589843749999204e+01
2.025484374999999915e+01
1.904808593750000512e+01
1.771859375000001791e+01
1.901234374999999588e+01
2.168609375000000483e+01
1.903109374999999304e+01
1.733808593750000071e+01
1.838964843750000000e+01
1.671937500000001009e+01
1.957339843749998920e+01
2.160687499999999162e+01
1.846558593750000909e+01
1.916214843750000085e+01
1.744058593750001052e+01
1.779937500000000483e+01
1.983187499999998593e+01
2.520777343750001620e+01
2.000484374999999915e+01
1.695121093750000085e+01
1.792246093749999858e+01
1.610000000000000142e+01
1.739527343750000909e+01
1.843558593750000085e+01
1.426734375000000021e+01
1.495609374999998309e+01
1.803499999999999659e+01
1.734527343750001194e+01
1.766871093750000199e+01
1.792558593749999929e+01
1.731000000000000938e+01
1.872109375000000142e+01
1.780000000000000071e+01
2.145308593750000981e+01
1.618734374999999659e+01
1.898871093749999872e+01
2.102984374999999773e+01
2.226246093749999844e+01
1.759750000000000014e+01
1.918433593750000199e+01
2.118964843750000071e+01
2.318734374999999659e+01
2.266500000000000270e+01
2.536058593749998380e+01
2.126234374999998167e+01
1.738746093749998778e+01
1.946996093749999801e+01
1.762871093749999929e+01
1.824359374999999872e+01
2.446214843749998380e+01
1.899609375000000000e+01
1.960937500000000000e+01
1.661058593749999801e+01
1.699589843749999929e+01
1.982734375000000071e+01
1.891234374999999801e+01
1.497652343749999559e+01
2.166234374999999446e+01
1.906996093750000298e+01
2.469749999999999446e+01
2.386714843750000270e+01
2.336839843749999801e+01
2.068187500000000867e+01
2.050433593749999872e+01
1.773499999999999943e+01
2.246249999999999858e+01
2.177734375000000000e+01
1.898402343749999588e+01
1.949437500000000512e+01
2.014437499999999659e+01
1.880000000000000071e+01
1.818339843749999929e+01
1.595433593749999091e+01
1.783734375000000227e+01
1.727250000000001151e+01
1.721500000000000341e+01
1.725902343750000156e+01
1.735234374999999929e+01
1.933687500000000270e+01
1.824996093749998494e+01
1.757437500000001052e+01
1.703500000000000725e+01
1.983714843750000512e+01
1.648558593750000156e+01
1.952621093750001435e+01
1.752437499999999559e+01
1.726859375000000085e+01
1.873902343750000909e+01
1.779234375000000767e+01
2.265777343750001904e+01
1.926214843749999517e+01
2.174527343750000696e+01
1.827933593750000085e+01
1.709683593749999631e+01
1.787984375000000270e+01
1.643871093750000512e+01
1.672777343749999801e+01
1.752359374999999631e+01
1.719058593750000341e+01
1.832484375000000298e+01
1.793027343749999858e+01
1.965609375000000369e+01
1.743750000000000000e+01
2.008246093750001293e+01
2.128402343749999659e+01
2.383558593749999588e+01
1.846937499999999233e+01
1.820902343750000085e+01
1.910999999999999943e+01
1.892621093750001293e+01
2.203402343750001435e+01
1.942437500000000483e+01
1.962359374999999773e+01
1.814339843750000369e+01
1.826621093749999858e+01
1.883500000000000085e+01
1.762496093749999559e+01
2.071187499999999204e+01
1.849808593750000085e+01
2.262359375000000838e+01
1.706859375000000512e+01
1.849359374999998806e+01
1.694234375000001336e+01
1.897808593750001194e+01
1.584859374999998849e+01
1.684839843749998778e+01
1.700621093749998280e+01
1.766234374999999801e+01
1.910999999999999943e+01
2.039609374999999858e+01
1.932464843750000938e+01
2.020609375000001506e+01
1.936234375000000085e+01
2.181250000000000000e+01
1.557027343750000981e+01
1.915937500000000071e+01
1.938734374999999588e+01
1.898500000000001364e+01
2.042359375000001265e+01
1.957984375000000199e+01
2.227714843749999929e+01
2.159683593749999275e+01
2.008609374999998920e+01
1.814984374999999872e+01
1.944437500000000085e+01
1.838984375000000071e+01
2.349808593750000085e+01
1.758687500000000981e+01
2.039859374999999275e+01
2.008437500000000142e+01
1.994964843749999162e+01
1.977152343749999375e+01
1.880277343750000085e+01
1.881937499999999730e+01
2.266234374999999801e+01
1.975687499999999730e+01
2.060234374999999929e+01
1.801234374999999943e+01
2.273871093749999517e+01
2.212187499999999929e+01
2.246777343750000000e+01
2.265937500000000071e+01
2.129984374999999730e+01
2.250433593749998451e+01
2.115464843750000767e+01
2.128277343750001194e+01
2.078609374999998494e+01
2.043999999999999773e+01
2.000937499999999858e+01
1.917496093749998565e+01
1.912359374999999062e+01
2.467621093749999162e+01
2.247964843750000696e+01
2.391839843750000583e+01
2.037933593749999517e+01
1.887152343749999872e+01
2.667621093750000938e+01
1.936214843750000369e+01
1.980609374999998451e+01
2.705249999999997357e+01
2.303687499999999844e+01
2.139937499999999915e+01
1.958609374999999631e+01
2.261859375000000938e+01
2.097808593750000483e+01
2.351621093749999858e+01
2.082750000000000767e+01
1.961187500000001194e+01
2.213984375000000071e+01
1.901109374999999702e+01
2.713500000000001222e+01
2.114937499999999559e+01
2.061246093749999631e+01
2.173437500000000000e+01
1.871402343749999986e+01
1.980152343750000199e+01
1.759687500000000071e+01
2.017750000000001620e+01
1.761859375000000938e+01
1.827496093749999062e+01
1.722027343750001549e+01
1.823687500000000128e+01
2.184750000000001435e+01
1.933433593750000412e+01
1.757714843750000000e+01
2.129996093749999631e+01
1.882359375000000767e+01
1.907984375000000909e+01
1.758183593749999929e+01
2.182187499999999858e+01
2.243714843749998877e+01
2.266250000000000142e+01
1.861234375000000085e+01
1.884027343749999162e+01
2.381859375000001222e+01
2.133734375000000227e+01
2.008589843749999915e+01
1.792808593750000767e+01
1.808902343749999631e+01
1.947984375000001123e+01
2.525687500000000796e+01
1.941109375000000625e+01
2.014839843749999915e+01
2.147339843749999133e+01
1.931109374999999062e+01
2.267500000000000071e+01
2.224859374999998352e+01
2.727359375000001407e+01
2.555058593749999929e+01
2.177359374999999631e+01
1.937964843749998778e+01
2.051109374999999702e+01
2.034984374999999446e+01
1.833734374999999517e+01
1.978871093749999233e+01
2.194839843749998565e+01
2.179937500000000128e+01
2.384359375000000725e+01
2.515484375000002260e+01
2.185687500000000583e+01
2.162984375000000981e+01
2.185621093749998778e+01
2.276871093749997854e+01
2.067652343750000199e+01
1.934964843750000085e+01
2.331000000000000583e+01
1.850484375000001336e+01
2.058183593749999929e+01
2.031187500000000412e+01
1.983187499999999304e+01
2.138734374999999943e+01
2.410000000000000142e+01
2.177250000000000085e+01
1.826996093749999872e+01
1.659750000000000369e+01
1.914496093749999517e+01
1.997558593750000000e+01
1.746249999999999858e+01
1.931058593750001151e+01
1.952871093750000142e+01
2.097308593749999872e+01
1.757808593750000270e+01
1.919984374999999588e+01
1.969859374999999702e+01
1.791464843749999858e+01
1.502402343750000036e+01
1.698589843749999062e+01
1.698589843749999062e+01
1.527984374999999417e+01
1.625484375000000625e+01
1.683558593749999233e+01
3.092749999999999844e+01
2.374433593750000071e+01
3.523999999999999488e+01
3.672933593750001080e+01
4.097484374999994827e+01
4.080121093749999517e+01
4.718734375000000369e+01
3.568496093750000142e+01
3.603246093750004064e+01
3.967808593750000057e+01
3.777496093749999773e+01
4.163437499999999858e+01
4.061859375000003070e+01
4.058437500000000142e+01
3.776937500000001080e+01
4.117750000000000909e+01
4.039234374999999488e+01
3.658089843750000369e+01
4.033687500000000625e+01
4.428359375000000142e+01
3.716187500000000199e+01
3.548089843749999517e+01
3.289359374999999375e+01
3.771214843750000512e+01
3.948496093749999858e+01
3.512246093750000142e+01
2.738589843749998209e+01
2.593734374999998948e+01
3.111187500000000483e+01
3.017500000000000071e+01
3.225464843750000909e+01
3.029437500000000227e+01
2.898734375000000085e+01
2.824437499999999091e+01
2.819808593750000369e+01
2.714496093750000227e+01
2.825859374999999929e+01
2.533734374999999517e+01
2.842249999999999588e+01
2.778246093749999801e+01
2.193246093750000369e+01
2.835000000000000142e+01
2.890433593749999730e+01
2.278500000000001791e+01
2.470234375000000071e+01
2.564371093750001052e+01
2.062933593749998806e+01
2.025371093749999929e+01
2.206246093749999915e+01
1.738437499999999858e+01
1.990777343750000838e+01
2.296109374999999631e+01
2.098187500000000227e+01
2.087027343749999631e+01
1.910933593749999559e+01
1.755621093749999417e+01
1.987933593749999162e+01
2.088609375000000057e+01
1.871839843749999588e+01
2.209859374999999204e+01
2.103089843749999588e+01
2.147808593750000483e+01
2.148687500000000483e+01
1.949058593750000767e+01
2.140308593750000909e+01
1.992734374999999858e+01
1.847484374999999801e+01
1.787308593750000085e+01
1.927871093750000142e+01
1.814984374999999872e+01
1.697246093749999929e+01
2.052714843749999929e+01
1.722402343750000142e+01
1.774984374999999659e+01
1.746937499999999233e+01
1.806000000000000938e+01
1.577964843749998991e+01
1.598187499999999872e+01
1.902496093750000128e+01
1.847183593749999986e+01
1.885746093749999730e+01
1.778734374999999091e+01
1.841621093750000071e+01
1.989496093750000583e+01
1.977652343750000341e+01
1.824433593750000071e+01
1.837359374999999773e+01
1.904437499999999872e+01
1.754234375000000767e+01
1.646937499999999588e+01
2.036996093750000725e+01
1.892437500000000838e+01
1.753734374999999801e+01
1.677496093749999062e+01
1.748734375000000085e+01
1.713746093749999488e+01
2.079371093750000199e+01
1.942027343750000057e+01
2.062496093749999915e+01
2.271558593750000199e+01
2.076527343750000298e+01
2.063687500000000341e+01
1.940152343750001052e+01
1.790152343749999275e+01
1.703277343750000128e+01
1.854652343749999588e+01
1.838277343750000625e+01
1.892246093749999858e+01
1.750484375000000270e+01
1.626683593749999801e+01
1.925527343750000142e+01
1.830999999999999872e+01
2.039609374999999858e+01
1.956714843750000909e+01
1.666937499999999872e+01
2.003871093750001009e+01
1.714214843749999062e+01
1.890214843749999929e+01
1.860464843749999986e+01
2.051871093749998209e+01
1.898359375000000071e+01
1.758999999999999275e+01
1.554902343750000071e+01
2.205621093750000483e+01
1.596527343749999872e+01
1.824652343750000227e+01
1.790996093749999929e+01
1.922484374999999801e+01
1.628359375000000142e+01
1.663999999999999702e+01
1.709433593749999858e+01
1.798871093750001293e+01
1.463496093750000071e+01
1.496484375000000000e+01
1.486187499999999240e+01
1.533109374999999908e+01
1.687984374999999915e+01
1.681871093750000412e+01
1.679183593749998948e+01
1.507496093749998956e+01
1.585902343750000476e+01
1.621187500000000981e+01
1.817964843749998849e+01
1.830250000000000554e+01
1.591214843749999730e+01
1.594214843750000021e+01
1.735484375000001833e+01
1.894234374999999915e+01
1.629937499999999417e+01
1.743500000000000583e+01
1.618121093749999773e+01
1.604496093750000441e+01
2.017734374999999858e+01
1.798109374999997456e+01
1.844496093749999233e+01
1.858687500000002046e+01
1.588734374999999410e+01
1.379433593749999964e+01
1.606937499999998664e+01
1.599808593750000263e+01
1.520234375000000071e+01
1.923359375000000071e+01
1.631187500000001478e+01
1.889937500000000270e+01
1.796777343750000000e+01
1.708749999999999858e+01
1.603027343750000000e+01
1.896527343749999872e+01
1.839359375000001151e+01
1.551089843749999275e+01
1.801871093749998920e+01
1.522089843750000071e+01
1.572437500000000021e+01
1.529937500000000661e+01
1.640277343749999872e+01
2.120527343750000071e+01
1.791859375000001009e+01
1.624527343749999631e+01
1.575152343750000661e+01
1.869937500000000341e+01
1.451249999999999929e+01
1.510250000000000625e+01
1.481777343749999964e+01
1.453999999999999559e+01
1.350234374999999964e+01
1.372499999999999964e+01
1.395250000000000057e+01
1.526500000000000057e+01
1.423109374999998167e+01
1.365621093749999204e+01
1.527027343750000554e+01
1.689937500000000270e+01
1.363500000000001044e+01
1.868121093749998707e+01
1.268277343750000163e+01
1.554183593749999659e+01
1.433746093749999773e+01
1.753433593749999986e+01
1.506777343749999964e+01
1.446621093749999964e+01
1.453496093749999929e+01
1.431859374999998735e+01
1.255000000000000071e+01
1.513437500000000036e+01
1.523687500000000306e+01
1.415687499999999410e+01
1.538089843749999908e+01
1.313187499999999730e+01
1.504183593750000192e+01
1.407734375000000071e+01
1.452984375000000306e+01
1.629609375000000071e+01
1.294996093749999488e+01
1.264609375000000036e+01
1.391234375000000156e+01
1.582871093750000036e+01
1.455687500000000156e+01
1.387250000000000760e+01
1.321683593750000263e+01
1.429496093749999730e+01
1.559808593749999872e+01
1.668750000000000000e+01
1.504859374999999488e+01
1.430687500000000867e+01
1.539750000000000796e+01
1.478999999999999559e+01
1.581871093749999702e+01
1.437359375000000128e+01
1.413246093750000298e+01
1.464652343750000263e+01
1.431937499999999908e+01
1.753277343750000483e+01
1.577933593749998487e+01
1.556214843750000476e+01
1.431000000000000583e+01
1.397933593749998771e+01
1.593609374999999417e+01
1.594183593750000583e+01
1.683734375000000227e+01
1.554937500000000128e+01
1.369750000000000156e+01
1.477183593750000057e+01
1.662027343750000341e+01
1.709859374999998494e+01
1.628746093749998991e+01
1.522339843749998600e+01
1.436484375000000036e+01
1.431187500000001123e+01
1.324984375000000192e+01
1.429027343749999623e+01
1.628246093749998735e+01
1.443277343750001407e+01
1.425277343750000014e+01
1.536402343749999488e+01
1.552183593750000057e+01
1.383558593750000298e+01
1.677027343750000554e+01
1.509937500000000554e+01
1.306484374999999964e+01
1.438558593750000725e+01
1.455464843750000625e+01
1.318437499999999929e+01
1.502500000000000036e+01
1.382089843750000036e+01
1.429027343749999623e+01
1.668109374999999162e+01
1.564839843749999559e+01
1.652964843749999702e+01
1.508359375000000036e+01
1.526308593749999964e+01
1.745464843749999773e+01
1.546187500000001158e+01
1.349359374999999872e+01
1.596187500000001158e+01
1.506937499999999908e+01
1.986734375000001407e+01
1.595777343749999844e+01
1.488183593750000000e+01
1.387496093750000270e+01
1.405777343750000341e+01
1.243500000000000583e+01
1.796996093749999091e+01
1.743187499999999091e+01
1.874746093750000142e+01
1.638749999999999929e+01
1.906996093749999233e+01
1.734496093750000512e+01
1.479808593749999623e+01
1.523089843749998806e+01
1.438808593749999964e+01
1.530589843749999979e+01
1.615589843749999943e+01
1.598558593750000512e+01
1.611246093749998920e+01
1.559999999999999964e+01
1.469652343749999623e+01
1.426000000000001044e+01
1.263183593750000000e+01
1.495308593750000625e+01
1.331464843750000071e+01
1.412089843749999929e+01
1.113402343750000156e+01
1.274359374999998629e+01
1.402308593749999588e+01
1.318871093750000512e+01
1.412250000000001293e+01
1.381996093749999410e+01
1.506996093749999588e+01
1.374937499999999702e+01
1.363558593750000014e+01
1.401996093750000583e+01
1.437308593750001151e+01
1.497734374999999929e+01
1.409937499999999844e+01
1.425484375000000092e+01
1.436499999999999844e+01
1.393609374999999773e+01
1.517500000000000071e+01
1.334234375000000661e+01
1.481152343750000000e+01
1.454683593750000092e+01
1.508277343750000554e+01
1.437734374999999964e+01
1.417984374999999986e+01
1.563246093750000476e+01
1.410371093750000071e+01
1.445464843749999240e+01
1.722933593749999304e+01
1.538121093749998991e+01
1.731859374999997669e+01
1.745746093749998451e+01
1.383109375000001151e+01
1.604937500000000838e+01
1.556109374999999773e+01
1.392484375000000263e+01
1.756234375000000014e+01
1.472734374999999929e+01
1.530621093749999773e+01
1.355308593750000945e+01
1.356214843749999588e+01
1.472984375000000945e+01
1.237437500000000412e+01
1.315683593750000036e+01
1.349234375000001229e+01
1.380996093749999964e+01
1.307464843749999872e+01
1.398109374999999588e+01
1.572250000000000547e+01
1.428964843750000036e+01
1.446500000000000874e+01
1.565687499999999943e+01
1.540859374999999964e+01
1.338187500000000441e+01
1.384859374999999737e+01
1.547808593750001727e+01
1.593359375000000000e+01
1.476859375000000263e+01
1.489339843750000014e+01
1.593500000000002537e+01
1.444996093749999133e+01
1.619234375000001336e+01
1.765687499999997812e+01
1.467437500000000128e+01
1.537621093750001044e+01
1.896109375000000696e+01
1.669839843749999631e+01
1.550000000000000000e+01
1.357808593750000270e+01
1.468999999999999773e+01
1.313714843750000227e+01
1.463089843749999375e+01
1.398500000000001364e+01
1.573652343750000071e+01
1.408609374999999275e+01
1.680234374999999858e+01
1.917109375000000071e+01
1.854234374999999346e+01
1.536000000000000476e+01
1.758609374999998209e+01
1.521308593750000071e+01
1.483609374999999453e+01
1.378609374999999737e+01
1.717359374999998067e+01
1.880249999999999133e+01
1.690609375000000369e+01
1.720152343749999346e+01
1.364437500000000192e+01
1.518433593749999488e+01
1.685621093749998423e+01
1.685621093749998423e+01
1.103964843750000036e+01
1.372308593750000227e+01
1.317308593750000156e+01
1.233999999999999986e+01
1.570609375000000796e+01
2.582437500000000341e+01
2.485859375000000071e+01
3.320250000000002188e+01
3.304437500000002359e+01
3.813750000000000284e+01
4.307484374999997812e+01
4.221859375000001080e+01
4.104183593750001080e+01
3.525464843750001620e+01
3.532308593749998238e+01
4.810433593750002501e+01
4.638714843749998096e+01
4.467089843750000000e+01
4.926484374999999716e+01
4.855371093750000000e+01
5.308902343749999631e+01
4.014234375000000199e+01
4.687183593749997357e+01
4.668609374999999773e+01
4.163433593750001194e+01
3.251937500000003922e+01
3.540249999999999631e+01
2.937734375000000142e+01
2.874234375000001407e+01
3.116058593749999162e+01
2.722339843749998778e+01
2.882308593749998948e+01
3.115277343749998451e+01
2.864027343749997812e+01
2.939839843749998494e+01
2.550777343750001336e+01
2.655589843750001222e+01
2.433609374999999986e+01
2.791402343749999915e+01
2.433183593749999929e+01
2.406859375000001222e+01
2.490464843749999346e+01
2.733687499999999204e+01
2.987734375000000142e+01
3.078402343750003212e+01
3.075859374999999929e+01
2.596734374999999062e+01
2.582027343750000270e+01
2.418609374999999062e+01
2.633902343750000341e+01
2.373499999999999233e+01
2.472777343749999801e+01
2.110249999999999915e+01
2.006839843750000085e+01
2.059984374999999801e+01
1.802558593750000071e+01
2.041058593749999517e+01
2.144234375000000270e+01
1.721246093749999062e+01
2.016683593750000014e+01
1.912308593750000085e+01
1.922109375000000142e+01
1.884058593750001265e+01
1.784964843750000441e+01
1.837250000000000938e+01
1.929527343750000412e+01
1.496859374999999126e+01
1.489058593750000092e+01
1.687984374999999559e+01
1.552464843749999623e+01
1.600121093750001222e+01
1.482621093749999908e+01
1.533246093749999872e+01
1.493109374999999872e+01
1.991499999999999915e+01
1.511058593750000512e+01
1.568187500000000156e+01
1.434214843749999702e+01
1.298609374999999844e+01
1.652187500000000142e+01
1.582496093749999844e+01
1.565433593749999019e+01
1.441734375000000057e+01
1.430937499999999929e+01
1.413746093749998956e+01
1.308433593750000057e+01
1.459359375000000014e+01
1.372777343750000867e+01
1.489437500000000547e+01
1.453871093750000298e+01
1.401187500000000696e+01
1.652499999999999858e+01
1.209750000000001080e+01
1.406527343750000014e+01
1.461500000000000377e+01
1.295746093749999694e+01
1.367359374999999488e+01
1.360937500000000000e+01
1.404746093750000036e+01
1.557484374999999410e+01
1.546109374999999453e+01
1.342984374999999808e+01
1.240621093749999559e+01
1.271058593750000831e+01
1.262308593749999552e+01
1.411871093749998884e+01
1.270058593749999964e+01
1.315433593749998309e+01
1.369359374999999091e+01
1.226714843749999417e+01
1.411402343750000021e+01
1.255249999999999844e+01
1.227652343749999808e+01
1.290687500000000298e+01
1.298359375000000071e+01
1.240687499999999588e+01
1.298121093749999488e+01
1.239437500000000192e+01
1.144683593750000483e+01
1.180484374999999986e+01
1.126937499999999659e+01
1.236058593749999979e+01
1.478589843749999488e+01
1.236234375000000263e+01
1.263687500000000341e+01
1.428500000000000192e+01
1.347714843750000036e+01
1.425683593750000000e+01
1.556937499999999375e+01
1.641683593750000014e+01
1.258902343749999986e+01
1.417964843750000270e+01
1.320937499999999964e+01
1.418433593750000377e+01
1.572152343749999304e+01
1.525250000000001194e+01
1.541839843749998806e+01
1.623109374999999233e+01
1.803359375000000142e+01
1.392183593749999737e+01
1.447339843750000021e+01
1.277250000000000263e+01
1.236308593749999929e+01
1.332250000000000156e+01
1.273808593749999929e+01
1.282484374999999055e+01
1.317027343750000412e+01
1.387750000000000306e+01
1.554750000000001009e+01
1.555589843749999091e+01
1.465589843749999588e+01
1.538437500000000036e+01
1.752089843750000142e+01
1.467464843750000192e+01
1.636937500000000867e+01
1.504687500000000000e+01
1.504496093749999730e+01
1.952437500000001691e+01
1.530234375000000036e+01
1.515000000000000036e+01
1.253687500000000199e+01
1.321527343750000227e+01
1.563277343750000981e+01
1.252359374999999453e+01
1.136187500000000128e+01
1.388687500000000341e+01
1.328437500000000071e+01
1.426859374999999908e+01
1.499058593750000590e+01
1.284437499999999410e+01
1.382652343750000057e+01
9.877343749999999645e+00
1.181187500000000412e+01
1.228609375000000270e+01
1.255777343750000163e+01
1.478687500000000554e+01
1.330000000000000071e+01
1.191683593749998593e+01
1.244859374999998991e+01
1.316714843749999808e+01
1.304437500000000227e+01
1.330464843750000092e+01
1.426187500000000696e+01
1.289937500000000092e+01
1.224000000000000377e+01
1.111109374999999844e+01
1.308750000000000036e+01
1.195746093749999517e+01
1.300902343749999979e+01
1.323999999999999488e+01
1.227734375000000000e+01
1.315308593749999844e+01
1.196089843749999915e+01
1.371734375000000838e+01
1.222777343749999623e+01
1.372808593750000661e+01
1.482109374999999929e+01
1.497621093750001364e+01
1.668187499999999801e+01
1.463734374999999410e+01
1.323902343750000021e+01
1.472984375000000412e+01
1.453433593749999808e+01
1.430464843749998849e+01
1.539339843749999304e+01
1.442621093750000227e+01
1.362308593750000441e+01
1.553589843749999844e+01
1.302933593749998487e+01
1.432750000000000412e+01
1.444937500000000696e+01
1.333714843750000156e+01
1.431484374999999964e+01
1.314996093750000128e+01
1.375609374999999979e+01
1.527749999999999986e+01
1.409058593750000377e+01
1.272250000000000725e+01
1.409999999999999964e+01
1.461859374999999339e+01
1.314687499999999964e+01
1.360308593750001549e+01
1.512984375000000270e+01
1.354058593750000306e+01
1.322187500000000071e+01
1.446499999999999275e+01
1.523187500000000760e+01
1.300683593750000000e+01
1.421734374999999773e+01
1.273277343750000590e+01
1.309027343749999872e+01
1.334277343750000000e+01
1.406187500000000412e+01
1.483183593749999929e+01
1.309496093749999623e+01
1.272496093749999169e+01
1.407152343749999979e+01
1.777308593749999588e+01
1.488746093749998600e+01
1.458714843750001400e+01
1.441464843750000036e+01
1.389937499999999204e+01
1.508437499999999964e+01
1.449437499999999979e+01
1.564652343749998487e+01
1.393499999999999872e+01
1.731464843750000071e+01
1.404859375000000377e+01
1.431714843750000909e+01
1.408187500000000725e+01
1.304937500000000128e+01
1.390859374999999964e+01
1.628183593749999858e+01
1.474437499999998735e+01
1.604937500000000128e+01
1.416371093750001897e+01
1.695484375000001975e+01
1.475933593750000128e+01
1.515933593749999986e+01
1.433109374999998842e+01
1.285683593749999964e+01
1.258902343750001407e+01
1.375277343750000192e+01
1.304937500000000306e+01
1.290859374999999964e+01
1.318871093750000867e+01
1.386933593750000071e+01
1.609902343750000142e+01
1.382984375000001265e+01
1.552402343750000036e+01
1.444749999999999623e+01
1.584859374999999559e+01
1.512308593750000263e+01
1.386234374999999375e+01
1.542246093750000036e+01
1.781000000000000938e+01
1.522777343749999979e+01
1.487496093749999204e+01
1.432496093749999844e+01
1.464652343749999375e+01
1.455933593750000377e+01
1.398714843750000014e+01
1.368558593749999908e+01
1.526996093750000227e+01
1.624214843749998494e+01
1.405433593749998877e+01
1.483750000000000036e+01
1.371109374999999986e+01
1.250933593750000661e+01
1.402984375000000128e+01
1.212652343749999417e+01
1.173500000000001009e+01
1.443984374999999964e+01
1.399058593750000412e+01
1.317250000000001364e+01
1.262402343750000000e+01
1.268750000000000000e+01
1.157250000000001044e+01
1.235933593750000448e+01
1.310214843750000036e+01
1.259234375000000838e+01
1.352464843749999979e+01
1.443558593750000796e+01
1.352964843750000057e+01
1.101937500000000369e+01
1.207484374999999410e+01
1.190484375000000128e+01
1.308359375000000036e+01
1.566109374999998849e+01
1.472339843749999844e+01
1.279937500000000838e+01
1.258714843750000156e+01
1.246109374999999631e+01
1.424937499999999524e+01
1.281734375000000981e+01
1.330249999999998956e+01
1.521371093750001613e+01
1.308734374999999162e+01
1.454859374999999488e+01
1.383246093749999872e+01
1.338687500000000341e+01
1.069839843749999275e+01
1.381937500000000796e+01
1.506933593750000000e+01
1.307437499999999808e+01
1.222734374999999929e+01
1.266499999999999204e+01
1.347964843750000874e+01
1.367359374999998956e+01
1.485933593749999737e+01
1.333714843749999979e+01
1.380777343750000874e+01
1.297749999999999737e+01
1.409527343750000306e+01
1.221234374999999872e+01
1.306734375000000981e+01
1.319937499999999986e+01
1.292484374999999375e+01
1.419999999999999929e+01
1.314339843749997883e+01
1.169437499999999019e+01
1.277984374999999417e+01
1.578277343750000128e+01
1.440058593750000071e+01
1.269496093749999410e+01
1.240308593750000554e+01
1.303749999999999964e+01
1.327714843749999929e+01
1.161089843749998884e+01
1.319058593750000696e+01
1.277749999999999986e+01
1.272250000000001968e+01
1.272359374999999559e+01
1.299652343749999339e+01
1.270464843750000128e+01
1.190234375000000000e+01
1.365859374999999964e+01
1.516308593750000000e+01
1.445152343749999702e+01
1.342652343750000377e+01
1.161558593750000057e+01
1.432933593750000512e+01
1.236499999999999311e+01
1.254437500000001293e+01
1.316249999999999964e+01
1.498500000000001897e+01
1.348746093749998920e+01
1.474839843749999524e+01
1.601109374999998991e+01
1.763609375000000767e+01
1.489687499999999964e+01
1.778734374999998735e+01
1.869027343749997883e+01
1.755484375000000696e+01
1.476621093750000036e+01
1.601484375000000071e+01
1.389214843750000661e+01
1.235152343750000270e+01
1.426996093750000760e+01
1.435121093750001720e+01
1.248499999999999588e+01
1.310464843750000341e+01
1.259683593749999808e+01
1.505484374999999808e+01
1.421859375000000014e+01
1.271109374999999275e+01
1.305371093750000000e+01
1.345234375000000071e+01
1.411499999999998956e+01
1.516109374999999204e+01
1.333496093750000000e+01
1.238902343749999169e+01
1.574058593750001478e+01
1.135746093749999730e+01
1.542339843750000128e+01
1.585484374999999169e+01
2.106089843749999702e+01
2.047089843750000071e+01
3.031937499999999019e+01
4.121859374999998238e+01
4.413499999999997669e+01
3.797496093750000767e+01
3.732964843749998352e+01
4.222464843749996533e+01
5.068984375000000142e+01
4.719750000000003354e+01
4.457109375000000284e+01
4.467109374999999716e+01
4.862621093749999801e+01
5.273109375000004917e+01
5.698183593750000142e+01
5.958246093750000227e+01
5.865589843749999943e+01
5.682750000000002188e+01
5.801484374999999716e+01
4.034000000000000341e+01
3.917464843749998948e+01
5.670589843750004633e+01
3.727464843750000512e+01
4.133734375000000227e+01
3.387437500000000057e+01
4.757714843750000000e+01
3.631234374999998238e+01
3.724359374999999517e+01
3.340859375000000142e+01
2.902749999999999275e+01
2.623402343749999588e+01
2.816152343750000142e+01
2.883359374999999858e+01
3.193277343750001407e+01
2.898437500000000000e+01
2.731683593750000227e+01
3.214984375000000227e+01
2.919609374999999929e+01
2.343746093749999915e+01
2.355058593749999929e+01
2.599339843749998380e+01
2.176558593750000270e+01
2.674609375000000000e+01
3.039859374999999275e+01
2.309652343749998948e+01
2.444359375000000867e+01
2.282777343749999588e+01
2.209750000000001080e+01
1.913714843750000583e+01
1.957152343749999091e+01
1.816859375000000654e+01
1.938433593750000483e+01
1.801714843749999773e+01
1.956187499999999702e+01
1.881558593750001052e+01
1.884996093749999346e+01
1.609437499999999588e+01
1.783277343750000909e+01
1.685609374999998167e+01
1.552437500000000625e+01
1.707246093750000071e+01
1.785058593750000000e+01
2.346859375000000725e+01
1.740249999999998565e+01
1.669496093750000654e+01
1.869214843749998778e+01
1.727109374999999858e+01
1.881089843749999346e+01
1.964750000000001151e+01
1.767750000000000909e+01
1.778402343749998238e+01
1.562484375000000725e+01
1.825839843749999858e+01
1.621371093750002146e+01
1.709437499999999588e+01
1.872749999999999559e+01
1.860249999999999915e+01
1.904996093749998565e+01
1.668359375000000000e+01
1.608500000000000441e+01
1.605933593749999844e+01
1.551871093749999986e+01
1.782183593749999773e+01
1.520746093749999339e+01
1.707984375000000199e+01
1.764750000000002572e+01
1.844859374999998280e+01
1.815609375000000369e+01
1.729808593750001222e+01
1.591859374999999943e+01
1.650609374999999446e+01
1.894277343750000142e+01
1.596558593750001442e+01
1.925152343749999062e+01
1.693277343750000341e+01
1.858496093750000000e+01
1.681214843749999588e+01
1.829371093750000554e+01
1.697359374999998849e+01
1.587183593750000021e+01
1.741527343749999801e+01
1.732359374999998991e+01
1.736308593749999929e+01
1.598734375000000796e+01
1.579339843749998273e+01
1.441499999999999204e+01
1.499027343750000441e+01
1.668609374999998707e+01
1.639808593749999233e+01
1.466734375000001478e+01
1.925683593750000000e+01
1.590249999999999275e+01
2.007621093750000796e+01
1.608246093750000938e+01
1.538277343750000270e+01
1.432984375000000909e+01
1.439000000000001123e+01
1.483246093750000583e+01
1.718359375000000000e+01
1.562249999999999339e+01
1.512621093750000156e+01
1.437250000000000583e+01
1.471089843749998849e+01
1.365433593749998487e+01
1.478437500000000071e+01
1.597984374999999169e+01
1.779996093749998920e+01
1.559527343750000661e+01
1.650249999999998707e+01
1.724808593749999375e+01
1.745609375000000796e+01
1.513902343749999702e+01
1.672984375000000412e+01
2.007984375000001265e+01
1.735621093750000199e+01
1.755433593750000298e+01
1.479609375000000071e+01
1.652484374999999872e+01
1.473499999999999943e+01
1.457652343750000057e+01
1.524984375000000725e+01
1.373714843750001080e+01
1.588500000000000867e+01
1.585746093749998842e+01
1.474683593749999844e+01
1.624277343749999858e+01
1.662964843749999133e+01
1.403589843749999488e+01
1.575308593750001229e+01
1.702484375000000227e+01
1.770683593749999929e+01
1.658187500000001435e+01
1.660464843750000696e+01
1.679839843749999773e+01
1.681859375000001577e+01
1.637496093749999915e+01
1.387871093749999929e+01
1.527750000000000341e+01
1.932750000000001478e+01
1.841484374999999929e+01
1.914683593750000057e+01
1.451714843750000661e+01
1.684027343750000583e+01
1.494027343749999304e+01
1.691187500000000909e+01
1.402109375000000036e+01
1.792933593750001009e+01
1.674808593749999375e+01
1.863437499999999858e+01
1.489902343750000036e+01
1.686558593750001478e+01
1.596246093749999773e+01
1.542183593749999737e+01
1.646187500000000270e+01
1.616234374999998735e+01
1.670250000000000057e+01
1.500683593750000000e+01
1.594183593749999872e+01
1.663109375000000867e+01
1.701214843749997385e+01
1.812933593750000227e+01
1.476152343749999929e+01
1.403902343749998849e+01
1.449277343750000036e+01
1.353652343749999964e+01
1.434750000000000192e+01
1.635484375000000057e+01
1.556109374999999240e+01
1.618499999999999517e+01
1.786246093749999986e+01
1.477750000000001407e+01
1.504937500000000306e+01
1.368277343750000696e+01
1.278246093749999623e+01
1.446402343750000696e+01
1.786937499999999091e+01
1.490777343750000661e+01
1.491937499999999339e+01
1.549937500000000057e+01
1.545484375000000554e+01
1.392089843750000000e+01
1.862964843749998778e+01
1.823609375000000199e+01
1.455996093749999964e+01
1.531000000000000583e+01
1.642250000000001009e+01
1.485277343749999979e+01
1.635234374999999929e+01
1.545609375000001862e+01
1.339937500000000092e+01
1.513433593749999773e+01
1.400152343749999773e+01
1.428902343749999204e+01
1.372558593750000000e+01
