0.000000000000000000e+00
3.068540000000000146e+04
3.058779999999999927e+04
3.055579999999999927e+04
3.046459999999999854e+04
3.008220000000000073e+04
3.044859999999999854e+04
3.015259999999999854e+04
3.033979999999999927e+04
2.998620000000000073e+04
2.995900000000000000e+04
2.982140000000000146e+04
3.006940000000000146e+04
2.983259999999999854e+04
2.985340000000000146e+04
2.987900000000000000e+04
3.012379999999999927e+04
2.996220000000000073e+04
2.998940000000000146e+04
2.981020000000000073e+04
2.989979999999999927e+04
2.960379999999999927e+04
2.992540000000000146e+04
3.006459999999999854e+04
2.995100000000000000e+04
2.996220000000000073e+04
2.980859999999999854e+04
2.977020000000000073e+04
2.986459999999999854e+04
2.963579999999999927e+04
2.971579999999999927e+04
2.949659999999999854e+04
2.986140000000000146e+04
3.011420000000000073e+04
2.983900000000000000e+04
2.980700000000000000e+04
2.953020000000000073e+04
2.988220000000000073e+04
3.000379999999999927e+04
2.995259999999999854e+04
3.001979999999999927e+04
2.996700000000000000e+04
3.021340000000000146e+04
3.033340000000000146e+04
3.010459999999999854e+04
3.053500000000000000e+04
3.006779999999999927e+04
2.999740000000000146e+04
2.993179999999999927e+04
3.013340000000000146e+04
3.014940000000000146e+04
3.025020000000000073e+04
3.024220000000000073e+04
3.009500000000000000e+04
3.026779999999999927e+04
2.997659999999999854e+04
3.017820000000000073e+04
3.001340000000000146e+04
2.997500000000000000e+04
2.986459999999999854e+04
2.964700000000000000e+04
2.977500000000000000e+04
2.988220000000000073e+04
3.000059999999999854e+04
2.977500000000000000e+04
2.972540000000000146e+04
2.979579999999999927e+04
2.975900000000000000e+04
2.986620000000000073e+04
2.964059999999999854e+04
2.985179999999999927e+04
2.973500000000000000e+04
2.972379999999999927e+04
2.960859999999999854e+04
2.981659999999999854e+04
2.964859999999999854e+04
2.973659999999999854e+04
2.977979999999999927e+04
2.957179999999999927e+04
2.961659999999999854e+04
2.944859999999999854e+04
2.944059999999999854e+04
2.924700000000000000e+04
2.934140000000000146e+04
2.945179999999999927e+04
2.940059999999999854e+04
2.949020000000000073e+04
2.976859999999999854e+04
3.037500000000000000e+04
3.036700000000000000e+04
3.075420000000000073e+04
3.081020000000000073e+04
3.093340000000000146e+04
3.125500000000000000e+04
3.105179999999999927e+04
3.125820000000000073e+04
3.130620000000000073e+04
3.122620000000000073e+04
3.149020000000000073e+04
3.145979999999999927e+04
3.119259999999999854e+04
3.137659999999999854e+04
3.140540000000000146e+04
3.140859999999999854e+04
3.126779999999999927e+04
3.152059999999999854e+04
3.161820000000000073e+04
3.137979999999999927e+04
3.134620000000000073e+04
3.120059999999999854e+04
3.130459999999999854e+04
3.164220000000000073e+04
3.165659999999999854e+04
3.141659999999999854e+04
3.145179999999999927e+04
3.124220000000000073e+04
3.161500000000000000e+04
3.141659999999999854e+04
3.140700000000000000e+04
3.133659999999999854e+04
3.134620000000000073e+04
3.139900000000000000e+04
3.121979999999999927e+04
3.129179999999999927e+04
3.120220000000000073e+04
3.125179999999999927e+04
3.116700000000000000e+04
3.107420000000000073e+04
3.115579999999999927e+04
3.130620000000000073e+04
3.121659999999999854e+04
3.128059999999999854e+04
3.124059999999999854e+04
3.152540000000000146e+04
3.113979999999999927e+04
3.129340000000000146e+04
3.133500000000000000e+04
3.142140000000000146e+04
3.134300000000000000e+04
3.138459999999999854e+04
3.147740000000000146e+04
3.133659999999999854e+04
3.129500000000000000e+04
3.129979999999999927e+04
3.130300000000000000e+04
3.150940000000000146e+04
3.117979999999999927e+04
3.122300000000000000e+04
3.168059999999999854e+04
3.126620000000000073e+04
3.147100000000000000e+04
3.150459999999999854e+04
3.135900000000000000e+04
3.121179999999999927e+04
3.132220000000000073e+04
3.105659999999999854e+04
3.132859999999999854e+04
3.126620000000000073e+04
3.126140000000000146e+04
3.123900000000000000e+04
3.119259999999999854e+04
3.101820000000000073e+04
3.118300000000000000e+04
3.143740000000000146e+04
3.139900000000000000e+04
3.104220000000000073e+04
3.115740000000000146e+04
3.121979999999999927e+04
3.110459999999999854e+04
3.099900000000000000e+04
3.099259999999999854e+04
3.105659999999999854e+04
3.114459999999999854e+04
3.099100000000000000e+04
3.134140000000000146e+04
3.100220000000000073e+04
3.116059999999999854e+04
3.104540000000000146e+04
3.111900000000000000e+04
3.103740000000000146e+04
3.107259999999999854e+04
3.128540000000000146e+04
3.122940000000000146e+04
3.166140000000000146e+04
3.163100000000000000e+04
3.154779999999999927e+04
3.176059999999999854e+04
3.170940000000000146e+04
3.180700000000000000e+04
3.161659999999999854e+04
3.168379999999999927e+04
3.176059999999999854e+04
3.202140000000000146e+04
3.168540000000000146e+04
3.170300000000000000e+04
3.160220000000000073e+04
3.165340000000000146e+04
3.197979999999999927e+04
3.164059999999999854e+04
3.164379999999999927e+04
3.165820000000000073e+04
3.164540000000000146e+04
3.180540000000000146e+04
3.172859999999999854e+04
3.167579999999999927e+04
3.163900000000000000e+04
3.169340000000000146e+04
3.175259999999999854e+04
2.380059999999999854e+04
2.539740000000000146e+04
2.745979999999999927e+04
2.909340000000000146e+04
3.219900000000000000e+04
3.518940000000000146e+04
3.870780000000000291e+04
4.249819999999999709e+04
4.595741249999999854e+04
4.908869374999999854e+04
5.277529374999999709e+04
5.388115000000000146e+04
4.960130000000000291e+04
4.240793125000000146e+04
3.160320000000000073e+04
2.611200000000000000e+04
1.680159999999999854e+04
9.820799999999999272e+03
1.048639999999999964e+04
1.288639999999999964e+04
1.467520000000000073e+04
1.700800000000000000e+04
1.776479999999999927e+04
1.973440000000000146e+04
2.094879999999999927e+04
2.247200000000000000e+04
2.387200000000000000e+04
2.480959999999999854e+04
2.576800000000000000e+04
2.692640000000000146e+04
2.772640000000000146e+04
2.873600000000000000e+04
2.924640000000000146e+04
2.983040000000000146e+04
3.044640000000000146e+04
3.100000000000000000e+04
3.137120000000000073e+04
3.197440000000000146e+04
3.240800000000000000e+04
3.283680000000000291e+04
3.317759999999999854e+04
3.337440000000000146e+04
3.339200000000000000e+04
3.371840000000000146e+04
3.391840000000000146e+04
3.421119999999999709e+04
3.443200000000000000e+04
3.458719999999999709e+04
3.474400000000000000e+04
3.477759999999999854e+04
3.500480000000000291e+04
3.459359999999999854e+04
3.516959999999999854e+04
3.514400000000000000e+04
3.522400000000000000e+04
3.523840000000000146e+04
3.541600000000000000e+04
3.548159999999999854e+04
3.533440000000000146e+04
3.547040000000000146e+04
3.568000000000000000e+04
3.525440000000000146e+04
3.542080000000000291e+04
3.545280000000000291e+04
3.573440000000000146e+04
3.544000000000000000e+04
3.533440000000000146e+04
3.550240000000000146e+04
3.552319999999999709e+04
3.564480000000000291e+04
3.568959999999999854e+04
3.540800000000000000e+04
3.533919999999999709e+04
3.530240000000000146e+04
3.545119999999999709e+04
3.584959999999999854e+04
3.613119999999999709e+04
3.592319999999999709e+04
3.566719999999999709e+04
3.144540000000000146e+04
3.262140000000000146e+04
3.419580000000000291e+04
3.530140000000000146e+04
3.719580000000000291e+04
3.836380000000000291e+04
4.014940000000000146e+04
4.193019999999999709e+04
4.285180000000000291e+04
4.376059999999999854e+04
4.457819999999999709e+04
4.525340000000000146e+04
4.573659999999999854e+04
4.625180625000000146e+04
4.635419999999999709e+04
4.647419999999999709e+04
4.660380000000000291e+04
4.691740000000000146e+04
4.664859999999999854e+04
4.670140000000000146e+04
4.659580000000000291e+04
4.592219999999999709e+04
4.630940000000000146e+04
4.604859999999999854e+04
4.574780000000000291e+04
4.552219999999999709e+04
4.543100000000000000e+04
4.511100000000000000e+04
4.479740000000000146e+04
4.445019999999999709e+04
4.426940000000000146e+04
4.399100000000000000e+04
4.357180000000000291e+04
4.329980000000000291e+04
4.294140000000000146e+04
4.272059999999999854e+04
4.262300000000000000e+04
4.229500000000000000e+04
4.188059999999999854e+04
4.167580000000000291e+04
4.162619999999999709e+04
4.176380000000000291e+04
4.136380000000000291e+04
4.137819999999999709e+04
4.118300000000000000e+04
4.085980000000000291e+04
4.111580000000000291e+04
4.074300000000000000e+04
4.043100000000000000e+04
4.053340000000000146e+04
4.051419999999999709e+04
4.009980000000000291e+04
4.003259999999999854e+04
3.974140000000000146e+04
3.943419999999999709e+04
3.943580000000000291e+04
3.931259999999999854e+04
3.916700000000000000e+04
3.943100000000000000e+04
3.910940000000000146e+04
3.906619999999999709e+04
3.870619999999999709e+04
3.864540000000000146e+04
3.876380000000000291e+04
3.847900000000000000e+04
3.833819999999999709e+04
3.841180000000000291e+04
3.850459999999999854e+04
3.824540000000000146e+04
3.819100000000000000e+04
3.823740000000000146e+04
3.822459999999999854e+04
3.781819999999999709e+04
3.778459999999999854e+04
3.773019999999999709e+04
3.792219999999999709e+04
3.780380000000000291e+04
3.783580000000000291e+04
3.781180000000000291e+04
3.780219999999999709e+04
3.763740000000000146e+04
3.760700000000000000e+04
3.780700000000000000e+04
3.769980000000000291e+04
3.735259999999999854e+04
3.737819999999999709e+04
3.760700000000000000e+04
3.751580000000000291e+04
3.772219999999999709e+04
3.788380000000000291e+04
3.778300000000000000e+04
3.781180000000000291e+04
3.774619999999999709e+04
3.804859999999999854e+04
3.807900000000000000e+04
3.784219999999999709e+04
3.792380000000000291e+04
3.768859999999999854e+04
3.797180000000000291e+04
3.779740000000000146e+04
3.771100000000000000e+04
3.770940000000000146e+04
3.777340000000000146e+04
3.767580000000000291e+04
3.787740000000000146e+04
3.767100000000000000e+04
3.753180000000000291e+04
3.756540000000000146e+04
3.759259999999999854e+04
3.710140000000000146e+04
3.748219999999999709e+04
3.753180000000000291e+04
3.750300000000000000e+04
3.738459999999999854e+04
3.753980000000000291e+04
3.760380000000000291e+04
3.758459999999999854e+04
3.742940000000000146e+04
3.749659999999999854e+04
3.776700000000000000e+04
3.756219999999999709e+04
3.782780000000000291e+04
3.845819999999999709e+04
3.934300000000000000e+04
4.012219999999999709e+04
4.135259999999999854e+04
4.316380000000000291e+04
4.468059999999999854e+04
4.619419999999999709e+04
4.784059999999999854e+04
4.969500624999999854e+04
5.115103125000000000e+04
5.280554374999999709e+04
5.504588749999999709e+04
5.656444374999999854e+04
5.839655000000000291e+04
5.846873124999999709e+04
5.345919374999999854e+04
4.278400000000000000e+04
3.328640000000000146e+04
2.668800000000000000e+04
2.328800000000000000e+04
2.071359999999999854e+04
1.349439999999999964e+04
6.843199999999999818e+03
7.179199999999999818e+03
7.412800000000000182e+03
8.292799999999999272e+03
8.904000000000000000e+03
9.816000000000000000e+03
1.040800000000000000e+04
1.138079999999999927e+04
1.165120000000000073e+04
1.237439999999999964e+04
1.276960000000000036e+04
1.322239999999999964e+04
1.388800000000000000e+04
1.407200000000000000e+04
1.449760000000000036e+04
1.471679999999999927e+04
1.519839999999999964e+04
1.550079999999999927e+04
1.560639999999999964e+04
1.605600000000000000e+04
1.655040000000000146e+04
1.667200000000000000e+04
1.671200000000000000e+04
1.670559999999999854e+04
1.705120000000000073e+04
1.694559999999999854e+04
1.692159999999999854e+04
1.727359999999999854e+04
1.744479999999999927e+04
1.744479999999999927e+04
1.728800000000000000e+04
1.750079999999999927e+04
1.749279999999999927e+04
1.776800000000000000e+04
1.755200000000000000e+04
1.778720000000000073e+04
1.769920000000000073e+04
1.771840000000000146e+04
1.768159999999999854e+04
1.768959999999999854e+04
1.821759999999999854e+04
1.823040000000000146e+04
1.833759999999999854e+04
1.849920000000000073e+04
1.813279999999999927e+04
1.845759999999999854e+04
1.847200000000000000e+04
1.863200000000000000e+04
1.858240000000000146e+04
1.857759999999999854e+04
1.859040000000000146e+04
1.878720000000000073e+04
1.841759999999999854e+04
1.885759999999999854e+04
1.863840000000000146e+04
1.866720000000000073e+04
1.865440000000000146e+04
1.858240000000000146e+04
1.858879999999999927e+04
1.856320000000000073e+04
1.863359999999999854e+04
1.877279999999999927e+04
1.821279999999999927e+04
1.829759999999999854e+04
1.835840000000000146e+04
1.842720000000000073e+04
1.852159999999999854e+04
1.843679999999999927e+04
1.846720000000000073e+04
1.836640000000000146e+04
1.851040000000000146e+04
1.828000000000000000e+04
1.835679999999999927e+04
1.847200000000000000e+04
1.814559999999999854e+04
1.811679999999999927e+04
1.802720000000000073e+04
1.810400000000000000e+04
1.794079999999999927e+04
1.791040000000000146e+04
1.783359999999999854e+04
1.777759999999999854e+04
1.771200000000000000e+04
1.771359999999999854e+04
1.744479999999999927e+04
1.757120000000000073e+04
1.748800000000000000e+04
1.754400000000000000e+04
1.751359999999999854e+04
1.739359999999999854e+04
1.757759999999999854e+04
1.753920000000000073e+04
1.756000000000000000e+04
1.783200000000000000e+04
1.765440000000000146e+04
4.358459999999999854e+04
4.467259999999999854e+04
4.593340000000000146e+04
4.724380000000000291e+04
4.902459999999999854e+04
5.038623124999999709e+04
5.186793125000000146e+04
5.328723750000000291e+04
5.441861875000000146e+04
5.581870625000000291e+04
5.663159375000000000e+04
5.736445625000000291e+04
5.751331874999999854e+04
5.812940000000000146e+04
5.873906874999999854e+04
5.882391874999999709e+04
5.877433750000000146e+04
5.833593750000000000e+04
5.885914375000000291e+04
5.902716874999999709e+04
5.861114375000000291e+04
5.873916874999999709e+04
5.901758125000000291e+04
5.939196250000000146e+04
5.895356250000000000e+04
5.815037500000000000e+04
5.864476875000000291e+04
5.820308125000000291e+04
5.878866249999999854e+04
5.831821875000000000e+04
5.819503125000000000e+04
5.803817500000000291e+04
5.775653125000000000e+04
5.732607499999999709e+04
5.728928125000000000e+04
5.669406874999999854e+04
5.669085624999999709e+04
5.656763749999999709e+04
5.634041249999999854e+04
5.591959375000000000e+04
5.596601249999999709e+04
5.540915000000000146e+04
5.547631250000000000e+04
5.531470625000000291e+04
5.525233125000000291e+04
5.513551249999999709e+04
5.501869999999999709e+04
5.482986250000000291e+04
5.464262500000000000e+04
5.465065625000000000e+04
5.455943125000000146e+04
5.440099375000000146e+04
5.424255000000000291e+04
5.415455000000000291e+04
5.401209375000000000e+04
5.373523750000000291e+04
5.377842500000000291e+04
5.376888124999999854e+04
5.367439375000000291e+04
5.357518125000000146e+04
5.330475000000000000e+04
5.330158125000000291e+04
5.310954374999999709e+04
5.282470625000000291e+04
5.250947499999999854e+04
5.238630625000000146e+04
5.228388124999999854e+04
5.211108125000000291e+04
5.226306250000000000e+04
5.234468750000000000e+04
5.225030000000000291e+04
5.224391874999999709e+04
5.196705000000000291e+04
5.195743750000000000e+04
5.175101875000000291e+04
5.165183750000000146e+04
5.148703749999999854e+04
5.157184375000000000e+04
5.154143750000000000e+04
5.131101249999999709e+04
5.156223124999999709e+04
5.133021250000000146e+04
5.171581874999999854e+04
5.321034999999999854e+04
5.297834999999999854e+04
5.398968750000000000e+04
5.509069374999999854e+04
5.600279374999999709e+04
5.720769374999999854e+04
5.805428749999999854e+04
5.936158750000000146e+04
5.501759375000000000e+04
4.885759999999999854e+04
3.412959999999999854e+04
2.607679999999999927e+04
1.726879999999999927e+04
1.108639999999999964e+04
6.328000000000000000e+03
6.976000000000000000e+03
7.651199999999999818e+03
8.627200000000000728e+03
9.828799999999999272e+03
1.055520000000000073e+04
1.130239999999999964e+04
1.196639999999999964e+04
1.265920000000000073e+04
1.295360000000000036e+04
1.345439999999999964e+04
1.378239999999999964e+04
1.416800000000000000e+04
1.482879999999999927e+04
1.493920000000000073e+04
1.528639999999999964e+04
1.542400000000000000e+04
1.545120000000000073e+04
1.565439999999999964e+04
1.566079999999999927e+04
1.600000000000000000e+04
1.588960000000000036e+04
1.587679999999999927e+04
1.603360000000000036e+04
1.589600000000000000e+04
1.600000000000000000e+04
1.583679999999999927e+04
1.637279999999999927e+04
1.562560000000000036e+04
1.573120000000000073e+04
1.582720000000000073e+04
1.515039999999999964e+04
1.525920000000000073e+04
1.494560000000000036e+04
1.464479999999999927e+04
1.460960000000000036e+04
1.427200000000000000e+04
1.431200000000000000e+04
1.418879999999999927e+04
1.374879999999999927e+04
1.349120000000000073e+04
1.346560000000000036e+04
1.313600000000000000e+04
1.278239999999999964e+04
1.328000000000000000e+04
1.270720000000000073e+04
1.252960000000000036e+04
1.247679999999999927e+04
1.218879999999999927e+04
1.231360000000000036e+04
1.194560000000000036e+04
1.174079999999999927e+04
1.145120000000000073e+04
1.105439999999999964e+04
1.094560000000000036e+04
1.083200000000000000e+04
1.079520000000000073e+04
1.027679999999999927e+04
1.030560000000000036e+04
1.013920000000000073e+04
9.988799999999999272e+03
9.241600000000000364e+03
9.062399999999999636e+03
9.043200000000000728e+03
8.619200000000000728e+03
8.756799999999999272e+03
8.284799999999999272e+03
7.720000000000000000e+03
7.657600000000000364e+03
7.537600000000000364e+03
7.374399999999999636e+03
7.307199999999999818e+03
7.140800000000000182e+03
6.712000000000000000e+03
7.020800000000000182e+03
6.420800000000000182e+03
6.334399999999999636e+03
6.532800000000000182e+03
6.395199999999999818e+03
6.161600000000000364e+03
6.184000000000000000e+03
6.116800000000000182e+03
5.832000000000000000e+03
5.969600000000000364e+03
5.724800000000000182e+03
5.468800000000000182e+03
5.604800000000000182e+03
4.961600000000000364e+03
5.185600000000000364e+03
4.712000000000000000e+03
5.230399999999999636e+03
5.704000000000000000e+03
5.131199999999999818e+03
5.824000000000000000e+03
5.523199999999999818e+03
6.339199999999999818e+03
5.515199999999999818e+03
5.708800000000000182e+03
7.209600000000000364e+03
1.045920000000000073e+04
1.110400000000000000e+04
1.212160000000000036e+04
1.393760000000000036e+04
1.422879999999999927e+04
1.263679999999999927e+04
1.413920000000000073e+04
1.762240000000000146e+04
1.741920000000000073e+04
1.911679999999999927e+04
2.026079999999999927e+04
2.038400000000000000e+04
2.232800000000000000e+04
2.204159999999999854e+04
2.147040000000000146e+04
2.694240000000000146e+04
2.448320000000000073e+04
2.673440000000000146e+04
2.546079999999999927e+04
2.307679999999999927e+04
2.537440000000000146e+04
2.806400000000000000e+04
2.837920000000000073e+04
2.664640000000000146e+04
2.712800000000000000e+04
2.934240000000000146e+04
2.825759999999999854e+04
3.124640000000000146e+04
3.205279999999999927e+04
3.117600000000000000e+04
3.032320000000000073e+04
3.470240000000000146e+04
3.031200000000000000e+04
3.411359999999999854e+04
3.527040000000000146e+04
4.001440000000000146e+04
3.766080000000000291e+04
3.696159999999999854e+04
3.512000000000000000e+04
3.989440000000000146e+04
3.715519999999999709e+04
4.104959999999999854e+04
4.571359999999999854e+04
4.622719999999999709e+04
4.604159999999999854e+04
4.284640000000000146e+04
4.294880000000000291e+04
4.648800000000000000e+04
4.718880000000000291e+04
4.837280000000000291e+04
5.040800000000000000e+04
4.768640000000000146e+04
4.985759999999999854e+04
5.195040000000000146e+04
4.802080000000000291e+04
5.298240000000000146e+04
5.251680000000000291e+04
4.984319999999999709e+04
5.327040000000000146e+04
5.217919999999999709e+04
5.430880000000000291e+04
5.259680000000000291e+04
5.562880000000000291e+04
5.539040000000000146e+04
5.627680000000000291e+04
5.673280000000000291e+04
5.555680000000000291e+04
5.821600000000000000e+04
5.884959999999999854e+04
5.591040000000000146e+04
5.772800000000000000e+04
5.629119999999999709e+04
5.841119999999999709e+04
5.879200000000000000e+04
5.874559999999999854e+04
5.796159999999999854e+04
5.984800000000000000e+04
5.970559999999999854e+04
6.047519999999999709e+04
6.032000000000000000e+04
6.085759999999999854e+04
6.179200000000000000e+04
6.025440000000000146e+04
6.119519999999999709e+04
6.086080000000000291e+04
6.140959999999999854e+04
6.020640000000000146e+04
6.116480000000000291e+04
6.145759999999999854e+04
6.158559999999999854e+04
6.069119999999999709e+04
6.145280000000000291e+04
6.181759999999999854e+04
6.158559999999999854e+04
6.142559999999999854e+04
6.177919999999999709e+04
6.164640000000000146e+04
6.182880000000000291e+04
6.139040000000000146e+04
6.145759999999999854e+04
6.169919999999999709e+04
6.166880000000000291e+04
6.134400000000000000e+04
6.139840000000000146e+04
6.165759999999999854e+04
6.134880000000000291e+04
6.137280000000000291e+04
6.147359999999999854e+04
6.120480000000000291e+04
6.134400000000000000e+04
6.113759999999999854e+04
6.094880000000000291e+04
6.094880000000000291e+04
6.075040000000000146e+04
6.071200000000000000e+04
6.089599375000000146e+04
6.075519374999999854e+04
6.092159999999999854e+04
6.102719999999999709e+04
6.096959375000000000e+04
6.096800000000000000e+04
6.100800000000000000e+04
6.080319999999999709e+04
6.093119999999999709e+04
6.093759999999999854e+04
6.082559999999999854e+04
6.079519374999999854e+04
4.776640000000000146e+04
3.844321875000000000e+04
3.512963749999999709e+04
3.323040000000000146e+04
3.466719999999999709e+04
3.481440000000000146e+04
3.314719999999999709e+04
3.204800000000000000e+04
3.323040000000000146e+04
3.303519999999999709e+04
3.270240000000000146e+04
3.252000000000000000e+04
3.256320000000000073e+04
3.248320000000000073e+04
3.229440000000000146e+04
3.256320000000000073e+04
3.200959999999999854e+04
3.189279999999999927e+04
3.203359999999999854e+04
3.090079999999999927e+04
3.088320000000000073e+04
3.244959999999999854e+04
3.111840000000000146e+04
2.955040000000000146e+04
2.984000000000000000e+04
2.957759999999999854e+04
2.837279999999999927e+04
2.833440000000000146e+04
2.958240000000000146e+04
2.832159999999999854e+04
2.948959999999999854e+04
2.933600000000000000e+04
3.070720000000000073e+04
3.056640000000000146e+04
3.012959999999999854e+04
2.970079999999999927e+04
2.937759999999999854e+04
3.131040000000000146e+04
3.010240000000000146e+04
3.182720000000000073e+04
3.182079999999999927e+04
3.331040000000000146e+04
3.431359999999999854e+04
3.433440000000000146e+04
3.765919999999999709e+04
3.889280000000000291e+04
3.836959999999999854e+04
3.873759999999999854e+04
3.852319999999999709e+04
3.961440000000000146e+04
4.139840000000000146e+04
4.444640000000000146e+04
4.576800000000000000e+04
4.373759999999999854e+04
4.673119999999999709e+04
4.530880000000000291e+04
4.709759999999999854e+04
4.830719999999999709e+04
4.897119999999999709e+04
5.060800000000000000e+04
5.129600000000000000e+04
5.203680000000000291e+04
5.163359999999999854e+04
5.146880000000000291e+04
5.224319999999999709e+04
5.292959999999999854e+04
5.455359999999999854e+04
5.364000000000000000e+04
5.393759999999999854e+04
5.393759999999999854e+04
5.025340000000000146e+04
5.138940000000000146e+04
5.231583750000000146e+04
5.407927500000000146e+04
5.542830000000000291e+04
5.697739375000000291e+04
5.854872499999999854e+04
5.995356250000000000e+04
6.027038124999999854e+04
6.121758750000000146e+04
5.863999375000000146e+04
5.532480000000000291e+04
5.103200000000000000e+04
4.884319999999999709e+04
4.779359999999999854e+04
4.625119999999999709e+04
4.431840000000000146e+04
4.313280000000000291e+04
4.203200000000000000e+04
4.358080000000000291e+04
4.562559999999999854e+04
4.400640000000000146e+04
4.580640000000000146e+04
4.973119999999999709e+04
5.122719999999999709e+04
5.346880000000000291e+04
5.448640000000000146e+04
5.313440000000000146e+04
5.535840000000000146e+04
5.634719999999999709e+04
5.994879374999999709e+04
