7.522324098255199942e+01
7.532584618492654727e+01
7.560764990603864533e+01
7.585180353592554070e+01
7.620378463975721672e+01
7.652716758975206801e+01
7.645589601679871805e+01
7.664494224764005992e+01
7.714543480774436546e+01
7.726882962456029702e+01
7.741410824605137009e+01
7.768138907860631548e+01
7.774699075671200887e+01
7.781542738224152345e+01
7.814900619577819896e+01
7.791365582368105436e+01
7.777469366399394346e+01
7.794568575597830318e+01
7.794056295624753261e+01
7.773371126614777893e+01
7.789649693137896236e+01
7.781537764632180654e+01
7.795916419022138655e+01
7.822873287508328133e+01
7.816218640878392421e+01
7.803531007758785165e+01
7.841539197605919753e+01
7.821222074401843827e+01
7.834357505651740894e+01
7.839693975556353678e+01
7.838187171469888881e+01
7.799701905355351528e+01
7.817099277506868304e+01
7.817223481309503086e+01
7.823545246983026402e+01
7.870818927823792421e+01
7.858927263700581989e+01
7.844831870915882632e+01
7.814663130561174853e+01
7.836158664784932171e+01
7.811470239940142335e+01
7.836472001079144434e+01
7.743859930089287502e+01
7.821476563000423710e+01
7.725726718891189648e+01
7.753349834992546619e+01
7.843777644270740268e+01
7.755100247945152603e+01
7.754742129895102210e+01
7.673430506710924703e+01
7.697019903726641132e+01
7.607765259882846465e+01
7.765833414844661320e+01
7.709956391297671985e+01
7.617310107434917654e+01
7.484805748932990355e+01
7.514840532582056198e+01
7.432051810866586550e+01
7.270760787735254382e+01
7.162621959161835150e+01
7.099388895948347056e+01
6.911882399812188282e+01
6.650991875245119900e+01
6.890959042374198873e+01
6.585878697125890824e+01
6.637926501700886206e+01
6.550044588669352663e+01
6.842143917156008115e+01
6.308486221815041262e+01
6.778373589441024194e+01
6.438130492939973237e+01
6.309972976108870313e+01
6.168879671118106955e+01
6.310311335787690012e+01
6.249157214590247378e+01
6.138024497358940579e+01
6.401257311751334100e+01
6.163115433447745772e+01
6.116399202897768106e+01
6.437802488435063708e+01
6.178046117690367112e+01
5.914569364154240816e+01
5.955063767144376641e+01
5.521716680322526116e+01
5.892382520074522034e+01
5.583189422255651380e+01
5.360933410418452638e+01
5.102758311643139422e+01
5.079611719737646780e+01
5.508661506527453611e+01
5.009659178345749808e+01
4.659812386596996703e+01
4.561108073431869059e+01
4.628668142232573501e+01
4.288808070597619349e+01
4.767762315815963348e+01
5.019626042947849953e+01
4.537911493041443123e+01
4.282830007328665545e+01
3.742786064471386709e+01
3.839232464021865354e+01
3.364346539323933172e+01
3.084825133512104856e+01
3.114865104462171885e+01
2.354887486940850394e+01
2.224337750083771326e+01
1.348134029734143091e+01
1.347845561399788927e+01
1.002091802706556045e+01
1.206602698944191232e+01
7.719776904070388746e+00
8.128551376913632609e+00
8.257316507373300141e+00
1.170360950226916508e+01
1.275585409329715247e+01
1.574697424783982314e+01
1.185584746118271404e+01
1.422065269850494396e+01
1.555957163372035446e+01
1.453000545639734398e+01
1.930273775055951191e+01
1.974841239021345984e+01
2.161069813442202303e+01
1.999495256712300417e+01
1.555475074656473744e+01
1.542096131680904847e+01
1.652766829417378602e+01
1.213958952319717888e+01
1.285681820460200875e+01
1.483975649020934284e+01
1.056621604528232794e+01
9.849087029997866338e+00
1.084607889983986517e+01
9.086900185664557483e+00
8.683000415796310989e+00
8.004115797121448495e+00
6.092101321591312235e+00
6.702999075104408178e+00
7.207709668618698551e+00
6.911485639283890592e+00
5.983680125104942071e+00
6.618944787941192232e+00
5.846261721738397199e+00
5.680098482428052264e+00
5.491008926937894330e+00
5.329422946488932666e+00
5.368465643466163506e+00
1.845147737107130936e+01
1.711472505685853918e+01
1.598213869308083801e+01
1.440476399928100548e+01
1.349136383369267556e+01
1.190652875193541149e+01
1.047756429404034328e+01
9.102613044957090338e+00
8.423465564175288023e+00
7.029019583091703716e+00
6.646301680875411400e+00
5.750508030866622100e+00
5.690469781655438375e+00
5.674104526978502427e+00
5.546966887922984313e+00
8.063357688774363652e+00
8.534592899824655632e+00
9.865304242601272477e+00
1.667398884432672190e+01
1.980361926109846138e+01
2.578675403961495149e+01
2.370737935992536194e+01
2.900441645144158542e+01
2.964351252862440944e+01
2.655814610899542316e+01
2.345571890893722511e+01
2.220672232228779563e+01
2.082607572755422609e+01
2.004125884546910186e+01
1.873014267793692866e+01
1.820359568429598340e+01
1.690078696960391369e+01
1.420007290747486906e+01
1.045651045752547326e+01
1.079122950587782448e+01
1.016009078728771975e+01
7.113769007445329251e+00
6.576928815513427118e+00
7.057723620038862222e+00
5.989017022427614911e+00
5.268856641692635456e+00
5.665151090024901137e+00
5.707079441750354754e+00
5.659830318019947626e+00
6.122031465528038119e+00
6.331962897031462312e+00
6.484256420292820344e+00
6.448846582545173511e+00
6.591840848786153728e+00
6.759498885621094466e+00
7.199015208153307199e+00
7.181410441102193509e+00
7.400248487853549051e+00
7.609537238019392191e+00
7.714330820861461824e+00
8.216713345914973488e+00
8.218901726382485506e+00
8.526916277185019766e+00
8.577249027937831727e+00
8.716012243946078542e+00
9.303841079072050491e+00
9.412165912213971808e+00
9.402069520511579626e+00
9.442952446518310339e+00
9.678800177812611594e+00
9.746739444144965958e+00
9.886049755270089889e+00
9.763749128687912560e+00
1.006967477086236507e+01
1.004376235669021611e+01
1.014810831625483978e+01
1.023191334097666605e+01
1.043995869314960068e+01
1.045860966304318396e+01
1.080243582456981954e+01
1.086336232622218922e+01
1.071390413894652660e+01
1.100630161095816817e+01
1.137240771598924383e+01
1.110975407249632774e+01
1.130969246975552167e+01
1.156702611836723094e+01
1.148535973819320155e+01
1.171862120166226084e+01
1.171294955828618356e+01
1.178307895361447599e+01
1.195496629215372408e+01
1.225557019091854194e+01
1.206572993389016801e+01
1.207154728796853682e+01
1.211755476223446770e+01
1.231694606437678274e+01
1.218972158174269715e+01
1.258054469034430589e+01
1.243556623289996033e+01
1.258228544753437284e+01
1.289497517479023081e+01
1.276601168349450788e+01
1.267161290787312744e+01
1.293183298835680262e+01
1.320458302355211089e+01
1.272647162732011594e+01
1.313450511267196141e+01
1.327998267784189679e+01
1.332454606190762902e+01
1.317951786854356655e+01
1.350135725649878005e+01
1.335608213206456441e+01
1.347663850439982092e+01
1.368925956118665077e+01
1.370114819452725285e+01
1.344874015049587790e+01
1.367513805704409791e+01
1.366001658892194115e+01
1.379057162964858385e+01
1.376356677377110671e+01
1.383662534277737421e+01
1.394977456013176820e+01
1.420924685329127435e+01
1.391555624736701091e+01
1.403939868746039110e+01
1.409102457212582493e+01
1.415418919016541999e+01
1.423734764793093710e+01
1.423640616251318392e+01
1.423187844529058133e+01
1.460857655269278155e+01
1.393186962903392967e+01
1.446359634672000993e+01
1.452397750178392499e+01
1.429195943630777066e+01
1.431841894559679673e+01
1.438655890413644300e+01
1.442664430689928601e+01
1.446996604150054111e+01
1.467438067153419290e+01
1.476788420060068141e+01
1.452974861699943254e+01
1.465642425598821141e+01
1.450030495252743279e+01
1.457376315741985806e+01
1.447205495012861931e+01
1.445221031816184976e+01
1.460440223249347547e+01
1.475117293157603093e+01
1.455730231652221640e+01
1.479384635069254728e+01
1.464006288693000180e+01
1.496329662916570058e+01
1.508092033076612637e+01
1.538913382524752471e+01
1.535317650382112475e+01
1.527762589324376385e+01
1.533358055145293797e+01
1.527011751789504324e+01
1.553167871968262936e+01
1.549954931554595383e+01
1.549870380491077881e+01
1.598790631123949169e+01
1.583815320550238681e+01
1.580945557982613003e+01
1.592265453310024270e+01
1.592190674577607012e+01
1.569152996565055247e+01
1.569709864013034206e+01
1.598064311843249641e+01
1.578547936946605823e+01
1.575916906793617933e+01
1.558713427016621189e+01
1.562393885075621291e+01
1.583556518914871702e+01
1.578135128812961341e+01
1.584556036048325112e+01
1.591663473828615238e+01
1.564502688071588921e+01
1.603913430854719380e+01
1.615700668974620413e+01
1.605544594168568651e+01
1.614288168854679739e+01
1.612398378758306450e+01
1.636271620222090561e+01
1.636714269907564656e+01
1.636684428355734866e+01
1.636898292810515088e+01
1.646308153967980559e+01
1.646228576496434570e+01
1.634391602456817338e+01
1.634495873035378821e+01
1.640687995040047653e+01
1.631854895698447905e+01
1.657916517629745456e+01
1.603027956630928230e+01
1.639703223829666712e+01
1.628597192957035489e+01
1.617525977228205392e+01
1.647178532563014031e+01
1.619003134043777337e+01
1.635008153008455878e+01
1.638439931468874988e+01
1.652793717898974890e+01
1.635127519215774683e+01
1.633650362400203093e+01
1.623156083340081324e+01
1.663084079688260530e+01
1.647074087131610298e+01
1.665630558777730741e+01
1.665347064035348623e+01
1.671056747618770189e+01
1.690031000990506982e+01
1.691264451799469271e+01
1.691269425391440961e+01
1.676423253356149701e+01
1.674374133463841829e+01
1.659547855796437332e+01
1.667575233238634880e+01
1.659284255421941623e+01
1.663059211728402431e+01
1.626130291339110912e+01
1.636261498185304575e+01
1.641070961621862878e+01
1.658150276452411731e+01
1.675478270881541931e+01
1.680869644578779898e+01
1.663611280437252304e+01
1.673245128086283628e+01
1.678024749971012142e+01
1.680680648083858131e+01
1.680750278371460738e+01
1.691597682461567942e+01
1.696233070179119196e+01
1.685266299881693541e+01
1.694164055918924916e+01
1.706836768262617099e+01
1.717176865971618227e+01
1.755657547056055989e+01
1.707065553493311327e+01
1.702753449253915363e+01
1.728670837018036366e+01
1.725313662437191553e+01
1.709706530830242599e+01
1.703504461641630385e+01
1.729958997338686189e+01
1.717082367724157521e+01
1.714913881624530489e+01
1.727362782329499780e+01
1.698739760532816589e+01
1.731878803839732228e+01
1.718390422412694107e+01
1.715152614039168455e+01
1.721479023027071165e+01
1.746018725815052974e+01
1.732465687692383582e+01
1.746615556851647355e+01
1.751370310776517769e+01
1.751947247445225742e+01
1.738140556132004022e+01
1.763237301220807396e+01
1.756418506627714038e+01
1.785981537307033307e+01
1.762536024752808572e+01
1.757791218011881540e+01
1.711313001037076376e+01
1.734479992440890328e+01
1.735320529484094720e+01
1.722891523147011839e+01
1.708254241974529108e+01
1.702534611207164161e+01
1.702057146377888230e+01
1.692035358555070701e+01
1.674095612313431047e+01
1.708806310683378982e+01
1.701127084679195178e+01
1.708488000797195383e+01
1.693855693216683989e+01
1.691513131398050263e+01
1.694984698594242190e+01
1.678651422559436313e+01
1.711879990521841322e+01
1.693204152668401719e+01
1.703738220464296660e+01
1.730093284321920066e+01
1.690334390100775863e+01
1.746292273373492066e+01
1.746008778631109593e+01
1.731873830247760537e+01
1.714744779497495131e+01
1.737712827222444645e+01
1.726019912497161712e+01
1.746645398403477145e+01
1.725731444162807904e+01
1.735703496065909235e+01
1.735469737243242960e+01
1.748420970737346281e+01
1.754991085731858291e+01
1.780157461108264272e+01
1.776193508306881697e+01
1.771801826595940099e+01
1.748619914416211074e+01
1.769021588683803259e+01
1.775691175517748022e+01
1.749783734937570401e+01
1.779918728693626306e+01
1.795908826882390485e+01
1.812450993780004183e+01
1.795789460675071325e+01
1.834747606588784663e+01
1.827187746791919309e+01
1.853423444442223911e+01
1.833056585318432852e+01
1.840377712700660240e+01
1.822696593241544960e+01
1.791716088850313326e+01
1.822612042178027281e+01
1.839860459135611492e+01
1.856218603130275469e+01
1.873720673278412363e+01
1.851946287626652676e+01
1.837905837490764327e+01
1.867578287193459730e+01
1.890153421152650637e+01
1.891148139546974960e+01
1.893445939037864179e+01
1.886199415535211443e+01
1.903621908211802349e+01
1.923580932793920439e+01
1.904905094940480836e+01
1.914195764743469752e+01
1.940640353256582884e+01
1.932001224001875528e+01
1.966289167054236131e+01
1.962887230145646811e+01
1.974440884295723819e+01
1.960465090855467096e+01
1.969482213100017276e+01
1.975664387920743081e+01
1.988252549200917585e+01
1.992823280222837923e+01
1.995707963566378496e+01
1.988461440063725760e+01
1.989441237682135011e+01
2.000766106601517791e+01
2.004456511844461275e+01
1.981687407798376910e+01
1.995891986469328572e+01
1.986894758592664800e+01
2.010016987668734245e+01
2.018959506033710127e+01
1.986561527930566129e+01
2.001178914735162451e+01
2.004680323483184168e+01
2.002447180687925865e+01
1.970631112845461885e+01
1.996682787592816410e+01
2.013747181647450546e+01
2.017034725940692397e+01
2.004376934372915287e+01
2.010763026464477576e+01
2.019218132816234501e+01
1.978355101177390196e+01
1.936979789565469190e+01
1.919731372607884978e+01
1.898489161297088756e+01
1.880236078761236840e+01
1.890859671212620796e+01
1.868403903460748694e+01
1.847136824190094373e+01
1.860296948547005158e+01
1.860814202112053906e+01
1.857695759945847058e+01
1.875426615324678536e+01
1.854637000883299791e+01
1.831688847526237041e+01
1.850240345580386148e+01
1.857591314514443326e+01
1.845798927949727997e+01
1.851568294636809142e+01
1.849544042704359015e+01
1.846624544217017316e+01
1.859531015383375419e+01
1.854343558956973936e+01
1.845903373381132084e+01
1.856502097872657941e+01
1.877500603176844862e+01
1.863485021000814967e+01
1.873238234857165097e+01
1.872611562268740570e+01
1.868170144638082419e+01
1.854612132923441692e+01
1.858784976587632443e+01
1.866981456156864994e+01
1.833718073050658859e+01
1.845798927949727997e+01
1.845798927949727997e+01
2.885031320125773746e+01
2.706618628919758862e+01
2.613751719625638259e+01
2.476142376954808100e+01
2.351310017206231961e+01
2.221076336576473764e+01
2.114487287032648410e+01
1.964627987335714465e+01
1.891376924777669544e+01
1.753623347939662480e+01
1.690732277458505806e+01
1.615078795125324973e+01
1.567760041107315594e+01
1.490808626122384339e+01
1.439207609416808786e+01
1.365538590280305087e+01
1.329276131215211088e+01
1.294570231584391884e+01
1.286110326493505873e+01
1.261311822070157440e+01
1.252424013216869270e+01
1.239960191735985262e+01
1.226476783900918655e+01
1.261301874886214058e+01
1.269463539311645306e+01
1.285503548272968111e+01
1.297226129697237873e+01
1.277267279967962565e+01
1.308998796746909221e+01
1.317284800971631142e+01
1.326804256005314997e+01
1.327311737239263323e+01
1.357103378296434570e+01
1.359714514081536052e+01
1.365891715310290166e+01
1.391043344763624034e+01
1.452417469693436303e+01
1.467178915812366746e+01
1.483736178338738299e+01
1.510588601393524044e+01
1.543011447456525964e+01
1.559444195330764238e+01
1.572708765119079288e+01
1.611383416290409798e+01
1.627880820860278988e+01
1.613258460463711330e+01
1.658552962549270404e+01
1.652017837551402124e+01
1.695745658165900238e+01
1.742636683274350062e+01
1.746744870242909542e+01
1.735076823477485064e+01
1.779252267369429319e+01
1.780485718178391252e+01
1.807820579654424265e+01
1.821846109014397896e+01
1.837174719470936068e+01
1.855562088990021508e+01
1.862967767435766220e+01
1.880201263617435359e+01
1.917811566106838939e+01
1.938153557270771898e+01
1.930160994972375477e+01
1.948916410297361423e+01
1.924277235669947217e+01
1.948752281762297756e+01
1.944092026084888047e+01
1.935646866917074504e+01
1.935124639760054066e+01
1.962315267068910174e+01
1.925828996365093104e+01
1.984278649215591628e+01
1.960360645424062653e+01
1.947508883769392085e+01
1.994728165947968890e+01
2.003198193075640887e+01
1.987983975234449829e+01
2.011598589915709923e+01
2.005699909837366590e+01
2.016049954730311455e+01
2.020570949832515595e+01
2.033432658671129190e+01
2.050188690023523108e+01
2.053645336443800318e+01
2.036755018108172521e+01
2.033517209734646869e+01
2.042842694681437621e+01
2.041882791430914779e+01
2.014368880643903026e+01
2.051546480631775538e+01
2.024947710767542830e+01
2.075718137613857550e+01
2.056893092001268997e+01
2.072564880303848867e+01
2.081940101170356172e+01
2.056480283867624692e+01
2.084108587269983204e+01
2.112920605561587806e+01
2.109846925723125466e+01
2.084407002788280394e+01
2.095910921018641559e+01
2.137186760791130524e+01
2.125061143564316524e+01
2.114716072263343349e+01
2.103784117109718821e+01
2.114303264129698690e+01
2.132616029769209831e+01
2.133685352043108807e+01
2.170773427375491949e+01
2.184699484896032473e+01
2.183630162622133852e+01
2.177691693808017703e+01
2.186226377631320617e+01
2.195507100250366506e+01
2.191388966097863999e+01
2.183282011184120464e+01
2.192895964465265024e+01
2.189941650834121845e+01
2.184152389779154291e+01
2.204996713732220925e+01
2.220897287265495379e+01
2.218146890905188684e+01
2.232530518887118731e+01
2.225836064093316224e+01
2.218962559988534977e+01
2.218276204296450871e+01
2.231764585723488992e+01
2.227696187490702329e+01
2.236504418872444688e+01
2.247839234975770495e+01
2.237787605601122820e+01
2.245581224220654448e+01
2.245879639738951639e+01
2.262988796121330282e+01
2.256483337822448831e+01
2.280162609199340196e+01
2.249982853115539427e+01
2.259323258838245252e+01
2.255543328939812397e+01
2.258537431306728749e+01
2.254265115803105957e+01
2.272274492332347862e+01
2.251017360245636567e+01
2.264053144803257567e+01
2.256856357220320675e+01
2.264669870207738356e+01
2.264704685351539837e+01
2.278934131982349243e+01
2.262411859452622309e+01
2.280933515954941271e+01
2.289766615296541730e+01
2.268713400480666564e+01
2.295068464338290681e+01
2.324880174616191297e+01
2.330326257825116798e+01
2.341850070423364372e+01
2.348430132601819764e+01
2.369468426641779857e+01
2.359531364735322256e+01
2.387224149980469434e+01
2.353577975145291035e+01
2.352428900547003821e+01
2.396042503398997781e+01
2.323338535957831041e+01
2.328436292875900548e+01
2.294029158469064456e+01
2.318359970394237735e+01
2.300932504125675138e+01
2.299465119641204325e+01
2.273314147907259652e+01
2.293487036944157254e+01
2.296028542441656128e+01
2.294655831057488626e+01
2.274000503599343403e+01
2.277039193441162013e+01
2.267067141538060326e+01
2.254439191522112651e+01
2.280182678420069209e+01
2.257209482250305754e+01
2.240209744891302890e+01
2.223657630809745456e+01
2.241234304837457003e+01
2.248928451617555879e+01
2.221623431693352302e+01
2.205891960287112852e+01
2.206916520233266965e+01
2.196377478845400333e+01
2.184177257739012390e+01
2.192080295381919441e+01
2.182918938970192002e+01
2.184908375758840648e+01
2.200157408743832832e+01
2.184784035959550152e+01
2.196974309881995069e+01
2.205036502467994097e+01
2.185012821190244736e+01
2.191742091127849079e+01
2.185848384641477438e+01
2.209129768660638504e+01
2.225358599264039938e+01
2.210815816339018625e+01
2.217500323948877750e+01
2.207946053771392769e+01
2.186266166367093433e+01
2.233609788344960734e+01
2.238483908477150308e+01
2.222384391265010350e+01
2.266112211879508820e+01
2.263814412388619601e+01
2.262740116522749290e+01
2.248072993798436414e+01
2.246073609825844741e+01
2.241293987941116583e+01
2.232406179087828235e+01
2.241577482683498701e+01
2.254220353475361094e+01
2.245153495311095071e+01
2.223682498769603555e+01
2.248028231470691907e+01
2.235828010364304319e+01
2.255180256725884291e+01
2.256358998023158691e+01
2.250405608433127469e+01
2.239026030002056800e+01
2.243825546254671721e+01
2.253081400913859866e+01
2.258855741192912703e+01
2.282226649867563140e+01
2.257348742825511323e+01
2.279133075661214036e+01
2.277834968156621187e+01
2.276313049013304735e+01
2.269369914620920881e+01
2.270299976319614288e+01
2.264555477592391242e+01
2.271453849657030233e+01
2.240657368168748675e+01
2.261173435051687974e+01
2.267773391598030130e+01
2.273682018860316845e+01
2.272184967676858847e+01
2.299748614383586443e+01
2.309840032494007289e+01
2.313689592680042040e+01
2.333424805623437237e+01
2.346430748629228091e+01
2.362172167219410923e+01
2.315455217829967793e+01
2.351488891664367031e+01
2.361197343192972653e+01
2.359625688129940357e+01
2.352602976266010515e+01
2.352140432212649657e+01
2.381091711079459827e+01
2.404174151419756100e+01
2.411370939002692992e+01
2.414927057262402244e+01
2.434582692734251452e+01
2.444072306216105872e+01
2.413116669784731982e+01
2.392033613417027382e+01
2.398489335796192634e+01
2.428743695759567700e+01
2.413305666279653749e+01
2.388959933578565753e+01
2.402249371326738725e+01
2.383006543988534176e+01
2.369990653798799940e+01
2.401627672330285890e+01
2.397390171970464223e+01
2.383255223587115168e+01
2.384995980777182822e+01
2.371457863430428503e+01
2.383240302811200451e+01
2.389546817431216752e+01
2.395176923543092329e+01
2.411500252393955179e+01
2.381221024470722014e+01
2.409441185317703926e+01
2.410271775176964582e+01
2.415872039737010724e+01
2.420094619320917317e+01
2.415986432352357838e+01
2.405243473693654721e+01
2.355363319810260592e+01
2.387030179893575976e+01
2.387751350729461208e+01
2.392287266607580420e+01
2.399449239046715832e+01
2.404890348663669997e+01
2.386368692161350324e+01
2.414956898814232389e+01
2.453830493664427692e+01
2.410838764661729172e+01
2.424476353847915888e+01
2.439133529388285382e+01
2.454795370506922225e+01
2.416672788044441944e+01
2.447633398067786814e+01
2.463767730423727542e+01
2.470472132401474141e+01
2.445226179553521817e+01
2.481941235488033826e+01
2.468224068830300766e+01
2.479683224732917424e+01
2.471382299732280785e+01
2.465165309767753499e+01
2.471800081457896781e+01
2.471262933524961625e+01
2.455262888152254774e+01
2.476485205095164588e+01
2.432692727785035558e+01
2.447185774790341029e+01
2.444495061533693914e+01
2.444216540383282776e+01
2.449970986294449204e+01
2.453442553490641487e+01
2.434229567704266728e+01
2.452413019952515327e+01
2.464593346691016862e+01
2.465593038677312876e+01
2.478066807342140265e+01
2.488436746602971539e+01
2.483880936356966274e+01
2.504645682838486564e+01
2.525325878256489887e+01
2.491500479257490497e+01
2.521799601548610070e+01
2.511081510849765408e+01
2.507167293968099031e+01
2.540490360177964746e+01
2.548030325606943336e+01
2.535253167831847065e+01
2.541524867308061886e+01
2.540634594345141650e+01
2.557902905670612270e+01
2.543340228377704193e+01
2.551238292428639554e+01
2.534372842052870212e+01
2.554560651865682175e+01
2.549870554636443032e+01
2.570262281720092190e+01
2.570346832783609869e+01
2.592613604040560560e+01
2.594891509163563015e+01
2.574897669437643799e+01
2.601804802004117434e+01
2.576121173062662706e+01
2.583263251133911709e+01
2.590962371505981920e+01
2.570660169077822133e+01
2.600675796626559233e+01
2.606072143915768891e+01
2.592727996655907674e+01
2.608036712744559438e+01
2.616660921223351721e+01
2.583526851508407773e+01
2.569615714763781256e+01
2.520203078525719675e+01
2.522192515314368322e+01
2.510653781940206031e+01
2.485940003433217527e+01
2.475440750781124422e+01
2.452711435470812873e+01
2.465498540429852170e+01
2.474406243651026571e+01
2.452736303430670972e+01
2.457724816178207661e+01
2.457292113676676237e+01
2.442545413480817729e+01
2.446265660275591003e+01
2.451975343859012924e+01
2.448752456261401633e+01
2.469944931652482012e+01
2.448916584796465656e+01
2.418741802304636224e+01
2.450105273277683082e+01
2.446554128609945167e+01
2.419413237220804902e+01
2.446046822228839446e+01
2.421059496163411850e+01
2.453949859871746497e+01
2.424317198904824266e+01
2.424177938329619053e+01
2.431837269965916093e+01
2.425555623305758246e+01
2.419711652739102803e+01
2.435428203369427180e+01
2.432066055196611032e+01
2.424779742958185125e+01
2.437362930646388293e+01
2.439496601602213843e+01
3.121023285587253326e+01
3.014259985471578673e+01
2.849842807220864316e+01
2.693880910174750554e+01
2.604893402618494136e+01
2.481493612210587685e+01
2.337528019000025381e+01
2.192249397508954090e+01
2.067009378071547587e+01
1.973953297429662257e+01
1.883065877740246918e+01
1.804025554127234443e+01
1.732390908959966680e+01
1.677119381379334229e+01
1.611458020169984096e+01
1.555579714368814237e+01
1.511105680105729832e+01
1.478732569962443932e+01
1.460365094811244902e+01
1.451671256044850189e+01
1.409097133914925237e+01
1.400423189516417111e+01
1.395156330471312423e+01
1.405456464591698307e+01
1.404188373491777320e+01
1.409400697878037079e+01
1.402024860984122157e+01
1.409365882734235775e+01
1.415383929019898090e+01
1.430434018326025303e+01
1.454610648900078473e+01
1.463861529967294928e+01
1.480513115888284581e+01
1.492733406215401892e+01
1.496727200568614080e+01
1.513090143302406965e+01
1.511394148440083818e+01
1.544369063211935966e+01
1.536635302548906878e+01
1.556121835893720728e+01
1.589937287708776914e+01
1.597706038368450265e+01
1.615476682483054560e+01
1.626080380566552108e+01
1.635719201807555123e+01
1.587072498733122750e+01
1.643114933069356454e+01
1.693218898591473831e+01
1.675716828443336937e+01
1.707980519563247057e+01
1.734459923220161315e+01
1.745143198775204496e+01
1.761754995960421155e+01
1.779963316168528209e+01
1.814833169481568476e+01
1.833966577796397246e+01
1.853030355823623410e+01
1.873103773021088614e+01
1.884523140187932100e+01
1.886413105137148349e+01
1.920880097500486983e+01
1.948418876247356479e+01
1.936905010833051932e+01
1.943380627580103592e+01
1.940515838604449428e+01
1.940863990042463172e+01
1.937312845374724901e+01
1.981219715300201756e+01
1.959047442290712127e+01
1.958505320765805280e+01
1.957202239669240385e+01
1.968691237123686477e+01
1.967462759906695879e+01
2.009429928963240286e+01
2.019571082993376976e+01
2.032656603470713819e+01
2.027265229773475497e+01
2.025643838790727003e+01
2.051332441324153066e+01
2.051814879745400333e+01
2.091305200000077136e+01
2.049238559104100688e+01
2.068446571298503400e+01
2.076941466386033497e+01
2.080323508926736409e+01
2.102794197454523228e+01
2.119430862599597631e+01
2.123703178103221134e+01
2.124260220404042698e+01
2.110617657625883936e+01
2.127418451306022362e+01
2.151391164609239226e+01
2.143269463772423578e+01
2.171847723241361905e+01
2.193423165214257153e+01
2.175662468283595885e+01
2.188777830312762518e+01
2.196173561574563848e+01
2.224861065214035705e+01
2.215983378397533343e+01
2.234470219756051534e+01
2.254911507906573576e+01
2.250057456995113725e+01
2.242219076047837945e+01
2.279262389052476578e+01
2.261775239680254401e+01
2.281097644490004939e+01
2.297987962825632025e+01
2.309093993698263603e+01
2.310287655771453075e+01
2.347400599063694315e+01
2.342989022984865599e+01
2.348599234728855123e+01
2.324228634067908317e+01
2.324636468609581641e+01
2.336453723134154714e+01
2.344694965031132128e+01
2.334896988847037491e+01
2.355661735328557782e+01
2.355507553977437496e+01
2.381743251627742097e+01
2.362072695379978526e+01
2.367309887726095852e+01
2.381096684671431518e+01
2.396176615529388698e+01
2.365121507258582412e+01
2.381230971654665041e+01
2.389820364989655843e+01
2.415295103068302396e+01
2.401468517387193913e+01
2.387079915813292175e+01
2.404756061680436119e+01
2.424128202409902855e+01
2.420701397541455080e+01
2.416866758131334691e+01
2.414932030854374290e+01
2.410057910722184715e+01
2.423103642463748741e+01
2.440660422123573525e+01
2.431668167838881445e+01
2.428634276736191921e+01
2.439421997722639546e+01
2.421213677514532137e+01
2.420805842972859523e+01
2.409102981063633209e+01
2.413658791309639184e+01
2.432876750687985279e+01
2.434289250807925953e+01
2.434582692734251452e+01
2.419816098170506891e+01
2.432100870340412158e+01
2.449762095431641384e+01
2.439511522378128561e+01
2.460723892137095348e+01
2.454407430333135665e+01
2.460276268859649562e+01
2.492266412421120592e+01
2.506475964684043589e+01
2.508977681445769647e+01
2.527568968235691571e+01
2.493703780500919009e+01
2.471083884213983239e+01
2.437502191221593506e+01
2.445847878549974652e+01
2.427967815411994579e+01
2.425411389138580986e+01
2.394047918165534483e+01
2.386289114689804691e+01
2.420134408056690489e+01
2.399722786605154923e+01
2.396166668345445316e+01
2.412912752513895498e+01
2.387462882395107400e+01
2.410709451270466985e+01
2.383548665513441023e+01
2.403597214751048483e+01
2.376844263535695134e+01
2.388482468749289467e+01
2.389825338581627534e+01
2.394918296760568310e+01
2.413529477918376998e+01
2.415374680539848384e+01
2.436681548546275877e+01
2.393744529055265602e+01
2.400060990859224930e+01
2.408366889451833259e+01
2.402612443540666831e+01
2.418836300552097285e+01
2.428365702769724521e+01
2.436059849549823397e+01
2.439700518873050328e+01
2.427067595265131317e+01
2.468482695612825495e+01
2.443584894202886915e+01
2.473287185457411752e+01
2.479737934244605313e+01
2.481443876290871842e+01
2.472725169564618852e+01
2.474500741898487277e+01
2.485124334349871233e+01
2.485905188289416046e+01
2.474127722500616144e+01
2.481135513588630914e+01
2.483269184544456465e+01
2.474938417991990391e+01
2.492425567364212213e+01
2.482841455634897088e+01
2.494608799386911357e+01
2.495161042948604191e+01
2.445474859152102809e+01
2.475893347650541898e+01
2.449702412327981449e+01
2.438521777575775928e+01
2.450677236354419719e+01
2.451985291042955950e+01
2.447703028355389421e+01
2.443395897707965148e+01
2.476629439262341847e+01
2.425630227185332544e+01
2.459977853341352017e+01
2.478280671796920132e+01
2.466090397874474860e+01
2.442719489199824778e+01
2.445300783433096470e+01
2.473088241778546958e+01
2.478106596077913437e+01
2.473515970688106336e+01
2.474565398594118548e+01
2.492510118427729893e+01
2.485566984035345683e+01
2.478862582057599795e+01
2.500189344431914051e+01
2.512056334876203323e+01
2.519745508064330508e+01
2.512712849016457284e+01
2.525017515554249314e+01
2.534795597370457898e+01
2.539197226265342877e+01
2.520048897174599389e+01
2.509305938515896273e+01
2.531776627043683092e+01
2.503392337661638223e+01
2.523823853481060198e+01
2.507341369687105725e+01
2.505227593099166228e+01
2.524768835955668322e+01
2.532796213397865870e+01
2.508798632134791262e+01
2.513125657150101588e+01
2.513031158902640883e+01
2.537963775456380944e+01
2.540172050291781147e+01
2.537182921516836487e+01
2.542594189581960507e+01
2.573132044287718045e+01
2.554640229337228519e+01
2.506187496349689781e+01
2.571291815258217994e+01
2.563920951956274763e+01
2.541435342652572515e+01
2.511151141137368015e+01
2.547488204082036489e+01
2.506978297473177619e+01
2.547582702329497195e+01
2.522406379769147833e+01
2.519974293295024736e+01
2.542907525876172770e+01
2.519795243984046351e+01
2.517238817710633114e+01
2.542017252913252534e+01
2.525972445212800821e+01
2.509161704348719368e+01
2.511653473926501690e+01
2.507376184830907206e+01
2.504232874704842260e+01
2.496911747322615227e+01
2.500527548685984058e+01
2.485865399553643229e+01
2.512414433498160093e+01
2.506262100229264078e+01
2.511389873552005980e+01
2.488784898040985283e+01
2.509688905097711142e+01
2.489033577639566275e+01
2.500234106759658559e+01
2.506669934770936692e+01
2.490058137585720388e+01
2.524072533079641190e+01
2.474117775316672407e+01
2.477126798459503831e+01
2.462912272604608788e+01
2.471337537404536278e+01
2.489486174508983751e+01
2.452124551618161519e+01
2.472401886086463207e+01
2.479016763408720081e+01
2.439799990712482725e+01
2.470357564933283712e+01
2.449016056635897698e+01
2.449831725719243991e+01
2.441446249655089673e+01
2.465284675975072304e+01
2.446976883927532853e+01
2.440267508357815274e+01
2.423382163614159168e+01
2.456804701663457280e+01
2.449458706321372148e+01
2.441093124625104238e+01
2.435452896476442675e+01
2.436974815619758772e+01
2.429141408264454682e+01
2.411535067537756305e+01
2.416926441234994272e+01
2.408153024997053748e+01
2.423093695279805004e+01
2.427878115903662604e+01
2.417180094425546955e+01
2.432553467209829634e+01
2.439297657923349050e+01
2.423765130195974393e+01
2.381305400681396733e+01
2.465921295747440212e+01
2.453039692540939853e+01
2.432822041176297390e+01
2.457272219308789829e+01
2.477649025616523915e+01
2.470054350675857791e+01
2.485039783286354265e+01
2.467438241298784618e+01
2.489167864622800153e+01
2.505033623012273480e+01
2.520591018699506236e+01
2.473461261176418802e+01
2.489864167498826930e+01
2.485054704062268627e+01
2.490739519685832448e+01
2.482921033106443076e+01
2.482244624598302352e+01
2.475152282446770258e+01
2.497210162840912417e+01
2.506540621379674505e+01
2.521108272264554628e+01
2.514309372039348034e+01
2.531662234428335978e+01
2.535263115015790447e+01
2.520397048612612778e+01
2.528046433064967147e+01
2.535581424901974046e+01
2.565353346444101490e+01
2.561797228184392239e+01
2.555351452989170369e+01
2.549268750007876960e+01
2.576941815737980335e+01
2.563901057588387999e+01
2.581179316097801646e+01
2.591280681392165519e+01
2.566353038430397504e+01
2.533701407136701178e+01
2.511215797832999286e+01
2.478594008091132395e+01
2.453044666132911544e+01
2.445818036998145217e+01
2.428519884120844807e+01
2.420527146969605781e+01
2.404845411483082529e+01
2.424277410169051095e+01
2.414001969155680882e+01
2.388949811541779411e+01
2.419169531214195956e+01
2.400737224514523049e+01
2.394425736302535057e+01
2.397370102749734855e+01
2.384205004800852379e+01
2.386463015555968425e+01
2.400543254427629591e+01
2.416498537472591934e+01
2.369806456043007614e+01
2.388303244585468832e+01
2.375919000576130813e+01
2.390486651461010581e+01
2.398787576461647575e+01
2.392421378737971338e+01
2.372044572430237253e+01
2.382011650741367248e+01
2.358347300140390956e+01
2.368334272819407360e+01
2.368209933020116864e+01
2.375356984683337203e+01
2.370348577567914106e+01
2.380693648868887635e+01
2.363912749556635973e+01
2.393202232677515795e+01
2.392893869975275223e+01
3.194985222091554533e+01
3.029513817195699588e+01
2.978753337533328249e+01
2.832649099774968349e+01
2.671619112509771554e+01
2.558972227944510891e+01
2.401219837788612921e+01
2.300081670192842509e+01
2.184619732571643880e+01
2.072768622721842746e+01
1.987197972850091077e+01
1.934413241255269611e+01
1.805796152869131532e+01
1.731644870164223349e+01
1.713481312283860802e+01
1.630551639749040049e+01
1.628412995201242808e+01
1.601575492922371780e+01
1.588146794598993239e+01
1.569928527206942803e+01
1.586535350800187594e+01
1.558842215849355206e+01
1.542484071854691408e+01
1.563979936356040490e+01
1.541379759584148523e+01
1.526364660274665397e+01
1.544264442927689096e+01
1.534606077024485415e+01
1.524589262793639222e+01
1.559354670675275045e+01
1.585436186974459360e+01
1.589947234892720118e+01
1.609015986511917973e+01
1.624220257169165649e+01
1.627975319107740049e+01
1.652306131032913683e+01
1.652345919768686500e+01
1.667639715081423191e+01
1.682306837805735711e+01
1.687912075957753189e+01
1.720847201993832343e+01
1.749002706145182984e+01
1.759780479947687226e+01
1.767598966527076598e+01
1.797853326490451664e+01
1.818279868717902303e+01
1.833126040753193209e+01
1.852503155074631280e+01
1.860137618751070576e+01
1.885786432548723823e+01
1.914951575870313860e+01
1.926405758180958472e+01
1.947583312796123778e+01
1.967781069792879833e+01
1.994882172446246571e+01
2.014592517429783669e+01
2.015338556225526645e+01
2.035004138881318880e+01
2.064169282202908917e+01
2.090897365458404167e+01
2.105484910711170343e+01
2.090718316147425782e+01
2.096855728640407079e+01
2.100730156786299929e+01
2.102535570671998855e+01
2.111895870762591088e+01
2.119172235817073613e+01
2.133933856788846839e+01
2.132605907732423844e+01
2.140215503449005041e+01
2.169500012977913528e+01
2.169679062288891913e+01
2.196869689597748376e+01
2.204424575802641684e+01
2.194397814387852108e+01
2.215137692909515010e+01
2.214501073137147102e+01
2.203026996458616082e+01
2.238613047015569535e+01
2.208577525098946026e+01
2.261068814767441282e+01
2.283096853609754362e+01
2.255717229805976487e+01
2.282972513810463511e+01
2.295530833538808579e+01
2.305368598458676388e+01
2.294212831666328967e+01
2.294814636294895038e+01
2.306154425990192536e+01
2.296873703371146291e+01
2.298375728146575980e+01
2.339885326741731220e+01
2.336602756040461060e+01
2.348136515822651305e+01
2.368582952417988352e+01
2.360789333798457434e+01
2.384921202044765920e+01
2.364822916887442261e+01
2.376809273539051048e+01
2.397210947806643233e+01
2.394067637680578287e+01
2.404452497717324277e+01
2.407018871174680896e+01
2.414916935225616257e+01
2.413584187430064532e+01
2.419174329953324687e+01
2.430071644815990695e+01
2.437228643663154415e+01
2.459878381501919620e+01
2.467139825780487072e+01
2.459768962478543841e+01
2.422253158236601323e+01
2.452870415561061535e+01
2.439108661428427283e+01
2.421313149353964889e+01
2.398175999501980726e+01
2.418194707187758041e+01
2.442032958654898422e+01
2.428330712773080435e+01
2.433165219022339443e+01
2.451358443601689174e+01
2.466930760064836647e+01
2.465543127904753717e+01
2.447474243124695192e+01
2.467940399235075688e+01
2.444062359032162490e+01
2.467134677335673132e+01
2.476266367048413386e+01
2.401418781467477714e+01
2.491574908284222190e+01
2.480996253013425346e+01
2.484945285038892848e+01
2.487979176141582371e+01
2.522102990658879307e+01
2.496409414533481197e+01
2.515105146754807208e+01
2.513951273417390908e+01
2.513812012842185695e+01
2.518914918205069498e+01
2.502860163320674403e+01
2.521595684277773586e+01
2.540037763308547270e+01
2.538490976205372718e+01
2.559942078378977470e+01
2.561956383127484216e+01
2.578001190827935574e+01
2.582134245756353153e+01
2.582263559147615695e+01
2.575962018119571084e+01
2.593812239705721367e+01
2.613199301211102821e+01
2.613119723739556832e+01
2.653535132100954641e+01
2.636470738046320861e+01
2.656340237972949581e+01
2.662542307161561794e+01
2.688917265387071964e+01
2.678552299718212382e+01
2.684485794940356840e+01
2.632979276482242170e+01
2.601282574847096996e+01
2.615412549638474360e+01
2.596229405403929391e+01
2.604838693106806602e+01
2.600586271971069863e+01
2.561732571488760968e+01
2.591390100415541298e+01
2.594508542581748145e+01
2.579368928620131385e+01
2.568382263954819322e+01
2.588953040349446866e+01
2.568998989359300467e+01
2.565736313025916360e+01
2.568844808008180181e+01
2.563920951956274763e+01
2.568685653065088559e+01
2.579493268419422236e+01
2.574569412367516463e+01
2.577309861543880132e+01
2.577837062292872261e+01
2.580587458653178956e+01
2.590723639091343955e+01
2.583233409582081919e+01
2.579169984941266591e+01
2.558554446218894540e+01
2.576509113236449267e+01
2.578712414479877779e+01
2.572565054802953100e+01
2.577508805222745281e+01
2.575206032139884371e+01
2.580388514974314162e+01
2.595831518046199449e+01
2.567109024410084217e+01
2.580368620606427754e+01
2.630104540322644979e+01
2.582900178919983247e+01
2.631934822168201649e+01
2.577847009476815288e+01
2.588266684657362759e+01
2.597204229430367306e+01
2.611816642642991937e+01
2.606365585842094390e+01
2.610518535138398377e+01
2.590703744723457547e+01
2.614935084809198429e+01
2.625016555735675894e+01
2.625195605046654279e+01
2.629691732189000675e+01
2.605758807621556628e+01
2.590609246475996841e+01
2.585083585795524996e+01
2.591549255358633275e+01
2.589261403051687438e+01
2.580552643509377475e+01
2.563950793508104198e+01
2.558609155730582785e+01
2.558206294780881151e+01
2.607280726764872725e+01
2.562080722926774712e+01
2.567909772717515438e+01
2.553282438728975734e+01
2.573858188715574613e+01
2.567715802630621980e+01
2.576175882574350595e+01
2.542867737140399598e+01
2.556719190781366180e+01
2.548522711212133629e+01
2.550885167398654119e+01
2.541475131388345687e+01
2.548796258770572720e+01
2.549840713084613597e+01
2.557823328199066637e+01
2.555356426581142060e+01
2.546070730370124124e+01
2.559370115302240833e+01
2.538704840660152584e+01
2.515557743624224685e+01
2.520327418325010171e+01
2.518825393549580482e+01
2.529041151459291470e+01
2.545623107092678339e+01
2.555157482902276911e+01
2.568546217637040030e+01
2.539649823134760354e+01
2.536735298239390346e+01
2.522550613936325092e+01
2.532756249809250093e+01
2.525614346590844050e+01
2.510723412227808637e+01
2.533721301504587586e+01
2.539271830144917175e+01
2.542126671936627957e+01
2.534800396109586629e+01
2.530816723793160250e+01
2.519625967004168743e+01
2.496916720914586563e+01
2.519084020332104856e+01
2.505535780948564550e+01
2.508828298833777737e+01
2.494121562226535360e+01
2.471068963438068877e+01
2.488725040084482742e+01
2.470989211113679573e+01
2.452661699551096675e+01
2.474714606353267143e+01
2.456879130690188973e+01
2.444947483550268430e+01
2.464816983476897505e+01
2.455461656978276963e+01
2.458774069231376913e+01
2.460803294755798731e+01
2.459629527050495668e+01
2.440003733130476604e+01
2.470198409990192090e+01
2.410659540497908537e+01
2.424351839195782787e+01
2.446568874533017279e+01
2.448220107067595563e+01
2.455014033700831177e+01
2.459564870354864397e+01
2.473669977186384017e+01
2.460848057083543239e+01
2.468780936278280080e+01
2.446678468409235307e+01
2.455735379389558659e+01
2.427987709779881342e+01
2.424202631436634547e+01
2.468378075328578092e+01
2.464160644189486149e+01
2.454556463239441655e+01
2.459714078114013347e+01
2.467114782967786724e+01
2.482249423337431438e+01
2.492723808029667154e+01
2.503815092979225909e+01
2.517009857627095570e+01
2.497926185231983354e+01
2.527504136687217340e+01
2.515125041122693972e+01
2.489396475000651776e+01
2.527887103269032565e+01
2.543484287692038492e+01
2.563602467217247849e+01
2.530468397502303901e+01
2.550367913833605726e+01
2.572072669197762451e+01
2.559748108292084012e+01
2.542131645528599648e+01
2.511971783812685644e+01
2.524480367621314159e+01
2.533616856073183499e+01
2.533009902999802776e+01
2.538257042529863483e+01
2.540798548027362358e+01
2.512672885427841862e+01
2.540082350783448817e+01
2.553307131835991228e+01
2.536556074075569001e+01
2.543091373926280241e+01
2.520700262870038699e+01
2.519327551485871552e+01
2.547696920092001704e+01
2.553441418819225106e+01
2.555764261122814673e+01
2.559588953348992035e+01
2.543086575187151155e+01
2.559330151713625057e+01
2.569540936031364353e+01
2.544299956775384075e+01
2.566208629410377995e+01
2.543026717230648970e+01
2.562558187756050287e+01
2.566094411647873130e+01
2.581084642997498690e+01
2.573455152913030730e+01
2.578672625744104607e+01
2.588763869001682494e+01
2.581318576673007570e+01
2.566691242684467866e+01
2.568620821516614328e+01
2.557539658603840849e+01
2.557236269493572323e+01
2.596895691875283774e+01
2.570928568191446928e+01
2.582522011077297108e+01
2.581373286184695104e+01
2.575330371939174867e+01
2.580090099456016972e+01
2.605897893343919236e+01
2.605708896848997469e+01
2.636982843166554957e+01
2.609110833757587145e+01
2.644219419485264666e+01
2.634346839421595732e+01
2.629169330179137276e+01
2.595881079113073042e+01
2.586953481524012233e+01
2.569943796981065631e+01
2.560757572609480448e+01
2.566487150560788777e+01
2.552690406431510084e+01
2.544747580052829861e+01
2.545264833617878608e+01
2.536799780082178657e+01
2.537053433272730985e+01
2.549780855128111412e+01
2.537371743158915294e+01
2.546707175289649072e+01
2.541251144896779834e+01
2.541624164294651678e+01
2.515473017707864400e+01
2.547224428854697464e+01
2.533472447053163634e+01
2.525201363604356786e+01
2.525763379497149685e+01
2.532462807882924594e+01
2.535312676082663685e+01
2.513588201203462802e+01
2.548084860265788265e+01
2.567830020393126844e+01
2.520098458241472628e+01
2.527792605021571504e+01
2.512702726979671297e+01
2.512583360772352492e+01
2.511170860652411818e+01
2.522555412675454178e+01
2.512702726979671297e+01
2.499040269833626482e+01
2.468611834151244722e+01
2.479150875539110999e+01
2.476693921105129803e+01
2.485830409556999143e+01
2.485830409556999143e+01
3.162945517463210265e+01
3.029847222710640864e+01
2.909396772341905901e+01
2.789135143615250101e+01
2.638196574460473443e+01
2.464220327293145729e+01
2.353433391272428565e+01
2.228556444048950169e+01
2.095831168694252966e+01
1.999229091829444016e+01
1.923610599492907269e+01
1.817777535928768273e+01
1.734773259514373578e+01
1.634634783904898825e+01
1.596646313572809284e+01
1.591583022092855515e+01
1.583903796088671534e+01
1.540548820019202125e+01
1.488684066942475326e+01
1.480328743279648940e+01
1.456594587538227437e+01
1.463622136997473433e+01
1.483680808271866702e+01
1.450641061951540678e+01
1.460349513480146300e+01
1.454699513000384137e+01
1.450143702754378694e+01
1.484506560535811381e+01
1.502063029346137668e+01
1.498815273788668634e+01
1.526379231344894549e+01
1.533242788265732592e+01
1.574936234910994948e+01
1.571066955209915861e+01
1.598108374759623374e+01
1.585127474566533223e+01
1.609065197873106001e+01
1.640806661835995683e+01
1.645451996737490319e+01
1.639573560732718960e+01
1.669305518686230982e+01
1.684286327410440975e+01
1.671161018197331316e+01
1.694517006096067036e+01
1.729441394067952231e+01
1.755294299989284568e+01
1.787274496366812571e+01
1.815196241695496582e+01
1.831877669168316203e+01
1.864295541639346609e+01
1.873138588164889740e+01
1.884448536308357802e+01
1.907287270642044774e+01
1.910977675884987903e+01
1.945434721064383510e+01
1.985412453332278915e+01
2.006137411078026744e+01
2.026807659312086329e+01
2.049338030943532729e+01
2.052923990755072126e+01
2.052744941444093740e+01
2.057395249937560067e+01
2.055684334299321847e+01
2.074653614079087660e+01
2.087390983118410404e+01
2.085814354463406772e+01
2.095970429269458180e+01
2.112651856742277801e+01
2.115088916808372232e+01
2.109737331846907082e+01
2.149769773626490377e+01
2.133769728253783171e+01
2.143249394551694564e+01
2.151600055472047046e+01
2.139971797442395740e+01
2.168281482944866667e+01
2.159239492740458388e+01
2.183361413802823847e+01
2.157861807764319195e+01
2.179601378272277401e+01
2.215475897163585017e+01
2.197720173824895440e+01
2.194661414762348173e+01
2.231167579834051651e+01
2.199406221503275560e+01
2.202017357288376687e+01
2.224045396130689412e+01
2.219783027811009646e+01
2.224294075729270403e+01
2.222294691756678731e+01
2.236250590829049045e+01
2.217186812801823237e+01
2.203638748271125181e+01
2.236240643645106019e+01
2.240622378172104590e+01
2.255672467478231624e+01
2.235161374187264016e+01
2.220310228560001775e+01
2.232963046535807194e+01
2.211387604562912301e+01
2.231605255927554410e+01
2.239916128112134075e+01
2.215978229952718692e+01
2.247669957995892531e+01
2.245078716578677813e+01
2.245894385662023396e+01
2.267927398096308167e+01
2.271836641386002498e+01
2.293635894997620639e+01
2.267206227260422580e+01
2.282654203924279912e+01
2.248789016189507350e+01
2.249032722196117007e+01
2.261342362325881084e+01
2.254274888134206378e+01
2.232396057051042249e+01
2.243541876659446643e+01
2.250330829700710211e+01
2.259188797002168414e+01
2.256622423544811795e+01
2.252912123933981903e+01
2.263993286846755026e+01
2.261048920399554873e+01
2.269459264423567291e+01
2.270369431754373934e+01
2.265112345040370201e+01
2.281405832339402906e+01
2.266345795849332134e+01
2.262376869455978223e+01
2.275949801946533668e+01
2.291915032175439748e+01
2.258920223035701014e+01
2.278371941236713738e+01
2.277193199939439339e+01
2.263490954057621352e+01
2.245128452498394012e+01
2.256149932307507555e+01
2.249405741593988850e+01
2.265052661936710621e+01
2.256333955210457631e+01
2.242651603696526408e+01
2.238687650895143477e+01
2.254468858221099836e+01
2.239010934373299122e+01
2.245367184913031977e+01
2.231510757680093704e+01
2.256348875986372704e+01
2.261168286606874034e+01
2.254240072990404897e+01
2.276417319591866217e+01
2.256169826675394319e+01
2.272468287566398359e+01
2.292198526917821866e+01
2.287806845206880269e+01
2.263078145923976692e+01
2.311839241613756357e+01
2.284792848472077509e+01
2.300126432520587016e+01
2.282763622947655691e+01
2.257691745818710416e+01
2.254951296642346747e+01
2.239030828741185886e+01
2.253364720803399379e+01
2.220315202151973111e+01
2.220643459222100446e+01
2.235002219244172039e+01
2.224557676103766468e+01
2.216455694781994623e+01
2.214998432334309797e+01
2.205991257273702644e+01
2.191403712020935757e+01
2.173638041498303153e+01
2.161442793983886546e+01
2.182978447221008622e+01
2.178457452118804838e+01
2.224398521160674491e+01
2.214794515063472602e+01
2.224070264090547511e+01
2.215640025698648685e+01
2.218932543583862227e+01
2.244815116204181749e+01
2.273338666161432187e+01
2.261630830660234537e+01
2.254110759599142355e+01
2.237319913102947666e+01
2.271130391326032338e+01
2.265032767568824212e+01
2.219121540078783639e+01
2.250559614931404795e+01
2.260551561202392890e+01
2.322542411536685947e+01
2.304866265669542358e+01
2.329714331159764740e+01
2.322129603403041642e+01
2.298788536280220640e+01
2.323830571857336125e+01
2.337463187451551150e+01
2.328858873340645985e+01
2.327496109140421154e+01
2.365285460940803119e+01
2.375098357900812829e+01
2.351916445721084159e+01
2.360451129544386717e+01
2.383140656118925094e+01
2.376476042876952377e+01
2.385508085897416919e+01
2.361222036299988147e+01
2.373009449272731786e+01
2.380265919959327547e+01
2.381484449992375119e+01
2.369816578079793601e+01
2.384274635088454986e+01
2.368110461180684467e+01
2.376794352763135976e+01
2.355218910790240727e+01
2.383827011811008845e+01
2.369841271186808740e+01
2.389551616170345838e+01
2.378107381043644253e+01
2.359003814280645273e+01
2.364992019014477620e+01
2.390889512410712214e+01
2.397534231284798523e+01
2.345261779663054469e+01
2.370980223748309967e+01
2.374272741633523864e+01
2.362281411389943386e+01
2.370288894464254525e+01
2.390954169106342775e+01
2.351026172758163568e+01
2.398712972582072922e+01
2.402274064433754219e+01
2.391938940316724427e+01
2.390352364477777058e+01
2.383364642610490947e+01
2.395375692369114873e+01
2.404104346279310889e+01
2.396962268208062241e+01
2.393048051326395509e+01
2.363042370961602145e+01
2.365210857061229177e+01
2.370159581072992694e+01
2.390556281748613543e+01
2.399598271953021467e+01
2.395569662456007620e+01
2.383787223075236028e+01
2.371129431507458918e+01
2.387393077254661833e+01
2.378460506073629332e+01
2.386025339462466022e+01
2.379375646996407667e+01
2.381011958755071234e+01
2.370462970183261575e+01
2.379843164641740216e+01
2.410192022852575988e+01
2.405442242519677265e+01
2.393878641185656875e+01
2.377739335237744100e+01
2.354587264609845221e+01
2.349857378644832906e+01
2.344605265522800153e+01
2.360998224661265255e+01
2.370264026504396426e+01
2.364857732031243742e+01
2.379564643491329079e+01
2.355686428435573276e+01
2.379997345992860147e+01
2.370343603975942770e+01
2.388323138953355240e+01
2.356143998896962444e+01
2.365459536659810169e+01
2.376694880923703224e+01
2.391973755460525197e+01
2.382389643731210427e+01
2.392197567099248445e+01
2.402284011617697246e+01
2.430459410136934295e+01
2.429270721655716869e+01
2.443694138373419733e+01
2.473287010604568792e+01
2.424187710660719475e+01
2.440431462040035981e+01
2.429156329040369755e+01
2.441993169919125251e+01
2.423939031062138483e+01
2.419542375759224839e+01
2.426669533054558414e+01
2.424978511784206958e+01
2.426346249576403480e+01
2.451622043976184528e+01
2.453362801166252538e+01
2.435999991593320857e+01
2.445728337489812887e+01
2.426037886874162552e+01
2.418657076388275939e+01
2.438098847405345282e+01
2.455421868242503791e+01
2.458306551586044364e+01
2.465985777590228167e+01
2.462708180480929343e+01
2.464677722901691936e+01
2.462917246196580479e+01
2.469328206248001223e+01
2.482289212073204610e+01
2.495265313527165318e+01
2.480866764769320554e+01
2.470511746284403998e+01
2.454491806543810384e+01
2.445713416713898525e+01
2.441664912848997915e+01
2.442510423484173643e+01
2.420507252601719372e+01
2.449274508565579112e+01
2.424913855088576042e+01
2.436368037399221009e+01
2.441013372300715645e+01
2.441754612357330245e+01
2.449776841354713142e+01
2.453576840473875009e+01
2.467517643917488002e+01
2.473814386206403881e+01
2.467676798860579623e+01
2.456570767987948400e+01
2.446757871027938691e+01
2.469979571943440533e+01
2.472222836775484822e+01
2.483905804316824373e+01
2.497051007897820440e+01
2.498931025663093308e+01
2.513115535113315957e+01
2.477693613091425817e+01
2.470854924130445696e+01
2.481563067645347331e+01
2.504735032641133330e+01
2.489461131696282692e+01
2.496240137553603233e+01
2.501263465444941048e+01
2.505023500975487494e+01
2.538923503854060826e+01
2.533432658317390462e+01
2.541838028749431544e+01
2.543996567665115549e+01
2.509848060040803475e+01
2.540669234636100171e+01
2.535163468323515090e+01
2.529453784740093525e+01
2.550377686164706148e+01
2.553879094912727510e+01
2.556992563486962666e+01
2.577762283560455359e+01
2.586331782527559398e+01
2.611756784686489397e+01
2.596164748708298120e+01
2.569864394362362248e+01
2.553938778016387090e+01
2.514921123851857487e+01
2.500845858572167657e+01
2.438332606228011556e+01
2.450567642478200980e+01
2.414897040857730204e+01
2.446971735482718557e+01
2.434811303112103431e+01
2.437815352662963164e+01
2.422486742206424992e+01
2.398414557063775732e+01
2.402846027510490501e+01
2.405223404472925708e+01
2.395823315646560658e+01
2.392202540691219781e+01
2.391103376865491725e+01
2.367205267441849159e+01
2.359033655832474707e+01
2.356288233064139703e+01
2.359272388247112673e+01
2.354119746964512672e+01
2.340964596199572867e+01
2.347569526337886714e+01
2.373715699332701945e+01
2.345062835984189320e+01
2.348991973641770414e+01
2.335717456669512160e+01
2.347156718204242054e+01
2.353622387767349977e+01
2.365370012004320799e+01
2.356337968983855546e+01
2.359625513277097397e+01
2.359317150574857180e+01
2.354821023432511140e+01
2.358586032555028922e+01
2.334827183706591924e+01
2.351558347099127388e+01
2.357626129304505724e+01
3.281610448314133066e+01
3.122569897837584918e+01
2.978325783476611477e+01
2.873104471724981934e+01
2.694816120318257902e+01
2.597224298651096319e+01
2.453760688523982125e+01
2.317255483270852068e+01
2.210890245365749607e+01
2.122370255454826449e+01
1.972406510326488061e+01
1.910092376514039358e+01
1.845271377495050658e+01
1.781828238305043755e+01
1.728133164526572685e+01
1.671419120421327520e+01
1.618460313107499360e+01
1.580780380330492996e+01
1.551500844393556022e+01
1.519783976397213365e+01
1.522484636837803862e+01
1.519953039668061123e+01
1.501859112075301184e+01
1.474882660070723261e+01
1.479358445999029037e+01
1.476259898200708598e+01
1.492225128429614500e+01
1.469177639229774890e+01
1.508409332701926964e+01
1.493175220492849853e+01
1.494155018111259281e+01
1.492896874195281676e+01
1.511358847593941590e+01
1.508568973347360043e+01
1.546129539917047246e+01
1.559364093300690080e+01
1.580576463059656511e+01
1.563114356500135571e+01
1.592398866029044235e+01
1.626746492185063886e+01
1.628223649000635476e+01
1.631635533093168178e+01
1.645730692740744061e+01
1.656906353900977891e+01
1.662382278661733537e+01
1.722005699217534769e+01
1.738493156603460932e+01
1.746525507637629815e+01
1.755284003099655976e+01
1.768026345730950766e+01
1.797171594684654039e+01
1.788532640282789643e+01
1.798549629366478797e+01
1.843525646713011312e+01
1.862430269797145499e+01
1.849150954085758158e+01
1.865479256528592344e+01
1.891700033402982228e+01
1.929514253163221937e+01
1.912235994653808291e+01
1.891212621389763271e+01
1.914265220178230109e+01
1.916254656966878755e+01
1.944638946348923980e+01
1.932687404841117029e+01
1.925769138408590919e+01
1.928171383330884225e+01
1.948403955471441407e+01
1.960236130771929552e+01
1.971197927477383871e+01
1.984472444449642481e+01
1.996846741275037118e+01
1.999318616484933031e+01
1.992330719764804670e+01
1.985636264971001808e+01
2.003844585179108861e+01
2.020242517909545654e+01
2.025723416262272991e+01
2.022813864958873964e+01
2.043479139600962569e+01
2.036292299201969058e+01
2.065208762924977748e+01
2.059270294110861244e+01
2.085132972363294357e+01
2.086296792884653684e+01
2.084874345580770338e+01
2.090385085485327110e+01
2.078070471763591698e+01
2.097343140653625682e+01
2.100620737762924506e+01
2.103714311969273254e+01
2.109712463887048983e+01
2.129482491974245306e+01
2.126060660697769933e+01
2.110254585411955830e+01
2.140727783422082098e+01
2.146278312062412041e+01
2.131292879451915567e+01
2.134346664922491499e+01
2.150744597652928292e+01
2.149481305292136213e+01
2.163188524765926246e+01
2.157722547189113982e+01
2.161159299241504428e+01
2.167018190584074588e+01
2.199510666934679293e+01
2.199515640526651339e+01
2.168957891453007036e+01
2.186380384129597942e+01
2.170484784188295180e+01
2.161592001743035496e+01
2.170987116977428855e+01
2.161383110880227321e+01
2.163268102237471879e+01
2.177064846366750217e+01
2.166232363052558441e+01
2.189588350951294160e+01
2.185171801280494108e+01
2.207911063774748683e+01
2.217903010045736778e+01
2.205250192069931003e+01
2.200147286707046845e+01
2.214958643598536625e+01
2.224880959581921758e+01
2.231948433773596108e+01
2.250514852603659932e+01
2.265440602110496826e+01
2.268275549534321200e+01
2.271866482937832288e+01
2.293700551693251910e+01
2.294605745432086508e+01
2.315644039472046600e+01
2.318966398909089932e+01
2.306527445388064379e+01
2.307452533494785740e+01
2.307278457775778691e+01
2.319911381383698412e+01
2.331987262690795859e+01
2.342158258272762339e+01
2.330758785473805261e+01
2.344883786673210935e+01
2.393709539058621516e+01
2.355099544582922277e+01
2.386477936331883498e+01
2.404059583951566381e+01
2.388009802659142977e+01
2.396778245305112165e+01
2.409749373167101538e+01
2.408023536752948957e+01
2.391924019540809354e+01
2.407317286692978442e+01
2.393615040811160810e+01
2.412047172657990757e+01
2.399324724394582375e+01
2.419805976133720904e+01
2.424083265229315032e+01
2.433552984343283399e+01
2.411733836363778494e+01
2.395803421278674250e+01
2.388596686511794331e+01
2.369692063427660145e+01
2.388338059729269958e+01
2.376610329860186255e+01
2.370831015989161727e+01
2.359516094253722329e+01
2.334051303359018803e+01
2.342113495945017831e+01
2.372248489701073737e+01
2.349016841601628514e+01
2.322865695014841592e+01
2.340497078554240318e+01
2.315365518321636173e+01
2.293446898502698872e+01
2.302041265429661365e+01
2.316947120568611851e+01
2.316564153986796626e+01
2.330092324149607919e+01
2.313440738228618443e+01
2.322761249583437504e+01
2.313356187165100764e+01
2.313764021706773732e+01
2.314231539352106282e+01
2.333882201231983800e+01
2.323174057717082164e+01
2.310421767901843992e+01
2.301016705483507252e+01
2.326302447067232038e+01
2.305448175930222021e+01
2.350021507179896219e+01
2.346087395930343433e+01
2.340039508092851506e+01
2.333161030396098212e+01
2.347489948866341081e+01
2.332822826142028205e+01
2.350886912182958355e+01
2.369990478945957335e+01
2.351831894657566480e+01
2.369622433140057183e+01
2.349663408557939448e+01
2.353791489894385336e+01
2.374133481058318296e+01
2.374919308589834444e+01
2.383986166754100822e+01
2.340129032748340876e+01
2.358088673357866938e+01
2.354562396649986411e+01
2.373551570797638632e+01
2.357730574735909457e+01
2.346858302685944508e+01
2.329510413888928255e+01
2.331330748550541543e+01
2.347997255247446091e+01
2.345530353629521869e+01
2.363116974841176088e+01
2.351120671005624274e+01
2.359511120661750283e+01
2.361251877851817937e+01
2.376063234743307362e+01
2.386816140585953860e+01
2.383588279396370879e+01
2.387671598405072615e+01
2.403020103229497195e+01
2.402318826761498727e+01
2.403427937771170519e+01
2.438556417866734449e+01
2.401095323136479820e+01
2.423222833818224942e+01
2.398379741919974251e+01
2.418915703170800668e+01
2.399672875832595764e+01
2.438178424876891270e+01
2.433135202617667048e+01
2.400030974454552535e+01
2.411679126852090604e+01
2.413688458008625659e+01
2.428887755073901999e+01
2.438984146776293827e+01
2.401866229892081250e+01
2.414543915827745124e+01
2.413932164015235315e+01
2.401244530895628415e+01
2.410729170785511144e+01
2.397186079846785134e+01
2.426560114031182991e+01
2.418940571130658412e+01
2.407924064913516204e+01
2.396594222402161733e+01
2.415837049740366638e+01
2.413086653380059587e+01
2.446250564646833325e+01
2.435756285586711201e+01
2.462718127664873080e+01
2.455680495025028165e+01
2.456232563733878038e+01
2.452691366250083149e+01
2.460291014782721675e+01
2.447817246117894285e+01
2.417717067505639505e+01
2.405710816486144665e+01
2.412539558263181405e+01
2.403174284580617481e+01
2.379907821337370777e+01
2.409381327361201386e+01
2.402507823256420139e+01
2.426928159837083143e+01
2.428927543809674816e+01
2.425018300519980130e+01
2.420288414554967815e+01
2.421685993898993772e+01
2.424212578620577574e+01
2.432732341667965414e+01
2.431324815139996787e+01
2.411659232484204196e+01
2.427251443315238078e+01
2.419721425070203225e+01
2.428479920532228675e+01
2.435338503861095560e+01
2.437964560422111404e+01
2.449234719829806295e+01
2.460574509525104148e+01
2.430260466458069502e+01
2.413991847118894896e+01
2.439566057036973845e+01
2.410699329233680999e+01
2.432070853935739763e+01
2.444410335617333274e+01
2.432886523019085701e+01
2.433478380463708746e+01
2.435960202857548040e+01
2.433657429774687131e+01
2.426873450325394899e+01
2.443012756273307673e+01
2.475181949145756732e+01
2.445887492432904864e+01
2.436850475820467921e+01
2.437059366683276451e+01
2.447712800686490198e+01
2.447205494305384832e+01
2.449567950491904966e+01
2.459027722421929241e+01
2.458898409030667764e+01
2.483507742106251825e+01
2.505252286206182077e+01
2.529244893877284994e+01
2.481722222588439664e+01
2.489222399281645437e+01
2.478151183552814985e+01
2.502387497230527913e+01
2.484154309062562760e+01
2.501034680214246819e+01
2.505142867182806299e+01
2.492843174236985604e+01
2.510136353522314323e+01
2.481309414454795004e+01
2.481279572902965214e+01
2.487531378011293626e+01
2.504486353042552338e+01
2.531657085983521327e+01
2.512354575541657553e+01
2.511653299073659085e+01
2.523933097651593016e+01
2.527046566225828528e+01
2.541609243518736960e+01
2.543618574675272015e+01
2.534193617889048866e+01
2.561966155458584637e+01
2.563995380983006100e+01
2.567929492232558886e+01
2.581671526850149689e+01
2.565586930413925160e+01
2.570262106867249585e+01
2.550919807689612639e+01
2.570122846292044017e+01
2.563343840434723830e+01
2.557912678001712692e+01
2.544424296574674926e+01
2.563691991872737219e+01
2.525111838948867415e+01
2.547547712332853109e+01
2.561961181866612947e+01
2.565313382855486068e+01
2.552536399933232758e+01
2.556555062246302867e+01
2.552173327719303941e+01
2.550004841619676910e+01
2.571893619886784066e+01
2.559330326566467662e+01
2.572709288970130359e+01
2.599994239673604213e+01
2.584715365136782239e+01
2.591394899154670384e+01
2.608449520878204098e+01
2.592215716682830617e+01
2.566104358831816512e+01
2.583412284040217344e+01
2.560270160596261491e+01
2.549741066392338240e+01
2.542111576307870635e+01
2.555734244718142634e+01
2.539589965178258524e+01
2.555032968250143810e+01
2.541121831505518003e+01
2.525211310788300167e+01
2.511399645883106757e+01
2.521859109799426690e+01
2.506207215864733229e+01
2.530135166840205230e+01
2.531756557822954079e+01
2.528812191375753926e+01
2.521078255859882233e+01
2.507903210727056376e+01
2.494927109273094956e+01
2.481334282414653103e+01
2.471262758672119020e+01
2.499040269833626482e+01
2.507291458914546567e+01
2.489863992645983970e+01
2.527305193008352546e+01
2.513941151380605277e+01
2.478404836743368023e+01
2.485606597918276250e+01
2.477365356021298837e+01
2.474983005466891939e+01
2.454074024818194033e+01
2.457853954716626887e+01
2.488048631576342373e+01
2.486879837463011356e+01
2.468288550673089077e+01
2.502203474327577482e+01
2.523654576501182589e+01
2.504292382955658880e+01
2.518765535593078297e+01
2.518765535593078297e+01
3.218719377832976392e+01
3.062767427970805301e+01
2.915812705985298336e+01
2.794446939840942079e+01
2.660557843964884839e+01
2.510514346512157857e+01
2.412171512457281253e+01
2.305418334378392586e+01
2.166928665928585218e+01
2.043971525206153217e+01
1.925341409499031542e+01
1.825496375815882644e+01
1.780077533931033074e+01
1.725855259403569875e+01
1.689488354907071965e+01
1.652141477939321845e+01
1.635211234871265873e+01
1.602877913463753146e+01
1.555877469331927543e+01
1.568167040240962251e+01
1.564700446636741837e+01
1.543691994148611712e+01
1.519699561330351045e+01
1.521882968205893150e+01
1.509782218938937426e+01
1.508429227069813550e+01
1.543528040466390827e+01
1.555648548104577422e+01
1.576249302047690293e+01
1.570509776912438760e+01
1.591184998738470391e+01
1.606563345114724584e+01
1.625746450493082307e+01
1.635738260767415042e+01
1.597058946853611161e+01
1.662183160130025783e+01
1.644561723774570083e+01
1.679933909876744025e+01
1.691353277043587511e+01
1.725651167279890785e+01
1.719981447285084997e+01
1.727407020098716117e+01
1.748808386352604316e+01
1.772781099655821180e+01
1.787781453042232371e+01
1.812365918157958333e+01
1.824451746648999162e+01
1.830131588680591292e+01
1.872879611676680156e+01
1.863444707706513626e+01
1.857222744150015004e+01
1.878952367474030183e+01
1.888576267939118125e+01
1.892769180824038244e+01
1.890053774460375280e+01
1.908530668634950089e+01
1.925639825017328732e+01
1.946648277505459035e+01
1.936328074164343960e+01
1.949174862227042837e+01
1.963389388081937881e+01
1.953636174225587752e+01
1.968233666662297310e+01
1.945305407673121323e+01
1.948960997772263326e+01
1.944395240342314324e+01
1.968154089190751321e+01
1.979817162364204108e+01
1.996080808111407379e+01
2.003372093941804977e+01
2.006425879412380553e+01
2.009121566260999714e+01
2.020356910524893124e+01
2.025106690857791847e+01
1.993027022640831447e+01
2.011668045350469924e+01
2.055182001510188528e+01
2.052182925551300130e+01
2.065442521747644022e+01
2.073937416835173764e+01
2.077205066760529562e+01
2.114228485397281432e+01
2.105121838497242237e+01
2.101709954404709535e+01
2.094995605243020265e+01
2.110219770268154704e+01
2.090579055572220213e+01
2.110015852997317864e+01
2.106897410831111372e+01
2.128234120389368300e+01
2.144278928089820013e+01
2.147486894911516231e+01
2.155633638561032583e+01
2.149247546469470294e+01
2.175164934233590941e+01
2.182938658485235806e+01
2.182650190150881997e+01
2.189454063968060282e+01
2.208547683547115881e+01
2.197138263564215777e+01
2.203091653154246998e+01
2.199242092968211537e+01
2.210805694302232638e+01
2.229367139540324416e+01
2.208040377166010870e+01
2.202509742893567335e+01
2.222021144198239284e+01
2.196019205370600957e+01
2.184510313548268101e+01
2.166988349032244798e+01
2.196994029397038872e+01
2.197128316380272750e+01
2.194949883096702337e+01
2.197088527644499578e+01
2.199356485583559007e+01
2.204160975428145619e+01
2.200644645904209185e+01
2.206607982678183433e+01
2.231973301733454207e+01
2.228496760945290589e+01
2.242402924097945416e+01
2.256383691130173830e+01
2.237533777557727888e+01
2.241627043750372295e+01
2.241353496191933203e+01
2.279943596299746034e+01
2.256905918287194268e+01
2.298738800360504797e+01
2.308432331113195346e+01
2.321244304032092742e+01
2.353378681760740676e+01
2.324263274358867548e+01
2.324566663469136074e+01
2.317215694535079251e+01
2.341402272293075981e+01
2.338920449899236331e+01
2.349772827581315227e+01
2.347067193548753039e+01
2.353806410670300409e+01
2.371253771306749414e+01
2.383344573389761578e+01
2.395858130790361784e+01
2.410967903200148754e+01
2.455839649968120142e+01
2.456456375372600931e+01
2.438382342147727755e+01
2.450766586157065774e+01
2.456486216924430721e+01
2.438531549906876705e+01
2.407938985689431277e+01
2.463807344306658109e+01
2.465155187730967512e+01
2.471143392464799859e+01
2.488560911549419430e+01
2.485129133089000320e+01
2.504128254420595567e+01
2.505709856667571245e+01
2.472928911982612021e+01
2.467910557683246253e+01
2.447145811201725252e+01
2.435343477453066896e+01
2.421596469243504401e+01
2.428972306137419324e+01
2.420079523692159995e+01
2.400578069571431072e+01
2.434144841787906088e+01
2.428037270846754225e+01
2.418925650354743695e+01
2.404472392085210686e+01
2.393804037306082222e+01
2.381335242233226523e+01
2.385239511930949519e+01
2.401945807363626884e+01
2.392784450951900155e+01
2.366747696980460347e+01
2.385164908051375221e+01
2.374068824362687380e+01
2.381723182407013084e+01
2.376908745378483090e+01
2.381544133096034699e+01
2.358406983244050537e+01
2.371666579440393718e+01
2.379743692802307464e+01
2.394878333171952534e+01
2.395251352569824022e+01
2.381350163009141241e+01
2.397648623900145992e+01
2.379301043116833014e+01
2.387010110672846963e+01
2.376888851010596682e+01
2.372661297834718397e+01
2.369900954290468320e+01
2.394351132422960760e+01
2.365469483843753196e+01
2.345217017335309606e+01
2.370129739521162548e+01
2.360028374226799031e+01
2.369612485956114156e+01
2.359262441063169291e+01
2.368105487588712421e+01
2.353373708168768985e+01
2.370577362798608689e+01
2.359774721036246348e+01
2.392719794256268884e+01
2.415946468763742416e+01
2.414454391172255754e+01
2.363509888606933984e+01
2.347455133722539244e+01
2.365190962693342414e+01
2.347932598551814820e+01
2.351901524945169086e+01
2.346987616077207051e+01
2.338428064294045683e+01
2.351434007299836537e+01
2.363992327028181606e+01
2.366006631776688351e+01
2.380773226340433268e+01
2.360550601383819469e+01
2.362226701878255852e+01
2.369025602103462802e+01
2.357447079993527339e+01
2.382150911316572461e+01
2.373377495078631938e+01
2.408242374799699803e+01
2.411072348631552842e+01
2.403413016995255447e+01
2.434353732650714264e+01
2.418438238341524382e+01
2.417304259371994846e+01
2.393838852449883703e+01
2.384100559369447936e+01
2.405054302345890349e+01
2.394361079606903786e+01
2.374625866663508944e+01
2.382528904306415996e+01
2.383697698419746658e+01
2.383672830459888559e+01
2.390133526431025501e+01
2.398901969076994689e+01
2.398454345799548548e+01
2.399931502615120138e+01
2.385199723195176702e+01
2.380250999183413185e+01
2.368433744658839757e+01
2.377908437364779104e+01
2.374118560282403578e+01
2.383369441349620033e+01
2.393739380610450951e+01
2.392172699139390346e+01
2.392297038938680842e+01
2.401075428768593056e+01
2.408615394197571646e+01
2.413390042490328469e+01
2.432946206122744925e+01
2.403860640272701232e+01
2.378027803572097909e+01
2.408948624859670318e+01
2.384483525951262806e+01
2.385383746098126778e+01
2.387552232197753810e+01
2.382310066259664438e+01
2.363102054065261370e+01
2.363022476593715382e+01
2.347962440103644965e+01
2.366772564940318091e+01
2.358680530802489628e+01
2.360361604888897702e+01
2.356437440823288298e+01
2.367896596725904601e+01
2.362903110386396222e+01
2.352448620062047624e+01
2.373282996831171232e+01
2.394933042683640423e+01
2.382240435972061832e+01
2.384637707302383092e+01
2.410415834491298881e+01
2.434796382336188358e+01
2.438098847405345282e+01
2.427291232051011249e+01
2.405626265422626986e+01
2.389118913668814415e+01
2.427718960960570627e+01
2.399324724394582375e+01
2.389954477120047116e+01
2.404989645650259789e+01
2.406004258412470165e+01
2.412842947373449931e+01
2.415195456376027394e+01
2.445743258265727960e+01
2.459067511157702413e+01
2.452860468377118508e+01
2.471695461173650088e+01
2.480802108073689283e+01
2.484437803804944878e+01
2.486780365623578604e+01
2.491331202277612533e+01
2.519436970509247331e+01
2.555982924316723626e+01
2.518909769760255202e+01
2.533054665327547283e+01
2.541808187197601399e+01
2.571694501355076667e+01
2.572072494344919846e+01
2.574713471681850763e+01
2.560663074362019387e+01
2.582357882542233796e+01
2.569123154305748358e+01
2.575489352029423884e+01
2.566576675216278147e+01
2.595159908277188165e+01
2.597015058082602934e+01
2.586530726206424191e+01
2.579219546008140185e+01
2.582233542742942944e+01
2.586346703303474470e+01
2.590758279382302476e+01
2.570555548793575440e+01
2.581010039117924038e+01
2.567954360192416985e+01
2.578055725486780858e+01
2.599089045934769260e+01
2.578876368162098487e+01
2.554948417186626131e+01
2.570480944914000787e+01
2.549731119208395214e+01
2.551720555997043860e+01
2.587674652359897109e+01
2.574613999842418721e+01
2.531119938050586526e+01
2.545608011463920661e+01
2.554137721695251884e+01
2.549760960760225004e+01
2.588410743971697059e+01
2.548343487048312284e+01
2.540360871933859954e+01
2.550875045361868132e+01
2.556122184891928839e+01
2.545349384681396288e+01
2.546189921724600325e+01
2.557634156851302265e+01
2.546846435864854286e+01
2.555609904918851782e+01
2.531318881729451320e+01
2.531562587736060621e+01
2.533949911882439210e+01
2.542753169672209879e+01
2.507435693081723826e+01
2.521316988274520199e+01
2.523773942708501039e+01
2.490192249716111306e+01
2.514284329226646975e+01
2.499632127278249172e+01
2.476370637626974869e+01
2.445623892058409155e+01
2.386453068372025399e+01
2.356845275364961267e+01
2.353040477506670314e+01
2.352697299660628616e+01
2.350170714939044814e+01
2.316593995538626416e+01
2.336707201471864792e+01
2.302553545402738422e+01
2.315594303552330402e+01
2.311675113078692334e+01
2.295098131037277156e+01
2.262923964572856050e+01
2.274562169786451094e+01
2.264033075582527843e+01
2.263510848425507760e+01
2.247505829460828863e+01
2.249157061995407147e+01
2.273358560529318595e+01
2.262540997991041536e+01
2.258318418407134587e+01
2.260511772466619718e+01
2.258472599758254873e+01
2.244556489421657375e+01
2.244964323963330699e+01
2.253668109913668616e+01
2.245516392672180217e+01
2.245024007066989569e+01
2.218813177376543067e+01
2.248535362998955023e+01
2.243591612579162842e+01
2.242547158265121965e+01
2.253111067612847052e+01
2.279361686039066015e+01
2.263197512131295852e+01
2.250519826195631978e+01
2.276352662896234946e+01
2.293715472469166272e+01
2.298161863691796469e+01
2.298161863691796469e+01
3.222852432761393970e+01
3.095622976535338111e+01
2.983558002230757822e+01
2.817832944144349838e+01
2.704041958572773652e+01
2.561170380743125108e+01
2.442207034373905117e+01
2.360282027417351713e+01
2.203907322237592936e+01
2.108653088797093389e+01
2.025688601118471510e+01
1.926788724762773342e+01
1.882399416416049576e+01
1.804109755485066557e+01
1.777366751453656590e+01
1.705667449590757556e+01
1.680759700996875949e+01
1.662382278661733537e+01
1.584903662927810331e+01
1.621439669551343599e+01
1.610254061207166032e+01
1.609194686117210793e+01
1.627273382084557696e+01
1.623553446139282741e+01
1.635276202416395108e+01
1.633222108932115191e+01
1.675507587874843196e+01
1.670688177254341866e+01
1.681052968070358844e+01
1.698142404937693684e+01
1.722418332498336824e+01
1.708716261469361442e+01
1.721572821863161096e+01
1.721881184565401668e+01
1.745859046313432472e+01
1.763997736233936919e+01
1.782872517766241671e+01
1.786940915999028334e+01
1.824143383946758590e+01
1.843684626803260329e+01
1.858222436136310662e+01
1.855840085581904120e+01
1.905789869752901211e+01
1.924286658295362429e+01
1.957748985080433002e+01
1.941913243095632424e+01
2.002521434861814953e+01
1.986745026274987680e+01
2.018163206759722428e+01
2.008887632585490479e+01
2.025051806493261353e+01
2.047865847719932830e+01
2.062348947541295274e+01
2.082850093648320211e+01
2.105350623727936465e+01
2.105241204704561042e+01
2.120664313408560275e+01
2.101834294204000386e+01
2.127358768202363137e+01
2.104340984557697425e+01
2.125543407132720830e+01
2.140847149629400903e+01
2.141598162017115925e+01
2.157966253195722928e+01
2.156200628045797174e+01
2.180312601924219607e+01
2.185375718551330593e+01
2.188573738189083073e+01
2.202872815107495796e+01
2.199898607108465853e+01
2.186360489761711534e+01
2.199197330640467030e+01
2.220056575369448737e+01
2.229526294483416748e+01
2.244417228846451806e+01
2.230854243539839388e+01
2.233843372314784048e+01
2.240935714466316853e+01
2.244964323963330699e+01
2.221125897643347358e+01
2.271195048021663254e+01
2.209248960015114704e+01
2.230938794603357067e+01
2.254747379371510263e+01
2.230978583339130239e+01
2.245043901434876332e+01
2.255965909404557834e+01
2.281749010185444604e+01
2.280261906185929632e+01
2.273288930241715988e+01
2.283992100164646288e+01
2.284016968124504388e+01
2.318061205170254979e+01
2.320150113798336022e+01
2.302478941523163769e+01
2.313948044609723809e+01
2.326332288619061828e+01
2.337214507852970158e+01
2.316658652234257687e+01
2.337502976187324322e+01
2.324104119415775216e+01
2.339089552026271690e+01
2.330032641045948338e+01
2.350324896290165100e+01
