0.000000000000000000e+00
1.867027343750000767e+01
2.516500000000001336e+01
2.078902343749998849e+01
2.363339843749999858e+01
2.153027343750000000e+01
2.067339843750000483e+01
2.345687499999999304e+01
2.276871093749998209e+01
2.437249999999999872e+01
2.199234375000000341e+01
2.104683593750000270e+01
1.893109374999999517e+01
1.916187500000000199e+01
1.219277343749999964e+01
1.569808593749999659e+01
1.734839843750000199e+01
1.336937499999999979e+01
1.699937499999999346e+01
1.306402343750000838e+01
2.152621093749999659e+01
1.442109375000000071e+01
1.784527343749999417e+01
1.586234374999999908e+01
1.679859374999999844e+01
1.578687499999999844e+01
1.497933593750000192e+01
1.282652343750000057e+01
1.716109374999999915e+01
1.368277343749999808e+01
1.651499999999999346e+01
1.185746093750001151e+01
1.397808593749999773e+01
1.228402343750000725e+01
1.041246093749999702e+01
1.184371093749999204e+01
1.153902343750000270e+01
1.386109375000000377e+01
1.300589843750001151e+01
1.376234374999999410e+01
1.092308593749998913e+01
1.314808593749998522e+01
1.328609375000000092e+01
1.170058593749999964e+01
1.265484375000000128e+01
1.258109375000000618e+01
1.110687499999999872e+01
1.189058593749999204e+01
1.235609374999999766e+01
1.101937500000000014e+01
9.395273437499996660e+00
1.212249999999999162e+01
1.433734375000000760e+01
1.183734375000000583e+01
1.148734375000000441e+01
9.781093750000005471e+00
1.041249999999999964e+01
1.257750000000000767e+01
1.207464843750000227e+01
1.046250000000000036e+01
1.212250000000000227e+01
1.125433593750000405e+01
9.734023437500004761e+00
9.678085937499991687e+00
1.034234375000000306e+01
1.118109375000000227e+01
1.073433593750000092e+01
1.184859375000000270e+01
1.164839843749999915e+01
1.097183593750000696e+01
1.060433593750000192e+01
9.937500000000000000e+00
1.083714843750000689e+01
1.232734375000000071e+01
1.021499999999999986e+01
1.164652343750000441e+01
1.148437500000000000e+01
1.227734375000000000e+01
1.296839843750000298e+01
1.232984374999999844e+01
1.103609374999999382e+01
1.084937499999999311e+01
1.186558593749998991e+01
1.041187499999999133e+01
1.185589843750000227e+01
1.265433593750001151e+01
3.900582895845174676e+02
3.913426426118606969e+02
1.128871093750000831e+01
3.953928034394979250e+02
3.923780054658651579e+02
1.139951861547826866e+03
7.711304060721402038e+02
7.753850166678428195e+02
1.154401031774879129e+03
2.972402302970884648e+03
2.981960261955259284e+03
3.655215449502469710e+03
4.016477949280137636e+03
4.986581788327696813e+03
4.022483811706897541e+03
5.964863581771242025e+03
9.050861337652206203e+03
1.029351126104295327e+04
1.069131602982937693e+04
1.093107775778770520e+04
1.116103081478535205e+04
1.019846844732224599e+04
1.561566047740936847e+04
1.570372573928295969e+04
1.537322105597495465e+04
1.567153451551854960e+04
1.479897535394132137e+04
1.566121998061895465e+04
1.543846152506768703e+04
1.568019831497133418e+04
1.483513618343115013e+04
1.558409159009694667e+04
1.545407940563201919e+04
1.446125785264730439e+04
1.556182061781346601e+04
1.546641483073175550e+04
1.437675285203695785e+04
1.419684509868621899e+04
1.526947058052480315e+04
1.453607684772908760e+04
1.356884245696067774e+04
1.232552283507346874e+04
1.146882774817407153e+04
1.261812077426373617e+04
1.099635618709981281e+04
1.033212206859349499e+04
9.686323688907026735e+03
7.853851471672057414e+03
7.578160510606168828e+03
6.983307744964957237e+03
8.064416454038024312e+03
5.471642017974854753e+03
5.504602740631104098e+03
4.212641404867172241e+03
3.557188562295436896e+03
4.213860261068344698e+03
2.893276951408386140e+03
2.896320032463073858e+03
5.727782948226331428e+03
3.569949021890164204e+03
2.545899794644713438e+03
2.530559422940611967e+03
3.558497967813015748e+03
1.113353546118140457e+03
1.472802749395370483e+03
1.814692101902365948e+03
2.187976825501918483e+03
2.533763328885435840e+03
2.174322195985316739e+03
1.478902916631698417e+03
1.464239602422714142e+03
1.106346817907691047e+03
1.808636739963889340e+03
1.108951808142066056e+03
1.465540395879745574e+03
3.756300998872518448e+02
1.811888443455100060e+03
1.468680004034042440e+03
2.166452991273403313e+03
7.388516115164757139e+02
7.448701430106164025e+02
1.110797661108374768e+03
1.456359734258652225e+03
7.461045943045616013e+02
7.410421736502646581e+02
3.835518753999471642e+02
7.483786409354211173e+02
1.104442380041479964e+03
1.565839843750000071e+01
3.829005280488728999e+02
1.345687499999998771e+01
1.179058593750000838e+01
1.401527343749999055e+01
1.443402343749999872e+01
1.303187499999998877e+01
1.388277343750001691e+01
1.318734375000000014e+01
1.360687499999999872e+01
3.768368732637165976e+02
1.312933593749998451e+01
1.412984375000000981e+01
1.387109375000000000e+01
3.791930903047323227e+02
1.401621093750000036e+01
3.701833542817831244e+02
7.336594758963584582e+02
1.497777343750000867e+01
3.708983643525839398e+02
1.663871093749999019e+01
1.812621093749998735e+01
1.578558593749999339e+01
1.462984375000001158e+01
1.614999999999999858e+01
1.798687500000001904e+01
1.798687500000001904e+01
8.883593749999999289e+00
1.180464843749998849e+01
9.032773437500008384e+00
1.362308593749999019e+01
1.291734374999998991e+01
1.093917688269018981e+03
5.144439911269543700e+03
1.413088940382897817e+04
1.187002468857705935e+04
2.582598966092470164e+03
7.688139650320999863e+02
2.326500000000000057e+01
2.356234375000000014e+01
3.307734374999999716e+01
3.657089843749999858e+01
3.055839843749999929e+01
3.437089843750000284e+01
3.441839843749995964e+01
3.050937499999999858e+01
3.795859374999999858e+01
3.520250000000000767e+01
3.622496093750000057e+01
3.292933593749997812e+01
2.968558593749999019e+01
3.495058593750000142e+01
3.112152343749998096e+01
2.790687499999999588e+01
2.860902343749999233e+01
2.957652343750003254e+01
3.425000000000000000e+01
2.787464843749997812e+01
2.411187500000000838e+01
2.765249999999999631e+01
2.951234374999999588e+01
2.706371093750000156e+01
3.395484375000002331e+01
2.692437500000001549e+01
2.747183593750000341e+01
2.737027343749999631e+01
2.009902343750000142e+01
2.688187499999998664e+01
2.155308593749999346e+01
2.694859375000000767e+01
2.608109374999997243e+01
2.837027343750001407e+01
2.595937500000000142e+01
7.714699379324913480e+02
1.141353253149388138e+03
1.501124652471540230e+03
1.866498476108908562e+03
3.949013277649287829e+03
6.730235831747047996e+03
5.853999450606697792e+03
9.187617923101783163e+03
1.328617926902532417e+04
1.392186168923318291e+04
1.520126666328848296e+04
1.542757212417066330e+04
1.541279168838500846e+04
1.533331742505788861e+04
1.542268453077733284e+04
1.460215391168057431e+04
1.338729758723676241e+04
1.195858886098622861e+04
9.159558615850808565e+03
8.868007944097520522e+03
1.178296488327921179e+04
8.866783107671737525e+03
6.096919555356501405e+03
5.167048965834974297e+03
3.906726467651724761e+03
3.570323271157741601e+03
1.475701742315292449e+03
2.174068179872036126e+03
1.831216906589865630e+03
1.476964232549667486e+03
1.461540906133651788e+03
1.098741290258765275e+03
3.839950061982870579e+02
7.505950331473349024e+02
3.817030365937948204e+02
3.833404877656698773e+02
1.459437499999999410e+01
3.827068851655721460e+02
1.392187500000000000e+01
1.474359374999997030e+01
1.418183593750000071e+01
1.393402343749999339e+01
1.411000000000000476e+01
1.287183593749999133e+01
1.474214843749998138e+01
1.237308593749999375e+01
1.275464843750000554e+01
1.431250000000000000e+01
1.295308593750001691e+01
1.539234375000001798e+01
1.505250000000000554e+01
1.332308593749999659e+01
1.436714843749998849e+01
1.356214843750000298e+01
1.299183593749999055e+01
1.268246093749999126e+01
1.213734374999998522e+01
1.219234374999999559e+01
1.462249999999998451e+01
1.282734375000000071e+01
1.294683593749998884e+01
1.325464843750000377e+01
1.336996093750001968e+01
1.524183593750000298e+01
1.397464843749997954e+01
1.401246093749998423e+01
1.471246093749999240e+01
1.271000000000000263e+01
1.483984375000000000e+01
1.390746093750002288e+01
1.841058593749997030e+01
1.345683593749999929e+01
1.167187500000000000e+01
1.201109375000000767e+01
1.317308593749999979e+01
1.284984375000000512e+01
1.477984374999998884e+01
1.327359374999999808e+01
1.351234374999999588e+01
1.347871093750000071e+01
1.508500000000001684e+01
1.305234375000000036e+01
1.301859375000001151e+01
1.337750000000001549e+01
1.237750000000001016e+01
1.315683593750000036e+01
1.375484375000002046e+01
1.165609374999997883e+01
1.316871093750000377e+01
1.326152343749999929e+01
1.156859375000000512e+01
1.294234375000000092e+01
1.281871093750000412e+01
1.469359375000002466e+01
1.668589843749999346e+01
1.517027343750000945e+01
1.507249999999998735e+01
1.387187499999999929e+01
1.586734374999998565e+01
1.445308593750001691e+01
1.709339843749999233e+01
1.426499999999998280e+01
1.643609374999998707e+01
1.773808593749999929e+01
1.449996093749998138e+01
1.474609375000000000e+01
1.550152343749998707e+01
1.455609375000001116e+01
1.485859375000000071e+01
1.491308593750000000e+01
1.503089843749998522e+01
1.636714843749997783e+01
1.490484374999999417e+01
1.500464843749998956e+01
1.511937500000001400e+01
1.695371093749999858e+01
1.491859375000001364e+01
1.540249999999998387e+01
1.560609374999998522e+01
1.381371093749999091e+01
1.462621093749999091e+01
1.268609375000000306e+01
1.461402343750000554e+01
1.397734374999999929e+01
1.431996093749999943e+01
1.457750000000002011e+01
1.420484375000000021e+01
1.455777343750001762e+01
1.436683593750000476e+01
1.388808593749999964e+01
1.411484375000000036e+01
1.519234375000001158e+01
1.647402343750000142e+01
1.478109375000000014e+01
1.320859375000000036e+01
1.382339843749998565e+01
1.529234375000002011e+01
1.541234374999998735e+01
1.263183593750000000e+01
1.537933593750001648e+01
1.758187499999998593e+01
1.494183593749999872e+01
1.450621093749998280e+01
1.668121093749999062e+01
1.477437499999999737e+01
1.596996093749999623e+01
1.379339843750001116e+01
1.481250000000000000e+01
1.530308593750001123e+01
1.359339843749998167e+01
1.275746093749999410e+01
1.598558593749998735e+01
1.339746093750000000e+01
1.274437500000000334e+01
1.619984375000000654e+01
1.436499999999998067e+01
1.336683593749999943e+01
1.534214843749998636e+01
1.222250000000000014e+01
1.334359375000001435e+01
1.261714843749998671e+01
1.428609374999998849e+01
1.429984375000001151e+01
1.236933593750000071e+01
1.394937499999999986e+01
1.394437500000000796e+01
1.292183593749999737e+01
1.427437499999998671e+01
1.227183593749999702e+01
1.184750000000000192e+01
1.459859375000000270e+01
1.389000000000001478e+01
1.423121093750000021e+01
1.418246093750001080e+01
1.524964843749998167e+01
1.437714843750000071e+01
1.486996093750001435e+01
1.415121093749999126e+01
1.401714843749997996e+01
1.472777343749998025e+01
1.856871093750001123e+01
1.502749999999998032e+01
1.503499999999999126e+01
1.373714843750001080e+01
1.385937500000000000e+01
1.351484375000000071e+01
1.307187500000000036e+01
1.413500000000001933e+01
1.284121093749999964e+01
1.389277343750000071e+01
1.461234374999999019e+01
1.545464843750000661e+01
1.481234374999999126e+01
1.486152343750000071e+01
1.657984374999999844e+01
1.648027343749999929e+01
1.459964843750000796e+01
1.366714843750000874e+01
1.481839843749998842e+01
1.525433593750000583e+01
1.303500000000001435e+01
1.302464843750000867e+01
1.146527343750000227e+01
1.444859374999999524e+01
1.416777343749999929e+01
1.502734375000000000e+01
1.336871093749999773e+01
1.334652343750000192e+01
1.516152343749999964e+01
1.466683593750000547e+01
1.580308593750001478e+01
1.443402343750001293e+01
1.469937500000000696e+01
1.256402343749999417e+01
1.363746093750000021e+01
1.394527343750000981e+01
1.338558593749999304e+01
1.463734374999999588e+01
1.779589843750000000e+01
1.183589843749999204e+01
1.188609375000000412e+01
1.416527343749998735e+01
1.396933593750000036e+01
1.171214843749999446e+01
1.344964843749998806e+01
1.358187500000000014e+01
1.383871093750000725e+01
1.444984374999999055e+01
1.191558593750001016e+01
1.563433593749999417e+01
1.351214843749998273e+01
1.262246093749999964e+01
1.526734375000001798e+01
1.299937500000000590e+01
1.136683593749999410e+01
1.343109374999998806e+01
1.095250000000001300e+01
1.228609374999998671e+01
1.214808593749999766e+01
1.401683593749999446e+01
1.335746093750001684e+01
1.221500000000001407e+01
1.417652343749998956e+01
1.373871093750000583e+01
1.654277343749999929e+01
1.343109374999998451e+01
1.415484375000001549e+01
1.373902343750000021e+01
1.405433593749999410e+01
1.324750000000002537e+01
1.340621093749998138e+01
1.332621093749999908e+01
1.539746093750000000e+01
1.213558593750000547e+01
1.158109374999999019e+01
1.667183593749999915e+01
1.338187499999999375e+01
1.176234374999998877e+01
1.366109374999999737e+01
1.343187500000000867e+01
1.526839843749999659e+01
1.276249999999999929e+01
1.436308593749999929e+01
1.366937500000001116e+01
1.382734375000000071e+01
1.563871093749998487e+01
1.496499999999998387e+01
1.435058593750000000e+01
1.350058593750000036e+01
1.648437500000000000e+01
1.582808593750000625e+01
1.411246093750000696e+01
1.388187499999999908e+01
1.323109374999997989e+01
1.519937500000001762e+01
1.402359374999999986e+01
1.638871093750000796e+01
1.408496093750000000e+01
1.441058593749998806e+01
1.392339843749999240e+01
1.435933593749999559e+01
1.510859375000000071e+01
1.523246093749999730e+01
1.500937500000000036e+01
1.668359375000000000e+01
1.441371093750001009e+01
1.397984374999999169e+01
1.668109374999999517e+01
1.428687500000000909e+01
1.426214843750001116e+01
1.338687500000000341e+01
1.361214843749997883e+01
1.406499999999999773e+01
1.466249999999999964e+01
1.616839843750001293e+01
1.474859374999999773e+01
1.453109375000001435e+01
1.405609374999997740e+01
1.440937500000000071e+01
1.225058593750000036e+01
1.244058593750001407e+01
1.449808593749998842e+01
1.359652343750000014e+01
1.462749999999999417e+01
1.269808593749999659e+01
1.379437499999999162e+01
1.262558593750000036e+01
1.482984375000000021e+01
1.426734375000000021e+01
1.430933593750000021e+01
1.553109375000002856e+01
1.681933593750000000e+01
1.390902343750000014e+01
1.493558593749999375e+01
1.419996093749998956e+01
1.456402343749999417e+01
1.529964843750000725e+01
1.478121093749998138e+01
1.501187499999999453e+01
1.606714843749999133e+01
1.532714843750000000e+01
1.409371093749997783e+01
1.561234375000000796e+01
1.385609374999998522e+01
1.459609374999999964e+01
1.294808593750000014e+01
1.510687499999998451e+01
1.444433593750000000e+01
1.471089843749999559e+01
1.540589843749999055e+01
1.447183593749999275e+01
1.431683593749999872e+01
1.463558593750000014e+01
1.343402343749999162e+01
1.341249999999999964e+01
1.587808593750000874e+01
1.506500000000000128e+01
1.381734374999999559e+01
1.501234374999999943e+01
1.408871093750001435e+01
1.467777343749999019e+01
1.373714843749999126e+01
1.441000000000000192e+01
1.139527343750001620e+01
1.577464843749997314e+01
1.438558593750000014e+01
1.980996093750000142e+01
2.695308593750000981e+01
1.542027343750002011e+01
1.094234374999999559e+01
1.336859375000002004e+01
1.314687499999999964e+01
1.572089843750000071e+01
1.557933593750000156e+01
1.803437500000000071e+01
2.066558593750001549e+01
2.786527343749997954e+01
2.108746093750000483e+01
2.323027343749999929e+01
3.802648600190877914e+02
3.782583542817832267e+02
1.446667906866073508e+03
3.167368934220672145e+03
3.485945511147975594e+03
4.107280745687483432e+03
4.424906653665899285e+03
5.073550528334975752e+03
5.669372064132093328e+03
4.768869691159724425e+03
5.687343359908461935e+03
4.765119739987851062e+03
4.453789028543830682e+03
4.769713379514217195e+03
3.496980827310085260e+03
3.157246692704557972e+03
3.150939127396940876e+03
2.480594328641295760e+03
1.448380514287948699e+03
1.452190776739120793e+03
1.094875339636206718e+03
7.455727601981163843e+02
1.082457644628882463e+03
1.081740443701147797e+03
3.828968964570760818e+02
3.813039621919393767e+02
2.186089843749999773e+01
2.491246093749999346e+01
2.417621093749998096e+01
2.372437500000000199e+01
2.244999999999999929e+01
2.707496093749999133e+01
2.162871093749999929e+01
2.328433593749999275e+01
2.072437500000001975e+01
2.154609375000000071e+01
2.156371093749998735e+01
2.469359374999998735e+01
2.537777343749997172e+01
2.253687500000000554e+01
2.422777343750000156e+01
2.142402343750000071e+01
2.015589843749998522e+01
2.192308593749998380e+01
1.977777343749998096e+01
2.195746093750002004e+01
2.049234375000000341e+01
1.804234374999998636e+01
2.018437499999999929e+01
2.065234375000000000e+01
2.221871093750001691e+01
2.017249999999997812e+01
2.309359374999999304e+01
1.866937499999999517e+01
1.925152343749997996e+01
2.162437500000000767e+01
2.406484375000000142e+01
2.233246093750003070e+01
1.896859374999996817e+01
1.692109375000000071e+01
1.937249999999998096e+01
1.920250000000002899e+01
2.103734374999997669e+01
2.216499999999998138e+01
2.062339843749999346e+01
1.835214843749999858e+01
1.730859375000000000e+01
2.082484375000002075e+01
2.092249999999998167e+01
2.202984375000000483e+01
2.291937499999999517e+01
2.082933593750001577e+01
2.425433593750001648e+01
1.983109375000000085e+01
2.462984375000000270e+01
2.656234374999998948e+01
2.373359375000000071e+01
2.702621093750000369e+01
2.211402343749999133e+01
2.202558593750000071e+01
2.287089843749999929e+01
2.213437499999999858e+01
1.967339843750000838e+01
1.843187499999999091e+01
1.663871093750000085e+01
2.014999999999999858e+01
2.000000000000000000e+01
1.884234375000001194e+01
1.819984375000000654e+01
1.960234374999999929e+01
2.237339843749999346e+01
2.204859375000000909e+01
1.803999999999999915e+01
1.783437500000000142e+01
1.958687499999998494e+01
2.034433593749999858e+01
1.823499999999998522e+01
1.867749999999997712e+01
1.984937500000001620e+01
2.051109374999998991e+01
2.678121093749998494e+01
2.202558593750000071e+01
2.509027343749999517e+01
2.340777343750001904e+01
2.117250000000001009e+01
1.923433593749999915e+01
1.957183593749998707e+01
1.913121093750000057e+01
2.049058593750000767e+01
2.132750000000001833e+01
2.120250000000000412e+01
1.927777343749996675e+01
2.334746093749999929e+01
2.417437499999999062e+01
2.278734375000002288e+01
1.915746093749999801e+01
1.864984374999998096e+01
1.903339843750000071e+01
1.768246093749998593e+01
1.636464843750000142e+01
2.164589843750000142e+01
1.946734375000001549e+01
2.390214843749999929e+01
2.587484374999997883e+01
1.998499999999998167e+01
2.362437499999999346e+01
2.029359375000004562e+01
1.819964843750000227e+01
2.045609374999996177e+01
2.002464843749996604e+01
1.856234374999997883e+01
2.087437500000000412e+01
2.158089843750002856e+01
2.554749999999999233e+01
2.142339843749999773e+01
2.318500000000000938e+01
1.832964843749998352e+01
1.976371093750000085e+01
2.270859374999999858e+01
1.827437500000001336e+01
1.931402343749999062e+01
2.020902343750002572e+01
2.043999999999998707e+01
2.080999999999997385e+01
2.189839843750000625e+01
2.029496093749999375e+01
2.463433593749998707e+01
2.070902343750000085e+01
1.877359375000001052e+01
1.944000000000000128e+01
1.686246093750001052e+01
1.681464843750000071e+01
1.684996093749999346e+01
1.738277343750001691e+01
1.791683593750000725e+01
1.664277343750000071e+01
1.792750000000000554e+01
1.825250000000000483e+01
1.841308593750000000e+01
1.821187500000001336e+01
2.138999999999999346e+01
2.057933593750000512e+01
2.025308593750001407e+01
2.013359374999999929e+01
1.962984374999998138e+01
1.948687499999999773e+01
2.154496093750002927e+01
1.852437500000001336e+01
2.232109374999999929e+01
1.988437499999999858e+01
1.838964843750000000e+01
1.695234375000000071e+01
1.976464843750000000e+01
1.775214843750000071e+01
1.708500000000002927e+01
1.832714843750000000e+01
1.985902343750003141e+01
2.051000000000003709e+01
2.136152343750000071e+01
2.023089843749999517e+01
1.902984375000001194e+01
2.269234375000001336e+01
1.759214843750000767e+01
1.970249999999999346e+01
1.790996093749999929e+01
1.704000000000002046e+01
1.842109375000000071e+01
2.102152343750002217e+01
2.107933593750001933e+01
1.778109374999998948e+01
2.494371093750001123e+01
2.531187500000001123e+01
1.984984374999999801e+01
2.096499999999999275e+01
1.950902343750000867e+01
2.093109374999996675e+01
1.869984375000000654e+01
1.946714843750001478e+01
2.162109375000000000e+01
2.144058593750002117e+01
1.930996093750000142e+01
1.865746093750002643e+01
1.521402343749998920e+01
2.063984375000000071e+01
1.782464843749999872e+01
2.114984374999997385e+01
2.518746093749997073e+01
2.207808593750000981e+01
1.856250000000000000e+01
1.665308593750000909e+01
1.837152343750001648e+01
1.798359375000000071e+01
1.756000000000000938e+01
1.924359375000001648e+01
1.854183593750000369e+01
1.981000000000002004e+01
1.912500000000000000e+01
1.652749999999999986e+01
1.654234374999999346e+01
1.859359374999999304e+01
1.662152343750001293e+01
1.678402343750002501e+01
1.643277343750002473e+01
2.114687500000000142e+01
1.773187499999999517e+01
1.960249999999998494e+01
1.864437500000000014e+01
1.992714843750000142e+01
2.216499999999997073e+01
2.200609374999999091e+01
2.303871093749999943e+01
2.348339843750000000e+01
2.763609374999997570e+01
2.405484374999998209e+01
2.056484375000000142e+01
2.004359374999999233e+01
2.456246093749998494e+01
2.265621093749998138e+01
2.057984375000000554e+01
2.255484375000002473e+01
2.293687499999998991e+01
2.628339843750000071e+01
2.277652343750000696e+01
2.698746093749996788e+01
2.687437499999999346e+01
2.529652343750003141e+01
2.191937499999998806e+01
2.344496093749999588e+01
2.033687499999998494e+01
2.101109375000000412e+01
2.270609375000000441e+01
2.231484375000000142e+01
2.356499999999997996e+01
1.983246093750000227e+01
2.634859374999998494e+01
2.126000000000001577e+01
2.603433593749999631e+01
2.294984375000001364e+01
2.016839843750003070e+01
2.256734375000001691e+01
2.174964843749995680e+01
1.919808593749996461e+01
1.776187500000001052e+01
2.024964843749996746e+01
1.899339843750002288e+01
2.045250000000000412e+01
1.777749999999999631e+01
1.888339843749999858e+01
1.808109375000002927e+01
1.633558593749998877e+01
1.593499999999998806e+01
1.765937500000000071e+01
1.615999999999999304e+01
2.080484374999999275e+01
1.833609374999997144e+01
2.010464843749998920e+01
1.917984374999998209e+01
2.194609374999999929e+01
1.591000000000001435e+01
2.252339843749999915e+01
2.059609375000000142e+01
2.241859375000002075e+01
2.213500000000000867e+01
2.470464843750000483e+01
2.334859374999999204e+01
1.832246093750000071e+01
2.038964843750000000e+01
2.391250000000000142e+01
1.804214843749999275e+01
2.138687500000001407e+01
2.046371093749999304e+01
1.879996093749999631e+01
2.203964843749999858e+01
1.900249999999997641e+01
1.886464843750000142e+01
1.573183593749999964e+01
1.804234375000001478e+01
2.220121093749999375e+01
1.550609374999999446e+01
1.588109374999997314e+01
1.518089843750001933e+01
1.822359374999999559e+01
1.645687499999998238e+01
1.630933593749998778e+01
1.515859374999999964e+01
1.533089843749999659e+01
1.695152343749999346e+01
1.991734374999999346e+01
1.584746093749999929e+01
1.549687499999999929e+01
1.632249999999998025e+01
1.557437500000001229e+01
1.306484374999999964e+01
1.399937500000000590e+01
1.379859374999999844e+01
1.406621093749999929e+01
1.626000000000003709e+01
1.495484374999999844e+01
1.619609374999999929e+01
1.574496093750000014e+01
1.493246093750000547e+01
1.544183593750001116e+01
1.649746093750000142e+01
1.557359374999999169e+01
1.420859375000000036e+01
1.821839843750000298e+01
1.645933593749998280e+01
1.762984375000000625e+01
1.528734374999999979e+01
1.641996093750002217e+01
1.892246093749999858e+01
1.744183593750000938e+01
1.726734375000001620e+01
1.645234375000000071e+01
1.487187499999999929e+01
1.732152343750000867e+01
1.407250000000001044e+01
1.705746093750003212e+01
1.485687499999998806e+01
1.488121093749999524e+01
1.693089843750001933e+01
1.658121093749997499e+01
1.493609374999999773e+01
1.519808593749999126e+01
1.878109375000003212e+01
1.594964843749997030e+01
1.908734374999998096e+01
1.771734375000001549e+01
1.560902343750001009e+01
1.704433593750000142e+01
1.759609375000000142e+01
1.978687499999998778e+01
1.548609375000000377e+01
1.661500000000001620e+01
2.110464843749999631e+01
1.685484375000000767e+01
1.667558593749999929e+01
1.562749999999998352e+01
1.616527343749999091e+01
1.559359374999996284e+01
2.009339843750003851e+01
1.726683593750000867e+01
1.618734374999998593e+01
2.003999999999999204e+01
1.610687499999999517e+01
1.667359374999998423e+01
1.702152343750000796e+01
1.773734375000000441e+01
1.775609375000002643e+01
1.686234375000000085e+01
1.805777343750000341e+01
1.750609375000003354e+01
1.805000000000000071e+01
1.487808593750002117e+01
1.634839843749999844e+01
1.606500000000001194e+01
1.673433593749999559e+01
1.643121093749999773e+01
1.491937500000001648e+01
1.491937500000001648e+01
1.469496093750002430e+01
1.744234374999999204e+01
1.086683593749999766e+01
1.138609375000000590e+01
1.576109374999999524e+01
1.462339843750000057e+01
2.220464843750001194e+01
2.005589843750000156e+01
2.422964843750001052e+01
2.994937499999999275e+01
2.917152343750001364e+01
2.713558593749998948e+01
2.944683593749998707e+01
2.577750000000001407e+01
1.408313707647323781e+03
1.066298588842749723e+03
2.038442471864223307e+03
2.409273500699400756e+03
3.113587271928191512e+03
1.069651329931616829e+03
3.742214762300253028e+02
4.560433593750001080e+01
4.359937499999998067e+01
4.389859374999998920e+01
4.288687499999998920e+01
5.109433593749999858e+01
4.969964843749998806e+01
4.978734374999996248e+01
5.770464843749997641e+01
5.272437500000000909e+01
5.533500000000002217e+01
6.085433593750000369e+01
5.883339843750000142e+01
5.836109374999996646e+01
4.976000000000001222e+01
4.625999999999997669e+01
4.590250000000001052e+01
3.922933593750001080e+01
3.753399418061971460e+02
7.243298048758510959e+02
7.204372755789761413e+02
1.420816863164901179e+03
2.116297402284147665e+03
4.726101660764217741e+03
1.253823364696443969e+04
1.300054006004094299e+04
1.517460539684295691e+04
1.302882103137910963e+04
7.540976330918660096e+03
2.560506750211119652e+03
2.560506750211119652e+03
1.016152343749999964e+01
8.062343749999987708e+00
1.462437500000001123e+01
1.992027343750001833e+01
2.168687500000000412e+01
4.066152343750000142e+01
3.913339843749999858e+01
3.473359374999999716e+01
3.259984374999997669e+01
3.628496093750000284e+01
3.545234374999999716e+01
3.470234374999999716e+01
3.159687500000000071e+01
3.123183593750000142e+01
2.799371093750000483e+01
2.754609375000000071e+01
2.255308593750001478e+01
2.002808593750001265e+01
2.073109374999998167e+01
2.159683593749999631e+01
1.746234374999998451e+01
2.154000000000001336e+01
1.930933593750000199e+01
1.983746093749999773e+01
2.007437500000001052e+01
1.659058593750001620e+01
1.355058593749999929e+01
1.265234375000000000e+01
1.280214843749999964e+01
1.175000000000000000e+01
1.284750000000001968e+01
1.188277343750000803e+01
1.381558593750001762e+01
1.302027343750002331e+01
1.156187499999999346e+01
1.317339843750000306e+01
1.259984374999999268e+01
1.214496093749999162e+01
1.285933593750000092e+01
1.285933593750000092e+01
9.862343749999993747e+00
1.368609375000000128e+01
1.837652343749999773e+01
2.693187499999996959e+01
2.963359374999999929e+01
3.671937500000002785e+01
5.033499999999999375e+01
3.791134629243612721e+02
1.657532886204123542e+03
1.995251198670865051e+03
1.680893325352072452e+03
2.021621246888637415e+03
1.687147288059592029e+03
1.715398661655783599e+03
2.690573316154479016e+03
1.722509067844748188e+03
1.362678612432480350e+03
1.043266130041479983e+03
3.747755115693807397e+02
3.717829334443807738e+02
3.081308593749999858e+01
3.485937500000000000e+01
3.012500000000000000e+01
2.616859375000000298e+01
2.594859374999997925e+01
2.658609374999999631e+01
2.073433593749998849e+01
2.283749999999999858e+01
2.098609374999999133e+01
1.981109374999998707e+01
2.099437499999998025e+01
2.130249999999998067e+01
1.892714843750000142e+01
1.995687499999998948e+01
1.931871093749998280e+01
1.597499999999999964e+01
1.881859375000001222e+01
1.962250000000002004e+01
1.658609374999999986e+01
1.422027343750001194e+01
1.590621093750000625e+01
1.579902343750000071e+01
1.340249999999999275e+01
1.462500000000000000e+01
1.533109375000000441e+01
1.255902343749998096e+01
1.440777343750001549e+01
1.394859374999999702e+01
1.273246093750001151e+01
1.268496093749999964e+01
1.362734374999999964e+01
1.192109375000000071e+01
1.546933593750000036e+01
1.451246093749998956e+01
1.258187500000000725e+01
1.120687499999997883e+01
1.229234375000001833e+01
1.319808593750000725e+01
1.309750000000001080e+01
1.281250000000000000e+01
1.186000000000000476e+01
1.131187499999999879e+01
1.036777343750000036e+01
1.127749999999998209e+01
1.295609374999999019e+01
1.237464843750001897e+01
1.178183593750000036e+01
1.285683593749999964e+01
1.468496093749999964e+01
1.504984375000000441e+01
1.303402343749999659e+01
1.467464843750001080e+01
1.747250000000002146e+01
1.364859374999999275e+01
1.589964843750000156e+01
1.383734374999999694e+01
1.435687499999998806e+01
1.297250000000001435e+01
1.435933593749999204e+01
1.330214843749999964e+01
1.488121093749998636e+01
1.408687499999998316e+01
1.268609375000000483e+01
1.367359374999998423e+01
1.583902343749999275e+01
1.679183593750000369e+01
1.447402343749999964e+01
1.391109375000000092e+01
1.485859375000000071e+01
1.386214843749998238e+01
1.684609375000000142e+01
1.756109374999996575e+01
1.733687500000001691e+01
1.505621093750000306e+01
1.732359375000002188e+01
1.795484375000000909e+01
1.584902343749999964e+01
1.569214843749997534e+01
1.522749999999998138e+01
1.579859375000000554e+01
1.504808593749998202e+01
1.226933593749999929e+01
1.465277343750000227e+01
1.180249999999998423e+01
1.266859375000001009e+01
1.335902343750000298e+01
1.533687500000000092e+01
1.517152343750000476e+01
1.582984374999999844e+01
1.346000000000002750e+01
1.615249999999997854e+01
1.396484375000000000e+01
1.257359375000001123e+01
1.294937500000001407e+01
1.323027343749999929e+01
1.446109375000000696e+01
1.162621093749998735e+01
1.448750000000000071e+01
1.459984374999998558e+01
1.311234374999999375e+01
1.512027343750002828e+01
1.588109375000000156e+01
1.444808593749999304e+01
1.522808593750001549e+01
1.416734374999999169e+01
1.546558593750001265e+01
1.288359374999999929e+01
1.232109374999999929e+01
1.285214843750000036e+01
1.448609375000000021e+01
1.358984375000000000e+01
1.492808593750000590e+01
1.334859375000000092e+01
1.437250000000000583e+01
1.314058593750002046e+01
1.565777343750002082e+01
1.096714843749998103e+01
1.329527343750000945e+01
1.172984375000000767e+01
1.201734375000002153e+01
1.191839843750000227e+01
1.155000000000000071e+01
1.236187500000001016e+01
1.383687500000002046e+01
1.350371093749999929e+01
1.540996093749999929e+01
1.374359374999997918e+01
1.479371093750000021e+01
1.285621093750000377e+01
1.496484375000000000e+01
1.649937500000000767e+01
1.471109374999998387e+01
1.427308593750000298e+01
1.287183593749998956e+01
1.413109375000002288e+01
1.317500000000000071e+01
1.591402343749998671e+01
1.322109374999999964e+01
1.481937500000001684e+01
1.536996093750003389e+01
1.319121093749999929e+01
1.216499999999999559e+01
1.389589843749999964e+01
1.423687499999997996e+01
1.370308593750001691e+01
1.302339843749999559e+01
1.299527343750002117e+01
1.277249999999999552e+01
1.431234375000000547e+01
1.366500000000001513e+01
1.215859374999999964e+01
1.570371093750000036e+01
1.417359374999999488e+01
1.358109375000001862e+01
1.578246093750001044e+01
1.835234374999999929e+01
1.744437499999999019e+01
1.776371093749998664e+01
1.718109375000000227e+01
1.635683593750000142e+01
1.479437499999998451e+01
1.524527343750001762e+01
1.389750000000002217e+01
1.446499999999997499e+01
1.271152343750000036e+01
1.322109374999999964e+01
1.443902343749999773e+01
1.380250000000001975e+01
1.506937499999997954e+01
1.253402343749998415e+01
1.679183593750000369e+01
1.371859375000001968e+01
1.420933593749999524e+01
1.385933593749999204e+01
1.446402343749999808e+01
1.284937499999998956e+01
1.264808593750000298e+01
1.205746093749998593e+01
1.142558593749999929e+01
1.285902343749999588e+01
1.306152343750000000e+01
1.100687500000001862e+01
1.211714843749998849e+01
1.359859374999998138e+01
1.152621093750002146e+01
1.267027343750001123e+01
1.036109374999998423e+01
1.282359374999998636e+01
1.305609375000001648e+01
1.147359374999997783e+01
1.245277343749998344e+01
1.161871093749998529e+01
1.404589843750000000e+01
1.548359375000000071e+01
1.302749999999999453e+01
1.312437500000001123e+01
1.373277343750000945e+01
1.380249999999998956e+01
1.574234375000001762e+01
1.244652343750000512e+01
1.183500000000000441e+01
1.161558593750001123e+01
1.360589843750001648e+01
1.448734374999998487e+01
1.404749999999998877e+01
1.459234374999998884e+01
1.467871093750000000e+01
1.385996093750000036e+01
1.335777343750001833e+01
1.251000000000000867e+01
1.514687499999999964e+01
1.530308593750000945e+01
1.279609375000000071e+01
1.609437499999997456e+01
1.562984375000001513e+01
1.573246093750001684e+01
1.453984374999999929e+01
1.324652343749999339e+01
1.534371093750000625e+01
1.451249999999999929e+01
1.312339843749998636e+01
1.574652343749999694e+01
1.367500000000000071e+01
1.573500000000001009e+01
1.568558593749998842e+01
1.562749999999998352e+01
1.494234375000002402e+01
1.603734375000000867e+01
1.477750000000001762e+01
1.320464843750001194e+01
1.339234374999999133e+01
1.334964843750001684e+01
1.477359375000000341e+01
1.364058593750001513e+01
1.360589843749998451e+01
1.446859375000000725e+01
1.379687500000000000e+01
1.237984375000001691e+01
1.270999999999999375e+01
1.622484375000001222e+01
1.399964843749999588e+01
1.529437499999999162e+01
1.514121093750000036e+01
1.669214843749998778e+01
1.577777343749998806e+01
1.476371093750000441e+01
1.483999999999999986e+01
1.684609375000000142e+01
1.568187499999996604e+01
1.347437500000001798e+01
1.180464843749998138e+01
1.832484375000001364e+01
1.248433593750000092e+01
1.258746093749999773e+01
1.316402343749999737e+01
1.369437499999998842e+01
1.375746093749999410e+01
1.321734374999999240e+01
1.256402343749999773e+01
1.271621093749999964e+01
1.350234374999999964e+01
1.434687500000000071e+01
1.478984374999999929e+01
1.546683593750001862e+01
1.459984375000000512e+01
1.305687499999998025e+01
1.724652343750002359e+01
1.390484374999997996e+01
1.397359375000000092e+01
1.547933593750000014e+01
1.632621093749999019e+01
1.663714843749999162e+01
1.907734375000000071e+01
1.617183593749999915e+01
1.485464843750000341e+01
1.596187499999999204e+01
1.779496093750004349e+01
1.742984375000001052e+01
1.597652343750000092e+01
1.372152343749999659e+01
1.541996093749999908e+01
1.577750000000002117e+01
1.566464843750000036e+01
1.587777343749998593e+01
1.568734375000000547e+01
1.521187500000001691e+01
1.540687499999999055e+01
1.257484374999999588e+01
1.368589843749998991e+01
1.218687500000001123e+01
1.416187500000001265e+01
1.355687499999998202e+01
1.296187500000000270e+01
1.367652343749999488e+01
1.456000000000003602e+01
1.284839843749998067e+01
1.321558593750002331e+01
1.340277343749999339e+01
1.312984375000001158e+01
1.438714843749996319e+01
1.476996093749999694e+01
1.549437499999996781e+01
1.481937500000001329e+01
1.235152343749999027e+01
1.482777343749999588e+01
1.414859374999998565e+01
1.300249999999997996e+01
1.521499999999999453e+01
1.340250000000001762e+01
1.208808593750000071e+01
1.496734374999999417e+01
1.326558593750000981e+01
1.384652343750001968e+01
1.534183593750001684e+01
1.484937500000001265e+01
1.362187499999999929e+01
1.422484375000001933e+01
1.315308593750001798e+01
1.226000000000003354e+01
1.334999999999999964e+01
1.468359375000000000e+01
1.596859374999998593e+01
1.534839843749998600e+01
1.319859374999998103e+01
1.265609374999997883e+01
1.426871093750001229e+01
1.605058593749999929e+01
1.787027343750000696e+01
1.723121093749997712e+01
1.626109375000000412e+01
1.817339843749998707e+01
1.457183593749998352e+01
1.575234374999999964e+01
1.490777343750001194e+01
1.858871093749999659e+01
1.912496093749999915e+01
1.811234375000000796e+01
1.742437499999999417e+01
1.743339843749999929e+01
1.487089843749999929e+01
1.542152343750002430e+01
1.526871093749998032e+01
1.462089843749999929e+01
1.445277343749998877e+01
1.313999999999998103e+01
1.357250000000000512e+01
1.324437500000002288e+01
1.616996093750000441e+01
1.521527343749997030e+01
1.391558593750001549e+01
1.531152343750000000e+01
1.444687500000000036e+01
1.369527343750001513e+01
1.650933593749999062e+01
1.384527343750002082e+01
1.553734375000002288e+01
1.475687499999999730e+01
1.239964843750001400e+01
1.357250000000002466e+01
1.440152343750000341e+01
1.242808593750001123e+01
1.325484374999999559e+01
1.194859375000000412e+01
1.288964843750000000e+01
1.423734374999999375e+01
1.365687500000002252e+01
1.421246093749998352e+01
1.130859375000000000e+01
1.276484375000000071e+01
1.504527343750002011e+01
1.226187500000002117e+01
1.256734374999998849e+01
7.500585937500000355e+00
1.380777343749999808e+01
2.602187500000000142e+01
3.348746093750002473e+01
4.372152343749998948e+01
3.020641582841278250e+03
5.200148722076415652e+03
1.199095840339421738e+04
1.465644759989678823e+04
1.463934527902365335e+04
1.058491874203145198e+04
7.863059835690849468e+03
6.255547747263311976e+03
6.242696086496704993e+03
2.187455038392543884e+03
7.934746626639371243e+02
1.143825093054173749e+03
1.492328625860212924e+03
4.174100565522909392e+02
1.131266366552709769e+03
1.496502895879745438e+03
4.202685887289047059e+03
5.431647857818598823e+03
7.934155616330509474e+03
1.185727264826238206e+04
1.265632160964965624e+04
1.356695559118032361e+04
1.427168879907071278e+04
1.516163158584594203e+04
1.343065527040899360e+04
1.392004622694909631e+04
9.892644408625961660e+03
9.569208264160155522e+03
6.253465057443975638e+03
4.727535642697809635e+03
5.347053521881103734e+03
2.116011901185512215e+03
2.095477608582973971e+03
1.419894226446151606e+03
1.086450398229956591e+03
7.361530281424522855e+02
3.753182758516073818e+02
7.287294142508507093e+02
2.350937499999999858e+01
2.001499999999998280e+01
3.641072529023884954e+02
3.706194034761190323e+02
3.700735523408650920e+02
7.013582832694053195e+02
3.698835007661581358e+02
2.257359375000000412e+01
2.439859374999999986e+01
2.240609374999998948e+01
3.571699314302206290e+02
3.609486499971151829e+02
3.550698761934041841e+02
3.604086185640097142e+02
1.901058593749999304e+01
1.848687500000000838e+01
1.747750000000000270e+01
2.118187500000001577e+01
1.995308593750000981e+01
1.929121093750000071e+01
2.296214843749999801e+01
1.945152343750000057e+01
2.000859374999999929e+01
2.112749999999999417e+01
2.245609374999999730e+01
1.862984374999999204e+01
2.014437499999999659e+01
2.179437499999998451e+01
2.339589843750000142e+01
1.900687499999998309e+01
2.055621093750000128e+01
1.864609374999999858e+01
1.650683593750000000e+01
1.817496093749998209e+01
1.743589843749999346e+01
1.820687499999998948e+01
2.083121093749998209e+01
1.862308593749998664e+01
1.744859374999999346e+01
1.854749999999999943e+01
1.869937500000000696e+01
1.803187499999998522e+01
1.859000000000001052e+01
1.903437500000000071e+01
1.830277343749998309e+01
1.687437500000000767e+01
1.869027343749998593e+01
1.761109375000000199e+01
2.037183593750000199e+01
1.821371093749998948e+01
1.886214843749997172e+01
1.941484374999999929e+01
2.278496093749999929e+01
2.048902343749999844e+01
1.779808593749999446e+01
1.850234375000000142e+01
2.009339843750000654e+01
1.827249999999998664e+01
1.680234374999999858e+01
1.901839843750002501e+01
1.985484374999999346e+01
1.930609374999999162e+01
1.878500000000000369e+01
2.068359375000000000e+01
1.791683593749999659e+01
1.753964843749999858e+01
1.942027343750001478e+01
1.879687500000000000e+01
2.016000000000001791e+01
1.935777343750001478e+01
1.775683593750000000e+01
1.953187500000001364e+01
1.871527343749999872e+01
1.683433593749999346e+01
1.821187499999998494e+01
1.602339843749998849e+01
2.120484375000001620e+01
1.863496093750000071e+01
2.096839843749999233e+01
2.117152343750001009e+01
2.072750000000000270e+01
1.910214843749999858e+01
1.928499999999999304e+01
2.000589843750000085e+01
1.768277343750002117e+01
1.976187500000000696e+01
1.974359374999998096e+01
1.947750000000000270e+01
1.820902343750001506e+01
1.713984375000000071e+01
1.935234374999999929e+01
1.748609375000000909e+01
1.753109374999999304e+01
1.754496093750000085e+01
1.670277343749998877e+01
1.723609374999999133e+01
1.812558593749999858e+01
1.944527343750000625e+01
1.774000000000000909e+01
1.748558593749999801e+01
1.788687499999999631e+01
1.817749999999999844e+01
1.607777343749999233e+01
1.797183593749999631e+01
1.982749999999998991e+01
1.958109375000001862e+01
1.802484374999998806e+01
1.823984374999999858e+01
2.036187500000000838e+01
1.637402343750000000e+01
1.991734375000002188e+01
1.819437500000000085e+01
1.756839843750001506e+01
1.910859375000000071e+01
1.891089843749999844e+01
1.733437500000000142e+01
1.869234375000002046e+01
1.773187499999999517e+01
1.692109375000000071e+01
1.964859374999998565e+01
1.832484374999997456e+01
1.664859374999999631e+01
1.691214843749998664e+01
1.867359374999999133e+01
1.986214843750000014e+01
1.891187500000001265e+01
1.694234374999999559e+01
1.771871093749997783e+01
1.914839843749998849e+01
2.104183593750000369e+01
1.814339843749999659e+01
1.858589843749999204e+01
1.975937499999999858e+01
1.752984375000001904e+01
2.031859374999997314e+01
1.909437499999997456e+01
1.748027343749999929e+01
1.758499999999998664e+01
1.876187500000001407e+01
1.726527343749998167e+01
2.014996093749999773e+01
1.854234374999999702e+01
2.062964843749998067e+01
2.042750000000000199e+01
1.982984375000001620e+01
1.706871093749998991e+01
1.682652343749999346e+01
2.073246093750001862e+01
1.790999999999998593e+01
1.854859375000000909e+01
1.829652343750001009e+01
2.057359374999998280e+01
1.719984374999999943e+01
1.826000000000001222e+01
1.732152343749998735e+01
1.843999999999998707e+01
2.072984374999999346e+01
1.634808593749999517e+01
1.699859374999999062e+01
1.863109374999997669e+01
1.821859374999998238e+01
1.729359375000000298e+01
1.927652343749999275e+01
1.833121093750001407e+01
1.733999999999998920e+01
1.834750000000000725e+01
1.784687500000000071e+01
2.153750000000000142e+01
2.276187500000001407e+01
2.012871093749999929e+01
2.226152343749999929e+01
1.904496093750001506e+01
1.907152343750000512e+01
1.754964843749998948e+01
1.745589843750000725e+01
2.020277343749999233e+01
2.086250000000000071e+01
1.960234374999999929e+01
2.106484375000000142e+01
1.989964843749997314e+01
1.826464843750000000e+01
2.076187499999999631e+01
1.995609375000001862e+01
2.353714843749999730e+01
2.208500000000001151e+01
2.383496093750000000e+01
2.414437500000002146e+01
2.196402343749999275e+01
1.994496093750002430e+01
1.523734374999999730e+01
2.183734374999997385e+01
2.188121093750000057e+01
1.861234375000000796e+01
1.954749999999999943e+01
2.010121093750000298e+01
1.769750000000000512e+01
2.091109374999999915e+01
1.980996093750000142e+01
2.039750000000001506e+01
2.102984374999999773e+01
1.862652343749999062e+01
1.802402343749999858e+01
1.783500000000000441e+01
1.873984374999999858e+01
1.769589843749999858e+01
1.830058593749999929e+01
2.254984374999998664e+01
1.986871093750000483e+01
1.965277343749998806e+01
1.961484374999999858e+01
2.026089843749999631e+01
1.981000000000001648e+01
1.910250000000000270e+01
1.962339843749998636e+01
1.757558593750000142e+01
2.057339843749999631e+01
1.881058593749999019e+01
1.780484374999999631e+01
2.113871093749999375e+01
1.990687499999997456e+01
2.162246093750000142e+01
1.942359374999998778e+01
2.154683593749999915e+01
1.864652343750000085e+01
1.951249999999999929e+01
1.627750000000000696e+01
1.758984375000000000e+01
2.133187500000000014e+01
1.802484374999999872e+01
1.630250000000000199e+01
1.842500000000000071e+01
1.906109374999999062e+01
2.330234374999999858e+01
2.076996093750000938e+01
1.818027343749999858e+01
2.260152343749999559e+01
1.959339843749999588e+01
2.075152343750000128e+01
1.870609375000001506e+01
1.812714843750000071e+01
2.112484375000001435e+01
1.909859375000001336e+01
2.298359375000000071e+01
2.153359375000000142e+01
2.425152343749999773e+01
2.412359374999999062e+01
2.471937500000002075e+01
2.523109375000002785e+01
2.539359374999997243e+01
2.007089843749999858e+01
2.324964843750000654e+01
2.676500000000000412e+01
2.476839843750001791e+01
2.428687499999999133e+01
2.260464843749998209e+01
1.886859374999998806e+01
2.166187500000000554e+01
2.037339843749999346e+01
2.483246093750002004e+01
2.247183593749998209e+01
2.485371093750000071e+01
2.154527343750000057e+01
2.057777343749999588e+01
1.787109375000000000e+01
2.178871093749999943e+01
2.206214843749997456e+01
2.006402343750000483e+01
2.216058593749999162e+01
2.042308593749999091e+01
2.049996093749998494e+01
2.168687500000000412e+01
2.089000000000001123e+01
2.138187499999999375e+01
2.430234374999999858e+01
2.760746093750002572e+01
2.739496093750002359e+01
2.479808593749998025e+01
2.651839843749998948e+01
2.396714843750000057e+01
2.393734375000000369e+01
2.557339843750001052e+01
2.344359374999997669e+01
2.292308593749998380e+01
2.166000000000001080e+01
2.174749999999999162e+01
2.227027343750001620e+01
2.085996093749999858e+01
2.259902343750000142e+01
1.889433593749999929e+01
1.839339843750000725e+01
1.907359374999998991e+01
2.184437499999999588e+01
2.120746093750000227e+01
1.987496093750000270e+01
1.836484374999999858e+01
2.131402343750000128e+01
1.994183593750000938e+01
1.849683593750000199e+01
1.987437499999998991e+01
1.999058593750001123e+01
1.940609374999998593e+01
1.936000000000001009e+01
2.078121093749998494e+01
2.353609374999999204e+01
2.334902343750000142e+01
2.325250000000000483e+01
2.138734375000001364e+01
2.324984375000000725e+01
2.317734374999999858e+01
2.130277343750000085e+01
2.219808593749998948e+01
2.159984375000001222e+01
2.240609374999998948e+01
2.166402343749999559e+01
2.005746093750001791e+01
2.115214843749999929e+01
2.100000000000000000e+01
2.112984375000000981e+01
2.664234375000000199e+01
1.962734375000000142e+01
1.921859374999997527e+01
1.984000000000000341e+01
2.221859375000000369e+01
2.112808593750001762e+01
2.044984375000001364e+01
1.975234375000000142e+01
1.939937500000001336e+01
2.026246093750000199e+01
1.983402343750001506e+01
1.869750000000000867e+01
2.283902343749998920e+01
1.978750000000000142e+01
2.033500000000001862e+01
1.976089843749998920e+01
1.714214843749998707e+01
1.886000000000000654e+01
1.861250000000000071e+01
2.050589843749999375e+01
1.867437500000000838e+01
1.910609374999999588e+01
1.861937499999999091e+01
2.048687499999999417e+01
1.682187499999999858e+01
1.741839843750000938e+01
2.291234375000000512e+01
2.152871093750000142e+01
1.982750000000001478e+01
2.228609375000000270e+01
1.819937500000000696e+01
1.819937500000000696e+01
9.058593750000000000e+00
1.628609374999997428e+01
2.569839843749998565e+01
4.340464843750003610e+01
7.165321272635460446e+02
3.678927397522330466e+03
7.419595099601746369e+03
1.173681571906805038e+04
1.484002340285719038e+04
1.330668134374379952e+04
1.139665513688027931e+04
8.725292614507674443e+03
7.152163107278346615e+03
2.213199640443322551e+03
4.830805717160706081e+03
4.512098022074103028e+03
5.723137174605732980e+03
8.425522055363060645e+03
9.145051162602907425e+03
1.198966835509299199e+04
1.333443062166631353e+04
1.456843471683263851e+04
1.491338968883514463e+04
1.503979778549134426e+04
1.405544833975791698e+04
1.165542659963369442e+04
8.427855157780053560e+03
8.337327447208761441e+03
4.742385101315974680e+03
4.079448149251938048e+03
3.436516803872585115e+03
2.107947207581996736e+03
2.110981783387661380e+03
7.302642470145226525e+02
3.797658863252402170e+02
2.529750000000001364e+01
3.675095322602987835e+02
3.736869150727987403e+02
2.565249999999998565e+01
2.626109375000000767e+01
2.611937499999998025e+01
2.384527343750001194e+01
2.123734375000001151e+01
2.403433593749999631e+01
2.413277343750001691e+01
2.074937500000000767e+01
1.954937500000001194e+01
2.742558593749999929e+01
1.932964843750001194e+01
1.965234375000000000e+01
2.162652343749999417e+01
1.867308593749998735e+01
2.027777343749998096e+01
2.043187500000002288e+01
2.136187500000000483e+01
2.218402343750001648e+01
1.947652343749998849e+01
1.817964843749998494e+01
1.832984374999999488e+01
1.874750000000000583e+01
1.749234375000000341e+01
1.788339843749999858e+01
1.885371093750000071e+01
1.926371093750001506e+01
1.841871093750000909e+01
1.823277343750001123e+01
1.697808593750000838e+01
1.858999999999999631e+01
1.888589843749999275e+01
1.968589843749999346e+01
2.010687499999999162e+01
1.865937500000000071e+01
2.008187499999999304e+01
1.647652343749999559e+01
2.027339843749999204e+01
1.836937499999998025e+01
2.217808593750002188e+01
2.286402343749998778e+01
2.516937499999999517e+01
2.402984375000000483e+01
2.254652343750000654e+01
2.521214843749996959e+01
2.147714843749999858e+01
2.018437499999999929e+01
2.288746093749998423e+01
2.345464843750000838e+01
2.228183593749999858e+01
1.873500000000001009e+01
2.029183593750001791e+01
1.794964843749998806e+01
2.213277343750002402e+01
1.845214843750000000e+01
2.019839843749999631e+01
1.825589843750002572e+01
2.166683593750001080e+01
1.895746093750002714e+01
1.937089843749999929e+01
2.127187500000000142e+01
1.819214843750001265e+01
1.911187499999998352e+01
2.051371093749998664e+01
2.164859374999998209e+01
2.000484374999998849e+01
1.925484375000000981e+01
2.066109375000000625e+01
1.995484375000000199e+01
1.943109374999999517e+01
1.742734374999999858e+01
1.668808593749999858e+01
1.765996093749999929e+01
2.146234374999998096e+01
1.980589843749999801e+01
2.008339843750000142e+01
2.144937500000001052e+01
1.721187500000000270e+01
1.924058593750001833e+01
1.946187500000001336e+01
2.157109374999999929e+01
2.133109375000002572e+01
1.757437500000001762e+01
2.091621093750000071e+01
2.304121093750000071e+01
2.236109375000000554e+01
2.147777343749998025e+01
2.099964843749999588e+01
2.110433593750001435e+01
2.121499999999999631e+01
2.102484375000002359e+01
2.124339843750000156e+01
2.239371093749998565e+01
2.374371093749997641e+01
2.167933593750002075e+01
1.812339843749999346e+01
2.002437500000001336e+01
2.064808593749998522e+01
1.875996093750000071e+01
1.621937499999997812e+01
1.778187499999997812e+01
2.059859374999997073e+01
2.032339843749998920e+01
2.063089843750000441e+01
1.735996093749999858e+01
2.147089843750000071e+01
1.821234375000000583e+01
1.893871093749998735e+01
2.000234375000000142e+01
2.034433593749999858e+01
1.677808593750000554e+01
1.625687500000001506e+01
1.755152343749998778e+01
1.706714843749998778e+01
1.801859375000000441e+01
1.984984375000001577e+01
1.942308593749998380e+01
1.805683593750000071e+01
1.797402343750000142e+01
2.149683593749998778e+01
1.875621093749997925e+01
2.036464843750000142e+01
1.987749999999999417e+01
2.171234374999998096e+01
1.946371093749998948e+01
2.028499999999998948e+01
2.089984375000000938e+01
2.268089843750002288e+01
2.089749999999998309e+01
2.108359374999999858e+01
2.355058593749999929e+01
2.523734374999997954e+01
2.188808593750000142e+01
2.154359375000000298e+01
2.078499999999997527e+01
2.276402343749998636e+01
2.281937500000000085e+01
2.237484375000002501e+01
2.097359374999998494e+01
2.167777343749997243e+01
2.247500000000000142e+01
2.630902343750000227e+01
2.676996093750003780e+01
2.516484374999999929e+01
2.504839843749997286e+01
2.832402343749999929e+01
2.306734375000001336e+01
1.934027343749999162e+01
2.061734374999999631e+01
2.402749999999999275e+01
2.155621093749998707e+01
2.206246093750000981e+01
2.110250000000002046e+01
2.014437500000001791e+01
1.974859375000000483e+01
2.347308593749997030e+01
1.927027343750001620e+01
1.957484374999997456e+01
2.177339843749997428e+01
2.040746093749999801e+01
1.908902343749999631e+01
1.977359374999999275e+01
1.743750000000000000e+01
1.968589843749999346e+01
2.700589843750000085e+01
2.063121093749998280e+01
2.373734374999998309e+01
2.202734375000000000e+01
2.294652343749999801e+01
2.194359374999999446e+01
2.142734374999999858e+01
2.319999999999999929e+01
2.182109374999999929e+01
2.326937499999996106e+01
1.974750000000001293e+01
2.225277343749998593e+01
1.934183593750000796e+01
1.969359375000002643e+01
2.226500000000000412e+01
2.237749999999997996e+01
2.205000000000000071e+01
2.392027343750001478e+01
1.972484374999998380e+01
1.951371093749998309e+01
2.691937500000000938e+01
2.220777343750000909e+01
2.365687499999996746e+01
2.328902343749998494e+01
2.160609374999999943e+01
2.565687500000000298e+01
2.403499999999998948e+01
2.112464843749999588e+01
2.152464843749999446e+01
2.161402343750000199e+01
2.104937500000001904e+01
2.104359375000002075e+01
2.291234375000001222e+01
2.273999999999998778e+01
2.462652343750000483e+01
2.386777343749999858e+01
2.201500000000002188e+01
2.211234374999999375e+01
2.128437500000000071e+01
2.268187500000002643e+01
2.604859375000000199e+01
2.478402343750003212e+01
2.482621093749998664e+01
2.551558593750000981e+01
2.524234374999999275e+01
2.462496093749997783e+01
2.695250000000000767e+01
2.562500000000000000e+01
2.504984374999997954e+01
2.175859374999999929e+01
2.114000000000001123e+01
2.290484375000002260e+01
2.189183593750001222e+01
2.186402343749998778e+01
2.202089843750000142e+01
2.055839843749999929e+01
1.819996093750000199e+01
2.648089843750002004e+01
2.303500000000003212e+01
2.286371093749999517e+01
2.383500000000001506e+01
2.198183593750000142e+01
2.067933593750000654e+01
2.151234374999998522e+01
2.348734374999997243e+01
2.360234374999999929e+01
2.277308593749998167e+01
2.619750000000003709e+01
2.119750000000000867e+01
2.150609374999996604e+01
2.244964843749997740e+01
2.062437499999998636e+01
2.219058593750000696e+01
2.137437500000001123e+01
2.171109374999998920e+01
1.846371093749998948e+01
1.868433593749999488e+01
2.577749999999998565e+01
2.021996093749998735e+01
2.122484374999998380e+01
2.371058593749998167e+01
2.447089843750000071e+01
2.148687500000000483e+01
2.108609375000001052e+01
2.012359375000000483e+01
2.220621093749997499e+01
2.052558593750000071e+01
2.279839843749999062e+01
2.362984375000000625e+01
1.894687499999999858e+01
2.397402343750000142e+01
2.728246093750002643e+01
2.127246093750000000e+01
2.218734375000001435e+01
1.863714843749999517e+01
1.988746093749998778e+01
2.485250000000001336e+01
2.255621093749998352e+01
2.088746093749998778e+01
2.344750000000001577e+01
2.238500000000000512e+01
2.274984374999998238e+01
2.299984374999998238e+01
2.385902343750002075e+01
2.088808593750000142e+01
2.090308593750003041e+01
2.662777343749996817e+01
2.108902343749999631e+01
2.343652343750000000e+01
2.069496093750003496e+01
2.415121093749998593e+01
1.780464843749998849e+01
1.754121093750000071e+01
1.947484375000000867e+01
1.940687499999999233e+01
2.081214843749997101e+01
2.260933593749998494e+01
2.164996093749997996e+01
2.036859375000002714e+01
2.480249999999999844e+01
1.765609375000000014e+01
1.913687499999999631e+01
1.856187499999999346e+01
2.438687499999999631e+01
2.148246093750002927e+01
2.131839843750002217e+01
2.080687499999999801e+01
1.971871093750000270e+01
2.275999999999998025e+01
1.981214843749999943e+01
1.879839843749999062e+01
1.789808593749998877e+01
2.249339843750002998e+01
2.197500000000000142e+01
2.113109375000001577e+01
1.879437499999999872e+01
1.968496093750000142e+01
2.044437500000001151e+01
1.871683593750001506e+01
2.048187499999998096e+01
2.118558593749997954e+01
1.867621093749998451e+01
1.811152343750000071e+01
1.898558593749998735e+01
2.006558593750001407e+01
2.147933593750000725e+01
2.104433593750000142e+01
1.788746093749999844e+01
1.657734375000000071e+01
2.057089843749999858e+01
2.068871093749999801e+01
2.046996093750000512e+01
1.954234374999999346e+01
1.810433593750000725e+01
1.751089843749998209e+01
1.883734374999999517e+01
1.934214843750000057e+01
2.064214843749997996e+01
1.998109375000002075e+01
1.771484375000000000e+01
2.251109374999998636e+01
2.013187499999997243e+01
1.763749999999999929e+01
1.810999999999998522e+01
2.130433593750000654e+01
1.951089843749998565e+01
2.112109375000000000e+01
1.866464843749999858e+01
1.871371093749998593e+01
1.881734374999999559e+01
1.865308593750002331e+01
1.654121093750000071e+01
1.890484374999999062e+01
1.775777343750001336e+01
1.907339843749999631e+01
1.872750000000000270e+01
2.137249999999998451e+01
1.862984375000000981e+01
1.790621093750000981e+01
1.846499999999999631e+01
1.846714843749998636e+01
1.663246093749999943e+01
1.859589843750000071e+01
1.778109374999998948e+01
1.838902343749998636e+01
1.939527343750000554e+01
1.946937499999998167e+01
1.718750000000000000e+01
1.742777343750000085e+01
1.967871093750000000e+01
1.945484374999999488e+01
1.945484374999999488e+01
1.561371093749999872e+01
2.009214843750001478e+01
2.693499999999999162e+01
4.587652343750001194e+01
7.141649660086631002e+02
3.670356986755729395e+03
9.028344260806432430e+03
1.319408374913930857e+04
1.483832157208383433e+04
1.417668890466153607e+04
9.860581070613268821e+03
9.801198519038567611e+03
7.927066865109804894e+03
6.020058504941463980e+03
3.224317931718230284e+03
4.180711391439442195e+03
2.873240474357603034e+03
2.204230992982389580e+03
4.518022127603891022e+03
5.454701847076416016e+03
5.486794181060790834e+03
1.179262707814930764e+04
1.496321178717613293e+04
1.516751334117889019e+04
1.502815381116628669e+04
1.284061051685273742e+04
1.130863881877899621e+04
8.689317868413925680e+03
6.492302683553694806e+03
7.099260906350612458e+03
5.008751593398451405e+03
4.084107487630843934e+03
3.151783637284637280e+03
1.772295283970236824e+03
7.364767006278037798e+02
1.396953851690292367e+03
3.786159205049276579e+02
3.726381211274862153e+02
2.335121093750000298e+01
2.476937499999999304e+01
2.579277343749999929e+01
2.596734375000000483e+01
2.574058593750001478e+01
2.493500000000000938e+01
2.372714843749999858e+01
2.262750000000001904e+01
2.075308593750001407e+01
2.346558593750003041e+01
2.264027343749997812e+01
2.238500000000000867e+01
2.218109375000002714e+01
2.064839843749999915e+01
1.949121093750000000e+01
1.930746093750001435e+01
2.125902343750001577e+01
2.141714843750001052e+01
1.974027343749996888e+01
1.738808593750000142e+01
1.908871093750000369e+01
2.245433593750001222e+01
2.095484375000001620e+01
1.743089843750000156e+01
1.818964843750000071e+01
1.827339843750000270e+01
1.804058593750001549e+01
2.097777343749999801e+01
2.035609374999996746e+01
2.166714843750001052e+01
2.457652343750000767e+01
2.078734374999998025e+01
1.959683593749998920e+01
2.290746093749999801e+01
2.029234375000000057e+01
2.040746093749999801e+01
2.121187499999999559e+01
2.455249999999997357e+01
2.305277343749996533e+01
2.546859374999997883e+01
2.199687499999999929e+01
2.321484375000000000e+01
2.215249999999999275e+01
2.411499999999998067e+01
2.651402343749998636e+01
1.961859374999999872e+01
2.218339843749999929e+01
2.427152343750000796e+01
2.106109375000001904e+01
2.223187499999999517e+01
2.444984374999998167e+01
2.061109374999999844e+01
2.300277343749998948e+01
2.225058593749999858e+01
2.021871093749997783e+01
1.944964843749999872e+01
1.969839843749999275e+01
1.963437499999999858e+01
1.941371093749999233e+01
1.682246093750000071e+01
1.699121093750000000e+01
2.270902343749999730e+01
1.905687499999999801e+01
1.973402343750001364e+01
1.902734375000000000e+01
2.084683593750000696e+01
2.292183593749998849e+01
2.007027343750000981e+01
2.046249999999999858e+01
1.746499999999999275e+01
1.752964843749997925e+01
2.076937500000000369e+01
2.148687500000001549e+01
1.917308593749998380e+01
2.048902343749999133e+01
1.940746093750001933e+01
1.972984374999998991e+01
1.824339843750002643e+01
2.065609375000003212e+01
1.874937499999999702e+01
2.130902343750001648e+01
1.936683593750002075e+01
1.735152343750000981e+01
1.844234375000002046e+01
2.075484375000001691e+01
2.305777343750001052e+01
1.948714843749996461e+01
1.788687499999998920e+01
1.804683593749999915e+01
1.926234374999999233e+01
1.864839843749999915e+01
1.765746093749999446e+01
2.853500000000000725e+01
7.462835182547569275e+02
1.426610192022323872e+03
7.337493117117880956e+02
1.090821421789526767e+03
1.091879024633765312e+03
1.444821090459823608e+03
1.794557523044943764e+03
1.100335103735327721e+03
1.445648247442245520e+03
1.442499205694198736e+03
7.372765907645225525e+02
1.435358913946151688e+03
1.099005760473608916e+03
1.085012806982398160e+03
1.099249554724097379e+03
7.353792921805381866e+02
3.842066514009237608e+02
1.093759608435034806e+03
7.238956453299522309e+02
1.089850300573706363e+03
7.303987184500695093e+02
7.450093977713585218e+02
1.092902619299292610e+03
3.609134723848104613e+02
7.355702070975303286e+02
3.784233326143025806e+02
3.780273600190877801e+02
3.717493564790487994e+02
1.857437500000001052e+01
7.379417238211631229e+02
2.113558593749998593e+01
2.018984375000000142e+01
3.790033472627401352e+02
2.279339843750001648e+01
7.340816591238974524e+02
1.082125495886206863e+03
1.432760045537948599e+03
3.778852845185995193e+02
7.331905562186241241e+02
1.102117925390601158e+03
1.077177903723120608e+03
7.413716597342493060e+02
7.355867628836633685e+02
7.402954011893273218e+02
2.128277343750002615e+01
7.374961256766317774e+02
3.862850892060994852e+02
7.245603792166709809e+02
3.848882175630330948e+02
1.772049279331565003e+03
3.859866221040487062e+02
2.050121093749999801e+01
3.802982789033651443e+02
2.024000000000000199e+01
2.133746093749999062e+01
1.895999999999999019e+01
2.252621093750000369e+01
2.070621093749999631e+01
2.111871093749998352e+01
1.101166366552710542e+03
2.111402343749999488e+01
2.265859375000000142e+01
2.194589843749999858e+01
2.178687500000000199e+01
2.512152343750000227e+01
2.420484374999998778e+01
2.127250000000001506e+01
2.322359375000001336e+01
2.404437499999998806e+01
2.343746093749999559e+01
2.598187499999998096e+01
2.414808593749997812e+01
2.323902343749998778e+01
2.247933593750000725e+01
2.248902343749999133e+01
2.054433593750000142e+01
2.338027343750000142e+01
2.427250000000002217e+01
1.974808593749999375e+01
2.158652343749999858e+01
2.096714843750000767e+01
3.823992099946737540e+02
2.611109374999999844e+01
2.325687499999999019e+01
2.226859374999999730e+01
2.118734374999998948e+01
7.319602754569053786e+02
2.414808593749997456e+01
3.811158594697714079e+02
3.878919632905722210e+02
2.727437500000000981e+01
2.209496093750002288e+01
3.849741611665487540e+02
7.439422713065146127e+02
3.836223209565877141e+02
2.658609374999999631e+01
2.352984374999999417e+01
2.491234374999996959e+01
7.340977327322959809e+02
2.272359374999999204e+01
7.364762086844443729e+02
2.146937499999997812e+01
2.517250000000001720e+01
2.381402343749999773e+01
2.199058593750001478e+01
2.077734375000000000e+01
2.026089843749999986e+01
3.819820902436971437e+02
1.969027343749998948e+01
2.303109374999997527e+01
7.348467390799521581e+02
2.039683593750000057e+01
3.788381257051229909e+02
3.806270023530722142e+02
3.713255527681111516e+02
3.779627039521932375e+02
2.084750000000001791e+01
3.706245234102010500e+02
1.067084229406714485e+03
7.185691621756552649e+02
1.060453259558081754e+03
3.747320993989706039e+02
2.201996093749999162e+01
2.117250000000001720e+01
3.772039524263143448e+02
3.810494318574666863e+02
3.803783374971151829e+02
2.121109375000000341e+01
2.346499999999998209e+01
2.576859374999999730e+01
2.186734375000001052e+01
1.084820256018042528e+03
2.138749999999999929e+01
2.170683593749999929e+01
7.415453902029992150e+02
7.405335036063195275e+02
3.826407740205526125e+02
7.370578285574913480e+02
7.360220674490929014e+02
7.378815809988975616e+02
3.855076096528768517e+02
3.814693927949666659e+02
3.826960856050253028e+02
3.831613743013143676e+02
2.421000000000001151e+01
3.763145798677205676e+02
7.352711745047569138e+02
2.173027343749999929e+01
1.078392040991186832e+03
2.036214843749999304e+01
2.429339843749999517e+01
2.117359375000000554e+01
2.216996093750000085e+01
3.819176487153768562e+02
2.136500000000001620e+01
2.110000000000000142e+01
7.362608565115930332e+02
2.176402343750000057e+01
2.299000000000000554e+01
2.293109374999996319e+01
7.372345735526084809e+02
2.146859374999999304e+01
2.314183593750001222e+01
2.211937499999997314e+01
1.978558593749999162e+01
2.205902343750002359e+01
2.156621093749999929e+01
1.841734374999999702e+01
1.860484375000002188e+01
2.061859375000000227e+01
1.901234374999999588e+01
2.142984375000000696e+01
1.927484374999999162e+01
1.735464843749998920e+01
2.211308593749999929e+01
2.009984374999999091e+01
2.373609374999997712e+01
2.319214843749999488e+01
1.949000000000001620e+01
7.237041231131554468e+02
3.762233643525838716e+02
2.113749999999999929e+01
2.232621093749998664e+01
2.124683593749999488e+01
2.210859375000000071e+01
2.217558593749999929e+01
3.784771091645956176e+02
3.797223404878378687e+02
1.069115033239722152e+03
3.840994220918416886e+02
3.832379532808064937e+02
7.379236696219444411e+02
2.291499999999999915e+01
2.074433593750000071e+01
2.319527343750001336e+01
3.778783838838338625e+02
2.285609375000003496e+01
7.406517091727256457e+02
2.317750000000001620e+01
1.784645371555686097e+03
3.833181354707479613e+02
7.217613631033898400e+02
3.804751941865682738e+02
2.355933593749999133e+01
2.456109374999999062e+01
1.423357421026229758e+03
2.201000000000001933e+01
2.465746093750001222e+01
2.302496093749999417e+01
2.456109374999999062e+01
1.912249999999999162e+01
2.424589843749999929e+01
2.103609374999999204e+01
2.111859375000002359e+01
2.192359374999998778e+01
2.187308593749998664e+01
2.208687500000001336e+01
2.069937500000001052e+01
1.980746093750002856e+01
2.261402343750000199e+01
1.981484375000000142e+01
2.066214843750000085e+01
2.010609374999997101e+01
2.261058593749998735e+01
2.324214843750000981e+01
1.857152343750000512e+01
2.178187500000002430e+01
2.208687500000000270e+01
3.749759034150839057e+02
2.196500000000001407e+01
1.981109375000000483e+01
2.101484375000000071e+01
1.875609375000000512e+01
2.015371093750000142e+01
2.219359374999999446e+01
2.189746093750000000e+01
2.309437499999999588e+01
2.236859375000002359e+01
2.202750000000001407e+01
2.409808593749998806e+01
2.146558593750001265e+01
2.227109374999999858e+01
1.914234374999998778e+01
1.916683593750001080e+01
2.241234375000000867e+01
1.963187499999999375e+01
2.069027343749997527e+01
2.314683593749998636e+01
2.198687499999999062e+01
2.181109374999999062e+01
1.999496093750001791e+01
2.224902343750000000e+01
2.255234374999999858e+01
2.031234374999998948e+01
2.188433593750000128e+01
2.159027343749999517e+01
2.227359375000000341e+01
2.165121093750000014e+01
2.020058593750000142e+01
2.286187500000000483e+01
2.227484374999998096e+01
8.524843749999993392e+00
1.047183593749999986e+01
1.629652343749999588e+01
3.181089843749999346e+01
4.129839843749999773e+01
1.713054417881369545e+03
6.938426886033417759e+03
8.464648406500216879e+03
9.635376594350329469e+03
1.469440418711602615e+04
1.474290307540356844e+04
1.408470559200048410e+04
1.374745546312093757e+04
1.303967714568137671e+04
1.153252738637684342e+04
1.043325178488731399e+04
1.085771344697714085e+04
9.158933653447620600e+03
9.776528122615221946e+03
1.215113572329937415e+04
1.289334412315131340e+04
1.403561381583213733e+04
1.423247956292570234e+04
1.504566170333325863e+04
1.427141860164403988e+04
1.312546834563256198e+04
8.347796602177024397e+03
7.069274022195339967e+03
6.215218344492314827e+03
3.442987919595241692e+03
2.466687151212096524e+03
1.081262974829077848e+03
1.429673589239120247e+03
3.786161637300253346e+02
3.782908619111776147e+02
3.755320588105917068e+02
2.362089843749999929e+01
2.535687499999999872e+01
2.715746093749999801e+01
2.532714843750000000e+01
2.753871093749997812e+01
3.617229807466268312e+02
2.755433593750000298e+01
2.186527343749998664e+01
2.112484374999997527e+01
2.208433593749999702e+01
2.092359374999998778e+01
2.130277343749997954e+01
2.053609374999999559e+01
2.026246093749999488e+01
1.970933593749999346e+01
1.861859374999999162e+01
2.135609374999997812e+01
1.832734375000000071e+01
1.738277343750001336e+01
2.012437500000000412e+01
1.962339843749999346e+01
1.931402343749999417e+01
1.948687500000001194e+01
1.984859374999998849e+01
2.340277343749999517e+01
2.004609375000000071e+01
2.190687499999998877e+01
2.320433593750000156e+01
2.241246093749999702e+01
2.232437500000001407e+01
2.432109374999999929e+01
2.238246093749999588e+01
1.930152343749998778e+01
2.069750000000001222e+01
1.781621093749999929e+01
1.873187500000000227e+01
2.101621093749999858e+01
1.947187500000000071e+01
2.086109374999998778e+01
1.794496093749999588e+01
2.114496093750001648e+01
1.824996093749997428e+01
2.208500000000000796e+01
2.108089843750000014e+01
2.222484374999999091e+01
2.027933593749999730e+01
1.967109375000000071e+01
2.231109374999998352e+01
2.078687500000000199e+01
1.844984374999999233e+01
2.297984374999999346e+01
1.732964843750000838e+01
2.064964843749997314e+01
1.941683593750000369e+01
1.889683593749998991e+01
2.178339843750000071e+01
2.019937500000001052e+01
2.176734374999999488e+01
1.683187500000001080e+01
1.535859375000000071e+01
1.756734374999999915e+01
1.863402343750000156e+01
1.762734375000000142e+01
1.983402343750000796e+01
1.986734374999999275e+01
1.968359375000000000e+01
2.542777343749998309e+01
2.496839843750000298e+01
2.103687499999999488e+01
2.096484375000000000e+01
1.586371093749999872e+01
1.588121093750000590e+01
1.706500000000000838e+01
2.113589843749998920e+01
2.131937500000001506e+01
1.794214843750001265e+01
1.918871093749998380e+01
1.881734374999998849e+01
1.711058593749998735e+01
2.117250000000000298e+01
2.210234374999999929e+01
2.397750000000002402e+01
2.328750000000000142e+01
1.913984375000000071e+01
2.210214843749999858e+01
2.048277343750000767e+01
2.192027343750000412e+01
2.046484375000000000e+01
1.979652343749999943e+01
2.177183593749999702e+01
1.977777343749997385e+01
2.296402343750001052e+01
2.526402343749998991e+01
1.780687499999998735e+01
1.670121093749999375e+01
1.669984374999999233e+01
1.874234374999999275e+01
1.809214843749999346e+01
1.978902343749998494e+01
2.111500000000000199e+01
1.949359375000001648e+01
1.926996093750001293e+01
1.737464843749999233e+01
1.676734375000000909e+01
1.986937499999998380e+01
1.649859374999999062e+01
1.744859374999999702e+01
1.699058593750000767e+01
1.662183593750000199e+01
1.678437500000000071e+01
1.805937499999999929e+01
1.527621093749999304e+01
1.839937499999998494e+01
1.669371093749998991e+01
1.734214843749999346e+01
1.603359375000000142e+01
1.522250000000002146e+01
1.592359374999999844e+01
1.675902343749999446e+01
1.820214843750000000e+01
1.522484375000000156e+01
1.787437500000000767e+01
1.789687500000000142e+01
1.946371093749998948e+01
1.663109375000000156e+01
1.761214843750000369e+01
1.602308593749999943e+01
1.951558593750001336e+01
1.626187499999999631e+01
1.400746093749998877e+01
1.701996093750000227e+01
1.802777343749998451e+01
1.619359374999997314e+01
1.909749999999998948e+01
1.555746093749999304e+01
2.001499999999999346e+01
1.503089843749999943e+01
1.869999999999999929e+01
1.627749999999999986e+01
1.810999999999998522e+01
1.749277343749999858e+01
1.728089843749999588e+01
1.695249999999998636e+01
1.850621093749998280e+01
1.728109375000000014e+01
1.791734375000000767e+01
1.769839843749999631e+01
1.548359375000000071e+01
1.857749999999999702e+01
1.762871093749999929e+01
1.674496093749999659e+01
1.550609374999998735e+01
1.701937500000000725e+01
1.834183593750000796e+01
1.724937500000000767e+01
1.874277343749999858e+01
2.072339843749998778e+01
2.061000000000001720e+01
1.733714843749998380e+01
1.836152343750000071e+01
1.867152343750001364e+01
1.951000000000000867e+01
1.814339843750001435e+01
2.236058593749999091e+01
2.019234375000000625e+01
1.610609375000001009e+01
1.809984374999999801e+01
1.900999999999999801e+01
1.901187500000001052e+01
1.701996093750001648e+01
1.701214843749999872e+01
1.567500000000000071e+01
1.844339843750001862e+01
1.903734375000001222e+01
2.019027343749999304e+01
1.783246093749999517e+01
1.940152343749999275e+01
1.726371093749998664e+01
1.843687499999998991e+01
1.971621093750000142e+01
1.867152343750000654e+01
1.635777343750001123e+01
1.745484374999999844e+01
1.799964843749997812e+01
1.598746093750001407e+01
1.672187500000000071e+01
1.821249999999999858e+01
1.926499999999998991e+01
1.686058593749999801e+01
1.649937500000000767e+01
1.731621093749999929e+01
1.587437500000000057e+01
1.604750000000002075e+01
1.617777343749999730e+01
1.689000000000000767e+01
1.914999999999999858e+01
1.610234374999999929e+01
1.660277343749998735e+01
1.572750000000000270e+01
1.603500000000000014e+01
1.399214843750000092e+01
1.683109375000000441e+01
1.856187500000001478e+01
1.771499999999998565e+01
1.657109374999999929e+01
1.804058593750001549e+01
1.733734374999998451e+01
1.542500000000000071e+01
1.667183593749999204e+01
1.764359374999997243e+01
1.639359374999998664e+01
2.108609375000000696e+01
2.024609375000000000e+01
2.402359374999999275e+01
1.669359375000001222e+01
1.421484375000000000e+01
1.667964843749999559e+01
1.708964843749999929e+01
1.564121093750000036e+01
1.909839843750000199e+01
2.046937499999999233e+01
1.824183593750000654e+01
1.791499999999999915e+01
1.835933593749998494e+01
2.014984374999998451e+01
2.103734375000001222e+01
1.811527343749999375e+01
1.782308593749999659e+01
1.751871093749999631e+01
1.545214843750000000e+01
1.626937500000000014e+01
1.862933593750000227e+01
1.990609375000001791e+01
2.194496093749999233e+01
2.090464843749999346e+01
2.131089843749999346e+01
2.261937499999999801e+01
2.274996093749999204e+01
2.089589843750000142e+01
2.223187500000002004e+01
2.706089843749999702e+01
2.500433593750000938e+01
2.065746093750001933e+01
2.142437500000000483e+01
2.203687500000000554e+01
2.383187499999999659e+01
1.917246093749999858e+01
1.981777343750000142e+01
2.014964843749997314e+01
1.864750000000000796e+01
2.052984374999999062e+01
1.807734375000000071e+01
1.809589843750000071e+01
1.896464843749999929e+01
2.182750000000002188e+01
2.457402343749999929e+01
2.230249999999998778e+01
2.574527343750001052e+01
1.808183593749999929e+01
1.876859375000000796e+01
1.929214843750000696e+01
2.365621093749998138e+01
2.124937500000000767e+01
2.015250000000000341e+01
1.975308593750001762e+01
1.914808593749999233e+01
1.739984375000000938e+01
2.261371093749999517e+01
1.879214843750001052e+01
1.916402343749998849e+01
1.960249999999998494e+01
2.085902343750001364e+01
2.018027343749999858e+01
2.087652343750000483e+01
1.948687499999999062e+01
2.335371093750000071e+01
2.297308593749998806e+01
2.302734375000000000e+01
1.841109374999998138e+01
2.112339843749999346e+01
1.949859374999999062e+01
2.096109374999998209e+01
1.907750000000000057e+01
1.724433593750000071e+01
1.807496093749999844e+01
2.297183593749999631e+01
2.481058593749998664e+01
2.609359375000000725e+01
1.767750000000000909e+01
1.980250000000000554e+01
2.492496093750000696e+01
2.792749999999998067e+01
2.691109374999999915e+01
2.493609375000000483e+01
2.389027343749999588e+01
2.138902343749999702e+01
2.190121093750000014e+01
2.244746093750000071e+01
2.379964843749999659e+01
2.490249999999999275e+01
2.194984374999999233e+01
2.330152343749999133e+01
2.115777343750001549e+01
2.141234375000000512e+01
2.213109375000002643e+01
1.971500000000001762e+01
2.145152343749998991e+01
2.267500000000000071e+01
2.046859375000003212e+01
2.084937500000000199e+01
2.537109375000000000e+01
2.045589843750001080e+01
2.163109374999999446e+01
2.235464843750000696e+01
2.328589843750000554e+01
2.208187500000000014e+01
2.105152343750000199e+01
