0.000000000000000000e+00
2.950298437500000546e+02
2.853874999999999886e+02
2.837248437499998772e+02
2.780849999999998658e+02
2.728568359375000227e+02
2.767443749999998204e+02
2.661433984374999113e+02
2.716274999999997135e+02
2.691355859374998545e+02
2.851437109374998045e+02
2.881543359374997522e+02
2.862074609375000591e+02
2.911465234374997522e+02
2.912225000000001955e+02
2.999399999999998272e+02
3.164443749999998658e+02
3.307123437500000023e+02
3.270435937499997863e+02
3.281193750000001046e+02
3.304673437499999977e+02
3.603499609374998727e+02
3.710360937499999636e+02
3.835685937499998772e+02
3.784030859374998954e+02
3.691618749999998954e+02
3.878724999999997181e+02
3.945398437499999886e+02
4.114380859374999773e+02
4.208293359374996498e+02
4.166525000000002592e+02
4.413980859374995589e+02
4.529110937500003047e+02
4.545858984375003047e+02
4.402208984375000114e+02
4.690150000000003274e+02
4.613749609375001342e+02
4.685437109375000659e+02
4.697443749999998772e+02
4.784171484375003160e+02
5.055498437499996953e+02
5.073568750000000591e+02
5.156015234375000773e+02
5.238724999999999454e+02
5.297150000000003729e+02
5.264110937500004184e+02
5.493062109375002819e+02
5.443243750000001455e+02
5.437850000000000819e+02
5.603927734374999545e+02
5.741685937500000136e+02
5.830265234375003729e+02
5.762949609375002638e+02
5.771693749999998317e+02
5.591468359375001000e+02
5.196210937500000000e+02
5.111474609375000000e+02
7.426343079560999740e+02
1.211131042456028354e+03
1.454990013799667395e+03
1.459279979619981987e+03
1.671007626194360910e+03
1.689362469334007528e+03
2.485207520256044063e+03
2.987522736489772797e+03
2.987522736489772797e+03
4.048349999999998090e+02
3.545249609374998840e+02
3.478498437499997635e+02
3.631843359374998954e+02
3.762025000000001000e+02
3.843974609375000000e+02
5.974645960420369875e+02
8.652550184988983801e+02
1.100319410681125873e+03
1.928879766175748273e+03
3.023219729897979505e+03
5.316359173960081534e+03
7.706849922978877657e+03
9.053203982204786371e+03
1.169339108223856601e+04
1.175095005684793068e+04
1.292096956552267147e+04
1.313802543166875876e+04
1.314805172498464890e+04
1.318287319651544021e+04
1.215921184060037012e+04
1.160623922202825997e+04
1.005522499762475491e+04
8.354273158452509961e+03
7.053022401847838410e+03
4.221641690286994162e+03
1.818581888889669699e+03
1.821996316074729066e+03
5.156674118989706130e+02
1.793902734375000705e+02
1.795360937499998499e+02
