0.000000000000000000e+00
3.757659999999999854e+04
3.761659999999999854e+04
3.750619999999999709e+04
3.755900000000000000e+04
3.736540000000000146e+04
3.721500000000000000e+04
3.745819999999999709e+04
3.738459999999999854e+04
3.730459999999999854e+04
3.727900000000000000e+04
3.723419999999999709e+04
3.737019999999999709e+04
3.734619999999999709e+04
3.729019999999999709e+04
3.728059999999999854e+04
3.710940000000000146e+04
3.715900000000000000e+04
3.717500000000000000e+04
3.697019999999999709e+04
3.707580000000000291e+04
3.695100000000000000e+04
3.720059999999999854e+04
3.724059999999999854e+04
3.708219999999999709e+04
3.711419999999999709e+04
3.726780000000000291e+04
3.735580000000000291e+04
3.716700000000000000e+04
3.676700000000000000e+04
3.679740000000000146e+04
3.676859999999999854e+04
3.702780000000000291e+04
3.712219999999999709e+04
3.706459999999999854e+04
3.685019999999999709e+04
3.705180000000000291e+04
3.719900000000000000e+04
3.726940000000000146e+04
3.732700000000000000e+04
3.710619999999999709e+04
3.710300000000000000e+04
3.706300000000000000e+04
3.753340000000000146e+04
3.711740000000000146e+04
3.735259999999999854e+04
3.707419999999999709e+04
3.718140000000000146e+04
3.732219999999999709e+04
3.713980000000000291e+04
3.730619999999999709e+04
3.741180000000000291e+04
3.722940000000000146e+04
3.722619999999999709e+04
3.724700000000000000e+04
3.705019999999999709e+04
3.710940000000000146e+04
3.730619999999999709e+04
3.726940000000000146e+04
3.731900000000000000e+04
3.749180000000000291e+04
3.701340000000000146e+04
3.738619999999999709e+04
3.748700000000000000e+04
3.720380000000000291e+04
3.709180000000000291e+04
3.706940000000000146e+04
3.701340000000000146e+04
3.695419999999999709e+04
3.720380000000000291e+04
3.704059999999999854e+04
3.704219999999999709e+04
3.705659999999999854e+04
3.700059999999999854e+04
3.717659999999999854e+04
3.701340000000000146e+04
3.706140000000000146e+04
3.699259999999999854e+04
3.681180000000000291e+04
3.679740000000000146e+04
3.727259999999999854e+04
3.737340000000000146e+04
3.761500000000000000e+04
3.796219999999999709e+04
3.790619999999999709e+04
3.808059999999999854e+04
3.824380000000000291e+04
3.838459999999999854e+04
3.827740000000000146e+04
3.852700000000000000e+04
3.829019999999999709e+04
3.854140000000000146e+04
3.859740000000000146e+04
3.849819999999999709e+04
3.877180000000000291e+04
3.869659999999999854e+04
3.883100000000000000e+04
3.883580000000000291e+04
3.870619999999999709e+04
3.868700000000000000e+04
3.858140000000000146e+04
3.854459999999999854e+04
3.857340000000000146e+04
3.872059999999999854e+04
3.851580000000000291e+04
3.870940000000000146e+04
3.862780000000000291e+04
3.867900000000000000e+04
3.856219999999999709e+04
3.877019999999999709e+04
3.863580000000000291e+04
3.867259999999999854e+04
3.860059999999999854e+04
3.859580000000000291e+04
3.868859999999999854e+04
3.828540000000000146e+04
3.830459999999999854e+04
3.853659999999999854e+04
3.860380000000000291e+04
3.851580000000000291e+04
3.825340000000000146e+04
3.829019999999999709e+04
3.839100000000000000e+04
3.832700000000000000e+04
3.827900000000000000e+04
3.821019999999999709e+04
3.849340000000000146e+04
3.815580000000000291e+04
3.829180000000000291e+04
3.833659999999999854e+04
3.853500000000000000e+04
3.876700000000000000e+04
3.885180000000000291e+04
3.840059999999999854e+04
3.828219999999999709e+04
3.833500000000000000e+04
3.857819999999999709e+04
3.859100000000000000e+04
3.846619999999999709e+04
3.829340000000000146e+04
3.826780000000000291e+04
3.833819999999999709e+04
3.837500000000000000e+04
3.825180000000000291e+04
3.844059999999999854e+04
3.837180000000000291e+04
3.837980000000000291e+04
3.838459999999999854e+04
3.836700000000000000e+04
3.829019999999999709e+04
3.835580000000000291e+04
3.826940000000000146e+04
3.813180000000000291e+04
3.835419999999999709e+04
3.818300000000000000e+04
3.829819999999999709e+04
3.866300000000000000e+04
3.843740000000000146e+04
3.835580000000000291e+04
3.829819999999999709e+04
3.828700000000000000e+04
3.842940000000000146e+04
3.844059999999999854e+04
3.817659999999999854e+04
3.832540000000000146e+04
3.822780000000000291e+04
3.844059999999999854e+04
3.824700000000000000e+04
3.849019999999999709e+04
3.825659999999999854e+04
3.841340000000000146e+04
3.829819999999999709e+04
3.833340000000000146e+04
3.821980000000000291e+04
3.842300000000000000e+04
3.838940000000000146e+04
3.802619999999999709e+04
3.806300000000000000e+04
3.818619999999999709e+04
3.818140000000000146e+04
3.828700000000000000e+04
3.838300000000000000e+04
3.842140000000000146e+04
3.841019999999999709e+04
3.849500000000000000e+04
3.854940000000000146e+04
3.861500000000000000e+04
3.868219999999999709e+04
3.881819999999999709e+04
3.872700000000000000e+04
3.849180000000000291e+04
3.870940000000000146e+04
3.882619999999999709e+04
3.881180000000000291e+04
3.884059999999999854e+04
3.859259999999999854e+04
3.860859999999999854e+04
3.920219999999999709e+04
3.847900000000000000e+04
3.838619999999999709e+04
3.839259999999999854e+04
3.829180000000000291e+04
3.826940000000000146e+04
3.848059999999999854e+04
3.842940000000000146e+04
3.842940000000000146e+04
3.111740000000000146e+04
3.226140000000000146e+04
3.438300000000000000e+04
3.664059999999999854e+04
3.842780000000000291e+04
4.034780000000000291e+04
4.217340000000000146e+04
4.333019999999999709e+04
4.441500000000000000e+04
4.548700000000000000e+04
4.585019999999999709e+04
4.655100000000000000e+04
4.679580000000000291e+04
4.686459999999999854e+04
4.682940000000000146e+04
4.683100000000000000e+04
4.685659999999999854e+04
4.648540000000000146e+04
4.634459999999999854e+04
4.586619999999999709e+04
4.568700000000000000e+04
4.548059999999999854e+04
4.555900000000000000e+04
4.500859999999999854e+04
4.484380000000000291e+04
4.459259999999999854e+04
4.416540000000000146e+04
4.389340000000000146e+04
4.376540000000000146e+04
4.347100000000000000e+04
4.302619999999999709e+04
4.267740000000000146e+04
4.241500000000000000e+04
4.212059999999999854e+04
4.179740000000000146e+04
4.166459999999999854e+04
4.176380000000000291e+04
4.129500000000000000e+04
4.105340000000000146e+04
4.101180000000000291e+04
4.044059999999999854e+04
4.050459999999999854e+04
4.037980000000000291e+04
4.008859999999999854e+04
3.988859999999999854e+04
3.988059999999999854e+04
3.966459999999999854e+04
3.944859999999999854e+04
3.954459999999999854e+04
3.941180000000000291e+04
3.916700000000000000e+04
3.906140000000000146e+04
3.928219999999999709e+04
3.888219999999999709e+04
3.883259999999999854e+04
3.864859999999999854e+04
3.870619999999999709e+04
3.847419999999999709e+04
3.844380000000000291e+04
3.847100000000000000e+04
3.819740000000000146e+04
3.814300000000000000e+04
3.809340000000000146e+04
3.795900000000000000e+04
3.781019999999999709e+04
3.772700000000000000e+04
3.760700000000000000e+04
3.745659999999999854e+04
3.741659999999999854e+04
3.760540000000000146e+04
3.777980000000000291e+04
3.761500000000000000e+04
3.790619999999999709e+04
3.796700000000000000e+04
3.816859999999999854e+04
3.806940000000000146e+04
3.820700000000000000e+04
3.818619999999999709e+04
3.819100000000000000e+04
3.808859999999999854e+04
3.820380000000000291e+04
3.810140000000000146e+04
3.821340000000000146e+04
3.812540000000000146e+04
3.791259999999999854e+04
3.806300000000000000e+04
3.773819999999999709e+04
3.779900000000000000e+04
3.800059999999999854e+04
3.783100000000000000e+04
3.788540000000000146e+04
3.773980000000000291e+04
3.771580000000000291e+04
3.785659999999999854e+04
3.789180000000000291e+04
3.808059999999999854e+04
3.795740000000000146e+04
3.782780000000000291e+04
3.737180000000000291e+04
3.771900000000000000e+04
3.775900000000000000e+04
3.781819999999999709e+04
3.762459999999999854e+04
3.772059999999999854e+04
3.747259999999999854e+04
3.773819999999999709e+04
3.751100000000000000e+04
3.764700000000000000e+04
3.755419999999999709e+04
3.765019999999999709e+04
3.749819999999999709e+04
3.753340000000000146e+04
3.748859999999999854e+04
3.735900000000000000e+04
3.747580000000000291e+04
3.731100000000000000e+04
3.737980000000000291e+04
3.762140000000000146e+04
3.779259999999999854e+04
3.773980000000000291e+04
3.767259999999999854e+04
3.771419999999999709e+04
3.767419999999999709e+04
3.770140000000000146e+04
3.763900000000000000e+04
3.774619999999999709e+04
3.770940000000000146e+04
3.771580000000000291e+04
3.769980000000000291e+04
3.779100000000000000e+04
3.781180000000000291e+04
3.764700000000000000e+04
3.781980000000000291e+04
3.765500000000000000e+04
3.776859999999999854e+04
3.769019999999999709e+04
3.763740000000000146e+04
3.759100000000000000e+04
3.739740000000000146e+04
3.741500000000000000e+04
3.730780000000000291e+04
3.760059999999999854e+04
3.744859999999999854e+04
3.758140000000000146e+04
3.732380000000000291e+04
3.725180000000000291e+04
3.727900000000000000e+04
3.731419999999999709e+04
3.753500000000000000e+04
3.726459999999999854e+04
3.756540000000000146e+04
3.715740000000000146e+04
3.716219999999999709e+04
3.737019999999999709e+04
3.743740000000000146e+04
3.727100000000000000e+04
3.748219999999999709e+04
3.742780000000000291e+04
3.733340000000000146e+04
3.725180000000000291e+04
3.708700000000000000e+04
3.710140000000000146e+04
3.712540000000000146e+04
3.729340000000000146e+04
3.732540000000000146e+04
3.725819999999999709e+04
3.741180000000000291e+04
3.763740000000000146e+04
3.764859999999999854e+04
3.768540000000000146e+04
3.752059999999999854e+04
3.764540000000000146e+04
3.780540000000000146e+04
3.767100000000000000e+04
3.772540000000000146e+04
3.756859999999999854e+04
3.750459999999999854e+04
3.754619999999999709e+04
3.773019999999999709e+04
3.772219999999999709e+04
3.754780000000000291e+04
3.769500000000000000e+04
3.745340000000000146e+04
3.728380000000000291e+04
3.719580000000000291e+04
3.736219999999999709e+04
3.738940000000000146e+04
3.742619999999999709e+04
3.731740000000000146e+04
3.735100000000000000e+04
3.742619999999999709e+04
3.745500000000000000e+04
3.742940000000000146e+04
3.739100000000000000e+04
3.709180000000000291e+04
3.732540000000000146e+04
3.719100000000000000e+04
3.712859999999999854e+04
3.727900000000000000e+04
3.736700000000000000e+04
3.704540000000000146e+04
3.745659999999999854e+04
3.713659999999999854e+04
3.720219999999999709e+04
3.720380000000000291e+04
3.701180000000000291e+04
3.701019999999999709e+04
3.694459999999999854e+04
3.676859999999999854e+04
3.683580000000000291e+04
3.683900000000000000e+04
3.707259999999999854e+04
3.706940000000000146e+04
3.706940000000000146e+04
3.709019999999999709e+04
3.717980000000000291e+04
3.710300000000000000e+04
3.714300000000000000e+04
3.706140000000000146e+04
3.725819999999999709e+04
3.711900000000000000e+04
3.716700000000000000e+04
3.697980000000000291e+04
3.702619999999999709e+04
3.715580000000000291e+04
3.725819999999999709e+04
3.718940000000000146e+04
3.714300000000000000e+04
3.669980000000000291e+04
3.718140000000000146e+04
3.673180000000000291e+04
3.672380000000000291e+04
3.683900000000000000e+04
3.668059999999999854e+04
3.679419999999999709e+04
3.688059999999999854e+04
3.669180000000000291e+04
3.713180000000000291e+04
3.693819999999999709e+04
3.697019999999999709e+04
3.690300000000000000e+04
3.679259999999999854e+04
3.687419999999999709e+04
3.688219999999999709e+04
3.665500000000000000e+04
3.682300000000000000e+04
3.684540000000000146e+04
3.697980000000000291e+04
3.684219999999999709e+04
3.694940000000000146e+04
3.686619999999999709e+04
3.684059999999999854e+04
3.658780000000000291e+04
3.664700000000000000e+04
3.668859999999999854e+04
3.664059999999999854e+04
3.661659999999999854e+04
3.650619999999999709e+04
3.645180000000000291e+04
3.684540000000000146e+04
3.704700000000000000e+04
3.726619999999999709e+04
3.721819999999999709e+04
3.737180000000000291e+04
3.746140000000000146e+04
3.762780000000000291e+04
3.752859999999999854e+04
3.764380000000000291e+04
3.775740000000000146e+04
3.772700000000000000e+04
3.783100000000000000e+04
3.773340000000000146e+04
3.780700000000000000e+04
3.758300000000000000e+04
3.761659999999999854e+04
3.767419999999999709e+04
3.763259999999999854e+04
3.770300000000000000e+04
3.769980000000000291e+04
3.775100000000000000e+04
3.772219999999999709e+04
3.763740000000000146e+04
3.775740000000000146e+04
3.765659999999999854e+04
3.781180000000000291e+04
3.792859999999999854e+04
3.771580000000000291e+04
3.770459999999999854e+04
3.780700000000000000e+04
3.742459999999999854e+04
3.745340000000000146e+04
3.765659999999999854e+04
3.767740000000000146e+04
3.766140000000000146e+04
3.774940000000000146e+04
3.759740000000000146e+04
3.781180000000000291e+04
3.794459999999999854e+04
3.783580000000000291e+04
3.783580000000000291e+04
3.776859999999999854e+04
3.768380000000000291e+04
3.760380000000000291e+04
3.803259999999999854e+04
3.771259999999999854e+04
3.777819999999999709e+04
3.754459999999999854e+04
3.756540000000000146e+04
3.759259999999999854e+04
3.777340000000000146e+04
3.786140000000000146e+04
3.766140000000000146e+04
3.769500000000000000e+04
3.755419999999999709e+04
3.816540000000000146e+04
3.800380000000000291e+04
3.785980000000000291e+04
3.786780000000000291e+04
3.768219999999999709e+04
3.765019999999999709e+04
3.770459999999999854e+04
3.761019999999999709e+04
3.768380000000000291e+04
3.738459999999999854e+04
3.750140000000000146e+04
3.721019999999999709e+04
3.759900000000000000e+04
3.761980000000000291e+04
3.781980000000000291e+04
3.759740000000000146e+04
3.765340000000000146e+04
3.754459999999999854e+04
3.776700000000000000e+04
3.754459999999999854e+04
3.776059999999999854e+04
3.765019999999999709e+04
3.774780000000000291e+04
3.766619999999999709e+04
3.765019999999999709e+04
3.768700000000000000e+04
3.778459999999999854e+04
3.757180000000000291e+04
3.818140000000000146e+04
3.775740000000000146e+04
3.762459999999999854e+04
3.762459999999999854e+04
3.763900000000000000e+04
3.771419999999999709e+04
3.780059999999999854e+04
3.762940000000000146e+04
3.749500000000000000e+04
3.772219999999999709e+04
3.756219999999999709e+04
3.769500000000000000e+04
3.779740000000000146e+04
3.772059999999999854e+04
3.776380000000000291e+04
3.783419999999999709e+04
3.802140000000000146e+04
3.787419999999999709e+04
3.806459999999999854e+04
3.787419999999999709e+04
3.795100000000000000e+04
3.834940000000000146e+04
3.826459999999999854e+04
3.821019999999999709e+04
3.804859999999999854e+04
3.814780000000000291e+04
3.805659999999999854e+04
3.793180000000000291e+04
3.804540000000000146e+04
3.801019999999999709e+04
3.800219999999999709e+04
3.788219999999999709e+04
3.821340000000000146e+04
3.788059999999999854e+04
3.809340000000000146e+04
3.824380000000000291e+04
3.798459999999999854e+04
3.805500000000000000e+04
3.802140000000000146e+04
3.719740000000000146e+04
3.817980000000000291e+04
3.790780000000000291e+04
3.805019999999999709e+04
3.805019999999999709e+04
3.169500000000000000e+04
3.299419999999999709e+04
3.513500000000000000e+04
3.710780000000000291e+04
3.920700000000000000e+04
4.122780000000000291e+04
4.284540000000000146e+04
4.391900000000000000e+04
4.526140000000000146e+04
4.580059999999999854e+04
4.665819999999999709e+04
4.702780000000000291e+04
4.722140000000000146e+04
4.750140000000000146e+04
4.747419999999999709e+04
4.754780000000000291e+04
4.729180000000000291e+04
4.709019999999999709e+04
4.689659999999999854e+04
4.676859999999999854e+04
4.637980000000000291e+04
4.629180000000000291e+04
4.615259999999999854e+04
4.576540000000000146e+04
4.562140000000000146e+04
4.515900000000000000e+04
4.470300000000000000e+04
4.457500000000000000e+04
4.423900000000000000e+04
4.396219999999999709e+04
4.362300000000000000e+04
4.332859999999999854e+04
4.312540000000000146e+04
4.297500000000000000e+04
4.252859999999999854e+04
4.223580000000000291e+04
4.199100000000000000e+04
4.171259999999999854e+04
4.145659999999999854e+04
4.141500000000000000e+04
4.117980000000000291e+04
4.078619999999999709e+04
4.056700000000000000e+04
4.058940000000000146e+04
4.057180000000000291e+04
4.021819999999999709e+04
4.001819999999999709e+04
4.006459999999999854e+04
3.977659999999999854e+04
3.971100000000000000e+04
3.952059999999999854e+04
3.927740000000000146e+04
3.920700000000000000e+04
3.915900000000000000e+04
3.912540000000000146e+04
3.875740000000000146e+04
3.870619999999999709e+04
3.894459999999999854e+04
3.873019999999999709e+04
3.866780000000000291e+04
3.850300000000000000e+04
3.840700000000000000e+04
3.839100000000000000e+04
3.836219999999999709e+04
3.822940000000000146e+04
3.809500000000000000e+04
3.803419999999999709e+04
3.782300000000000000e+04
3.794140000000000146e+04
3.816219999999999709e+04
3.838619999999999709e+04
3.842940000000000146e+04
3.829659999999999854e+04
3.838780000000000291e+04
3.840380000000000291e+04
3.844700000000000000e+04
3.835419999999999709e+04
3.833019999999999709e+04
3.835900000000000000e+04
3.848700000000000000e+04
3.857340000000000146e+04
3.845659999999999854e+04
3.845180000000000291e+04
3.853819999999999709e+04
3.866619999999999709e+04
3.868219999999999709e+04
3.831580000000000291e+04
3.824540000000000146e+04
3.821980000000000291e+04
3.833180000000000291e+04
3.827259999999999854e+04
3.821340000000000146e+04
3.822940000000000146e+04
3.839100000000000000e+04
3.865180000000000291e+04
3.817340000000000146e+04
3.823900000000000000e+04
3.820859999999999854e+04
3.835419999999999709e+04
3.805500000000000000e+04
3.818619999999999709e+04
3.822140000000000146e+04
3.811580000000000291e+04
3.806940000000000146e+04
3.789500000000000000e+04
3.818459999999999854e+04
3.805340000000000146e+04
3.790940000000000146e+04
3.804859999999999854e+04
3.808059999999999854e+04
3.802300000000000000e+04
3.788540000000000146e+04
3.785980000000000291e+04
3.781659999999999854e+04
3.789500000000000000e+04
3.782940000000000146e+04
3.760700000000000000e+04
3.767580000000000291e+04
3.777019999999999709e+04
3.778140000000000146e+04
3.772380000000000291e+04
3.790459999999999854e+04
3.777980000000000291e+04
3.782940000000000146e+04
3.785819999999999709e+04
3.779419999999999709e+04
3.793500000000000000e+04
3.781659999999999854e+04
3.795259999999999854e+04
3.760540000000000146e+04
3.783100000000000000e+04
3.802619999999999709e+04
3.789980000000000291e+04
3.760859999999999854e+04
3.751100000000000000e+04
3.745980000000000291e+04
3.740219999999999709e+04
3.733180000000000291e+04
3.730619999999999709e+04
3.730619999999999709e+04
3.729659999999999854e+04
3.738619999999999709e+04
3.736540000000000146e+04
3.740059999999999854e+04
3.735580000000000291e+04
3.754140000000000146e+04
3.754940000000000146e+04
3.747740000000000146e+04
3.753819999999999709e+04
3.736059999999999854e+04
3.743259999999999854e+04
3.775900000000000000e+04
3.765980000000000291e+04
3.750619999999999709e+04
3.764219999999999709e+04
3.745340000000000146e+04
3.740859999999999854e+04
3.729980000000000291e+04
3.751900000000000000e+04
3.752380000000000291e+04
3.745500000000000000e+04
3.738780000000000291e+04
3.729340000000000146e+04
3.756859999999999854e+04
3.724700000000000000e+04
3.737340000000000146e+04
3.739259999999999854e+04
3.752380000000000291e+04
3.745180000000000291e+04
3.793340000000000146e+04
3.770140000000000146e+04
3.813819999999999709e+04
3.791580000000000291e+04
3.805659999999999854e+04
3.805819999999999709e+04
3.793659999999999854e+04
3.805500000000000000e+04
3.789180000000000291e+04
3.793500000000000000e+04
3.772380000000000291e+04
3.774940000000000146e+04
3.785180000000000291e+04
3.772380000000000291e+04
3.776219999999999709e+04
3.779259999999999854e+04
3.772700000000000000e+04
3.779580000000000291e+04
3.795419999999999709e+04
3.798940000000000146e+04
3.785500000000000000e+04
3.784700000000000000e+04
3.809340000000000146e+04
3.793019999999999709e+04
3.801819999999999709e+04
3.812219999999999709e+04
3.800540000000000146e+04
3.785819999999999709e+04
3.794300000000000000e+04
3.785659999999999854e+04
3.777180000000000291e+04
3.779740000000000146e+04
3.793180000000000291e+04
3.781980000000000291e+04
3.781019999999999709e+04
3.786300000000000000e+04
3.794619999999999709e+04
3.790300000000000000e+04
3.795100000000000000e+04
3.783900000000000000e+04
3.773659999999999854e+04
3.756059999999999854e+04
3.758940000000000146e+04
3.770780000000000291e+04
3.751259999999999854e+04
3.728540000000000146e+04
3.724540000000000146e+04
3.739100000000000000e+04
3.731740000000000146e+04
3.728059999999999854e+04
3.733980000000000291e+04
3.750300000000000000e+04
3.749659999999999854e+04
3.733180000000000291e+04
3.758300000000000000e+04
3.735740000000000146e+04
3.725340000000000146e+04
3.720859999999999854e+04
3.711740000000000146e+04
3.747259999999999854e+04
3.749980000000000291e+04
3.755900000000000000e+04
3.748700000000000000e+04
3.752059999999999854e+04
3.741019999999999709e+04
3.762300000000000000e+04
3.755259999999999854e+04
3.737980000000000291e+04
3.749659999999999854e+04
3.726780000000000291e+04
3.735259999999999854e+04
3.745500000000000000e+04
3.779100000000000000e+04
3.752380000000000291e+04
3.752380000000000291e+04
3.770140000000000146e+04
3.748700000000000000e+04
3.747900000000000000e+04
3.728059999999999854e+04
3.732380000000000291e+04
3.712540000000000146e+04
3.728059999999999854e+04
3.744380000000000291e+04
3.749019999999999709e+04
3.756540000000000146e+04
3.769500000000000000e+04
4.595131874999999854e+04
4.927633750000000146e+04
4.710991874999999709e+04
4.639615625000000000e+04
4.604726249999999709e+04
4.673200624999999854e+04
4.659118750000000000e+04
4.584075000000000000e+04
4.534951249999999709e+04
4.528065625000000000e+04
4.523104374999999709e+04
4.492383750000000146e+04
4.513503749999999854e+04
4.512063749999999709e+04
4.501822499999999854e+04
4.494783125000000291e+04
4.508861250000000291e+04
4.486141249999999854e+04
4.465180625000000146e+04
4.440060624999999709e+04
4.442619999999999709e+04
4.438619999999999709e+04
4.427580000000000291e+04
4.432059999999999854e+04
4.417019999999999709e+04
4.409019999999999709e+04
4.413500000000000000e+04
4.374300000000000000e+04
4.366780000000000291e+04
4.378300000000000000e+04
4.353819999999999709e+04
4.335580000000000291e+04
4.337819999999999709e+04
4.303580000000000291e+04
4.309180000000000291e+04
4.302140000000000146e+04
4.288219999999999709e+04
4.292700000000000000e+04
4.288700000000000000e+04
4.262459999999999854e+04
4.231900000000000000e+04
4.249340000000000146e+04
4.225340000000000146e+04
4.232059999999999854e+04
4.219740000000000146e+04
4.197659999999999854e+04
4.175100000000000000e+04
4.167259999999999854e+04
4.170940000000000146e+04
4.178140000000000146e+04
4.174780000000000291e+04
4.173980000000000291e+04
4.143100000000000000e+04
4.169659999999999854e+04
4.130459999999999854e+04
4.125500000000000000e+04
4.120059999999999854e+04
4.101019999999999709e+04
4.121340000000000146e+04
4.112540000000000146e+04
4.109980000000000291e+04
4.108540000000000146e+04
4.109819999999999709e+04
4.093980000000000291e+04
4.096859999999999854e+04
4.091259999999999854e+04
4.074940000000000146e+04
4.072059999999999854e+04
4.086619999999999709e+04
4.089340000000000146e+04
4.084540000000000146e+04
4.067900000000000000e+04
4.077500000000000000e+04
4.047580000000000291e+04
4.065659999999999854e+04
4.073659999999999854e+04
4.059580000000000291e+04
4.050940000000000146e+04
4.041500000000000000e+04
4.030780000000000291e+04
4.017659999999999854e+04
4.020219999999999709e+04
4.020700000000000000e+04
4.028059999999999854e+04
4.012859999999999854e+04
4.022300000000000000e+04
4.031419999999999709e+04
4.005819999999999709e+04
3.992380000000000291e+04
4.012059999999999854e+04
4.007900000000000000e+04
3.994780000000000291e+04
4.008540000000000146e+04
3.997819999999999709e+04
3.991580000000000291e+04
3.984700000000000000e+04
3.973019999999999709e+04
3.983740000000000146e+04
3.994140000000000146e+04
3.987900000000000000e+04
3.972219999999999709e+04
3.985500000000000000e+04
3.977980000000000291e+04
