0.000000000000000000e+00
1.945259999999999854e+04
1.951820000000000073e+04
1.957740000000000146e+04
1.975340000000000146e+04
1.989740000000000146e+04
1.993420000000000073e+04
1.973179999999999927e+04
1.947179999999999927e+04
1.937020000000000073e+04
1.923900000000000000e+04
1.896620000000000073e+04
1.874779999999999927e+04
1.851820000000000073e+04
1.816300000000000000e+04
1.783420000000000073e+04
1.760779999999999927e+04
1.734059999999999854e+04
1.703020000000000073e+04
1.670300000000000000e+04
1.646859999999999854e+04
1.613820000000000073e+04
1.584460000000000036e+04
1.558220000000000073e+04
1.527420000000000073e+04
1.447979999999999927e+04
1.220620000000000073e+04
1.024300000000000000e+04
9.670200000000000728e+03
9.384600000000000364e+03
9.275799999999999272e+03
9.130200000000000728e+03
8.894200000000000728e+03
8.685399999999999636e+03
8.457399999999999636e+03
8.262200000000000728e+03
8.072600000000000364e+03
7.767000000000000000e+03
7.440600000000000364e+03
7.335000000000000000e+03
7.275800000000000182e+03
7.104600000000000364e+03
6.883000000000000000e+03
6.604600000000000364e+03
6.439800000000000182e+03
6.243800000000000182e+03
5.981399999999999636e+03
5.880600000000000364e+03
5.860600000000000364e+03
5.801399999999999636e+03
5.576600000000000364e+03
5.362199999999999818e+03
5.286199999999999818e+03
5.218199999999999818e+03
5.120600000000000364e+03
5.199800000000000182e+03
5.275800000000000182e+03
5.196600000000000364e+03
5.170199999999999818e+03
3.254809999999999854e+04
6.018600000000000000e+04
6.111880000000000291e+04
6.182120625000000291e+04
6.125883125000000291e+04
4.888384062499999709e+04
2.631380625000000146e+04
9.178887500000000728e+03
3.082996874999999818e+03
3.713400000000000091e+03
4.447800000000000182e+03
5.143800000000000182e+03
5.771000000000000000e+03
6.378199999999999818e+03
6.755800000000000182e+03
7.007800000000000182e+03
7.332600000000000364e+03
7.561399999999999636e+03
7.724600000000000364e+03
7.890199999999999818e+03
7.968600000000000364e+03
7.971000000000000000e+03
8.083000000000000000e+03
8.071000000000000000e+03
8.015000000000000000e+03
7.937399999999999636e+03
7.787000000000000000e+03
7.760600000000000364e+03
7.565399999999999636e+03
7.370199999999999818e+03
7.310199999999999818e+03
7.162199999999999818e+03
7.015800000000000182e+03
6.842199999999999818e+03
6.591800000000000182e+03
6.409399999999999636e+03
6.270199999999999818e+03
6.028600000000000364e+03
5.755000000000000000e+03
5.508600000000000364e+03
5.238199999999999818e+03
5.167800000000000182e+03
5.091000000000000000e+03
4.875800000000000182e+03
4.815000000000000000e+03
4.722199999999999818e+03
4.615000000000000000e+03
4.414199999999999818e+03
4.149399999999999636e+03
3.964599999999999909e+03
3.851800000000000182e+03
3.827000000000000000e+03
3.565400000000000091e+03
3.297400000000000091e+03
3.275800000000000182e+03
3.143800000000000182e+03
3.006199999999999818e+03
2.795800000000000182e+03
2.436599999999999909e+03
2.452596875000000182e+03
2.777390625000000000e+03
2.716590624999999818e+03
2.374193749999999909e+03
2.234193749999999909e+03
3.250974999999999909e+03
5.425337499999999636e+03
7.069309374999999818e+03
8.598084375000000364e+03
9.418871875000000728e+03
1.039005624999999964e+04
1.394679999999999927e+04
1.609716562499999964e+04
1.870672187499999927e+04
2.437303125000000000e+04
2.660899687500000073e+04
2.899375937500000146e+04
3.417527812499999709e+04
3.790961875000000146e+04
3.866160624999999709e+04
4.202955312499999854e+04
4.670147812500000146e+04
4.925103749999999854e+04
5.220779062500000146e+04
5.569013437500000146e+04
5.522374062499999854e+04
5.358936562499999854e+04
5.667891562500000146e+04
5.891247812500000146e+04
6.079564687499999854e+04
6.208202500000000146e+04
6.085484375000000000e+04
5.991645937499999854e+04
6.096364375000000291e+04
6.064044999999999709e+04
5.869008125000000291e+04
5.926767187500000000e+04
5.906607499999999709e+04
5.810929062500000146e+04
5.891327812499999709e+04
6.029805312499999854e+04
5.966126249999999709e+04
5.815488749999999709e+04
5.904287187499999709e+04
6.078764375000000291e+04
6.198922499999999854e+04
6.164203125000000000e+04
6.119323750000000291e+04
6.103803749999999854e+04
6.131963124999999854e+04
6.128523124999999709e+04
6.181962187499999709e+04
6.274200624999999854e+04
6.292520312500000000e+04
6.299559999999999854e+04
6.219401249999999709e+04
6.184841874999999709e+04
6.241320937499999854e+04
6.225881250000000000e+04
6.227081250000000000e+04
6.262760624999999709e+04
6.267720312500000000e+04
6.243640937500000291e+04
6.237561250000000291e+04
6.263160624999999709e+04
6.286040312499999709e+04
6.299400000000000000e+04
6.216361250000000291e+04
6.199881562500000291e+04
6.287800312500000291e+04
6.271880625000000146e+04
6.226441249999999854e+04
6.251000937500000146e+04
6.266280625000000146e+04
6.271640312499999709e+04
6.283000000000000000e+04
6.272759999999999854e+04
6.257959999999999854e+04
6.260119999999999709e+04
6.265800000000000000e+04
6.264600000000000000e+04
6.262919999999999709e+04
6.261319999999999709e+04
6.257240312499999709e+04
6.257480312499999854e+04
6.258280000000000291e+04
6.268440000000000146e+04
6.270680312499999854e+04
6.268360312500000146e+04
6.272200000000000000e+04
6.256200000000000000e+04
6.245719999999999709e+04
6.250119999999999709e+04
6.239720312500000000e+04
6.241880312499999854e+04
6.250440312499999709e+04
6.247080312499999854e+04
6.243480000000000291e+04
6.247719999999999709e+04
5.694280000000000291e+04
5.145319999999999709e+04
5.212040000000000146e+04
5.318519999999999709e+04
5.433719999999999709e+04
5.570680000000000291e+04
5.711559999999999854e+04
5.854840000000000146e+04
5.962040312499999709e+04
6.036440625000000000e+04
6.021962187499999709e+04
5.776047187500000291e+04
5.423253749999999854e+04
5.258137187499999709e+04
5.095340312499999709e+04
4.650547812500000146e+04
4.280874062499999854e+04
3.974559062499999709e+04
3.487126875000000291e+04
2.998894687500000146e+04
2.449943437500000073e+04
2.390744374999999854e+04
2.372504687500000000e+04
2.214347187499999927e+04
2.311065625000000000e+04
2.274986249999999927e+04
2.335545312500000000e+04
2.283385937500000000e+04
2.473462812499999927e+04
2.894176250000000073e+04
2.971215000000000146e+04
2.831057187500000146e+04
3.028094062499999927e+04
3.401848124999999709e+04
3.833681250000000000e+04
4.358872812500000146e+04
4.729026875000000291e+04
4.842865000000000146e+04
4.954223124999999709e+04
5.220458750000000146e+04
5.483654374999999709e+04
5.724210312500000146e+04
5.904287187499999709e+04
6.108923750000000291e+04
6.189162187499999709e+04
6.209641562500000146e+04
6.217801249999999709e+04
6.240680625000000146e+04
6.254759999999999854e+04
6.219319999999999709e+04
6.194040000000000146e+04
6.181719999999999709e+04
6.169959999999999854e+04
6.154600000000000000e+04
6.134359999999999854e+04
6.113640000000000146e+04
6.099080000000000291e+04
6.087159999999999854e+04
6.081240000000000146e+04
6.083319999999999709e+04
6.073800000000000000e+04
6.043000000000000000e+04
6.017319999999999709e+04
