0.000000000000000000e+00
7.155464843749999204e+01
7.200484375000000625e+01
6.948687499999999773e+01
6.699234375000000341e+01
7.005687499999996248e+01
7.088734374999999943e+01
7.373027343750000284e+01
7.054527343750002899e+01
7.064359374999999375e+01
6.846734374999998352e+01
6.906187500000001478e+01
6.756734375000004889e+01
7.147437500000002331e+01
7.332484374999994259e+01
6.901234374999998522e+01
6.567734375000000568e+01
6.407437500000006025e+01
6.625484375000004889e+01
6.391152343750000142e+01
6.220937500000000142e+01
5.968089843749997669e+01
6.524000000000003752e+01
5.926937499999998948e+01
6.343437500000000284e+01
5.759058593750004462e+01
5.760433593750002501e+01
5.943558593749994401e+01
5.770484375000003041e+01
5.921500000000001052e+01
5.453496093750000284e+01
5.880484375000007446e+01
5.315152343750001762e+01
5.452484375000000227e+01
5.540933593750001762e+01
5.254839843750005457e+01
5.091214843749999375e+01
4.971937499999999943e+01
5.015609374999998238e+01
4.704937500000000483e+01
5.414496093750001648e+01
4.725527343750000142e+01
4.520433593749999801e+01
4.721484375000000000e+01
4.917933593750000654e+01
4.617984375000003894e+01
4.356371093750000512e+01
4.496109375000002473e+01
4.486109374999999488e+01
5.057484374999999233e+01
4.617183593750003467e+01
4.649750000000003780e+01
4.413277343750002757e+01
4.404999999999999716e+01
4.490859375000000142e+01
4.605746093749998948e+01
4.349937500000000767e+01
4.484371093750000625e+01
4.286714843750001336e+01
4.418750000000000000e+01
4.583734374999999517e+01
4.380621093750001194e+01
4.508121093750003894e+01
4.453402343750001791e+01
4.714359374999997954e+01
4.249902343750000000e+01
4.337187500000000284e+01
4.257464843749998096e+01
4.161996093749998948e+01
4.392499999999999716e+01
4.662437500000002899e+01
5.035214843749999858e+01
4.560484374999997215e+01
4.301859374999998664e+01
4.695933593750002188e+01
4.696996093749999801e+01
4.642249999999999233e+01
4.446500000000001052e+01
4.898734375000000085e+01
4.314683593750004320e+01
4.127437500000000625e+01
4.267250000000001364e+01
4.010464843750001762e+01
4.375902343750001933e+01
4.184359375000001080e+01
4.555609374999996675e+01
4.114984374999999517e+01
4.193359375000000000e+01
4.364214843750002615e+01
4.544937500000003183e+01
4.100589843749999375e+01
4.088746093750000199e+01
4.240609375000001791e+01
4.426499999999998636e+01
4.168750000000000000e+01
4.084984375000000512e+01
4.256839843749996533e+01
3.644437499999998664e+01
3.944609375000000284e+01
3.956152343750000000e+01
4.086859375000000938e+01
4.440996093750000284e+01
4.177484374999995964e+01
4.510609374999999943e+01
4.379964843749998238e+01
4.580433593749998522e+01
4.784839843749996646e+01
4.603609374999996362e+01
4.697808593750000483e+01
4.329984374999999375e+01
4.057027343750001336e+01
4.091558593750001194e+01
4.261089843750000483e+01
4.302808593750003041e+01
4.521499999999998920e+01
4.212984375000001336e+01
4.487089843750000284e+01
4.320999999999996533e+01
4.424652343749998806e+01
4.189749999999999375e+01
3.973984374999999858e+01
4.372109375000000142e+01
4.359652343749999659e+01
4.510433593749998238e+01
4.280999999999998806e+01
4.444339843749996533e+01
4.253437499999999716e+01
4.537183593749997357e+01
4.282734374999999716e+01
5.080527343749999858e+01
4.394359374999998380e+01
4.325000000000000000e+01
4.577777343750000227e+01
4.658187500000001791e+01
4.398902343749999488e+01
4.207187499999999858e+01
5.018609375000000483e+01
4.020433593750000512e+01
4.205687499999999801e+01
5.005371093750000000e+01
4.435277343749999091e+01
4.839183593749999091e+01
4.491109374999996362e+01
4.615277343749995964e+01
4.223964843750000142e+01
4.612749999999998352e+01
4.517089843750000000e+01
4.562714843749999716e+01
4.592777343749996533e+01
4.380121093750001648e+01
4.420746093749998096e+01
4.116683593749998238e+01
4.281109374999997641e+01
4.177734375000000000e+01
3.826871093749998920e+01
4.126250000000000284e+01
3.812734375000000142e+01
4.051246093750000199e+01
4.424859375000001194e+01
4.112152343750000227e+01
4.120859374999999858e+01
4.355234374999999858e+01
4.793687500000001478e+01
4.917984375000000341e+01
4.498187499999998096e+01
4.618589843750001478e+01
4.429749999999999233e+01
4.612652343749998352e+01
4.974214843750000625e+01
4.514214843749999773e+01
4.123609374999998778e+01
4.518183593749999716e+01
4.557027343750001336e+01
3.981621093750000284e+01
4.278687500000005173e+01
4.118734374999996817e+01
4.000609375000000512e+01
4.671371093750001080e+01
4.252558593749999716e+01
4.126000000000000512e+01
4.369234374999997783e+01
4.591234374999997669e+01
4.554683593750000625e+01
4.283558593749998522e+01
4.367964843750000625e+01
4.359589843749999716e+01
4.309359374999999659e+01
4.246234374999998096e+01
4.017187500000000000e+01
4.451859374999996533e+01
4.465308593750001620e+01
4.341734375000000057e+01
5.125433593749998096e+01
4.505277343749998664e+01
4.173277343750002899e+01
4.406464843749999716e+01
4.240152343750001052e+01
4.281234375000000369e+01
4.443609374999996930e+01
3.926187499999998920e+01
4.048121093749998067e+01
4.822496093750000057e+01
4.336484374999999858e+01
3.889683593749997925e+01
4.706402343749997641e+01
4.127750000000001762e+01
4.824496093749998238e+01
4.804984374999999375e+01
4.225484375000000625e+01
3.835249999999999915e+01
4.182484375000000654e+01
4.204859374999999488e+01
4.000234375000000142e+01
4.005609374999998806e+01
3.688089843750000085e+01
3.861937499999997669e+01
3.470609374999997954e+01
3.643902343750001194e+01
3.937777343749999659e+01
3.767652343749999488e+01
3.758121093750001052e+01
3.680308593750002899e+01
3.775250000000001194e+01
3.468558593749997243e+01
4.361839843749997669e+01
3.962308593750000085e+01
3.852027343750002331e+01
3.841621093749999716e+01
3.928121093749999204e+01
3.957964843749998352e+01
4.152308593749997101e+01
4.209687499999999716e+01
4.465464843750000057e+01
4.291499999999997783e+01
4.226714843749999773e+01
4.487152343749999517e+01
3.810589843750001648e+01
4.070609375000001506e+01
4.101089843750000341e+01
4.442246093749999858e+01
4.452187500000000142e+01
4.106214843749998522e+01
3.861464843750000142e+01
3.836152343749999716e+01
4.013734374999995680e+01
3.867109374999999716e+01
4.207339843749998920e+01
3.746558593750000909e+01
4.156250000000000000e+01
4.043499999999999517e+01
3.776402343749999346e+01
3.570249999999999346e+01
3.936734375000001052e+01
3.702437499999998494e+01
3.876527343749999943e+01
4.087484375000000369e+01
4.103183593749999858e+01
4.221937499999997812e+01
3.642437500000001194e+01
3.734339843749999233e+01
4.052359375000001762e+01
3.715464843750002899e+01
4.186187499999998352e+01
3.835234375000000284e+01
3.930249999999998067e+01
3.794749999999999091e+01
3.785777343750001478e+01
4.619527343750000625e+01
4.016214843749999375e+01
3.991734375000001478e+01
4.174683593750000199e+01
3.522359374999997783e+01
3.631234375000000369e+01
3.833999999999998920e+01
4.191371093749999233e+01
3.982734374999999716e+01
4.088687500000001762e+01
3.850484374999996362e+01
3.842621093749996675e+01
4.064902343749999858e+01
3.717437499999996930e+01
3.572500000000000142e+01
3.861109375000000199e+01
3.819839843749998920e+01
3.587496093749998494e+01
3.709277343750000000e+01
3.568402343749998806e+01
3.361527343749998664e+01
3.763109374999999801e+01
4.165687500000000654e+01
3.927558593749999716e+01
3.406558593750001762e+01
3.490687499999999233e+01
3.594859374999997215e+01
3.422250000000000369e+01
3.303999999999999915e+01
3.258121093749998920e+01
3.518109375000000227e+01
3.698999999999998778e+01
3.832109375000000284e+01
3.745999999999997954e+01
3.946871093749997073e+01
3.443089843749998380e+01
3.535464843749998920e+01
3.616234374999997669e+01
3.608984375000000000e+01
3.519937499999998920e+01
3.735609374999998522e+01
3.837308593749996533e+01
3.571000000000000796e+01
3.718734374999998238e+01
3.458687500000002046e+01
3.224902343750000000e+01
3.737749999999999773e+01
3.656000000000001648e+01
3.423714843749996106e+01
3.526714843750001194e+01
3.412359374999999773e+01
3.573558593749997669e+01
3.337734375000000142e+01
3.339859375000001762e+01
3.144359374999998380e+01
3.213902343749997925e+01
3.648902343749998778e+01
3.208437500000000142e+01
3.388359375000000284e+01
3.356859375000001222e+01
3.244859374999997925e+01
3.090687500000000298e+01
3.172250000000001435e+01
3.164058593750001336e+01
3.008187499999997883e+01
3.105277343750002572e+01
3.434808593749999517e+01
3.273183593750000142e+01
3.625621093750000057e+01
3.201859375000000796e+01
3.174058593750000767e+01
3.082089843749999858e+01
3.277246093750000000e+01
3.556187500000000767e+01
3.283871093750002501e+01
3.254937500000000483e+01
3.399339843749999801e+01
3.371234374999998096e+01
3.235249999999999204e+01
3.263183593750000000e+01
3.191402343749998494e+01
3.157964843749999773e+01
3.155433593750000298e+01
3.652109374999999858e+01
3.305371093750000000e+01
3.398499999999999943e+01
3.148964843750000142e+01
2.961734375000001407e+01
3.026734375000000199e+01
2.843499999999999162e+01
3.165152343749999631e+01
3.183027343750000071e+01
3.381089843750000057e+01
3.550433593750000227e+01
3.044183593750000227e+01
3.001859375000000085e+01
3.468734374999998238e+01
3.278437499999999716e+01
3.307152343749999801e+01
3.297749999999997783e+01
3.414687500000000142e+01
3.212734375000000142e+01
2.983089843750002501e+01
2.809437499999998522e+01
3.454027343749998380e+01
3.167339843750000838e+01
3.537500000000000000e+01
3.770933593749999346e+01
3.396234375000002359e+01
3.328589843749998067e+01
3.176777343750000071e+01
3.576996093750001648e+01
3.339999999999999858e+01
3.545609374999999375e+01
1.940999999999996106e+01
2.232777343749995325e+01
2.881734374999999915e+01
3.681058593749995111e+01
5.348687500000004036e+01
5.772734375000000284e+01
7.928734375000004775e+01
8.564750000000000796e+01
6.645234374999999716e+01
7.172484375000001933e+01
7.047437500000003752e+01
7.253984375000000284e+01
6.651734375000000909e+01
6.292250000000003496e+01
5.550484374999998494e+01
6.547437500000000909e+01
6.068121093750001904e+01
5.848339843750000000e+01
4.816371093749999943e+01
5.125687499999999375e+01
4.790933593749998920e+01
4.732714843750000000e+01
4.663750000000000284e+01
4.046187499999999915e+01
4.286937500000001222e+01
4.367984375000001762e+01
4.188714843750000938e+01
5.065308593750002331e+01
4.278999999999998494e+01
3.961109374999998778e+01
3.499234374999999631e+01
3.800000000000000000e+01
4.241937500000003070e+01
3.861714843750003467e+01
3.764859374999999631e+01
3.580464843750000625e+01
3.939359375000003638e+01
3.873714843749998948e+01
3.492496093749997499e+01
3.112464843749996746e+01
3.234339843750005627e+01
3.414984374999995254e+01
3.206402343749997641e+01
3.078500000000004277e+01
3.342984374999998209e+01
3.508339843750000142e+01
2.906000000000004846e+01
3.166500000000002757e+01
3.300214843749999716e+01
3.454859375000000199e+01
3.433902343749998920e+01
3.504859374999998778e+01
3.147734374999999929e+01
2.917359375000001620e+01
3.231937500000005059e+01
3.434839843749998067e+01
3.289058593750002757e+01
3.529984375000003638e+01
3.515859375000000142e+01
3.585839843750000000e+01
3.435277343749995538e+01
3.442250000000004206e+01
3.361937499999999801e+01
3.267499999999999716e+01
3.351250000000000284e+01
3.017484374999997954e+01
2.790152343749999275e+01
3.327749999999998920e+01
3.280058593750000284e+01
3.423746093750001052e+01
3.198750000000000071e+01
3.125683593750000000e+01
3.083734374999998451e+01
3.386734374999997499e+01
3.424214843749997783e+01
3.467984374999999631e+01
3.505609374999998096e+01
3.498984374999999858e+01
3.082750000000002544e+01
3.041234374999996959e+01
3.050464843750001620e+01
3.321937500000002785e+01
3.096187500000002046e+01
3.073433593749998494e+01
3.090937500000000071e+01
3.084964843749999019e+01
3.224027343749996533e+01
3.356558593750003183e+01
3.085687500000002004e+01
3.349277343749999858e+01
3.250249999999999062e+01
3.194496093750005272e+01
3.339339843749998238e+01
3.223187500000003070e+01
3.166250000000000142e+01
3.208902343750000341e+01
3.603964843749999858e+01
3.124058593750000412e+01
3.424749999999998806e+01
3.168558593749996888e+01
3.246933593749999858e+01
3.216859375000000654e+01
3.261249999999999716e+01
3.162777343749995751e+01
3.186714843750002046e+01
3.516734374999997925e+01
3.682750000000000057e+01
3.429859374999998778e+01
3.477984375000001194e+01
3.325371093750000284e+01
3.457437500000000341e+01
3.545484374999999488e+01
3.451734374999998778e+01
3.288402343750002643e+01
3.385777343750002899e+01
3.303999999999997783e+01
3.401714843750001194e+01
3.922964843749998920e+01
3.344859374999997215e+01
3.109359374999999659e+01
3.323499999999998522e+01
3.359433593749999858e+01
3.240277343749998096e+01
3.045687499999996817e+01
3.354058593750000483e+01
3.094496093750000298e+01
3.481371093749996959e+01
3.266996093750000796e+01
3.483749999999999858e+01
3.589371093750000341e+01
3.831000000000004491e+01
3.671464843750000284e+01
4.074937499999999346e+01
4.525937499999999858e+01
4.348121093750002331e+01
4.304808593749999091e+01
4.814437499999998238e+01
4.031859375000003354e+01
4.530777343750001052e+01
4.204359375000005627e+01
4.493746093749997073e+01
4.401089843749998209e+01
4.278277343749999773e+01
4.069984374999997101e+01
5.671249999999999858e+01
6.448121093750002331e+01
6.856734375000003467e+01
6.393734374999994685e+01
6.560902343750004206e+01
6.177250000000003638e+01
6.179652343749999233e+01
5.606558593749999631e+01
6.490152343749998920e+01
6.836500000000002331e+01
7.593687499999998636e+01
8.115746093750004775e+01
7.457808593750002046e+01
7.628558593749995964e+01
7.934496093750007617e+01
8.702027343749999488e+01
8.612027343749998920e+01
7.863902343750001478e+01
7.398999999999995225e+01
6.954839843750002615e+01
4.553609375000002757e+01
4.427437499999997783e+01
4.265464843750000767e+01
4.203359375000000142e+01
4.081402343749999062e+01
4.156859375000000512e+01
3.942499999999999716e+01
3.874496093750003922e+01
3.855609375000000938e+01
3.850687499999997243e+01
3.976527343749997812e+01
3.742652343749998067e+01
3.863609374999995083e+01
3.944058593750001762e+01
3.674937500000000767e+01
4.145000000000000284e+01
3.910746093750003638e+01
3.785683593750000142e+01
3.804339843750003070e+01
3.728871093749999233e+01
4.094839843750001052e+01
3.919683593749996930e+01
3.573402343750004917e+01
4.202183593749999346e+01
3.999339843750002643e+01
3.825250000000001194e+01
3.989839843749997783e+01
4.046937499999999233e+01
3.754234375000000057e+01
3.958500000000002217e+01
4.175589843750001506e+01
4.140484374999996220e+01
4.242964843749997073e+01
4.166000000000003922e+01
4.316214843749997954e+01
3.837249999999998096e+01
3.813339843749999858e+01
3.783359374999999858e+01
3.797964843749998920e+01
3.875589843750002927e+01
3.828734375000001222e+01
3.835746093750003638e+01
3.604437500000004491e+01
3.835996093749999858e+01
3.544496093750001364e+01
3.784437500000000654e+01
3.585308593750000483e+01
3.639683593749997925e+01
3.974984374999995396e+01
3.694609375000000284e+01
3.671777343750000000e+01
3.726734375000000199e+01
4.054277343750000284e+01
4.017359375000002331e+01
3.878984375000000284e+01
3.959339843750004917e+01
3.764339843750003212e+01
3.376499999999995083e+01
3.961187499999998352e+01
3.457437500000001762e+01
3.667499999999999716e+01
3.786859375000003070e+01
4.018027343749999858e+01
3.720277343749997101e+01
4.331734374999999915e+01
4.158687500000002046e+01
3.679183593750004633e+01
3.618277343750000341e+01
3.378437499999999716e+01
3.449214843750000625e+01
4.191937500000000938e+01
3.652499999999999858e+01
3.591734375000000057e+01
3.864996093749999062e+01
4.165249999999998209e+01
4.172777343749999091e+01
3.440683593749999858e+01
3.877402343749999858e+01
3.630621093750001194e+01
4.273609375000003041e+01
4.157402343750000284e+01
4.278714843749996533e+01
4.042109374999999716e+01
4.075687499999997243e+01
4.325152343749996930e+01
3.952808593750000909e+01
3.849214843750000625e+01
4.155746093750001080e+01
3.893734375000005343e+01
3.929234375000000057e+01
3.827750000000001762e+01
3.782964843749996930e+01
3.821499999999998209e+01
3.878999999999998494e+01
3.927933593750002927e+01
3.782652343749997215e+01
3.892933593750002785e+01
4.386734375000000341e+01
3.835999999999996390e+01
4.024984375000003212e+01
3.955589843750004775e+01
3.848499999999998522e+01
4.517750000000001620e+01
3.932250000000002643e+01
3.806683593750003780e+01
4.180621093750000483e+01
3.794121093750000284e+01
3.937558593749999858e+01
3.807558593750000142e+01
3.712027343750001762e+01
3.758687499999999915e+01
3.947964843749995367e+01
3.445249999999999346e+01
3.641683593750003922e+01
3.261937499999997669e+01
3.543433593749999488e+01
3.475484375000001336e+01
3.523746093749999631e+01
3.368902343749997641e+01
3.233246093750004491e+01
3.575609375000000512e+01
3.810433593750002501e+01
3.452964843750000057e+01
3.529437499999996675e+01
3.523589843749999773e+01
3.521734374999999773e+01
3.461871093749999773e+01
3.213964843750000000e+01
3.532500000000000284e+01
3.283121093749998920e+01
3.436621093750000000e+01
3.584859374999997783e+01
3.760277343749997669e+01
3.628359375000000142e+01
4.032308593749996817e+01
4.288109374999999801e+01
3.819437500000002217e+01
3.559058593750003041e+01
3.893109374999998806e+01
3.610249999999997073e+01
3.470277343749994969e+01
3.368871093749999091e+01
3.446859375000000369e+01
3.508746093749997641e+01
3.817308593749996959e+01
3.497183593749999631e+01
3.824121093750000000e+01
3.675589843750001506e+01
3.720609374999996533e+01
3.846734375000000483e+01
3.586308593750000284e+01
3.601996093750001648e+01
3.480937500000000284e+01
3.649984374999998238e+01
3.917027343750001478e+01
3.659839843750000909e+01
3.688121093750000057e+01
3.764839843749996362e+01
3.431859374999997669e+01
3.624433593749999716e+01
3.623687499999999773e+01
4.038746093749999488e+01
3.383714843749997669e+01
3.849750000000003780e+01
3.673746093749999631e+01
3.675058593749999858e+01
3.484683593749998209e+01
3.583984375000000000e+01
3.212984374999998494e+01
3.736734375000001762e+01
3.276527343749994259e+01
3.819687499999999858e+01
3.354609374999999716e+01
3.414683593749997925e+01
3.577359374999999631e+01
3.323871093749999517e+01
3.342484374999998664e+01
3.319277343750000142e+01
3.431308593749999858e+01
3.613609375000002188e+01
3.914839843749998494e+01
3.751089843750000341e+01
3.054027343749994472e+01
3.079609375000000071e+01
3.297402343750000142e+01
3.224609375000000000e+01
4.373089843750001648e+01
3.695371093749999858e+01
3.808558593749997101e+01
3.579687500000000000e+01
3.656859374999996248e+01
3.453558593749998806e+01
3.195371093749999858e+01
3.542734374999999858e+01
3.716058593749995964e+01
3.946234375000002359e+01
3.328687499999999488e+01
3.698746093750002473e+01
3.516187499999999488e+01
3.827499999999999858e+01
3.240902343750002501e+01
3.752777343749995964e+01
3.547750000000000625e+01
4.156484375000000142e+01
4.314750000000003638e+01
3.541683593750003212e+01
3.784859374999998494e+01
3.352964843750002188e+01
3.288609375000000767e+01
3.126937499999997883e+01
3.564984374999997385e+01
3.332484375000002785e+01
3.338500000000004775e+01
3.745484374999998778e+01
3.447249999999999659e+01
3.593183593749999716e+01
3.087359374999999773e+01
3.221234374999996675e+01
3.489371093750002473e+01
3.368734374999999659e+01
3.842484375000001506e+01
3.153499999999998948e+01
2.981214843749999233e+01
3.619359375000003354e+01
3.025777343749999915e+01
2.805484374999999275e+01
3.397500000000000142e+01
3.125937499999999858e+01
3.125937499999999858e+01
1.762249999999999517e+01
2.604496093750004349e+01
3.314058593750001336e+01
4.382621093750000085e+01
4.718964843749999716e+01
5.999749999999998096e+01
6.484937499999993804e+01
7.810371093749999716e+01
9.263187499999996533e+01
7.884652343750006764e+01
7.235557413041587438e+01
7.428499999999998238e+01
6.665433593750000796e+01
7.072125891685486465e+01
6.523036374509332802e+01
6.557006223142145984e+01
7.267029068410398907e+01
6.151328754186630476e+01
5.717777343749997954e+01
5.214859375000001052e+01
5.171839843750001364e+01
5.144027343749995396e+01
4.870999999999996533e+01
4.397249999999995396e+01
4.313964843750000000e+01
4.057308593749996817e+01
4.028750000000000142e+01
3.471058593749997101e+01
3.575214843749999716e+01
4.423187499999997385e+01
3.126187499999996788e+01
3.279937500000000483e+01
3.358246093750002359e+01
3.146500000000001052e+01
2.843433593749998067e+01
3.052496093749999773e+01
3.053359375000000142e+01
2.722749999999999204e+01
2.831933593750000000e+01
2.920152343749999346e+01
2.642402343750000071e+01
2.816371093749996746e+01
2.758433593749997925e+01
2.985999999999999233e+01
2.859359375000003567e+01
2.964964843749996248e+01
3.153433593749999275e+01
2.731109374999999062e+01
2.805121093749999517e+01
2.768902343749997996e+01
2.892984375000002117e+01
3.140249999999997499e+01
2.877437500000001336e+01
2.698609374999999844e+01
2.643183593750000071e+01
3.001499999999998636e+01
2.810058593750000000e+01
3.002027343750003041e+01
2.922933593750002501e+01
2.721777343750000000e+01
2.782183593749999773e+01
2.746859374999996106e+01
2.814859375000001407e+01
3.133109374999996888e+01
2.553496093749999929e+01
2.661402343749998778e+01
2.806187499999999702e+01
2.739839843749999915e+01
2.865996093749999929e+01
2.749750000000002359e+01
2.596249999999999858e+01
2.779277343749999929e+01
2.970249999999997925e+01
2.621734375000000838e+01
3.017749999999999844e+01
2.904339843750002359e+01
2.758964843749999929e+01
2.765687500000000298e+01
3.035777343750003610e+01
2.802652343749998565e+01
2.857734375000000071e+01
2.934277343750000000e+01
2.825152343749999773e+01
2.811484374999999858e+01
2.851308593750000142e+01
2.791734374999997925e+01
2.731214843749996390e+01
2.883496093750000000e+01
2.946734374999999773e+01
2.823500000000004206e+01
2.881937500000003638e+01
2.842437499999999062e+01
2.704902343750000071e+01
2.996058593749997812e+01
2.911250000000000071e+01
2.714609374999999858e+01
2.644746093750000071e+01
2.856246093749998138e+01
2.856058593749995822e+01
3.364683593750000057e+01
3.175152343750001549e+01
2.942464843749999659e+01
2.719937499999999631e+01
2.807871093749999858e+01
2.713109375000004064e+01
2.806714843749998778e+01
3.127187500000000142e+01
3.080683593750000071e+01
2.925589843750000085e+01
2.942027343750000412e+01
2.911683593750000298e+01
2.870609375000000085e+01
2.858984375000000000e+01
3.041937500000000938e+01
3.229437500000001648e+01
3.083109374999999019e+01
3.176249999999999929e+01
2.736996093750004633e+01
2.838246093750002075e+01
2.851937500000003567e+01
2.932187499999999858e+01
2.628500000000003212e+01
2.661000000000000654e+01
2.601937499999998948e+01
2.755308593750001478e+01
3.013500000000000867e+01
2.920234375000000071e+01
2.806527343749996106e+01
2.910589843750000227e+01
2.964687500000000142e+01
2.999234375000001052e+01
2.656683593750001293e+01
2.667250000000002430e+01
2.788109375000001222e+01
2.704609375000000071e+01
2.730859375000000000e+01
2.684058593750001620e+01
2.957187499999999858e+01
3.028402343750000725e+01
2.871089843750000270e+01
2.876777343750000071e+01
2.900234375000000142e+01
2.829964843750000369e+01
2.768109375000000227e+01
2.849859374999998707e+01
2.885589843750000938e+01
2.894214843750001975e+01
2.622183593750000341e+01
2.724359374999999162e+01
2.918433593749998778e+01
3.117734374999999858e+01
2.828734374999996959e+01
2.982984374999998067e+01
2.483433593749998280e+01
2.842749999999998067e+01
2.890527343750000000e+01
2.796000000000004349e+01
2.905859375000000000e+01
2.896214843749999091e+01
2.823109374999999233e+01
2.685839843750000000e+01
2.405933593749999844e+01
2.698109374999996390e+01
3.004859374999999844e+01
3.059339843750003496e+01
3.169234375000000270e+01
3.293652343750000000e+01
2.914496093749999162e+01
3.198499999999999588e+01
3.444937499999999631e+01
3.071558593750001620e+01
3.021937499999997456e+01
2.959234374999999062e+01
3.031996093750003496e+01
3.011402343750000199e+01
3.015464843749997925e+01
3.102499999999999858e+01
3.077871093750000142e+01
3.018589843749999346e+01
2.894277343750000142e+01
2.922933593750001435e+01
3.100683593750000000e+01
2.858246093750003780e+01
2.916499999999999915e+01
2.809859375000000981e+01
3.245777343750000909e+01
3.100687499999999730e+01
2.856109375000000838e+01
3.152984374999999773e+01
2.899437500000001222e+01
3.129027343749997314e+01
3.237984375000000625e+01
2.863359374999999929e+01
3.080687499999995538e+01
2.943750000000000000e+01
2.877249999999999730e+01
2.568187500000002998e+01
2.801000000000002998e+01
3.165589843750000298e+01
2.675433593750000938e+01
2.733359374999999858e+01
2.859058593750000199e+01
3.143687499999999702e+01
2.942183593750000981e+01
2.853109374999996106e+01
3.020234375000000071e+01
2.871214843749995183e+01
2.825589843750000085e+01
2.887750000000000838e+01
2.646234375000002359e+01
2.800234375000000142e+01
2.964437500000002501e+01
3.195937500000000142e+01
3.337183593749998778e+01
3.163589843749996788e+01
2.900621093749997925e+01
2.647089843750000071e+01
3.082621093749999019e+01
2.957984375000000909e+01
3.204527343750002188e+01
3.122339843750000199e+01
2.966859374999996390e+01
2.819000000000000838e+01
3.404683593749999915e+01
3.061089843749996930e+01
3.083558593749994969e+01
3.090621093749998494e+01
2.909371093749998494e+01
2.865152343749999275e+01
2.869183593750003070e+01
2.823433593750001336e+01
2.876937499999995040e+01
2.895999999999999730e+01
2.709496093750003709e+01
2.644527343750001336e+01
3.112984375000000981e+01
3.153871093749999233e+01
3.081484375000000142e+01
3.021527343749998451e+01
2.924437500000003709e+01
2.969808593749996106e+01
3.102308593749996390e+01
3.055609374999996319e+01
3.211234375000002217e+01
2.871500000000001052e+01
3.054339843750003070e+01
2.898714843749995751e+01
2.774214843750002046e+01
3.210996093749999858e+01
2.912777343749994685e+01
2.936937499999999091e+01
2.910308593750000483e+01
2.940433593750002927e+01
2.874687499999999929e+01
2.883187499999996817e+01
3.245687499999996817e+01
2.671234374999999162e+01
2.836058593749996959e+01
2.837734375000000142e+01
2.820249999999998636e+01
2.901996093750003780e+01
2.919683593749999773e+01
2.952933593750002572e+01
2.871683593750002572e+01
2.645777343750001975e+01
2.600999999999996959e+01
2.747777343749995538e+01
2.697308593749998096e+01
2.726859374999999019e+01
2.969496093749999588e+01
2.562984375000000981e+01
2.853999999999997428e+01
2.706859375000002998e+01
2.746308593750000071e+01
2.578499999999996817e+01
2.732558593750000142e+01
2.494984374999998167e+01
2.753187499999997812e+01
2.540214843749999929e+01
2.699984375000003567e+01
2.623402343750002075e+01
2.627558593750000071e+01
2.555589843749999801e+01
2.579000000000000981e+01
2.897714843749999858e+01
2.591621093750000071e+01
2.969937499999999631e+01
2.793687500000000412e+01
2.602402343749999858e+01
2.576464843750000000e+01
2.987437499999999702e+01
2.775152343750001549e+01
2.856214843749999588e+01
2.500609374999999801e+01
2.669937500000002117e+01
2.897250000000005343e+01
2.773359375000000071e+01
2.602359374999996788e+01
2.629121093750000071e+01
2.741109374999999204e+01
2.690746093749999091e+01
2.625621093750001478e+01
2.599371093749999773e+01
2.744371093749997570e+01
2.553433593749997499e+01
2.792777343749996888e+01
3.617027343749998636e+01
2.943437499999999929e+01
2.638609374999996859e+01
2.847621093749998522e+01
2.689496093749999162e+01
2.652183593749997925e+01
2.779937500000000838e+01
2.794984375000001364e+01
2.647464843749998664e+01
2.959652343750001791e+01
2.743609374999998707e+01
2.774839843749997925e+01
2.954234375000000767e+01
2.800527343750000142e+01
2.787496093749999204e+01
2.614609374999999858e+01
2.550058593749999858e+01
3.082652343749997570e+01
2.553902343749998494e+01
2.820464843750000483e+01
2.834964843749999019e+01
2.889058593750001336e+01
2.685621093749998778e+01
2.891371093749999588e+01
2.764750000000000085e+01
2.864589843750000142e+01
2.597249999999998593e+01
2.480902343750001293e+01
2.659234374999997996e+01
2.653121093749999915e+01
2.874996093749998494e+01
2.914589843750000142e+01
2.584839843750001620e+01
2.647109375000000142e+01
2.781308593749999858e+01
2.665609374999998948e+01
3.152187500000000142e+01
2.808500000000000085e+01
2.682437499999998209e+01
2.822359374999997073e+01
2.723277343750002188e+01
2.925000000000000000e+01
2.812109375000000000e+01
2.919437499999995822e+01
2.877964843749999702e+01
3.037249999999999517e+01
2.547152343750003212e+01
2.824937500000000767e+01
2.532250000000000156e+01
2.692308593749997314e+01
2.420859374999999858e+01
2.719999999999999929e+01
2.576621093749999858e+01
2.833433593749998636e+01
2.706683593750002359e+01
2.555839843749999929e+01
2.413500000000001222e+01
2.712089843749999929e+01
2.605433593750003141e+01
2.681734375000002046e+01
2.790902343750000725e+01
2.573500000000001364e+01
2.572749999999998138e+01
2.620464843750001549e+01
2.495249999999998280e+01
2.702496093750000838e+01
2.834371093750001336e+01
2.885121093749999233e+01
2.685152343749998494e+01
2.822500000000000142e+01
2.940433593750002927e+01
2.614652343750002572e+01
2.663687500000001052e+01
2.742308593749997314e+01
3.046402343750000341e+01
2.979359374999995680e+01
2.902187500000000142e+01
2.757464843749998096e+01
2.626371093749998664e+01
2.732984375000001975e+01
2.702437500000000270e+01
2.693187500000002998e+01
2.691234374999997314e+01
3.033984375000000000e+01
2.928187499999999233e+01
2.601500000000000767e+01
2.601500000000000767e+01
1.746714843749998636e+01
2.674433593750000071e+01
3.405687499999996248e+01
4.019437500000005770e+01
4.789859375000001762e+01
5.771109375000003183e+01
6.532777343749994259e+01
6.118734374999998948e+01
6.943187500000003354e+01
8.059651019811630590e+01
7.350732614457606928e+01
7.405958108842375509e+01
6.219328714311122752e+01
6.244093332231042126e+01
6.371960974693298851e+01
5.510978708207608179e+01
5.009472848832606218e+01
5.027750000000001762e+01
4.947484374999998380e+01
3.986246093749999631e+01
3.777964843749999346e+01
3.975058593749999858e+01
3.849589843750000284e+01
4.367359375000002331e+01
3.874058593750000767e+01
4.201937500000003922e+01
4.263871093749999375e+01
3.863734374999994969e+01
3.151777343750000071e+01
3.469749999999998380e+01
3.287246093750000142e+01
3.051109375000001478e+01
2.848359375000000071e+01
3.067871093750000000e+01
2.992777343749998664e+01
2.928687500000001975e+01
3.106000000000000227e+01
2.987964843750001620e+01
3.163984375000000071e+01
2.983984375000000000e+01
2.723500000000003496e+01
2.832109374999999929e+01
2.782777343749997812e+01
2.991937499999995254e+01
2.784609375000000142e+01
2.990777343750002615e+01
3.013277343750000981e+01
2.585683593750000142e+01
2.835250000000001336e+01
2.613500000000001222e+01
2.879589843750000000e+01
2.627621093749998948e+01
2.708187499999998948e+01
2.641250000000000142e+01
2.860464843750000341e+01
2.752777343749995609e+01
2.831187499999999346e+01
2.805464843750000981e+01
2.568089843749999091e+01
2.681371093749999801e+01
2.753027343750000000e+01
2.789839843750000270e+01
2.741933593750000142e+01
2.816683593750003212e+01
2.483871093749998593e+01
3.080746093750005343e+01
2.843187499999996959e+01
2.811734375000002117e+01
2.753734375000001222e+01
2.816234375000004064e+01
2.887437500000002544e+01
2.893499999999996675e+01
2.864964843749996959e+01
2.850999999999998025e+01
2.754527343750001478e+01
2.706109374999997641e+01
2.608902343749998565e+01
2.499234374999999275e+01
2.734183593750002572e+01
2.622933593750001791e+01
2.707933593750001933e+01
2.710121093749999588e+01
2.693734374999997527e+01
2.766714843749999631e+01
2.445464843750000128e+01
2.756871093749998636e+01
3.077187500000000142e+01
2.858500000000002927e+01
3.272339843750000909e+01
2.921937499999994969e+01
2.903277343750000483e+01
3.013999999999999346e+01
2.856777343750000142e+01
2.768109375000004846e+01
2.636058593749997314e+01
2.821371093749995040e+01
2.651109375000002188e+01
2.828089843750002075e+01
2.829589843750000000e+01
2.645589843749998948e+01
2.884214843750001478e+01
2.709183593750002572e+01
2.522749999999999915e+01
2.968109375000005201e+01
2.861734374999999275e+01
2.580058593749999929e+01
2.547250000000003212e+01
3.045234375000000071e+01
2.654589843750000000e+01
2.538589843749998209e+01
2.473277343750001123e+01
2.827499999999999858e+01
2.817437500000001549e+01
2.786402343750000199e+01
2.796234374999997385e+01
3.169277343750000142e+01
3.168499999999999517e+01
2.928246093750000867e+01
2.809687500000000071e+01
2.554609375000000071e+01
2.710250000000002757e+01
3.040234375000000000e+01
2.724359375000001293e+01
2.827464843749998380e+01
2.571996093750002643e+01
2.518187500000001933e+01
2.519683593749998707e+01
2.549496093750000369e+01
2.589371093749997499e+01
2.614999999999999858e+01
2.344687499999999858e+01
2.528089843750001009e+01
2.501371093749997954e+01
2.754839843750001549e+01
2.596464843749999929e+01
2.492249999999998167e+01
2.522339843750000199e+01
2.778999999999999204e+01
2.813277343750001336e+01
2.699808593749997954e+01
2.513187500000001862e+01
2.533433593749998991e+01
2.619234374999999204e+01
2.658089843750001791e+01
2.773339843750000000e+01
2.915996093749999929e+01
2.909687500000000071e+01
2.962109375000000000e+01
2.556234374999997527e+01
2.683902343750001052e+01
2.521683593750000085e+01
2.622359374999999204e+01
3.233609375000001052e+01
2.766859374999996746e+01
2.983999999999998209e+01
2.570687500000000725e+01
2.458359374999999858e+01
2.659437500000001364e+01
2.508187500000001791e+01
2.537933593750001293e+01
2.704496093749999019e+01
2.799027343749995822e+01
2.675464843750000909e+01
2.276996093750003780e+01
2.511058593749998025e+01
2.754027343749995183e+01
2.307496093750000554e+01
2.652152343750002572e+01
2.882250000000001933e+01
2.563187499999998664e+01
2.786214843749996817e+01
2.666734375000002188e+01
2.836734374999998565e+01
2.683652343749999858e+01
2.877437500000000981e+01
2.727777343749998451e+01
2.632152343750002998e+01
2.995058593750000142e+01
2.772109375000000142e+01
2.566109374999999915e+01
2.796499999999998565e+01
2.821859375000000369e+01
2.658027343750000071e+01
2.534859374999998138e+01
2.668871093749999091e+01
2.613652343749999929e+01
2.634527343750000838e+01
2.527183593750000767e+01
2.509359374999998948e+01
2.693652343750000000e+01
2.704527343750001478e+01
2.438871093750000085e+01
2.762964843749999844e+01
2.746152343749999858e+01
2.789339843750003567e+01
2.564937499999999915e+01
2.703339843750000071e+01
2.743609374999999062e+01
2.641371093749999588e+01
2.906464843750000071e+01
2.745902343750001862e+01
2.406058593749996533e+01
2.701734375000000199e+01
2.707359374999999702e+01
2.838871093749999019e+01
3.034937499999999133e+01
2.998121093749999844e+01
2.663187500000003638e+01
2.558589843749997428e+01
2.769359375000002998e+01
3.133437500000000142e+01
3.052437500000000981e+01
2.585609375000000298e+01
2.291058593749996675e+01
2.532714843750000000e+01
2.572027343750000483e+01
2.456714843750001620e+01
2.170999999999997243e+01
2.475464843749998067e+01
2.443589843749997215e+01
2.674652343750002359e+01
2.775371093749999929e+01
2.613749999999999929e+01
2.568402343750002004e+01
2.674234374999999275e+01
2.452499999999999858e+01
2.505683593750000071e+01
2.431777343750000142e+01
2.497437499999998778e+01
2.560121093749999588e+01
2.591000000000001435e+01
2.593750000000000000e+01
2.451246093749998778e+01
2.714234375000000199e+01
2.497750000000000270e+01
2.546234375000002714e+01
2.475589843750004349e+01
2.428589843749999133e+01
2.456734375000002046e+01
2.833687500000000981e+01
2.736937499999999091e+01
2.307777343749996746e+01
2.438902343749998991e+01
2.565777343750001549e+01
2.437027343749999986e+01
2.364359375000002927e+01
2.478746093749998636e+01
2.567750000000001975e+01
2.532964843750002260e+01
2.527250000000004349e+01
2.633402343750000796e+01
2.570937500000000142e+01
2.372964843750001762e+01
2.356871093749997570e+01
2.497496093749997570e+01
2.422621093749999233e+01
2.464359375000004349e+01
2.341859375000000298e+01
2.533734374999997740e+01
2.601527343749999233e+01
2.527750000000002473e+01
2.595308593750003823e+01
2.453183593749999858e+01
2.568652343750000000e+01
2.555996093750000142e+01
2.751089843749999275e+01
2.594964843749998451e+01
2.698687500000001549e+01
2.616859375000001364e+01
2.334277343750000000e+01
2.304277343749999929e+01
2.332621093749998309e+01
2.646234374999996675e+01
2.569359374999996248e+01
2.621246093749997996e+01
2.369984374999997101e+01
2.447496093749999346e+01
2.596937499999996746e+01
2.813558593749996106e+01
2.553109375000003922e+01
2.414808593749998167e+01
2.399964843749997101e+01
2.331500000000001549e+01
2.239234375000000199e+01
2.354234374999998636e+01
2.553734374999996604e+01
2.608277343750000199e+01
2.624027343749996888e+01
2.551859375000003638e+01
2.342250000000002075e+01
2.599000000000000199e+01
2.338687500000000696e+01
2.588749999999999929e+01
2.492250000000001364e+01
2.542437500000000838e+01
2.525839843749999858e+01
2.409609375000000142e+01
2.519859374999999346e+01
2.819527343749999915e+01
2.554937500000000128e+01
2.641734375000002188e+01
2.580484375000001407e+01
2.676527343749999233e+01
2.527437499999999915e+01
2.506871093749996504e+01
2.516402343749997073e+01
2.491871093750000909e+01
2.254214843749998209e+01
2.461402343749999488e+01
2.578359375000000142e+01
2.520937500000000142e+01
2.350464843750000199e+01
2.497777343749996959e+01
2.490933593749999275e+01
2.424183593750001720e+01
2.623734374999996177e+01
2.611734374999999275e+01
2.467734374999999858e+01
2.680121093749999517e+01
2.618984375000000142e+01
3.203964843749999858e+01
2.562484374999998593e+01
2.581500000000001549e+01
2.519859374999998991e+01
2.608964843749999929e+01
2.389121093749999858e+01
2.272484375000002643e+01
2.418187500000004064e+01
2.532183593749999062e+01
2.511839843750000867e+01
2.730609374999996319e+01
2.678750000000000142e+01
2.799746093750000142e+01
2.699937499999999702e+01
2.477402343749999858e+01
2.722808593750001549e+01
2.507749999999999702e+01
2.747484375000000867e+01
2.456402343749999062e+01
2.638089843750004704e+01
2.490249999999999631e+01
2.429121093750000071e+01
2.527496093750001549e+01
2.623687500000001904e+01
2.668089843750001933e+01
2.532933593750002643e+01
2.477484374999995254e+01
2.596871093750002757e+01
2.696249999999999858e+01
2.327464843749998735e+01
2.484527343750001904e+01
2.601249999999999929e+01
2.542359374999997357e+01
2.541484374999999929e+01
2.585999999999999233e+01
2.511484374999999858e+01
2.460996093749999858e+01
2.634359374999999659e+01
2.537750000000001904e+01
2.309371093750002046e+01
2.354984374999997243e+01
2.344027343749997527e+01
2.645058593750000142e+01
2.493750000000000000e+01
2.349437500000002998e+01
2.602109374999999858e+01
2.402308593749996390e+01
2.869839843750000341e+01
2.541937500000003780e+01
2.505121093749999872e+01
2.593339843749999929e+01
2.661000000000004917e+01
2.505933593749998778e+01
2.587027343750002117e+01
2.736734374999999631e+01
2.609859374999999915e+01
2.628871093750000298e+01
2.966187500000000199e+01
2.796499999999999631e+01
2.824234375000001407e+01
2.657984374999999133e+01
2.461000000000002075e+01
3.169750000000004775e+01
2.479996093750000341e+01
2.606250000000000000e+01
2.584859375000000981e+01
3.290371093750000142e+01
2.816250000000000142e+01
2.746558593749999133e+01
2.853714843749998664e+01
2.501484375000000071e+01
2.605609374999995609e+01
2.053746093750002188e+01
2.236402343750000199e+01
3.714214843749998352e+01
5.286714843749998494e+01
4.512437500000000057e+01
8.125214843749999716e+01
7.267027343750007162e+01
7.225609375000009038e+01
7.206499999999999773e+01
8.386937500000001933e+01
7.647515643835068033e+01
8.501690955162048624e+01
6.739908466100692408e+01
7.290386267662042030e+01
5.589000000000000057e+01
6.173719257116317749e+01
5.694600076615811446e+01
5.453589843750002331e+01
7.009614090383055895e+01
5.910087299108499792e+01
5.114808593749999233e+01
5.308499999999996533e+01
5.786871093749998352e+01
4.746621093750000142e+01
4.225609375000003354e+01
3.844234374999999204e+01
4.460152343750000625e+01
3.647089843749999716e+01
3.838964843750000000e+01
3.679234374999997215e+01
3.149984375000001435e+01
3.023496093749999858e+01
2.831527343749996106e+01
3.054750000000000654e+01
3.104371093750000199e+01
3.091214843749997954e+01
3.043437499999999929e+01
2.889371093749997499e+01
2.945121093749999019e+01
2.946937499999998522e+01
3.398402343750001364e+01
2.892621093749997385e+01
2.756527343749996817e+01
2.689750000000004704e+01
2.766527343749998025e+01
2.841937499999996319e+01
2.797984374999999346e+01
2.806109374999996220e+01
2.494859374999997925e+01
2.407621093749996888e+01
2.281871093750000767e+01
2.440746093750003709e+01
2.456484375000000142e+01
2.555152343750001620e+01
2.349121093750000000e+01
2.432499999999999929e+01
2.750277343749995040e+01
2.669839843749997499e+01
2.508687500000002046e+01
2.441000000000000369e+01
2.667750000000001620e+01
2.286152343750000071e+01
2.331187500000002544e+01
2.331500000000000483e+01
2.445249999999998991e+01
2.331527343749997527e+01
2.729234375000000767e+01
2.586308593749999929e+01
2.479339843750003070e+01
2.236996093750005343e+01
2.488902343750000767e+01
2.419937500000001052e+01
2.443999999999998707e+01
2.541527343749998380e+01
2.540589843750003496e+01
2.702714843749999929e+01
2.539859374999999986e+01
2.373246093749999730e+01
2.447734374999999929e+01
2.343183593750000071e+01
2.561937500000001933e+01
2.363609374999997215e+01
2.512500000000000000e+01
2.419746093750000071e+01
2.491996093750000796e+01
2.448984374999999858e+01
2.313734374999996390e+01
2.582984374999999844e+01
2.700902343750001222e+01
2.666859375000002075e+01
2.433734374999995964e+01
2.359027343749998806e+01
2.594984374999997812e+01
2.702734375000000000e+01
2.675234375000000142e+01
2.701249999999999929e+01
2.619859374999998636e+01
2.625249999999999773e+01
2.905308593750001478e+01
2.702437500000002046e+01
2.650152343749999773e+01
2.624839843749997570e+01
2.616714843749998565e+01
2.699527343750001407e+01
2.942621093750000227e+01
2.743109375000005912e+01
2.883499999999996888e+01
3.223500000000003496e+01
2.772152343750001435e+01
2.940308593750001975e+01
2.864937500000000270e+01
2.941500000000000270e+01
2.478246093749999801e+01
2.790371093750000142e+01
2.849937499999999702e+01
2.477402343749999858e+01
2.882714843750000000e+01
2.923187499999996675e+01
2.913187500000002927e+01
2.723714843749998948e+01
2.942152343750001364e+01
2.763734374999997812e+01
2.820152343749997925e+01
3.024359374999999517e+01
2.937359375000000483e+01
2.936187500000002615e+01
2.458871093750000014e+01
2.840687500000004206e+01
2.911089843749997641e+01
3.035859375000000071e+01
3.273714843749995396e+01
3.113558593749997527e+01
2.831558593750002473e+01
3.369359375000000512e+01
3.363437499999999858e+01
2.657183593750000838e+01
2.645484375000001620e+01
2.804058593750000838e+01
2.875859374999999929e+01
2.605249999999998067e+01
2.825999999999999801e+01
2.617246093749999858e+01
2.544964843749997030e+01
2.848109375000001364e+01
2.686214843749997883e+01
2.550484374999997428e+01
2.538871093749998664e+01
2.602249999999997243e+01
2.661089843749999773e+01
2.482339843749999631e+01
2.707484375000000298e+01
2.618609374999997641e+01
2.818984375000000142e+01
2.549859375000001194e+01
2.891871093750001620e+01
2.866464843749999858e+01
2.874527343750001407e+01
3.214359374999999375e+01
3.324996093749995651e+01
3.148183593750000142e+01
3.386500000000000909e+01
3.119121093749999929e+01
2.482484375000002785e+01
2.710609375000004206e+01
2.616937499999997385e+01
2.909652343750004277e+01
2.707808593750001336e+01
2.769437500000002927e+01
2.819339843750001506e+01
2.770214843750000000e+01
2.804750000000002075e+01
2.626621093749999858e+01
2.351089843749998920e+01
2.642359375000000909e+01
2.773687499999997641e+01
3.167359375000000909e+01
2.773109375000003141e+01
2.818750000000000000e+01
2.587749999999999062e+01
2.856500000000000838e+01
2.770687500000002501e+01
2.611714843749997073e+01
2.777250000000001862e+01
2.814683593749999702e+01
2.667339843749997996e+01
2.424996093749999915e+01
2.639437499999998593e+01
2.735464843749998565e+01
2.993500000000003780e+01
2.603734375000002643e+01
2.603558593749996675e+01
2.746714843750000767e+01
2.574984375000003212e+01
2.626499999999998636e+01
2.744902343749999929e+01
2.688027343750000142e+01
2.623089843750004135e+01
2.945464843750002615e+01
2.668499999999998096e+01
2.841558593750001904e+01
2.691500000000002046e+01
2.687437499999999346e+01
2.667734374999999858e+01
2.668359375000000000e+01
2.575683593750000000e+01
2.821839843749999588e+01
2.467750000000000199e+01
2.617984375000001052e+01
2.892621093749999162e+01
2.810152343750000270e+01
2.897808593750001549e+01
2.659808593749996675e+01
2.780433593750002430e+01
2.911187500000001904e+01
2.635000000000000142e+01
2.847246093749999929e+01
2.781308593749999858e+01
2.858500000000004349e+01
2.861308593749999929e+01
2.861683593750001364e+01
2.785249999999998494e+01
2.788808593750000142e+01
2.836499999999997002e+01
2.658121093750001052e+01
2.559433593749999858e+01
2.500000000000000000e+01
2.623750000000000071e+01
2.791499999999999915e+01
2.580609374999995609e+01
2.492359375000000554e+01
2.600937499999999858e+01
2.694058593750002473e+01
2.814999999999999858e+01
2.698187499999996319e+01
2.731109375000001549e+01
2.536058593749998735e+01
2.506308593749999858e+01
2.649277343749999858e+01
2.931734374999999915e+01
2.481871093749996859e+01
2.470589843750000369e+01
2.565121093749998948e+01
2.609496093750004064e+01
2.953589843749998778e+01
2.759000000000002117e+01
2.751996093750005201e+01
2.555371093750000000e+01
2.993750000000000000e+01
2.721058593749999233e+01
2.519750000000002643e+01
2.697339843749999844e+01
3.007437500000001052e+01
2.992484374999999019e+01
2.789902343749999858e+01
2.841250000000000142e+01
2.669808593749996817e+01
2.719437499999999730e+01
2.739808593749997812e+01
2.515152343749998565e+01
2.606683593750002004e+01
2.887808593750001052e+01
2.571234375000003780e+01
2.609589843750000071e+01
2.579437499999999162e+01
2.977984374999999062e+01
2.937187499999999929e+01
2.715687500000002075e+01
2.882359374999998636e+01
3.068433593750000909e+01
2.869808593749996817e+01
2.560687499999999162e+01
2.883109375000003638e+01
2.642500000000000071e+01
2.412734375000000142e+01
2.521234374999996675e+01
2.642187500000000000e+01
2.539339843750003212e+01
2.448734375000001506e+01
2.415433593750002217e+01
2.771402343749999631e+01
2.810687499999998451e+01
2.803499999999999659e+01
2.763871093749999019e+01
3.085152343749999204e+01
2.640371093750000142e+01
2.739359374999999730e+01
2.691214843749999019e+01
2.654027343749998380e+01
2.969984374999998522e+01
3.066937499999996319e+01
3.046187500000002046e+01
2.918964843750000071e+01
2.696859374999999659e+01
2.551839843750000725e+01
2.746683593750001506e+01
2.907484374999997456e+01
3.008902343749998209e+01
2.797027343750002615e+01
2.545527343750000071e+01
2.784937499999997002e+01
2.730234374999999858e+01
2.607964843749997641e+01
2.720121093749999730e+01
3.016937500000003070e+01
2.721109374999997499e+01
2.778402343750000725e+01
2.648999999999999133e+01
2.619839843749998565e+01
2.843652343750000000e+01
3.108652343749999858e+01
3.016234374999996248e+01
3.024234374999999275e+01
2.908902343749999631e+01
3.036734375000003183e+01
2.900589843750004349e+01
3.352250000000002217e+01
2.807359375000000767e+01
2.757308593749997527e+01
2.702484375000001293e+01
2.957734375000000071e+01
3.105527343749999858e+01
3.165249999999998209e+01
2.811859374999998096e+01
2.771937499999996746e+01
3.132777343749997456e+01
2.767500000000000071e+01
2.789058593750003823e+01
3.267152343750002785e+01
2.877359375000001407e+01
2.765999999999998593e+01
2.774359374999999162e+01
2.769937500000002117e+01
3.062749999999997996e+01
2.841500000000002757e+01
3.092027343750001478e+01
2.818687500000001478e+01
2.716000000000004633e+01
2.832109374999999929e+01
2.808433593749998636e+01
2.939996093750000483e+01
2.671000000000002927e+01
3.427027343750002331e+01
2.960609375000004206e+01
2.926246093749997002e+01
2.865121093749998948e+01
2.921859375000003212e+01
2.991859375000003496e+01
2.657246093750000071e+01
2.832308593749997883e+01
2.444937499999998209e+01
3.159746093749999929e+01
2.863089843750000085e+01
2.446714843749997925e+01
3.029996093749999631e+01
3.219058593750002473e+01
2.929859374999998067e+01
3.107558593750000142e+01
3.236734374999996788e+01
3.076499999999997925e+01
3.112250000000002004e+01
2.965999999999996106e+01
3.092964843749998494e+01
3.105464843749998138e+01
3.201621093749999858e+01
3.211371093749998096e+01
3.481250000000000000e+01
2.884683593750001052e+01
3.189999999999999858e+01
3.251234374999998522e+01
2.936402343749996291e+01
3.328433593749998920e+01
3.152250000000000796e+01
3.441484375000000284e+01
3.714183593750001933e+01
3.237621093750000512e+01
2.976527343749997812e+01
3.145249999999999702e+01
2.866089843750000199e+01
3.131558593750002473e+01
3.205484375000001052e+01
2.803558593749996675e+01
3.008187499999998948e+01
3.004234375000000767e+01
3.439749999999995822e+01
3.149214843750000270e+01
3.139234374999998778e+01
3.164433593749999929e+01
3.425609375000000512e+01
3.113808593750000142e+01
2.924609375000000000e+01
2.838999999999997925e+01
2.702871093750000142e+01
2.702871093750000142e+01
1.691214843749995822e+01
3.393437500000000284e+01
3.328687499999999488e+01
4.333359374999999858e+01
6.786187499999999773e+01
6.601187499999996078e+01
8.307187500000000568e+01
8.709683593749997499e+01
9.335121093749995680e+01
1.059821744441986056e+02
9.395286170005790893e+01
7.987686398923396780e+01
9.191316818654533449e+01
7.059470844030373371e+01
6.168703042924406788e+01
7.239211057126522064e+01
6.697207111120223999e+01
6.711519193112849280e+01
6.690308835446832347e+01
5.058027343749999716e+01
6.014496093750004491e+01
5.387455179154876816e+01
5.141937499999994543e+01
4.772777343749996959e+01
4.918109375000001648e+01
4.326234374999994259e+01
4.121499999999998209e+01
4.257250000000004064e+01
3.435308593750001904e+01
3.819683593749998352e+01
3.751058593749996817e+01
3.890527343750000000e+01
3.589859375000001762e+01
3.283246093750003070e+01
3.291234375000004775e+01
3.221558593750002331e+01
3.402984375000002615e+01
2.928871093749999233e+01
2.919000000000002615e+01
2.605058593749999929e+01
2.886371093749999517e+01
2.485234374999999929e+01
2.888109374999999801e+01
2.650839843749999858e+01
2.869749999999998380e+01
3.172359375000000270e+01
3.385214843749999858e+01
2.933609374999998565e+01
2.738687499999999631e+01
2.801464843750000000e+01
2.724609375000000000e+01
2.414808593749997101e+01
2.781527343749998948e+01
2.849000000000001620e+01
3.482437500000001762e+01
2.878339843750000071e+01
3.003999999999999915e+01
2.979609375000000071e+01
2.923558593749996959e+01
2.971214843749996959e+01
2.887250000000000227e+01
2.768109375000005201e+01
2.922027343749999773e+01
2.636234375000000796e+01
2.618558593749998664e+01
2.576058593749996106e+01
2.946683593750001506e+01
2.769746093750000071e+01
2.749984374999995751e+01
3.096859375000002501e+01
2.914902343749999858e+01
2.739683593749999702e+01
2.748187499999996319e+01
2.716734375000001478e+01
3.065609375000001791e+01
2.742183593749999204e+01
2.466714843750001762e+01
2.645152343749998636e+01
2.891621093750000071e+01
2.566871093749998067e+01
2.637246093750000142e+01
2.712652343749999062e+01
2.909859374999999204e+01
2.969058593750001407e+01
3.014234374999999133e+01
2.585621093749998067e+01
2.726996093750003780e+01
2.552777343749996319e+01
2.809750000000002501e+01
2.410777343750003610e+01
2.736499999999998778e+01
2.837933593750002004e+01
2.778999999999997073e+01
2.880859375000000000e+01
2.768500000000003070e+01
2.764437500000003212e+01
2.798187500000000938e+01
2.803902343749997073e+01
2.971500000000001052e+01
3.015371093750000142e+01
2.820249999999999346e+01
2.931839843750004349e+01
2.821308593750000071e+01
3.185058593750000000e+01
2.893183593750000071e+01
3.011402343749999133e+01
3.297500000000000142e+01
3.130859375000000000e+01
3.163749999999999929e+01
2.958121093749996433e+01
2.858808593750000071e+01
3.120484375000000909e+01
2.628652343750000142e+01
2.740371093750000142e+01
2.655687500000003709e+01
2.797359375000001336e+01
2.842984374999998209e+01
3.016499999999999204e+01
2.976234374999997456e+01
2.686937500000004775e+01
3.139496093750000227e+01
3.313437499999999858e+01
3.629937500000000483e+01
3.028433593750001052e+01
3.118496093750000142e+01
3.477621093749999659e+01
2.982152343750002643e+01
2.898714843749995751e+01
2.908714843749994472e+01
3.119902343749999929e+01
2.880308593750000412e+01
2.738734374999997456e+01
2.999750000000004135e+01
3.117496093750001052e+01
3.157152343750001222e+01
3.094027343749996106e+01
2.894214843750001620e+01
2.883749999999999858e+01
2.808558593749997456e+01
2.830484375000001407e+01
2.982777343749999588e+01
2.987734375000000142e+01
2.728746093749999346e+01
2.850249999999999773e+01
3.003558593749995254e+01
3.064234374999999133e+01
3.248687500000000483e+01
3.112484374999998948e+01
3.089359374999996177e+01
3.083183593749999929e+01
3.087777343749998593e+01
3.107109374999999929e+01
3.003999999999999915e+01
2.837183593749999133e+01
2.840609375000001435e+01
2.648496093749999858e+01
3.202871093750000142e+01
2.955859375000000000e+01
2.918750000000000000e+01
2.724496093750003212e+01
3.175933593749998707e+01
2.772359374999997428e+01
2.622484374999996248e+01
2.761187500000002615e+01
2.939496093750000938e+01
2.819683593749999773e+01
2.757484374999997812e+01
2.692109375000000071e+01
2.871734374999999062e+01
2.857484374999995680e+01
2.706464843750000071e+01
2.837250000000000227e+01
2.782437499999998565e+01
2.742734374999999858e+01
2.610234374999999929e+01
2.709984374999998025e+01
2.621527343749996319e+01
2.528609374999997073e+01
2.860277343749997314e+01
2.668734374999998593e+01
2.745371093749999858e+01
2.915250000000002117e+01
2.882964843749999062e+01
2.671734374999999773e+01
2.769234375000002046e+01
2.514527343750002331e+01
2.561996093750003212e+01
2.646683593750002572e+01
2.794746093750000071e+01
2.804027343749997314e+01
2.831234375000001435e+01
2.869437500000004349e+01
2.891187500000003041e+01
3.052777343749996319e+01
2.864027343749998522e+01
2.589437499999995040e+01
2.819999999999999929e+01
2.806371093749998025e+01
2.744433593750000000e+01
2.815609374999998948e+01
2.907187499999999858e+01
2.619683593749999773e+01
2.893589843749999346e+01
2.689996093750000483e+01
2.579652343750003141e+01
2.776234374999997456e+01
2.764496093749999162e+01
2.614589843750000142e+01
2.626499999999998636e+01
2.956187499999998636e+01
2.981859375000000156e+01
2.830687500000004064e+01
2.671734374999999773e+01
2.763734375000000654e+01
2.875433593750003780e+01
2.680621093749997641e+01
3.117359374999998067e+01
3.121187499999999915e+01
3.529437499999995964e+01
3.051371093749998664e+01
3.354964843749995396e+01
3.511714843749997783e+01
2.700687500000002572e+01
2.891937499999998096e+01
3.003734374999997314e+01
2.981734374999996362e+01
3.188652343749999929e+01
3.070777343750000199e+01
3.076371093749999019e+01
2.985250000000002757e+01
3.167402343750000071e+01
3.094859375000000412e+01
3.074859374999999062e+01
2.730937499999999929e+01
2.820777343750000909e+01
2.992250000000004917e+01
2.954058593750002615e+01
3.049996093749997073e+01
3.080859375000000000e+01
3.151859374999999019e+01
3.047183593749999631e+01
3.043121093749995865e+01
3.158433593749999346e+01
2.611058593749995183e+01
3.006246093749998494e+01
3.108687500000000981e+01
2.758687499999999915e+01
2.513359374999999929e+01
2.591402343749998138e+01
2.702308593749997812e+01
2.849609375000000000e+01
2.568871093749998025e+01
2.395609375000000085e+01
2.779984374999995822e+01
2.799433593750000071e+01
2.936464843750000142e+01
2.804000000000000981e+01
2.918339843749999929e+01
2.881250000000000000e+01
2.656371093749998025e+01
3.010687499999997385e+01
3.009234375000002615e+01
3.038339843749999858e+01
2.933734374999995609e+01
3.130152343749998067e+01
3.294437499999999375e+01
3.075902343750001222e+01
2.767750000000000199e+01
2.923558593749998025e+01
2.727484375000003070e+01
2.868558593749999019e+01
3.290902343750003212e+01
2.726937500000000369e+01
2.853359375000000142e+01
2.755371093750000000e+01
3.009359375000000725e+01
2.725433593750003070e+01
2.855249999999998778e+01
2.667359374999999133e+01
2.573746093749999631e+01
2.672464843749996177e+01
3.219058593750000341e+01
2.847308593749995609e+01
2.907714843750000000e+01
3.076734374999999844e+01
2.909589843750000071e+01
3.151214843749999517e+01
2.952359374999999631e+01
3.026527343750000298e+01
2.967484374999999730e+01
2.875433593750000938e+01
2.896152343749999858e+01
2.569589843749999858e+01
2.661000000000000654e+01
2.839984374999996675e+01
2.762484374999998593e+01
2.787750000000000483e+01
2.579496093749999019e+01
2.735609374999999588e+01
2.702652343749998565e+01
2.871109374999998209e+01
2.781308593749999858e+01
2.979496093750002572e+01
2.673589843750000483e+01
2.974937499999998636e+01
3.024652343750001293e+01
3.120609374999999730e+01
3.044527343750000981e+01
2.705589843750001222e+01
2.700250000000000838e+01
2.576734375000001975e+01
2.706683593750000938e+01
2.643984375000000142e+01
2.694339843750000085e+01
2.975902343750002998e+01
3.033183593749999929e+01
2.702499999999999858e+01
2.583187500000003567e+01
2.744750000000004064e+01
2.809859374999999915e+01
3.046234375000000938e+01
3.298558593749997669e+01
3.313871093750000796e+01
2.811089843750000838e+01
2.763121093749997570e+01
3.060999999999998522e+01
2.920589843750004277e+01
3.096714843750001478e+01
2.857027343749998494e+01
2.790621093749997073e+01
2.792984374999998209e+01
2.861777343749999858e+01
2.793999999999999062e+01
2.607984375000000909e+01
2.553499999999997527e+01
2.794999999999999929e+01
2.914027343749995680e+01
2.932499999999999929e+01
2.735777343750001478e+01
2.837500000000000000e+01
2.647749999999999915e+01
2.749437499999998380e+01
2.780484374999998209e+01
2.782484374999999233e+01
2.912339843749997570e+01
2.987359374999999773e+01
2.803714843749995111e+01
2.594234375000001336e+01
2.710902343750000298e+01
2.901000000000001222e+01
2.820249999999997925e+01
2.827152343750002927e+01
2.816308593750000000e+01
2.814527343750001620e+01
2.828433593749999275e+01
2.716558593750000838e+01
2.533714843749995183e+01
2.760609374999995680e+01
2.445933593749997925e+01
2.600902343750002998e+01
2.442714843750000142e+01
2.652499999999999858e+01
2.713109374999995183e+01
3.157734375000000071e+01
2.648964843750000142e+01
2.974437500000002998e+01
2.753687500000000909e+01
2.457984375000000199e+01
2.613402343750000867e+01
2.664496093749999162e+01
2.485371093750000071e+01
2.896937500000002430e+01
2.654839843750000838e+01
2.738433593749999773e+01
2.791250000000000142e+01
2.674683593749999133e+01
2.586683593750001364e+01
2.557777343749996035e+01
2.574984375000003567e+01
2.733984375000000000e+01
2.632749999999998636e+01
2.870609375000002927e+01
2.621089843750000981e+01
2.942437499999999062e+01
3.144058593750001052e+01
2.969687499999999858e+01
2.760687499999999517e+01
2.878984374999999929e+01
2.704234374999998636e+01
2.624234375000001407e+01
2.523109375000004562e+01
2.622933593750001791e+01
2.622933593750001791e+01
2.223687500000000128e+01
3.224746093750000142e+01
4.216089843750001620e+01
4.760609375000004206e+01
7.041859375000002785e+01
7.893871093750001933e+01
1.006593359375000176e+02
8.756996093749998522e+01
8.907162271440029144e+01
1.112926883602141999e+02
9.557171158254149645e+01
1.026908627599477768e+02
9.619846756398673904e+01
9.603371166229248956e+01
8.489558609426021007e+01
7.149858884274965476e+01
8.304109735250470692e+01
7.398714923620227069e+01
6.231147907018662124e+01
6.847681903600690134e+01
6.554636575639246132e+01
6.131367196977140566e+01
5.922750000000002046e+01
5.749234375000001052e+01
5.970371093749999858e+01
5.173609374999998778e+01
5.180484374999997499e+01
4.748734375000001506e+01
4.323984374999999858e+01
4.251933593750000284e+01
4.088187500000001506e+01
4.629496093750005059e+01
3.981250000000000000e+01
4.129937500000001904e+01
4.283277343750002331e+01
5.046714843750000057e+01
3.998496093749999858e+01
4.194496093750002785e+01
3.656734375000001336e+01
3.723609374999999488e+01
3.555683593749999716e+01
3.031109374999998707e+01
3.435609374999999233e+01
3.630839843750000284e+01
3.587109375000000000e+01
3.832714843750000000e+01
3.390937499999999716e+01
2.941187500000000909e+01
2.973187500000003070e+01
3.209687499999999716e+01
3.412500000000000000e+01
2.942187500000000000e+01
3.593339843750000284e+01
2.935609374999996746e+01
2.967964843749998138e+01
2.711500000000001620e+01
2.558589843750000625e+01
2.890621093749997428e+01
2.883749999999999858e+01
2.879339843750003780e+01
3.014027343749996390e+01
2.805589843750003709e+01
2.756234374999998593e+01
2.975249999999999773e+01
2.816527343749996959e+01
3.183433593749999346e+01
3.233609374999997499e+01
2.987437500000003610e+01
3.084527343749999062e+01
3.127187500000000142e+01
2.919999999999999929e+01
3.063433593749999062e+01
3.210902343750002075e+01
2.875277343749996106e+01
3.052734375000000000e+01
2.921089843749998494e+01
2.922183593749997499e+01
3.096500000000002473e+01
3.245621093749998920e+01
2.806402343749999062e+01
3.110250000000000270e+01
3.304687500000000000e+01
2.664984375000002359e+01
2.831996093750000298e+01
3.174964843750000654e+01
2.864999999999999858e+01
3.337359374999997641e+01
3.355746093750004633e+01
3.522246093750000284e+01
3.361527343749996533e+01
3.376839843750001080e+01
3.352964843750000057e+01
3.215277343749999517e+01
2.779984375000002927e+01
3.408121093749997499e+01
3.514687500000000142e+01
3.398902343749999488e+01
3.258609374999998920e+01
1.393493749999999523e+02
1.305308984375000136e+02
3.486234374999997243e+01
3.332183593749999062e+01
3.366464843749999858e+01
3.061234375000002927e+01
2.784859375000002046e+01
3.163109374999998380e+01
3.242484375000002217e+01
3.640622649902105650e+02
4.537207548564671242e+02
3.974097721904516334e+02
3.518543440288305533e+02
5.751636130040884609e+02
5.321915311336517789e+02
9.493499999999991701e+01
7.792359375000000909e+01
8.820687499999995396e+01
7.724652343749998806e+01
7.421402343750000341e+01
8.909746093750000284e+01
7.133187499999999659e+01
4.275609375000004064e+01
5.027250000000002217e+01
3.567621093749998806e+01
2.926402343749998636e+01
2.849750000000004135e+01
3.575609375000000512e+01
3.093999999999999062e+01
5.045527343749999716e+01
6.472714843750000568e+01
6.401621093750000568e+01
6.060234375000000284e+01
5.718734374999996817e+01
5.815902343750001080e+01
6.199437500000006196e+01
5.581152343750000000e+01
5.224839843750000767e+01
4.987984375000000625e+01
5.073187499999998806e+01
4.859859375000000625e+01
5.222964843750001762e+01
5.225152343749999773e+01
5.171527343749998096e+01
5.132777343749997101e+01
5.448746093750001052e+01
5.496371093749998948e+01
5.453902343749998494e+01
5.569937499999999631e+01
4.682249999999996959e+01
5.040839843749999716e+01
4.983109375000003638e+01
4.919984374999997101e+01
5.240234375000000000e+01
5.167808593750000767e+01
5.383437500000000142e+01
4.974984374999998238e+01
5.115249999999999631e+01
4.939859375000000341e+01
4.801000000000003354e+01
5.073496093749999858e+01
4.724277343749999858e+01
4.693589843750001478e+01
4.613609374999997215e+01
4.517496093749998920e+01
4.846402343749998209e+01
4.590484375000002615e+01
4.368871093749997669e+01
4.279058593750000483e+01
4.264183593750001222e+01
4.439437500000001791e+01
4.447109375000000142e+01
4.195484375000002331e+01
4.344902343750000284e+01
4.828499999999997527e+01
5.226621093749999858e+01
5.195777343749999488e+01
4.449652343750000227e+01
5.120058593750000142e+01
4.773687500000001194e+01
4.919839843749998920e+01
4.347437499999999488e+01
5.340683593749999858e+01
4.853339843749999716e+01
4.241996093749999375e+01
4.890250000000001052e+01
3.844750000000000512e+01
4.261187499999995509e+01
4.285933593750000625e+01
4.273687500000001194e+01
4.212808593749998920e+01
4.473109375000004206e+01
4.343187499999997669e+01
4.278187499999997812e+01
3.816734375000001478e+01
4.296109374999997499e+01
4.796499999999998920e+01
4.344527343750002046e+01
4.332496093749999488e+01
4.517749999999999488e+01
4.575937499999999858e+01
4.222871093749999716e+01
4.317152343749999943e+01
4.909749999999999659e+01
4.535687500000003070e+01
4.270484375000000909e+01
3.741500000000000625e+01
4.294683593749999062e+01
3.966714843749999631e+01
4.094839843749998920e+01
4.244496093750003496e+01
4.509687499999999716e+01
4.348902343750000909e+01
4.221734375000001194e+01
3.860249999999998494e+01
3.838121093749998636e+01
4.460687499999998096e+01
4.710999999999999943e+01
4.853734374999997669e+01
4.695249999999997215e+01
4.563499999999998380e+01
4.968433593749996646e+01
3.235746093750002927e+01
2.923734375000000796e+01
2.777109374999999858e+01
2.865402690496445302e+03
1.366679156541228394e+03
4.250746093749999943e+01
3.696734375000001194e+01
3.637152343750000938e+01
3.765609374999999659e+01
3.695433593750001933e+01
3.884609375000000142e+01
3.707933593750000512e+01
3.344984375000000654e+01
3.207984375000000909e+01
3.262558593749999858e+01
3.368687500000001478e+01
3.285277343749997669e+01
3.205621093750000483e+01
3.478734374999999801e+01
3.248687500000001904e+01
2.874839843750000412e+01
2.963687499999999631e+01
2.681109374999997996e+01
3.011234375000000796e+01
2.878433593749999275e+01
3.075609374999996959e+01
2.756234375000000725e+01
2.935609374999996390e+01
2.749683593749999133e+01
2.855687499999999801e+01
2.856058593749996177e+01
2.789984374999998451e+01
2.716371093749998522e+01
3.033359374999999858e+01
2.902652343749999275e+01
2.793609374999999062e+01
2.688746093749999844e+01
3.156996093750000654e+01
2.657308593749996817e+01
2.950484375000002757e+01
3.005152343749998778e+01
2.775249999999997996e+01
2.759027343749997385e+01
2.933687499999998494e+01
2.959339843750002075e+01
2.858609375000002117e+01
2.915214843749999929e+01
2.847187500000000071e+01
2.938808593750000142e+01
2.822359374999999915e+01
3.092964843749998138e+01
2.875121093749999801e+01
2.684371093749998138e+01
3.088246093750000298e+01
3.095249999999996859e+01
2.675000000000000000e+01
2.820464843749999062e+01
2.669527343750001336e+01
2.806402343750000838e+01
2.782808593750000270e+01
2.812750000000001549e+01
2.596527343749996319e+01
2.723589843749998707e+01
2.866734375000000767e+01
2.789749999999999019e+01
3.014999999999999858e+01
2.650687500000000085e+01
2.299234375000000341e+01
2.791250000000000142e+01
2.928359375000000142e+01
2.645249999999999346e+01
3.118609375000000838e+01
2.580250000000001975e+01
2.915308593750003752e+01
2.612484374999997527e+01
2.748499999999999588e+01
2.687183593750000199e+01
2.769652343750000867e+01
2.499687499999999929e+01
2.667808593750000767e+01
2.802109374999999858e+01
2.805234374999999858e+01
2.776683593750002643e+01
2.658808593750000071e+01
2.527464843749995893e+01
2.771249999999999858e+01
2.852437499999998138e+01
2.826499999999997925e+01
2.562984375000001336e+01
2.827027343750000909e+01
2.732496093750000199e+01
2.617464843749995751e+01
2.973187500000002359e+01
2.494433593750000000e+01
2.408558593749997456e+01
2.552499999999999858e+01
2.559937500000000199e+01
2.581214843749999233e+01
2.688246093750000298e+01
2.528687499999998423e+01
3.010433593749999659e+01
2.435433593750001791e+01
2.605000000000000071e+01
2.500683593750000000e+01
2.562089843749999929e+01
2.551859375000000085e+01
2.603734375000001222e+01
2.358964843749999929e+01
2.396527343749998096e+01
2.676500000000002188e+01
2.556996093750003496e+01
2.970746093750004135e+01
2.711499999999999844e+01
2.865746093749999801e+01
2.878999999999999204e+01
2.738808593750000142e+01
3.054859374999998778e+01
2.837109375000000000e+01
2.782250000000001222e+01
2.846499999999998209e+01
2.798121093749999133e+01
2.862437499999999346e+01
2.768359375000000000e+01
2.574687499999999929e+01
2.741937500000004135e+01
2.579527343750000412e+01
2.636234375000001862e+01
2.871234374999996319e+01
2.529121093750000071e+01
2.714437500000002501e+01
3.092484375000001506e+01
2.809652343750001791e+01
3.072808593750001904e+01
3.161187500000000838e+01
3.048121093749999133e+01
2.814750000000001506e+01
2.773871093749998096e+01
2.840249999999999275e+01
3.066859374999999588e+01
3.050121093749999091e+01
3.112808593750001407e+01
2.849359374999999162e+01
2.630249999999998778e+01
2.804996093749996788e+01
2.841187500000001975e+01
2.874984374999999659e+01
3.003687500000000199e+01
2.774183593750002075e+01
2.914339843750003567e+01
2.748500000000001364e+01
2.775609375000000867e+01
3.072187500000000071e+01
2.719027343749998948e+01
2.657484375000002430e+01
2.845249999999999346e+01
2.719121093749999929e+01
2.566058593749996675e+01
2.824437499999999091e+01
2.646621093750000142e+01
2.536871093749999417e+01
2.595609374999995822e+01
2.844371093749997570e+01
3.023121093750001975e+01
3.049359375000004846e+01
2.872339843749999133e+01
2.667152343750000298e+01
3.032496093749998067e+01
2.963339843749999858e+01
2.504996093750000341e+01
3.001187500000002117e+01
2.722359374999999204e+01
2.722484375000000156e+01
2.588749999999999929e+01
2.988746093750001975e+01
3.655589843750004064e+01
4.873734374999998664e+01
6.987359374999998352e+01
9.588500000000000512e+01
9.206089843749997215e+01
1.057874609375000148e+02
1.053755859375000057e+02
1.105791155761480269e+02
1.199465626567602214e+02
1.070064080214500848e+02
9.267613968312738848e+01
1.045925362104177339e+02
9.101587862908846205e+01
8.232437328338622251e+01
8.807037875115871373e+01
8.060758578240871941e+01
7.952493576467040270e+01
6.508464963376520984e+01
6.972520169675352975e+01
7.263627206742759768e+01
5.750589843750003638e+01
6.071714843749997215e+01
4.826714843749995509e+01
4.993734374999997527e+01
4.565621093749997783e+01
4.673277343750003610e+01
4.265589843750002785e+01
3.897183593749998920e+01
4.193402343750003780e+01
4.197250000000004633e+01
4.053500000000003922e+01
4.019839843749998920e+01
3.894433593750000000e+01
3.612500000000000000e+01
3.931187500000000057e+01
2.856500000000001549e+01
3.339996093749999773e+01
3.336371093749998806e+01
3.086250000000000071e+01
4.044183593750003780e+01
3.448749999999999716e+01
3.156714843749998778e+01
3.309749999999998238e+01
3.764859374999998209e+01
3.012249999999998096e+01
2.815933593749999275e+01
2.807933593750002643e+01
3.260234375000000284e+01
2.839589843750000142e+01
2.860277343750000156e+01
2.958183593749999929e+01
2.485687499999999872e+01
2.855308593750001478e+01
2.598499999999998522e+01
2.470687500000000369e+01
2.800433593750003070e+01
2.490609375000000369e+01
2.752437499999997428e+01
2.664000000000001478e+01
2.619984375000002430e+01
2.911937499999995538e+01
2.476214843749999517e+01
2.827152343750002927e+01
3.101839843750001435e+01
3.067359374999997357e+01
2.732308593749995751e+01
2.570058593750000142e+01
2.668750000000000000e+01
2.386109374999998423e+01
2.832339843750000341e+01
2.662484374999997883e+01
2.628871093750000298e+01
2.606109374999998707e+01
2.369214843750000554e+01
2.472484375000002643e+01
2.483402343750000441e+01
2.572500000000000142e+01
2.573999999999997357e+01
2.594746093750000071e+01
2.545902343750001151e+01
2.604527343750003254e+01
2.699058593750002544e+01
2.351734375000000199e+01
2.495687499999996106e+01
2.476734374999998778e+01
2.404437500000003780e+01
2.543984375000000142e+01
2.482499999999999929e+01
2.401937499999996106e+01
2.343121093750000128e+01
2.318402343750002714e+01
2.197652343749999559e+01
2.333734374999998096e+01
2.391484374999999929e+01
2.578433593749999631e+01
2.379339843750000583e+01
2.316859375000003141e+01
2.267500000000000071e+01
2.411527343749997954e+01
2.334808593749998451e+01
2.475000000000000000e+01
2.776089843749998565e+01
2.641859374999995680e+01
2.205484375000003183e+01
2.281777343750000142e+01
2.459371093750002402e+01
2.224183593750002075e+01
2.503558593749998451e+01
2.340464843750000767e+01
2.449277343749999858e+01
2.487464843749996746e+01
2.428558593749997030e+01
2.292464843749996461e+01
2.504234374999999346e+01
2.417359375000001265e+01
2.642808593750000767e+01
2.661734374999999275e+01
2.740933593749998209e+01
2.607484374999996746e+01
2.704371093750001620e+01
2.612187499999999929e+01
2.581734375000000270e+01
2.688027343750000142e+01
2.449000000000001620e+01
2.514937500000002046e+01
2.520621093750000696e+01
2.477308593749997456e+01
2.451249999999999929e+01
2.597359374999998494e+01
2.617109375000000071e+01
2.831000000000001293e+01
2.563109374999999801e+01
2.462359374999997641e+01
2.507734375000000071e+01
2.733714843749998380e+01
2.673246093750004349e+01
2.594902343749999929e+01
2.617734374999999858e+01
2.504214843749999275e+01
2.574214843750000981e+01
2.465609374999996461e+01
2.388433593749999062e+01
2.659589843750000071e+01
2.551000000000002643e+01
2.438687499999999631e+01
2.609496093750000156e+01
2.396058593749997101e+01
2.599234374999999275e+01
2.478687500000000199e+01
2.602359374999999275e+01
2.498734374999997243e+01
2.529984374999996888e+01
2.444609374999999929e+01
2.670277343749997812e+01
2.373609374999998067e+01
2.477027343750001265e+01
2.610933593749998494e+01
2.474902343750000000e+01
2.712734375000000142e+01
2.404371093750000554e+01
2.351621093749999858e+01
2.230999999999996675e+01
2.523734374999996533e+01
2.377187500000000142e+01
2.477777343749996675e+01
2.591484374999999929e+01
2.673359375000000071e+01
2.623687500000000483e+01
2.622984375000002188e+01
2.583187500000002501e+01
2.553902343749999915e+01
2.456187499999999346e+01
2.433109375000000085e+01
2.457109374999999929e+01
2.450746093750004206e+01
2.404589843750000000e+01
2.391214843749998664e+01
2.585937500000000000e+01
2.586000000000003141e+01
2.520777343750000554e+01
2.713999999999997925e+01
2.392984374999998565e+01
3.265152343749996078e+01
2.479839843749999417e+01
2.285250000000002046e+01
2.468027343749999858e+01
2.649902343750000000e+01
2.343109375000003780e+01
2.565777343750001549e+01
2.640058593750000071e+01
2.654859375000000909e+01
2.603500000000001435e+01
2.589964843749996248e+01
2.611402343749999844e+01
2.764371093750000341e+01
2.728984374999999929e+01
2.394121093749999929e+01
2.605609375000003780e+01
2.479496093750000085e+01
2.475308593750001052e+01
2.382359375000002188e+01
2.460308593750001904e+01
2.603808593750000000e+01
2.719984375000000654e+01
2.513589843749998920e+01
2.549359374999999162e+01
2.469437499999999375e+01
2.641109374999999915e+01
2.391058593749998096e+01
2.500527343750000142e+01
2.594999999999999929e+01
2.677152343750002927e+01
2.611937500000001933e+01
2.484937499999999488e+01
2.343964843750000071e+01
2.361859375000003780e+01
2.426484375000000071e+01
2.403558593749998806e+01
2.612437500000002188e+01
2.928687499999999844e+01
2.543187499999996959e+01
2.569000000000001549e+01
2.356187500000000767e+01
2.959859374999997073e+01
2.511499999999998778e+01
2.434234375000001904e+01
2.361000000000003496e+01
2.480687499999998735e+01
2.409687500000000071e+01
2.668402343750002359e+01
2.554433593750000142e+01
2.363500000000001222e+01
2.491714843749997854e+01
2.345121093749999019e+01
2.238121093750000412e+01
2.382808593750000625e+01
2.388499999999998380e+01
2.579371093749998778e+01
2.653902343750000270e+01
2.643652343750000000e+01
2.525687499999998664e+01
2.517437499999997996e+01
2.469999999999999929e+01
2.477750000000001407e+01
2.340058593750000071e+01
2.721000000000002927e+01
2.423183593750000142e+01
2.646464843749999929e+01
2.513027343750000142e+01
2.469437499999995822e+01
2.700484375000001336e+01
2.319437500000002927e+01
2.526937499999999304e+01
2.292359374999999488e+01
2.661859374999994543e+01
2.375121093749999801e+01
2.430687499999996959e+01
2.339609374999999858e+01
2.615464843750000767e+01
2.391937499999995254e+01
2.579027343749998025e+01
