1.854410344827586232e+04
1.761720689655172464e+04
1.724644827586206884e+04
1.729058620689655072e+04
4.720103448275862320e+03
6.300241379310345110e+03
7.288931034482759060e+03
7.986310344827586050e+03
9.072103448275862320e+03
1.025500000000000000e+04
1.157031034482758696e+04
1.277968965517241304e+04
1.353003448275862138e+04
1.409500000000000000e+04
1.456286206896551812e+04
1.470410344827586232e+04
1.524258620689655254e+04
1.555155172413793116e+04
1.588700000000000000e+04
1.654024137931034420e+04
1.729941379310344928e+04
1.694631034482758696e+04
1.709637931034482608e+04
1.754658620689655072e+04
1.740534482758620652e+04
1.740534482758620652e+04
1.743182758620689492e+04
1.727293103448275724e+04
1.748479310344827536e+04
1.693748275862068840e+04
1.692865517241379348e+04
1.672562068965517392e+04
1.632837931034482790e+04
1.636368965517241304e+04
1.589582758620689674e+04
1.617831034482758696e+04
1.593996551724137862e+04
1.560451724137930978e+04
1.551624137931034420e+04
1.511017241379310326e+04
1.512782758620689674e+04
1.490713793103448188e+04
1.473058620689655254e+04
1.478355172413793116e+04
1.453637931034482790e+04
1.425389655172413768e+04
1.404203448275862138e+04
1.380368965517241304e+04
1.373306896551724094e+04
1.362713793103448188e+04
1.334465517241379348e+04
1.325637931034482790e+04
1.309748275862069022e+04
1.293858620689655254e+04
1.281500000000000000e+04
1.285031034482758696e+04
1.265610344827586232e+04
1.257665517241379348e+04
1.247955172413793116e+04
1.253251724137930978e+04
1.220589655172413768e+04
1.232948275862069022e+04
1.200286206896551812e+04
1.192341379310344746e+04
1.207348275862069022e+04
1.230300000000000000e+04
1.226768965517241304e+04
1.225886206896551812e+04
1.202051724137930978e+04
1.222355172413793116e+04
1.201168965517241304e+04
1.223237931034482790e+04
1.221472413793103442e+04
1.225003448275862138e+04
1.221472413793103442e+04
1.190575862068965580e+04
1.198520689655172464e+04
1.195872413793103442e+04
1.192341379310344746e+04
1.164093103448275906e+04
1.210879310344827536e+04
1.220589655172413768e+04
1.217941379310344746e+04
1.193224137931034420e+04
1.182631034482758696e+04
1.194106896551724094e+04
1.219706896551724094e+04
1.208231034482758696e+04
1.216175862068965580e+04
1.256782758620689674e+04
1.237362068965517210e+04
1.221472413793103442e+04
1.277968965517241304e+04
1.237362068965517210e+04
1.289444827586206884e+04
1.282382758620689674e+04
1.274437931034482790e+04
1.298272413793103442e+04
1.277086206896551812e+04
1.272672413793103442e+04
1.294741379310344746e+04
1.274437931034482790e+04
1.259431034482758696e+04
1.284148275862069022e+04
1.276203448275862138e+04
1.294741379310344746e+04
1.274437931034482790e+04
1.318575862068965580e+04
1.339762068965517210e+04
1.370658620689655254e+04
1.360948275862069022e+04
1.406851724137930978e+04
1.366244827586206884e+04
1.365362068965517210e+04
1.383017241379310326e+04
1.410382758620689674e+04
1.413031034482758696e+04
1.418327586206896558e+04
1.399789655172413768e+04
1.421858620689655254e+04
1.427155172413793116e+04
1.422741379310344746e+04
1.417444827586206884e+04
1.424506896551724094e+04
1.451872413793103442e+04
1.443927586206896558e+04
1.435982758620689674e+04
1.458051724137930978e+04
1.440396551724137862e+04
1.466879310344827536e+04
1.452755172413793116e+04
1.458934482758620652e+04
1.463348275862069022e+04
1.465996551724137862e+04
1.447458620689655254e+04
1.476589655172413768e+04
1.494244827586206884e+04
1.481886206896551812e+04
1.483651724137930978e+04
1.521610344827586232e+04
1.533086206896551812e+04
1.537500000000000000e+04
1.539265517241379348e+04
1.571044827586206884e+04
1.555155172413793116e+04
1.579872413793103442e+04
1.582520689655172464e+04
1.566631034482758696e+04
1.586934482758620652e+04
1.568396551724137862e+04
1.593996551724137862e+04
1.604589655172413768e+04
1.590465517241379348e+04
1.571927586206896558e+04
1.583403448275862138e+04
1.571927586206896558e+04
1.585168965517241304e+04
1.558686206896551812e+04
1.578989655172413768e+04
1.642548275862068840e+04
1.637251724137930978e+04
1.620479310344827536e+04
1.619596551724137862e+04
1.610768965517241304e+04
1.648727586206896376e+04
1.655789655172413768e+04
1.653141379310344928e+04
1.659320689655172464e+04
1.632837931034482790e+04
1.629306896551724094e+04
1.653141379310344928e+04
1.659320689655172464e+04
1.684920689655172464e+04
1.656672413793103624e+04
1.644313793103448188e+04
1.664617241379310508e+04
1.688451724137931160e+04
1.663734482758620652e+04
1.668148275862068840e+04
1.670796551724138044e+04
1.670796551724138044e+04
1.669913793103448188e+04
1.684920689655172464e+04
1.684037931034482608e+04
1.661968965517241304e+04
1.677858620689655072e+04
1.663734482758620652e+04
1.710520689655172464e+04
1.679624137931034420e+04
1.681389655172413768e+04
1.673444827586206884e+04
1.669913793103448188e+04
1.643431034482758696e+04
1.653141379310344928e+04
1.657555172413793116e+04
1.681389655172413768e+04
1.699044827586206884e+04
1.659320689655172464e+04
1.661968965517241304e+04
1.662851724137931160e+04
1.693748275862068840e+04
1.682272413793103624e+04
1.679624137931034420e+04
1.666382758620689492e+04
1.691982758620689492e+04
1.665500000000000000e+04
1.680506896551724276e+04
1.710520689655172464e+04
1.720231034482758696e+04
1.721113793103448188e+04
1.733472413793103624e+04
1.732589655172413768e+04
1.768782758620689492e+04
1.737003448275861956e+04
1.752893103448275724e+04
1.772313793103448188e+04
1.757306896551724276e+04
1.752010344827586232e+04
1.736120689655172464e+04
1.763486206896551812e+04
1.752893103448275724e+04
1.723762068965517392e+04
1.730824137931034420e+04
1.741417241379310508e+04
1.766134482758620652e+04
1.756424137931034420e+04
1.786437931034482608e+04
1.767017241379310508e+04
1.774079310344827536e+04
1.777610344827586232e+04
1.758189655172413768e+04
1.781141379310344928e+04
1.775844827586206884e+04
1.801444827586206884e+04
1.789968965517241304e+04
1.791734482758620652e+04
1.769665517241379348e+04
1.787320689655172464e+04
1.799679310344827536e+04
1.789086206896551812e+04
1.782024137931034420e+04
1.764368965517241304e+04
1.771431034482758696e+04
1.785555172413793116e+04
1.773196551724138044e+04
1.756424137931034420e+04
1.768782758620689492e+04
1.764368965517241304e+04
1.775844827586206884e+04
1.770548275862068840e+04
1.752893103448275724e+04
1.772313793103448188e+04
1.741417241379310508e+04
1.812037931034482608e+04
1.743182758620689492e+04
1.788203448275861956e+04
1.780258620689655072e+04
1.729058620689655072e+04
1.752010344827586232e+04
1.790851724137931160e+04
1.730824137931034420e+04
1.774079310344827536e+04
1.769665517241379348e+04
1.763486206896551812e+04
1.767900000000000000e+04
1.776727586206896376e+04
1.747596551724138044e+04
1.750244827586206884e+04
1.780258620689655072e+04
1.769665517241379348e+04
1.782024137931034420e+04
1.729941379310344928e+04
1.758189655172413768e+04
1.763486206896551812e+04
1.768782758620689492e+04
1.758189655172413768e+04
1.774962068965517392e+04
1.775844827586206884e+04
1.774079310344827536e+04
1.781141379310344928e+04
1.803210344827586232e+04
1.819982758620689492e+04
1.819100000000000000e+04
1.820865517241379348e+04
1.816451724137931160e+04
1.811155172413793116e+04
1.806741379310344928e+04
1.815568965517241304e+04
1.812037931034482608e+04
1.790851724137931160e+04
1.824396551724138044e+04
1.803210344827586232e+04
1.786437931034482608e+04
1.811155172413793116e+04
1.789086206896551812e+04
1.800562068965517392e+04
1.769665517241379348e+04
1.789086206896551812e+04
1.776727586206896376e+04
1.814686206896551812e+04
1.812920689655172464e+04
1.811155172413793116e+04
1.819100000000000000e+04
1.824396551724138044e+04
1.827927586206896376e+04
1.822631034482758696e+04
1.863237931034482608e+04
1.863237931034482608e+04
1.867651724137931160e+04
1.863237931034482608e+04
1.877362068965517392e+04
1.893251724137931160e+04
1.903844827586206884e+04
1.895900000000000000e+04
1.906493103448275724e+04
1.902079310344827536e+04
1.879127586206896376e+04
1.879127586206896376e+04
1.850879310344827536e+04
1.894134482758620652e+04
1.881775862068965580e+04
1.893251724137931160e+04
1.879127586206896376e+04
1.892368965517241304e+04
1.919734482758620652e+04
1.887072413793103624e+04
1.883541379310344928e+04
1.872948275862068840e+04
1.860589655172413768e+04
1.902962068965517392e+04
1.916203448275861956e+04
1.897665517241379348e+04
1.909141379310344928e+04
1.913555172413793116e+04
1.897665517241379348e+04
1.894134482758620652e+04
1.897665517241379348e+04
1.910024137931034420e+04
1.885306896551724276e+04
1.890603448275861956e+04
1.878244827586206884e+04
1.880893103448275724e+04
1.894134482758620652e+04
1.863237931034482608e+04
1.865003448275861956e+04
1.864120689655172464e+04
1.887955172413793116e+04
1.888837931034482608e+04
1.857941379310344928e+04
1.858824137931034420e+04
1.880893103448275724e+04
1.856175862068965580e+04
1.880893103448275724e+04
1.880010344827586232e+04
1.887072413793103624e+04
1.875596551724138044e+04
1.873831034482758696e+04
1.925031034482758696e+04
1.894134482758620652e+04
1.901196551724138044e+04
1.895017241379310508e+04
1.883541379310344928e+04
1.911789655172413768e+04
1.871182758620689492e+04
1.867651724137931160e+04
1.893251724137931160e+04
1.911789655172413768e+04
1.910024137931034420e+04
1.890603448275861956e+04
1.895017241379310508e+04
1.888837931034482608e+04
1.898548275862068840e+04
1.895017241379310508e+04
1.903844827586206884e+04
1.901196551724138044e+04
1.902079310344827536e+04
1.887955172413793116e+04
1.917968965517241304e+04
1.917086206896551812e+04
1.926796551724138044e+04
1.892368965517241304e+04
1.925031034482758696e+04
1.932093103448275724e+04
1.920617241379310508e+04
1.909141379310344928e+04
1.913555172413793116e+04
1.924148275862068840e+04
1.899431034482758696e+04
1.919734482758620652e+04
1.904727586206896376e+04
1.898548275862068840e+04
1.900313793103448188e+04
1.895017241379310508e+04
1.910906896551724276e+04
1.931210344827586232e+04
1.938272413793103624e+04
2.625058620689655072e+04
2.831624137931034420e+04
2.955210344827586232e+04
3.047900000000000000e+04
3.224451724137931160e+04
3.320672413793103624e+04
3.471624137931034784e+04
3.668479310344827536e+04
3.781472413793103624e+04
3.874162068965517392e+04
3.994217241379310144e+04
4.056010344827586232e+04
4.097500000000000000e+04
4.153113793103448552e+04
4.178713793103448552e+04
4.232562068965517392e+04
4.282879310344827536e+04
4.281996551724137680e+04
4.299651724137931160e+04
4.297886206896551448e+04
4.275817241379310144e+04
4.261693103448276088e+04
4.269637931034482608e+04
4.222851724137931160e+04
4.192837931034482608e+04
4.206962068965517392e+04
4.172534482758621016e+04
4.176065517241378984e+04
4.131044827586207248e+04
4.097500000000000000e+04
4.093968965517241304e+04
4.097500000000000000e+04
4.084258620689655072e+04
4.113389655172413768e+04
4.045417241379310144e+04
4.007458620689655072e+04
3.982741379310344928e+04
4.005693103448276088e+04
3.999513793103448552e+04
3.965968965517241304e+04
3.959789655172413768e+04
3.929775862068965216e+04
3.918300000000000000e+04
3.888286206896551448e+04
3.905941379310344928e+04
3.854741379310344928e+04
3.849444827586207248e+04
3.850327586206896376e+04
3.839734482758621016e+04
3.791182758620689856e+04
3.805306896551723912e+04
3.785886206896551448e+04
3.769113793103448552e+04
3.734686206896551448e+04
3.746162068965517392e+04
3.717913793103448552e+04
3.722327586206896376e+04
3.723210344827586232e+04
3.702906896551723912e+04
3.719679310344827536e+04
3.747044827586207248e+04
3.741748275862068840e+04
3.736451724137931160e+04
3.745279310344827536e+04
3.686134482758621016e+04
3.670244827586207248e+04
3.678189655172413768e+04
3.660534482758621016e+04
3.679072413793103624e+04
3.677306896551723912e+04
3.641113793103448552e+04
3.670244827586207248e+04
3.663182758620689856e+04
3.665831034482758696e+04
3.661417241379310144e+04
3.635817241379310144e+04
3.660534482758621016e+04
3.634934482758621016e+04
3.600506896551723912e+04
3.596975862068965216e+04
3.637582758620689856e+04
3.601389655172413768e+04
3.585500000000000000e+04
3.565196551724137680e+04
3.585500000000000000e+04
3.566079310344827536e+04
3.581086206896551448e+04
3.569610344827586232e+04
3.569610344827586232e+04
3.576672413793103624e+04
3.561665517241378984e+04
3.575789655172413768e+04
3.578437931034482608e+04
3.588148275862068840e+04
3.580203448275862320e+04
3.583734482758621016e+04
3.587265517241378984e+04
3.637582758620689856e+04
3.635817241379310144e+04
3.633168965517241304e+04
3.604037931034482608e+04
3.569610344827586232e+04
3.578437931034482608e+04
3.574906896551723912e+04
3.590796551724137680e+04
3.604920689655172464e+04
3.613748275862068840e+04
3.616396551724137680e+04
3.636700000000000000e+04
3.650824137931034784e+04
3.638465517241378984e+04
3.648175862068965216e+04
3.630520689655172464e+04
3.651706896551723912e+04
3.644644827586207248e+04
3.683486206896551448e+04
3.713500000000000000e+04
3.704672413793103624e+04
3.718796551724137680e+04
3.753224137931034784e+04
3.733803448275862320e+04
3.702024137931034784e+04
3.743513793103448552e+04
3.754989655172413768e+04
3.754989655172413768e+04
3.782355172413792752e+04
3.739982758620689856e+04
3.767348275862068840e+04
3.836203448275862320e+04
3.854741379310344928e+04
3.888286206896551448e+04
3.923596551724137680e+04
3.899762068965517392e+04
3.939486206896551448e+04
3.928893103448276088e+04
3.855624137931034784e+04
3.919182758620689856e+04
3.928893103448276088e+04
3.971265517241378984e+04
3.997748275862068840e+04
4.020700000000000000e+04
4.013637931034482608e+04
4.014520689655172464e+04
3.973031034482758696e+04
3.991568965517241304e+04
4.012755172413792752e+04
4.002162068965517392e+04
3.931541379310344928e+04
3.850327586206896376e+04
3.788534482758621016e+04
3.806189655172413768e+04
3.771762068965517392e+04
3.749693103448276088e+04
3.793831034482758696e+04
3.790300000000000000e+04
3.819431034482758696e+04
3.882989655172413768e+04
4.025996551724137680e+04
4.146051724137931160e+04
4.371155172413792752e+04
4.579486206896551448e+04
4.769279310344827536e+04
4.999679310344827536e+04
5.250382758620689856e+04
5.434879310344827536e+04
5.689213793103448552e+04
6.003475862068965216e+04
6.205627586206896376e+04
5.989351724137931160e+04
1.357793103448275815e+03
2.717241379310344655e+03
5.303724137931034420e+03
7.033931034482759060e+03
8.834758620689655800e+03
1.057379310344827536e+04
1.248055172413793116e+04
1.372524137931034420e+04
1.542013793103448188e+04
1.668248275862068840e+04
1.770648275862068840e+04
1.930427586206896376e+04
2.077848275862068840e+04
2.157296551724138044e+04
2.234096551724138044e+04
2.343558620689655072e+04
2.466262068965517392e+04
2.501572413793103624e+04
2.601324137931034420e+04
2.650758620689655072e+04
2.717848275862068840e+04
2.811420689655172464e+04
2.843200000000000000e+04
2.923531034482758696e+04
2.974731034482758696e+04
3.024165517241379348e+04
3.066537931034482608e+04
3.108027586206896376e+04
3.112441379310344928e+04
3.123034482758620652e+04
3.163641379310344928e+04
3.171586206896551812e+04
3.181296551724138044e+04
3.202482758620689492e+04
3.263393103448275724e+04
3.292524137931034784e+04
3.331365517241378984e+04
3.356082758620689856e+04
3.394041379310344928e+04
3.436413793103448552e+04
3.411696551724137680e+04
3.453186206896551448e+04
3.462013793103448552e+04
3.458482758620689856e+04
3.498206896551723912e+04
3.497324137931034784e+04
3.481434482758621016e+04
3.498206896551723912e+04
3.525572413793103624e+04
3.561765517241378984e+04
3.552937931034482608e+04
3.552937931034482608e+04
3.546758620689655072e+04
3.587365517241378984e+04
3.583834482758621016e+04
3.582951724137931160e+04
3.582951724137931160e+04
3.559900000000000000e+04
3.685251724137931160e+04
3.790300000000000000e+04
3.986272413793103624e+04
4.136341379310344928e+04
4.272286206896551448e+04
4.455900000000000000e+04
4.535348275862068840e+04
4.612148275862068840e+04
4.761334482758621016e+04
4.795762068965517392e+04
4.892865517241378984e+04
4.920231034482758696e+04
5.003210344827586232e+04
5.011155172413792752e+04
5.081775862068965216e+04
5.067651724137931160e+04
5.077362068965517392e+04
5.102962068965517392e+04
5.081775862068965216e+04
5.072065517241378984e+04
5.102079310344827536e+04
5.054410344827586232e+04
5.025279310344827536e+04
4.998796551724137680e+04
4.999679310344827536e+04
5.018217241379310144e+04
4.989086206896551448e+04
4.975844827586207248e+04
4.955541379310344928e+04
4.944948275862068840e+04
4.944065517241378984e+04
4.895513793103448552e+04
4.873444827586207248e+04
4.900810344827586232e+04
4.838134482758621016e+04
4.835486206896551448e+04
4.805472413793103624e+04
4.821362068965517392e+04
4.799293103448276088e+04
4.756037931034482608e+04
4.783403448275862320e+04
4.797527586206896376e+04
4.756037931034482608e+04
4.740148275862068840e+04
4.760451724137931160e+04
4.710134482758621016e+04
4.684534482758621016e+04
4.649224137931034784e+04
4.648341379310344928e+04
4.611265517241378984e+04
4.629803448275862320e+04
4.590079310344827536e+04
4.588313793103448552e+04
4.584782758620689856e+04
4.585665517241378984e+04
4.564479310344827536e+04
4.540644827586207248e+04
4.561831034482758696e+04
4.561831034482758696e+04
4.537113793103448552e+04
4.527403448275862320e+04
4.464727586206896376e+04
4.498272413793103624e+04
4.439127586206896376e+04
4.487679310344827536e+04
4.467375862068965216e+04
4.490327586206896376e+04
4.477086206896551448e+04
4.455017241379310144e+04
4.430300000000000000e+04
4.444424137931034784e+04
4.437362068965517392e+04
4.425886206896551448e+04
4.430300000000000000e+04
4.466493103448276088e+04
4.510631034482758696e+04
4.525637931034482608e+04
4.536231034482758696e+04
4.566244827586207248e+04
4.556534482758621016e+04
4.544175862068965216e+04
4.583017241379310144e+04
4.606851724137931160e+04
4.623624137931034784e+04
4.607734482758621016e+04
4.624506896551723912e+04
4.664231034482758696e+04
4.652755172413792752e+04
4.650106896551723912e+04
4.650106896551723912e+04
4.675706896551723912e+04
4.711017241379310144e+04
4.707486206896551448e+04
4.721610344827586232e+04
4.702189655172413768e+04
4.658051724137931160e+04
4.711017241379310144e+04
4.681003448275862320e+04
4.660700000000000000e+04
4.685417241379310144e+04
4.685417241379310144e+04
4.643927586206896376e+04
4.647458620689655072e+04
4.676589655172413768e+04
4.638631034482758696e+04
4.647458620689655072e+04
4.666879310344827536e+04
4.682768965517241304e+04
4.664231034482758696e+04
4.636865517241378984e+04
4.635982758620689856e+04
4.647458620689655072e+04
4.663348275862068840e+04
4.655403448275862320e+04
4.639513793103448552e+04
4.638631034482758696e+04
4.635100000000000000e+04
4.606851724137931160e+04
4.676589655172413768e+04
4.640396551724137680e+04
4.621858620689655072e+04
4.622741379310344928e+04
4.628920689655172464e+04
4.638631034482758696e+04
4.628920689655172464e+04
4.647458620689655072e+04
4.641279310344827536e+04
4.673058620689655072e+04
4.718079310344827536e+04
4.681003448275862320e+04
4.701306896551723912e+04
4.704837931034482608e+04
4.734851724137931160e+04
4.732203448275862320e+04
4.684534482758621016e+04
4.713665517241378984e+04
4.712782758620689856e+04
4.693362068965517392e+04
4.672175862068965216e+04
4.711017241379310144e+04
4.688065517241378984e+04
4.701306896551723912e+04
4.717196551724137680e+04
4.681003448275862320e+04
4.697775862068965216e+04
4.649224137931034784e+04
4.670410344827586232e+04
4.662465517241378984e+04
4.673941379310344928e+04
4.678355172413792752e+04
4.679237931034482608e+04
4.658051724137931160e+04
4.681886206896551448e+04
4.682768965517241304e+04
4.678355172413792752e+04
4.696010344827586232e+04
4.664231034482758696e+04
4.660700000000000000e+04
4.644810344827586232e+04
4.662465517241378984e+04
4.650989655172413768e+04
4.647458620689655072e+04
4.652755172413792752e+04
4.640396551724137680e+04
4.636865517241378984e+04
4.638631034482758696e+04
4.658934482758621016e+04
4.677472413793103624e+04
4.695127586206896376e+04
4.685417241379310144e+04
4.662465517241378984e+04
4.664231034482758696e+04
4.673058620689655072e+04
4.675706896551723912e+04
4.658934482758621016e+04
4.696893103448276088e+04
4.694244827586207248e+04
4.715431034482758696e+04
4.689831034482758696e+04
4.703072413793103624e+04
4.706603448275862320e+04
4.700424137931034784e+04
4.721610344827586232e+04
4.688948275862068840e+04
4.692479310344827536e+04
4.696010344827586232e+04
4.738382758620689856e+04
4.684534482758621016e+04
4.685417241379310144e+04
4.693362068965517392e+04
4.701306896551723912e+04
4.708368965517241304e+04
4.745444827586207248e+04
4.719844827586207248e+04
4.717196551724137680e+04
4.700424137931034784e+04
4.683651724137931160e+04
4.683651724137931160e+04
4.711900000000000000e+04
4.721610344827586232e+04
4.688065517241378984e+04
4.731320689655172464e+04
4.718962068965517392e+04
4.700424137931034784e+04
4.766631034482758696e+04
4.724258620689655072e+04
4.690713793103448552e+04
4.711900000000000000e+04
4.693362068965517392e+04
4.698658620689655072e+04
4.701306896551723912e+04
4.706603448275862320e+04
4.712782758620689856e+04
4.702189655172413768e+04
4.716313793103448552e+04
4.678355172413792752e+04
4.669527586206896376e+04
4.671293103448276088e+04
4.650989655172413768e+04
4.669527586206896376e+04
4.621858620689655072e+04
4.660700000000000000e+04
4.658051724137931160e+04
4.673941379310344928e+04
4.675706896551723912e+04
4.697775862068965216e+04
4.704837931034482608e+04
4.694244827586207248e+04
4.679237931034482608e+04
4.701306896551723912e+04
4.673058620689655072e+04
4.693362068965517392e+04
4.704837931034482608e+04
4.674824137931034784e+04
4.702189655172413768e+04
4.676589655172413768e+04
4.676589655172413768e+04
4.647458620689655072e+04
4.666879310344827536e+04
4.662465517241378984e+04
4.699541379310344928e+04
4.645693103448276088e+04
4.712782758620689856e+04
4.670410344827586232e+04
4.665113793103448552e+04
4.670410344827586232e+04
4.692479310344827536e+04
4.657168965517241304e+04
4.718962068965517392e+04
4.677472413793103624e+04
4.675706896551723912e+04
4.657168965517241304e+04
4.697775862068965216e+04
4.699541379310344928e+04
4.676589655172413768e+04
4.665113793103448552e+04
4.659817241379310144e+04
4.649224137931034784e+04
4.651872413793103624e+04
4.682768965517241304e+04
4.653637931034482608e+04
4.650106896551723912e+04
4.669527586206896376e+04
4.646575862068965216e+04
4.666879310344827536e+04
4.642162068965517392e+04
4.644810344827586232e+04
4.617444827586207248e+04
4.615679310344827536e+04
4.613031034482758696e+04
4.591844827586207248e+04
4.605968965517241304e+04
4.629803448275862320e+04
4.669527586206896376e+04
4.682768965517241304e+04
4.659817241379310144e+04
4.665113793103448552e+04
4.677472413793103624e+04
4.708368965517241304e+04
4.705720689655172464e+04
4.680120689655172464e+04
4.665113793103448552e+04
4.681003448275862320e+04
4.711900000000000000e+04
4.718079310344827536e+04
4.712782758620689856e+04
4.696893103448276088e+04
4.715431034482758696e+04
4.723375862068965216e+04
4.711017241379310144e+04
4.703955172413792752e+04
4.715431034482758696e+04
4.734851724137931160e+04
4.698658620689655072e+04
4.722493103448276088e+04
4.722493103448276088e+04
4.726906896551723912e+04
4.721610344827586232e+04
4.733968965517241304e+04
4.707486206896551448e+04
4.723375862068965216e+04
4.718079310344827536e+04
4.717196551724137680e+04
4.737500000000000000e+04
4.702189655172413768e+04
4.676589655172413768e+04
4.719844827586207248e+04
4.723375862068965216e+04
4.713665517241378984e+04
4.720727586206896376e+04
4.688948275862068840e+04
4.690713793103448552e+04
4.711017241379310144e+04
4.729555172413792752e+04
4.749858620689655072e+04
4.726906896551723912e+04
4.703955172413792752e+04
4.713665517241378984e+04
4.689831034482758696e+04
4.683651724137931160e+04
4.694244827586207248e+04
4.665113793103448552e+04
4.660700000000000000e+04
4.692479310344827536e+04
4.686300000000000000e+04
4.678355172413792752e+04
4.681003448275862320e+04
4.681886206896551448e+04
4.664231034482758696e+04
4.694244827586207248e+04
4.700424137931034784e+04
4.657168965517241304e+04
4.651872413793103624e+04
4.680120689655172464e+04
4.668644827586207248e+04
4.688065517241378984e+04
4.667762068965517392e+04
4.692479310344827536e+04
4.696893103448276088e+04
4.675706896551723912e+04
4.658934482758621016e+04
4.670410344827586232e+04
4.671293103448276088e+04
4.653637931034482608e+04
4.658051724137931160e+04
4.670410344827586232e+04
4.662465517241378984e+04
4.672175862068965216e+04
4.665996551724137680e+04
4.671293103448276088e+04
4.647458620689655072e+04
4.666879310344827536e+04
4.674824137931034784e+04
4.673058620689655072e+04
4.662465517241378984e+04
4.668644827586207248e+04
4.643927586206896376e+04
4.627155172413792752e+04
4.624506896551723912e+04
4.650106896551723912e+04
4.643044827586207248e+04
4.672175862068965216e+04
4.633334482758621016e+04
4.616562068965517392e+04
4.608617241379310144e+04
4.623624137931034784e+04
4.601555172413792752e+04
4.621858620689655072e+04
4.648341379310344928e+04
4.623624137931034784e+04
4.655403448275862320e+04
4.686300000000000000e+04
4.696010344827586232e+04
4.675706896551723912e+04
4.709251724137931160e+04
4.709251724137931160e+04
4.715431034482758696e+04
4.707486206896551448e+04
4.704837931034482608e+04
4.675706896551723912e+04
4.702189655172413768e+04
4.696010344827586232e+04
4.711017241379310144e+04
4.732203448275862320e+04
4.752506896551723912e+04
4.843431034482758696e+04
4.881389655172413768e+04
4.923762068965517392e+04
5.020865517241378984e+04
5.092368965517241304e+04
5.178879310344827536e+04
5.178879310344827536e+04
4.288175862068965216e+04
4.559182758620689856e+04
4.774575862068965216e+04
5.048231034482758696e+04
5.274217241379310144e+04
5.541741379310344928e+04
5.802206896551723912e+04
6.007006896551723912e+04
6.187089655172413768e+04
6.366289655172413768e+04
2.723144827586206884e+04
1.472551724137930933e+03
2.611310344827586050e+03
3.573517241379310235e+03
4.668137931034482790e+03
5.595034482758620470e+03
6.424827586206896740e+03
7.016275862068965580e+03
7.413517241379310690e+03
7.440000000000000000e+03
8.208000000000000000e+03
8.490482758620690220e+03
8.472827586206896740e+03
8.296275862068965580e+03
9.223172413793103260e+03
9.099586206896552540e+03
9.638068965517240940e+03
9.938206896551724640e+03
9.417379310344827900e+03
9.170206896551724640e+03
9.311448275862068840e+03
9.417379310344827900e+03
9.488000000000000000e+03
9.629241379310344200e+03
9.602758620689655800e+03
9.726344827586206520e+03
9.267310344827586960e+03
9.461517241379309780e+03
9.267310344827586960e+03
9.205517241379309780e+03
8.817103448275862320e+03
9.002482758620690220e+03
9.073103448275862320e+03
8.764137931034481880e+03
8.366896551724137680e+03
8.543448275862068840e+03
8.419862068965518120e+03
8.331586206896552540e+03
8.102068965517240940e+03
7.960827586206896740e+03
7.819586206896551630e+03
7.854896551724137680e+03
8.243310344827586960e+03
8.040275862068965580e+03
7.687172413793103260e+03
7.598896551724137680e+03
7.484137931034482790e+03
7.545931034482759060e+03
7.095724137931034420e+03
6.963310344827586050e+03
7.298758620689654890e+03
6.769103448275862320e+03
6.919172413793103260e+03
6.663172413793103260e+03
7.069241379310345110e+03
6.813241379310345110e+03
6.830896551724137680e+03
6.407172413793103260e+03
6.283586206896551630e+03
6.327724137931034420e+03
5.930482758620689310e+03
6.124689655172413950e+03
6.177655172413793480e+03
5.895172413793103260e+03
6.036413793103448370e+03
5.983448275862068840e+03
6.380689655172413950e+03
6.221793103448276270e+03
6.177655172413793480e+03
6.636689655172413950e+03
6.257103448275862320e+03
6.230620689655172100e+03
6.380689655172413950e+03
6.336551724137931160e+03
6.557241379310345110e+03
6.416000000000000000e+03
6.557241379310345110e+03
6.354206896551723730e+03
6.566068965517240940e+03
6.477793103448276270e+03
6.654344827586206520e+03
6.380689655172413950e+03
6.795586206896551630e+03
6.354206896551723730e+03
6.310068965517240940e+03
6.045241379310345110e+03
6.451310344827586050e+03
6.248275862068965580e+03
5.727448275862068840e+03
6.115862068965517210e+03
6.248275862068965580e+03
6.257103448275862320e+03
6.318896551724137680e+03
6.495448275862068840e+03
6.380689655172413950e+03
5.877517241379310690e+03
6.186482758620689310e+03
6.186482758620689310e+03
5.956965517241379530e+03
6.257103448275862320e+03
6.504275862068965580e+03
5.921655172413793480e+03
5.753931034482759060e+03
5.489103448275862320e+03
6.239448275862068840e+03
5.921655172413793480e+03
6.036413793103448370e+03
6.416000000000000000e+03
5.700965517241379530e+03
6.054068965517240940e+03
5.489103448275862320e+03
5.453793103448276270e+03
4.765241379310345110e+03
5.224275862068965580e+03
5.188965517241379530e+03
5.409655172413793480e+03
4.985931034482759060e+03
5.171310344827586050e+03
5.286068965517240940e+03
5.339034482758620470e+03
5.409655172413793480e+03
5.347862068965517210e+03
5.506758620689654890e+03
5.268413793103448370e+03
5.294896551724137680e+03
5.392000000000000000e+03
5.118344827586206520e+03
5.188965517241379530e+03
5.497931034482759060e+03
5.559724137931034420e+03
5.427310344827586050e+03
5.727448275862068840e+03
5.462620689655172100e+03
5.259586206896551630e+03
5.506758620689654890e+03
5.515586206896551630e+03
5.868689655172413950e+03
5.374344827586206520e+03
5.356689655172413950e+03
5.383172413793103260e+03
5.639172413793103260e+03
5.471448275862068840e+03
4.932965517241379530e+03
5.286068965517240940e+03
5.153655172413793480e+03
5.021241379310345110e+03
5.083034482758620470e+03
5.595034482758620470e+03
5.065379310344827900e+03
4.906482758620689310e+03
4.915310344827586050e+03
4.968275862068965580e+03
4.782896551724137680e+03
5.268413793103448370e+03
4.915310344827586050e+03
5.162482758620689310e+03
5.012413793103448370e+03
4.571034482758620470e+03
4.703448275862068840e+03
4.800551724137931160e+03
4.738758620689654890e+03
4.844689655172413950e+03
4.818206896551723730e+03
4.676965517241379530e+03
4.915310344827586050e+03
4.906482758620689310e+03
4.756413793103448370e+03
5.233103448275862320e+03
4.977103448275862320e+03
5.065379310344827900e+03
5.303724137931034420e+03
5.427310344827586050e+03
5.409655172413793480e+03
5.206620689655172100e+03
5.250758620689654890e+03
5.091862068965517210e+03
5.206620689655172100e+03
5.444965517241379530e+03
5.180137931034482790e+03
5.771586206896551630e+03
5.083034482758620470e+03
4.932965517241379530e+03
4.871172413793103260e+03
4.765241379310345110e+03
5.144827586206896740e+03
5.118344827586206520e+03
4.782896551724137680e+03
5.003586206896551630e+03
5.127172413793103260e+03
4.888827586206896740e+03
4.915310344827586050e+03
5.233103448275862320e+03
4.941793103448276270e+03
4.959448275862068840e+03
5.250758620689654890e+03
5.233103448275862320e+03
4.924137931034482790e+03
5.047724137931034420e+03
5.074206896551723730e+03
5.100689655172413950e+03
5.400827586206896740e+03
4.915310344827586050e+03
4.888827586206896740e+03
4.756413793103448370e+03
4.791724137931034420e+03
4.835862068965517210e+03
4.491586206896551630e+03
4.844689655172413950e+03
4.615172413793103260e+03
4.562206896551723730e+03
4.782896551724137680e+03
4.685793103448276270e+03
4.579862068965517210e+03
4.906482758620689310e+03
4.668137931034482790e+03
4.685793103448276270e+03
5.065379310344827900e+03
4.994758620689654890e+03
4.915310344827586050e+03
4.782896551724137680e+03
4.924137931034482790e+03
4.888827586206896740e+03
4.985931034482759060e+03
4.835862068965517210e+03
4.782896551724137680e+03
4.791724137931034420e+03
4.641655172413793480e+03
4.915310344827586050e+03
5.056551724137931160e+03
4.827034482758620470e+03
4.906482758620689310e+03
4.906482758620689310e+03
4.747586206896551630e+03
4.721103448275862320e+03
4.473931034482759060e+03
4.456275862068965580e+03
4.659310344827586050e+03
4.368000000000000000e+03
4.350344827586206520e+03
4.323862068965517210e+03
4.491586206896551630e+03
4.853517241379310690e+03
4.376827586206896740e+03
4.562206896551723730e+03
4.712275862068965580e+03
4.747586206896551630e+03
4.323862068965517210e+03
4.465103448275862320e+03
4.571034482758620470e+03
4.270896551724137680e+03
4.368000000000000000e+03
4.262068965517240940e+03
4.341517241379310690e+03
4.676965517241379530e+03
4.588689655172413950e+03
4.288551724137931160e+03
4.429793103448276270e+03
4.429793103448276270e+03
3.785379310344827445e+03
3.926620689655172555e+03
4.217931034482759060e+03
4.085517241379310235e+03
4.306206896551723730e+03
4.553379310344827900e+03
4.738758620689654890e+03
4.420965517241379530e+03
4.562206896551723730e+03
4.888827586206896740e+03
4.747586206896551630e+03
4.721103448275862320e+03
5.056551724137931160e+03
4.756413793103448370e+03
5.047724137931034420e+03
4.932965517241379530e+03
5.038896551724137680e+03
4.950620689655172100e+03
5.083034482758620470e+03
4.844689655172413950e+03
5.003586206896551630e+03
4.588689655172413950e+03
4.827034482758620470e+03
4.862344827586206520e+03
4.827034482758620470e+03
4.862344827586206520e+03
5.206620689655172100e+03
4.624000000000000000e+03
4.721103448275862320e+03
4.932965517241379530e+03
5.383172413793103260e+03
5.347862068965517210e+03
5.700965517241379530e+03
5.038896551724137680e+03
5.259586206896551630e+03
5.630344827586206520e+03
4.800551724137931160e+03
4.906482758620689310e+03
5.136000000000000000e+03
4.985931034482759060e+03
5.542068965517240940e+03
5.065379310344827900e+03
5.197793103448276270e+03
5.021241379310345110e+03
4.827034482758620470e+03
5.091862068965517210e+03
4.853517241379310690e+03
4.579862068965517210e+03
5.074206896551723730e+03
4.712275862068965580e+03
4.844689655172413950e+03
4.738758620689654890e+03
5.091862068965517210e+03
4.500413793103448370e+03
5.047724137931034420e+03
5.497931034482759060e+03
5.003586206896551630e+03
5.021241379310345110e+03
5.197793103448276270e+03
5.144827586206896740e+03
5.074206896551723730e+03
4.871172413793103260e+03
4.818206896551723730e+03
5.012413793103448370e+03
4.756413793103448370e+03
5.233103448275862320e+03
5.409655172413793480e+03
5.224275862068965580e+03
5.506758620689654890e+03
5.277241379310345110e+03
5.171310344827586050e+03
5.339034482758620470e+03
5.083034482758620470e+03
5.083034482758620470e+03
5.171310344827586050e+03
4.765241379310345110e+03
5.100689655172413950e+03
4.977103448275862320e+03
4.977103448275862320e+03
5.136000000000000000e+03
5.100689655172413950e+03
5.286068965517240940e+03
5.409655172413793480e+03
5.383172413793103260e+03
5.303724137931034420e+03
5.356689655172413950e+03
5.356689655172413950e+03
5.277241379310345110e+03
5.648000000000000000e+03
5.277241379310345110e+03
5.427310344827586050e+03
5.480275862068965580e+03
5.127172413793103260e+03
5.506758620689654890e+03
5.630344827586206520e+03
5.806896551724137680e+03
5.965793103448276270e+03
5.868689655172413950e+03
6.009931034482759060e+03
6.089379310344827900e+03
5.921655172413793480e+03
5.851034482758620470e+03
5.859862068965517210e+03
6.124689655172413950e+03
6.107034482758620470e+03
6.892689655172413950e+03
7.166344827586206520e+03
7.554758620689654890e+03
8.190344827586206520e+03
8.746482758620690220e+03
8.931862068965518120e+03
9.435034482758621380e+03
9.867586206896552540e+03
1.015006896551724094e+04
1.052082758620689674e+04
1.091806896551724094e+04
1.150068965517241304e+04
1.208331034482758696e+04
1.246289655172413768e+04
1.253351724137930978e+04
1.322206896551724094e+04
1.348689655172413768e+04
1.379586206896551812e+04
1.396358620689655254e+04
4.580368965517241304e+04
4.738382758620689856e+04
4.918465517241378984e+04
5.077362068965517392e+04
5.238906896551723912e+04
5.379265517241378984e+04
5.604458620689655072e+04
5.735117241379310144e+04
5.863117241379310144e+04
5.983172413793103624e+04
6.091751724137931160e+04
6.192386206896551448e+04
6.288606896551723912e+04
6.336275862068965216e+04
6.406013793103448552e+04
5.589462068965517392e+04
5.143668965517241304e+04
5.590344827586207248e+04
5.162206896551723912e+04
2.934124137931034420e+04
2.724027586206896376e+04
3.800993103448276088e+04
3.361379310344827536e+04
4.928275862068965216e+04
5.570041379310344928e+04
6.007889655172413768e+04
6.461627586206896376e+04
5.773075862068965216e+04
5.784551724137931160e+04
6.018482758620689856e+04
6.008772413793103624e+04
6.436027586206896376e+04
6.429848275862068840e+04
6.398068965517241304e+04
6.377765517241378984e+04
6.382179310344827536e+04
6.325682758620689856e+04
6.322151724137931160e+04
6.310675862068965216e+04
6.347751724137931160e+04
6.291255172413792752e+04
6.315972413793103624e+04
6.232993103448276088e+04
6.270068965517241304e+04
6.265655172413792752e+04
6.232110344827586232e+04
6.218868965517241304e+04
6.214455172413792752e+04
6.162372413793103624e+04
6.182675862068965216e+04
6.177379310344827536e+04
6.116468965517241304e+04
6.134124137931034784e+04
6.135006896551723912e+04
6.135006896551723912e+04
6.137655172413792752e+04
6.114703448275862320e+04
6.110289655172413768e+04
6.094400000000000000e+04
6.107641379310344928e+04
6.051144827586207248e+04
6.040551724137931160e+04
6.027310344827586232e+04
6.013186206896551448e+04
6.020248275862068840e+04
6.007889655172413768e+04
6.040551724137931160e+04
6.021131034482758696e+04
6.057324137931034784e+04
6.032606896551723912e+04
6.039668965517241304e+04
5.998179310344827536e+04
6.023779310344827536e+04
6.014951724137931160e+04
6.018482758620689856e+04
6.013186206896551448e+04
5.976110344827586232e+04
6.004358620689655072e+04
6.057324137931034784e+04
6.086455172413792752e+04
6.108524137931034784e+04
6.098813793103448552e+04
6.107641379310344928e+04
6.127944827586207248e+04
6.098813793103448552e+04
6.110289655172413768e+04
6.134124137931034784e+04
6.120882758620689856e+04
6.143834482758621016e+04
6.177379310344827536e+04
6.173848275862068840e+04
6.213572413793103624e+04
6.202096551724137680e+04
6.192386206896551448e+04
6.205627586206896376e+04
6.215337931034482608e+04
6.240937931034482608e+04
6.225048275862068840e+04
6.223282758620689856e+04
6.250648275862068840e+04
6.302731034482758696e+04
6.351282758620689856e+04
6.210924137931034784e+04
5.355531034482758696e+04
3.052689655172413950e+03
3.617655172413793025e+03
2.434758620689655345e+03
3.211586206896551630e+03
4.288551724137931160e+03
5.091862068965517210e+03
6.292413793103448370e+03
6.813241379310345110e+03
7.978482758620689310e+03
8.508137931034481880e+03
9.355586206896552540e+03
1.052082758620689674e+04
1.165958620689655254e+04
1.224220689655172464e+04
1.300137931034482790e+04
1.354868965517241304e+04
1.392827586206896558e+04
1.427255172413793116e+04
1.503172413793103442e+04
1.562317241379310326e+04
1.615282758620689674e+04
1.640000000000000000e+04
1.705324137931034420e+04
1.761820689655172464e+04
1.792717241379310508e+04
1.827144827586206884e+04
1.879227586206896376e+04
1.884524137931034420e+04
1.953379310344827536e+04
1.953379310344827536e+04
1.991337931034482608e+04
2.019586206896551812e+04
2.039006896551724276e+04
2.082262068965517392e+04
2.104331034482758696e+04
2.143172413793103624e+04
2.139641379310344928e+04
2.189075862068965580e+04
2.173186206896551812e+04
2.173186206896551812e+04
2.189075862068965580e+04
2.193489655172413768e+04
2.154648275862068840e+04
2.191724137931034420e+04
2.206731034482758696e+04
2.227917241379310508e+04
2.233213793103448188e+04
2.247337931034482608e+04
2.261462068965517392e+04
2.242041379310344928e+04
2.284413793103448188e+04
2.257931034482758696e+04
2.249986206896551812e+04
2.242924137931034420e+04
2.268524137931034420e+04
2.287062068965517392e+04
2.320606896551724276e+04
2.310896551724138044e+04
2.298537931034482608e+04
2.312662068965517392e+04
2.276468965517241304e+04
2.322372413793103624e+04
2.344441379310344928e+04
2.355034482758620652e+04
2.355034482758620652e+04
2.364744827586206884e+04
2.357682758620689492e+04
2.353268965517241304e+04
2.355034482758620652e+04
2.357682758620689492e+04
2.354151724137931160e+04
2.451255172413793116e+04
2.416827586206896376e+04
2.486565517241379348e+04
2.438896551724138044e+04
2.444193103448275724e+04
2.455668965517241304e+04
2.478620689655172464e+04
2.514813793103448188e+04
2.524524137931034420e+04
2.515696551724138044e+04
2.505103448275861956e+04
2.490979310344827536e+04
2.498041379310344928e+04
2.526289655172413768e+04
2.530703448275861956e+04
2.533351724137931160e+04
2.505103448275861956e+04
2.545710344827586232e+04
2.547475862068965580e+04
2.557186206896551812e+04
2.558951724137931160e+04
2.546593103448275724e+04
2.524524137931034420e+04
2.549241379310344928e+04
2.528937931034482608e+04
2.523641379310344928e+04
2.527172413793103624e+04
2.541296551724138044e+04
2.590731034482758696e+04
2.550124137931034420e+04
2.548358620689655072e+04
2.542179310344827536e+04
2.569544827586206884e+04
2.526289655172413768e+04
2.551889655172413768e+04
2.554537931034482608e+04
2.555420689655172464e+04
2.536882758620689492e+04
2.556303448275861956e+04
2.550124137931034420e+04
2.561600000000000000e+04
2.571310344827586232e+04
2.633986206896551812e+04
2.628689655172413768e+04
2.667531034482758696e+04
2.635751724137931160e+04
2.672827586206896376e+04
2.633986206896551812e+04
2.651641379310344928e+04
2.659586206896551812e+04
2.736386206896551812e+04
2.718731034482758696e+04
2.731972413793103624e+04
2.738151724137931160e+04
2.735503448275861956e+04
2.709020689655172464e+04
2.767282758620689492e+04
2.757572413793103624e+04
2.763751724137931160e+04
2.768165517241379348e+04
2.780524137931034420e+04
2.795531034482758696e+04
2.813186206896551812e+04
2.813186206896551812e+04
2.804358620689655072e+04
2.826427586206896376e+04
2.779641379310344928e+04
2.792000000000000000e+04
2.806124137931034420e+04
2.795531034482758696e+04
2.801710344827586232e+04
2.814068965517241304e+04
2.773462068965517392e+04
2.785820689655172464e+04
2.822896551724138044e+04
2.817600000000000000e+04
2.825544827586206884e+04
2.838786206896551812e+04
2.853793103448275724e+04
2.844965517241379348e+04
2.921765517241379348e+04
2.861737931034482608e+04
2.833489655172413768e+04
2.846731034482758696e+04
2.875862068965517392e+04
2.876744827586206884e+04
2.901462068965517392e+04
2.918234482758620652e+04
2.895282758620689492e+04
2.890868965517241304e+04
2.882041379310344928e+04
2.905875862068965580e+04
2.909406896551724276e+04
2.906758620689655072e+04
2.912055172413793116e+04
2.903227586206896376e+04
2.874096551724138044e+04
2.862620689655172464e+04
2.863503448275861956e+04
2.894400000000000000e+04
2.914703448275861956e+04
2.933241379310344928e+04
2.945600000000000000e+04
2.940303448275861956e+04
2.950013793103448188e+04
2.957958620689655072e+04
2.991503448275861956e+04
2.986206896551724276e+04
2.973848275862068840e+04
2.976496551724138044e+04
2.975613793103448188e+04
2.962372413793103624e+04
2.950896551724138044e+04
2.944717241379310508e+04
2.966786206896551812e+04
2.985324137931034420e+04
2.964137931034482608e+04
2.995034482758620652e+04
2.976496551724138044e+04
3.049765517241379348e+04
3.013572413793103624e+04
2.992386206896551812e+04
3.009158620689655072e+04
3.002979310344827536e+04
3.032993103448275724e+04
3.048882758620689492e+04
3.048882758620689492e+04
3.021517241379310508e+04
3.072717241379310508e+04
3.067420689655172464e+04
3.068303448275861956e+04
3.077131034482758696e+04
3.095668965517241304e+04
3.061241379310344928e+04
3.084193103448275724e+04
3.048000000000000000e+04
3.088606896551724276e+04
3.086841379310344928e+04
3.074482758620689492e+04
3.038289655172413768e+04
3.053296551724138044e+04
3.043586206896551812e+04
3.032110344827586232e+04
3.027696551724138044e+04
3.063889655172413768e+04
3.109793103448275724e+04
3.060358620689655072e+04
3.086841379310344928e+04
3.109793103448275724e+04
3.124800000000000000e+04
3.123917241379310508e+04
3.144220689655172464e+04
3.105379310344827536e+04
3.150400000000000000e+04
3.183944827586206884e+04
3.198951724137931160e+04
3.228965517241379348e+04
3.225434482758620652e+04
3.251034482758620652e+04
3.260744827586206884e+04
3.223668965517241304e+04
3.245737931034482608e+04
3.246620689655172464e+04
3.214841379310344928e+04
3.241324137931034420e+04
3.262510344827586232e+04
3.192772413793103624e+04
3.251034482758620652e+04
3.231613793103448188e+04
3.231613793103448188e+04
3.228965517241379348e+04
3.237793103448275724e+04
3.233379310344827536e+04
3.284579310344827536e+04
3.258979310344827536e+04
3.258096551724138044e+04
3.293406896551723912e+04
3.300468965517241304e+04
3.321655172413792752e+04
3.282813793103448552e+04
3.285462068965517392e+04
3.273103448275861956e+04
3.278400000000000000e+04
3.299586206896551448e+04
3.343724137931034784e+04
3.342841379310344928e+04
3.330482758620689856e+04
3.307531034482758696e+04
3.349020689655172464e+04
3.348137931034482608e+04
3.331365517241378984e+04
3.341958620689655072e+04
3.335779310344827536e+04
3.384331034482758696e+04
3.341075862068965216e+04
3.339310344827586232e+04
3.326068965517241304e+04
3.362262068965517392e+04
3.379917241379310144e+04
3.358731034482758696e+04
3.350786206896551448e+04
3.384331034482758696e+04
3.408165517241378984e+04
3.408165517241378984e+04
3.429351724137931160e+04
3.423172413793103624e+04
3.417875862068965216e+04
3.395806896551723912e+04
3.425820689655172464e+04
3.433765517241378984e+04
3.422289655172413768e+04
3.418758620689655072e+04
3.397572413793103624e+04
3.400220689655172464e+04
3.400220689655172464e+04
3.401103448275862320e+04
3.400220689655172464e+04
3.400220689655172464e+04
5.570010344827586232e+04
5.771310344827586232e+04
5.839282758620689856e+04
6.005241379310344928e+04
6.168551724137931160e+04
6.299200000000000000e+04
3.382565517241378984e+04
1.176551724137930978e+04
1.666758620689655118e+03
2.531862068965517210e+03
3.502896551724138135e+03
4.500413793103448370e+03
5.083034482758620470e+03
5.268413793103448370e+03
5.471448275862068840e+03
5.895172413793103260e+03
6.318896551724137680e+03
6.460137931034482790e+03
6.416000000000000000e+03
6.724965517241379530e+03
6.839724137931034420e+03
6.257103448275862320e+03
6.707310344827586050e+03
6.036413793103448370e+03
6.054068965517240940e+03
5.859862068965517210e+03
5.851034482758620470e+03
5.383172413793103260e+03
5.180137931034482790e+03
4.765241379310345110e+03
4.897655172413793480e+03
5.215448275862068840e+03
5.127172413793103260e+03
4.535724137931034420e+03
4.694620689655172100e+03
4.791724137931034420e+03
4.897655172413793480e+03
4.085517241379310235e+03
4.085517241379310235e+03
4.006068965517241395e+03
3.520551724137931160e+03
3.741241379310344655e+03
3.432275862068965580e+03
3.379310344827586050e+03
3.617655172413793025e+03
3.185103448275861865e+03
2.973241379310344655e+03
2.646620689655172555e+03
2.576000000000000000e+03
2.523034482758620470e+03
2.399448275862068840e+03
2.364137931034482790e+03
1.693241379310344882e+03
2.196413793103448370e+03
2.293517241379310235e+03
1.931586206896551630e+03
1.816827586206896513e+03
1.622620689655172328e+03
1.896275862068965580e+03
1.896275862068965580e+03
1.913931034482758605e+03
1.640275862068965580e+03
1.287172413793103487e+03
1.446068965517241395e+03
1.190068965517241395e+03
1.243034482758620697e+03
1.410758620689655118e+03
1.825655172413793025e+03
1.463724137931034420e+03
1.499034482758620697e+03
1.446068965517241395e+03
1.296000000000000000e+03
1.154758620689655118e+03
1.145931034482758605e+03
1.304827586206896513e+03
1.119448275862069067e+03
3.370482758620689765e+03
1.304827586206896513e+03
1.825655172413793025e+03
1.763862068965517210e+03
2.169931034482758605e+03
2.081655172413793025e+03
2.540689655172413950e+03
2.275862068965517210e+03
2.567172413793103260e+03
2.814344827586206975e+03
2.593655172413793025e+03
2.549517241379310235e+03
2.770206896551724185e+03
2.611310344827586050e+03
2.690758620689655345e+03
2.478896551724138135e+03
2.275862068965517210e+03
2.496551724137931160e+03
2.646620689655172555e+03
2.726068965517241395e+03
2.787862068965517210e+03
3.388137931034482790e+03
2.814344827586206975e+03
2.982068965517241395e+03
3.017379310344827445e+03
2.990896551724138135e+03
3.088000000000000000e+03
3.176275862068965580e+03
3.238068965517241395e+03
3.061517241379310235e+03
2.946758620689655345e+03
3.105655172413793025e+03
3.423448275862068840e+03
3.573517241379310235e+03
3.555862068965517210e+03
3.423448275862068840e+03
3.476413793103448370e+03
3.803034482758620470e+03
3.811862068965517210e+03
3.953103448275861865e+03
3.502896551724138135e+03
3.997241379310344655e+03
3.697103448275861865e+03
3.670620689655172555e+03
3.882482758620689765e+03
3.838344827586206975e+03
4.209103448275862320e+03
3.979586206896551630e+03
3.988413793103448370e+03
3.820689655172413950e+03
3.891310344827586050e+03
4.112000000000000000e+03
4.164965517241379530e+03
4.500413793103448370e+03
4.500413793103448370e+03
4.544551724137931160e+03
4.544551724137931160e+03
4.217931034482759060e+03
4.244413793103448370e+03
4.703448275862068840e+03
4.809379310344827900e+03
4.791724137931034420e+03
4.588689655172413950e+03
4.553379310344827900e+03
4.694620689655172100e+03
5.012413793103448370e+03
4.977103448275862320e+03
4.950620689655172100e+03
5.065379310344827900e+03
5.197793103448276270e+03
5.038896551724137680e+03
5.400827586206896740e+03
5.153655172413793480e+03
5.374344827586206520e+03
4.941793103448276270e+03
5.550896551724137680e+03
5.648000000000000000e+03
5.409655172413793480e+03
5.127172413793103260e+03
5.471448275862068840e+03
5.683310344827586050e+03
5.356689655172413950e+03
5.303724137931034420e+03
5.595034482758620470e+03
5.436137931034482790e+03
5.409655172413793480e+03
5.559724137931034420e+03
5.392000000000000000e+03
5.356689655172413950e+03
5.709793103448276270e+03
5.550896551724137680e+03
5.648000000000000000e+03
6.080551724137931160e+03
5.771586206896551630e+03
5.709793103448276270e+03
5.745103448275862320e+03
5.948137931034482790e+03
5.948137931034482790e+03
5.824551724137931160e+03
5.515586206896551630e+03
6.018758620689654890e+03
5.895172413793103260e+03
6.027586206896551630e+03
6.186482758620689310e+03
6.292413793103448370e+03
6.477793103448276270e+03
6.592551724137931160e+03
6.777931034482759060e+03
6.777931034482759060e+03
6.928000000000000000e+03
7.157517241379310690e+03
6.601379310344827900e+03
6.804413793103448370e+03
6.619034482758620470e+03
6.336551724137931160e+03
6.848551724137931160e+03
6.795586206896551630e+03
6.954482758620689310e+03
6.972137931034482790e+03
7.086896551724137680e+03
6.980965517241379530e+03
7.192827586206896740e+03
7.201655172413793480e+03
6.980965517241379530e+03
7.413517241379310690e+03
7.316413793103448370e+03
7.819586206896551630e+03
9.090758620689655800e+03
9.532137931034481880e+03
1.030013793103448188e+04
1.123586206896551812e+04
1.254234482758620652e+04
1.372524137931034420e+04
1.431668965517241304e+04
1.603806896551724094e+04
1.718565517241379348e+04
1.860689655172413768e+04
1.977213793103448188e+04
2.083144827586206884e+04
2.188193103448275724e+04
2.274703448275861956e+04
2.370924137931034420e+04
2.460082758620689492e+04
2.561600000000000000e+04
2.650758620689655072e+04
2.719613793103448188e+04
2.759337931034482608e+04
2.824662068965517392e+04
2.907641379310344928e+04
2.938537931034482608e+04
2.983558620689655072e+04
3.063006896551724276e+04
3.126565517241379348e+04
3.153931034482758696e+04
3.219255172413793116e+04
3.213075862068965580e+04
3.197186206896551812e+04
3.255448275862068840e+04
3.275751724137931160e+04
3.261627586206896376e+04
3.271337931034482608e+04
3.318124137931034784e+04
3.320772413793103624e+04
3.330482758620689856e+04
3.362262068965517392e+04
3.335779310344827536e+04
3.343724137931034784e+04
3.341075862068965216e+04
3.341075862068965216e+04
3.379917241379310144e+04
3.356965517241378984e+04
3.373737931034482608e+04
3.369324137931034784e+04
3.362262068965517392e+04
3.370206896551723912e+04
3.375503448275862320e+04
3.392275862068965216e+04
3.396689655172413768e+04
3.410813793103448552e+04
3.391393103448276088e+04
3.378151724137931160e+04
3.364027586206896376e+04
3.419641379310344928e+04
3.386979310344827536e+04
3.372855172413792752e+04
3.364027586206896376e+04
3.349020689655172464e+04
3.388744827586207248e+04
3.366675862068965216e+04
3.353434482758621016e+04
3.364027586206896376e+04
3.367558620689655072e+04
3.318124137931034784e+04
3.326068965517241304e+04
3.328717241379310144e+04
3.361379310344827536e+04
3.374620689655172464e+04
3.326951724137931160e+04
3.326951724137931160e+04
3.287227586206896376e+04
3.319889655172413768e+04
3.296937931034482608e+04
3.298703448275862320e+04
3.340193103448276088e+04
3.343724137931034784e+04
3.356965517241378984e+04
3.335779310344827536e+04
3.359613793103448552e+04
3.362262068965517392e+04
3.351668965517241304e+04
3.364910344827586232e+04
3.402868965517241304e+04
3.358731034482758696e+04
3.422289655172413768e+04
3.392275862068965216e+04
3.329600000000000000e+04
3.325186206896551448e+04
3.326951724137931160e+04
3.366675862068965216e+04
3.333131034482758696e+04
3.330482758620689856e+04
3.317241379310344928e+04
3.294289655172413768e+04
3.295172413793103624e+04
3.308413793103448552e+04
3.290758620689655072e+04
3.303117241379310144e+04
3.293406896551723912e+04
3.332248275862068840e+04
3.265158620689655072e+04
3.265158620689655072e+04
3.243972413793103624e+04
3.241324137931034420e+04
3.236027586206896376e+04
3.196303448275861956e+04
3.227200000000000000e+04
3.201600000000000000e+04
3.161875862068965580e+04
3.190124137931034420e+04
3.144220689655172464e+04
3.140689655172413768e+04
3.138041379310344928e+04
3.123917241379310508e+04
3.100965517241379348e+04
3.109793103448275724e+04
3.096551724137931160e+04
3.099200000000000000e+04
3.082427586206896376e+04
3.108027586206896376e+04
3.090372413793103624e+04
3.089489655172413768e+04
3.084193103448275724e+04
3.093020689655172464e+04
3.121268965517241304e+04
3.125682758620689492e+04
3.116855172413793116e+04
3.112441379310344928e+04
3.115972413793103624e+04
3.118620689655172464e+04
3.085075862068965580e+04
3.121268965517241304e+04
3.081544827586206884e+04
3.090372413793103624e+04
3.039172413793103624e+04
3.068303448275861956e+04
3.032110344827586232e+04
3.055944827586206884e+04
3.057710344827586232e+04
3.044468965517241304e+04
3.028579310344827536e+04
3.040055172413793116e+04
3.026813793103448188e+04
3.037406896551724276e+04
3.044468965517241304e+04
3.055062068965517392e+04
3.057710344827586232e+04
3.045351724137931160e+04
3.046234482758620652e+04
3.041820689655172464e+04
3.062124137931034420e+04
3.027696551724138044e+04
3.028579310344827536e+04
3.046234482758620652e+04
3.050648275862068840e+04
3.030344827586206884e+04
2.991503448275861956e+04
3.007393103448275724e+04
2.997682758620689492e+04
3.033875862068965580e+04
3.046234482758620652e+04
3.084193103448275724e+04
3.048882758620689492e+04
3.062124137931034420e+04
3.061241379310344928e+04
3.073600000000000000e+04
3.076248275862068840e+04
3.080662068965517392e+04
3.070951724137931160e+04
3.137158620689655072e+04
3.136275862068965580e+04
3.150400000000000000e+04
3.139806896551724276e+04
3.142455172413793116e+04
3.166289655172413768e+04
3.161875862068965580e+04
3.195420689655172464e+04
3.183062068965517392e+04
3.206013793103448188e+04
3.217489655172413768e+04
3.232496551724138044e+04
3.211310344827586232e+04
3.206013793103448188e+04
3.231613793103448188e+04
3.253682758620689492e+04
3.234262068965517392e+04
3.264275862068965580e+04
3.264275862068965580e+04
6.330096551724137680e+04
6.446620689655172464e+04
8.634482758620689538e+02
1.640275862068965580e+03
3.520551724137931160e+03
4.615172413793103260e+03
6.495448275862068840e+03
7.899034482758620470e+03
9.320275862068965580e+03
9.576275862068965580e+03
1.058262068965517210e+04
1.157131034482758696e+04
1.161544827586206884e+04
1.225986206896551812e+04
1.251586206896551812e+04
1.227751724137930978e+04
1.286013793103448188e+04
1.262179310344827536e+04
1.287779310344827536e+04
1.252468965517241304e+04
1.245406896551724094e+04
1.250703448275862138e+04
1.240110344827586232e+04
1.195972413793103442e+04
1.187144827586206884e+04
1.170372413793103442e+04
1.140358620689655254e+04
1.163310344827586232e+04
1.072386206896551812e+04
1.069737931034482790e+04
1.074151724137930978e+04
1.070620689655172464e+04
1.030896551724137862e+04
9.973517241379309780e+03
1.010593103448275906e+04
9.664551724137931160e+03
9.540965517241378620e+03
9.602758620689655800e+03
9.214344827586206520e+03
9.143724137931034420e+03
9.055448275862068840e+03
8.737655172413793480e+03
9.002482758620690220e+03
8.702344827586206520e+03
8.358068965517240940e+03
8.022620689655172100e+03
8.172689655172413950e+03
7.722482758620689310e+03
7.519448275862068840e+03
7.395862068965517210e+03
7.351724137931034420e+03
7.086896551724137680e+03
7.033931034482759060e+03
6.901517241379310690e+03
6.468965517241379530e+03
6.557241379310345110e+03
6.416000000000000000e+03
6.265931034482759060e+03
6.592551724137931160e+03
6.186482758620689310e+03
6.389517241379310690e+03
6.018758620689654890e+03
6.045241379310345110e+03
5.824551724137931160e+03
5.886344827586206520e+03
5.815724137931034420e+03
5.965793103448276270e+03
5.745103448275862320e+03
5.974620689655172100e+03
6.142344827586206520e+03
5.930482758620689310e+03
6.107034482758620470e+03
5.895172413793103260e+03
5.700965517241379530e+03
5.727448275862068840e+03
5.718620689655172100e+03
5.427310344827586050e+03
5.471448275862068840e+03
5.294896551724137680e+03
5.188965517241379530e+03
5.524413793103448370e+03
6.133517241379310690e+03
5.806896551724137680e+03
6.018758620689654890e+03
6.071724137931034420e+03
6.001103448275862320e+03
6.619034482758620470e+03
6.345379310344827900e+03
6.486620689655172100e+03
6.557241379310345110e+03
6.513103448275862320e+03
6.601379310344827900e+03
6.786758620689654890e+03
7.148689655172413950e+03
7.060413793103448370e+03
6.839724137931034420e+03
6.998620689655172100e+03
7.519448275862068840e+03
6.963310344827586050e+03
7.342896551724137680e+03
7.545931034482759060e+03
7.448827586206896740e+03
7.263448275862068840e+03
7.440000000000000000e+03
7.263448275862068840e+03
7.996137931034482790e+03
8.234482758620690220e+03
7.916689655172413950e+03
7.563586206896551630e+03
7.907862068965517210e+03
7.810758620689654890e+03
8.022620689655172100e+03
7.687172413793103260e+03
7.784275862068965580e+03
8.163862068965517210e+03
8.057931034482759060e+03
7.969655172413793480e+03
8.428689655172413040e+03
8.057931034482759060e+03
8.049103448275862320e+03
8.208000000000000000e+03
7.748965517241379530e+03
7.854896551724137680e+03
8.102068965517240940e+03
8.402206896551724640e+03
8.102068965517240940e+03
7.748965517241379530e+03
7.775448275862068840e+03
8.119724137931034420e+03
8.516965517241378620e+03
8.543448275862068840e+03
8.834758620689655800e+03
8.658206896551724640e+03
8.605241379310344200e+03
8.322758620689655800e+03
8.817103448275862320e+03
8.578758620689655800e+03
8.658206896551724640e+03
8.658206896551724640e+03
8.702344827586206520e+03
8.799448275862068840e+03
8.569931034482759060e+03
8.481655172413793480e+03
9.232000000000000000e+03
9.311448275862068840e+03
9.046620689655172100e+03
9.346758620689655800e+03
9.461517241379309780e+03
9.823448275862068840e+03
9.929379310344827900e+03
9.726344827586206520e+03
9.479172413793103260e+03
9.558620689655172100e+03
9.735172413793103260e+03
1.004413793103448188e+04
1.012358620689655254e+04
1.008827586206896558e+04
1.037958620689655254e+04
1.022068965517241304e+04
1.047668965517241304e+04
1.026482758620689674e+04
1.030896551724137862e+04
1.052082758620689674e+04
1.037075862068965580e+04
1.047668965517241304e+04
1.066206896551724094e+04
1.059144827586206884e+04
1.047668965517241304e+04
1.091806896551724094e+04
1.060910344827586232e+04
1.111227586206896558e+04
1.061793103448275906e+04
1.077682758620689674e+04
1.099751724137930978e+04
1.090041379310344746e+04
1.115641379310344746e+04
1.090041379310344746e+04
1.091806896551724094e+04
1.111227586206896558e+04
1.198620689655172464e+04
1.168606896551724094e+04
1.172137931034482790e+04
1.174786206896551812e+04
1.181848275862069022e+04
1.176551724137930978e+04
1.178317241379310326e+04
1.193324137931034420e+04
1.168606896551724094e+04
1.138593103448275906e+04
1.168606896551724094e+04
1.173903448275862138e+04
1.207448275862069022e+04
1.195089655172413768e+04
1.177434482758620652e+04
1.217158620689655254e+04
1.188910344827586232e+04
1.196855172413793116e+04
1.177434482758620652e+04
1.203034482758620652e+04
1.124468965517241304e+04
1.150068965517241304e+04
1.174786206896551812e+04
1.164193103448275906e+04
1.186262068965517210e+04
1.182731034482758696e+04
1.188910344827586232e+04
1.165075862068965580e+04
1.196855172413793116e+04
1.195972413793103442e+04
1.212744827586206884e+04
1.191558620689655254e+04
1.203917241379310326e+04
1.184496551724137862e+04
1.231282758620689674e+04
1.210979310344827536e+04
1.250703448275862138e+04
1.261296551724137862e+04
1.236579310344827536e+04
1.235696551724137862e+04
1.263944827586206884e+04
1.248937931034482790e+04
1.229517241379310326e+04
1.256882758620689674e+04
1.266593103448275906e+04
1.248055172413793116e+04
1.244524137931034420e+04
1.225103448275862138e+04
1.225103448275862138e+04
1.256000000000000000e+04
1.224220689655172464e+04
1.240110344827586232e+04
1.199503448275862138e+04
1.212744827586206884e+04
1.274537931034482790e+04
1.263944827586206884e+04
1.261296551724137862e+04
1.255117241379310326e+04
1.244524137931034420e+04
1.237462068965517210e+04
1.264827586206896558e+04
1.245406896551724094e+04
1.268358620689655254e+04
1.241875862068965580e+04
1.257765517241379348e+04
1.265710344827586232e+04
1.239227586206896558e+04
1.264827586206896558e+04
1.235696551724137862e+04
1.267475862068965580e+04
1.264827586206896558e+04
1.259531034482758696e+04
1.266593103448275906e+04
1.261296551724137862e+04
1.288662068965517210e+04
1.243641379310344746e+04
1.248055172413793116e+04
1.271006896551724094e+04
1.256882758620689674e+04
9.947034482758621380e+03
1.263944827586206884e+04
1.272772413793103442e+04
1.276303448275862138e+04
1.301020689655172464e+04
1.266593103448275906e+04
1.241875862068965580e+04
1.286896551724137862e+04
1.259531034482758696e+04
1.271006896551724094e+04
1.235696551724137862e+04
1.207448275862069022e+04
1.202151724137930978e+04
1.199503448275862138e+04
1.254234482758620652e+04
1.265710344827586232e+04
1.269241379310344746e+04
1.262179310344827536e+04
1.251586206896551812e+04
1.296606896551724094e+04
1.371641379310344746e+04
1.318675862068965580e+04
1.387531034482758696e+04
1.338096551724137862e+04
1.350455172413793116e+04
1.328386206896551812e+04
1.329268965517241304e+04
1.353986206896551812e+04
1.343393103448275906e+04
1.292193103448275906e+04
1.278951724137930978e+04
1.248055172413793116e+04
1.230400000000000000e+04
1.222455172413793116e+04
1.189793103448275906e+04
1.164193103448275906e+04
1.138593103448275906e+04
1.103282758620689674e+04
1.083862068965517210e+04
1.118289655172413768e+04
1.067089655172413768e+04
1.045903448275862138e+04
1.053848275862069022e+04
1.034427586206896558e+04
1.030896551724137862e+04
1.025600000000000000e+04
1.059144827586206884e+04
1.056496551724137862e+04
1.030896551724137862e+04
1.070620689655172464e+04
1.037075862068965580e+04
1.013241379310344746e+04
1.050317241379310326e+04
1.043255172413793116e+04
1.105931034482758696e+04
1.126234482758620652e+04
1.168606896551724094e+04
1.271006896551724094e+04
1.326620689655172464e+04
1.417544827586206884e+04
1.489048275862069022e+04
1.597627586206896558e+04
1.700910344827586232e+04
1.722979310344827536e+04
1.851862068965517392e+04
1.918951724137931160e+04
1.976331034482758696e+04
2.061958620689655072e+04
2.100800000000000000e+04
2.195255172413793116e+04
2.245572413793103624e+04
2.282648275862068840e+04
2.357682758620689492e+04
2.399172413793103624e+04
2.470675862068965580e+04
2.480386206896551812e+04
2.493627586206896376e+04
2.516579310344827536e+04
2.557186206896551812e+04
2.551006896551724276e+04
2.573075862068965580e+04
2.573958620689655072e+04
2.592496551724138044e+04
2.605737931034482608e+04
2.618979310344827536e+04
2.623393103448275724e+04
2.633103448275861956e+04
2.647227586206896376e+04
2.674593103448275724e+04
2.674593103448275724e+04
2.681655172413793116e+04
2.625158620689655072e+04
2.590731034482758696e+04
2.591613793103448188e+04
2.636634482758620652e+04
2.656055172413793116e+04
2.612800000000000000e+04
2.613682758620689492e+04
2.602206896551724276e+04
2.653406896551724276e+04
2.563365517241379348e+04
2.566896551724138044e+04
2.581903448275861956e+04
2.546593103448275724e+04
2.555420689655172464e+04
2.562482758620689492e+04
2.553655172413793116e+04
2.546593103448275724e+04
2.517462068965517392e+04
2.528937931034482608e+04
2.528937931034482608e+04
2.473324137931034420e+04
2.438013793103448188e+04
2.453020689655172464e+04
2.478620689655172464e+04
2.454786206896551812e+04
3.521551724137931160e+03
1.765351724137931160e+04
1.599393103448275906e+04
1.608220689655172464e+04
1.655006896551724276e+04
1.608220689655172464e+04
1.604689655172413768e+04
1.585268965517241304e+04
1.594979310344827536e+04
1.550841379310344746e+04
1.583503448275862138e+04
1.562317241379310326e+04
1.555255172413793116e+04
1.505820689655172464e+04
1.489048275862069022e+04
1.521710344827586232e+04
1.485517241379310326e+04
1.467862068965517210e+04
5.925793103448276088e+04
6.142068965517241304e+04
6.259475862068965216e+04
5.745710344827586232e+04
3.153931034482758696e+04
7.837241379310345110e+03
4.624000000000000000e+03
3.467586206896551630e+03
4.844689655172413950e+03
6.336551724137931160e+03
6.972137931034482790e+03
7.854896551724137680e+03
8.155034482758620470e+03
8.525793103448275360e+03
9.108413793103447460e+03
9.523310344827586960e+03
9.364413793103447460e+03
9.646896551724137680e+03
9.955862068965518120e+03
9.673379310344827900e+03
9.435034482758621380e+03
9.620413793103447460e+03
9.302620689655172100e+03
9.523310344827586960e+03
9.143724137931034420e+03
8.852413793103447460e+03
8.764137931034481880e+03
8.490482758620690220e+03
8.808275862068965580e+03
8.393379310344827900e+03
8.049103448275862320e+03
7.987310344827586050e+03
7.766620689655172100e+03
7.722482758620689310e+03
7.678344827586206520e+03
7.740137931034482790e+03
7.784275862068965580e+03
7.519448275862068840e+03
7.095724137931034420e+03
7.016275862068965580e+03
6.636689655172413950e+03
6.424827586206896740e+03
6.345379310344827900e+03
6.071724137931034420e+03
5.859862068965517210e+03
5.621517241379310690e+03
5.780413793103448370e+03
5.197793103448276270e+03
5.656827586206896740e+03
5.277241379310345110e+03
4.853517241379310690e+03
4.553379310344827900e+03
4.712275862068965580e+03
4.553379310344827900e+03
4.173793103448276270e+03
3.961931034482758605e+03
4.006068965517241395e+03
3.794206896551724185e+03
3.979586206896551630e+03
3.882482758620689765e+03
3.847172413793103260e+03
3.935448275862068840e+03
3.432275862068965580e+03
3.626482758620689765e+03
3.282206896551724185e+03
3.370482758620689765e+03
3.573517241379310235e+03
3.255724137931034420e+03
3.105655172413793025e+03
3.123310344827586050e+03
3.167448275862068840e+03
2.982068965517241395e+03
3.114482758620689765e+03
3.405793103448275815e+03
2.770206896551724185e+03
2.814344827586206975e+03
3.043862068965517210e+03
3.123310344827586050e+03
2.823172413793103260e+03
3.229241379310344655e+03
2.717241379310344655e+03
4.924137931034482790e+03
2.584827586206896740e+03
2.964413793103448370e+03
3.485241379310344655e+03
3.185103448275861865e+03
3.149793103448275815e+03
3.388137931034482790e+03
3.856000000000000000e+03
3.741241379310344655e+03
3.741241379310344655e+03
3.502896551724138135e+03
3.661793103448275815e+03
3.873655172413793025e+03
4.103172413793103260e+03
3.732413793103448370e+03
4.076689655172413950e+03
3.811862068965517210e+03
4.050206896551724185e+03
4.253241379310345110e+03
4.059034482758620470e+03
4.094344827586206975e+03
4.032551724137931160e+03
3.864827586206896740e+03
3.785379310344827445e+03
3.900137931034482790e+03
3.900137931034482790e+03
4.164965517241379530e+03
4.209103448275862320e+03
3.847172413793103260e+03
3.476413793103448370e+03
3.785379310344827445e+03
3.705931034482758605e+03
3.758896551724138135e+03
3.723586206896551630e+03
3.758896551724138135e+03
4.032551724137931160e+03
4.067862068965517210e+03
3.926620689655172555e+03
3.750068965517241395e+03
3.838344827586206975e+03
3.352827586206896740e+03
3.758896551724138135e+03
3.829517241379310235e+03
3.502896551724138135e+03
3.405793103448275815e+03
3.458758620689655345e+03
3.229241379310344655e+03
3.441103448275861865e+03
3.538206896551724185e+03
3.458758620689655345e+03
3.344000000000000000e+03
3.282206896551724185e+03
3.485241379310344655e+03
3.573517241379310235e+03
4.041379310344827445e+03
4.006068965517241395e+03
3.917793103448275815e+03
3.864827586206896740e+03
3.732413793103448370e+03
3.626482758620689765e+03
3.502896551724138135e+03
3.873655172413793025e+03
3.970758620689655345e+03
4.129655172413793480e+03
4.006068965517241395e+03
3.900137931034482790e+03
3.953103448275861865e+03
3.758896551724138135e+03
3.652965517241379530e+03
3.600000000000000000e+03
3.511724137931034420e+03
3.803034482758620470e+03
3.185103448275861865e+03
3.555862068965517210e+03
3.626482758620689765e+03
3.255724137931034420e+03
3.600000000000000000e+03
3.511724137931034420e+03
3.679448275862068840e+03
3.732413793103448370e+03
3.538206896551724185e+03
3.564689655172413950e+03
3.679448275862068840e+03
4.164965517241379530e+03
3.714758620689655345e+03
3.538206896551724185e+03
3.105655172413793025e+03
3.352827586206896740e+03
3.414620689655172555e+03
3.308689655172413950e+03
3.591172413793103260e+03
3.908965517241379530e+03
4.120827586206896740e+03
3.935448275862068840e+03
3.856000000000000000e+03
3.582344827586206975e+03
4.059034482758620470e+03
3.776551724137931160e+03
4.156137931034482790e+03
3.811862068965517210e+03
4.112000000000000000e+03
4.032551724137931160e+03
3.882482758620689765e+03
3.873655172413793025e+03
3.997241379310344655e+03
4.200275862068965580e+03
4.368000000000000000e+03
3.750068965517241395e+03
4.120827586206896740e+03
4.041379310344827445e+03
4.103172413793103260e+03
3.891310344827586050e+03
4.465103448275862320e+03
4.112000000000000000e+03
3.988413793103448370e+03
4.006068965517241395e+03
3.776551724137931160e+03
4.085517241379310235e+03
3.917793103448275815e+03
3.847172413793103260e+03
3.767724137931034420e+03
3.953103448275861865e+03
4.129655172413793480e+03
4.112000000000000000e+03
3.917793103448275815e+03
4.112000000000000000e+03
4.297379310344827900e+03
4.067862068965517210e+03
4.006068965517241395e+03
3.997241379310344655e+03
4.067862068965517210e+03
4.076689655172413950e+03
4.562206896551723730e+03
4.412137931034482790e+03
4.147310344827586050e+03
4.297379310344827900e+03
4.129655172413793480e+03
3.882482758620689765e+03
4.041379310344827445e+03
4.085517241379310235e+03
3.953103448275861865e+03
3.944275862068965580e+03
3.979586206896551630e+03
4.094344827586206975e+03
4.235586206896551630e+03
4.288551724137931160e+03
4.041379310344827445e+03
3.732413793103448370e+03
3.847172413793103260e+03
4.023724137931034420e+03
4.032551724137931160e+03
3.961931034482758605e+03
3.917793103448275815e+03
4.279724137931034420e+03
3.820689655172413950e+03
3.856000000000000000e+03
3.688275862068965580e+03
3.697103448275861865e+03
4.041379310344827445e+03
3.811862068965517210e+03
3.970758620689655345e+03
4.173793103448276270e+03
3.979586206896551630e+03
3.953103448275861865e+03
4.173793103448276270e+03
3.917793103448275815e+03
3.856000000000000000e+03
3.935448275862068840e+03
3.670620689655172555e+03
4.085517241379310235e+03
3.697103448275861865e+03
3.741241379310344655e+03
3.511724137931034420e+03
3.820689655172413950e+03
3.785379310344827445e+03
3.820689655172413950e+03
4.085517241379310235e+03
3.714758620689655345e+03
3.573517241379310235e+03
3.732413793103448370e+03
3.635310344827586050e+03
3.803034482758620470e+03
3.785379310344827445e+03
3.811862068965517210e+03
3.414620689655172555e+03
3.449931034482758605e+03
3.555862068965517210e+03
3.608827586206896740e+03
3.582344827586206975e+03
4.014896551724138135e+03
4.182620689655172100e+03
3.352827586206896740e+03
3.326344827586206975e+03
3.697103448275861865e+03
3.494068965517241395e+03
3.538206896551724185e+03
3.502896551724138135e+03
3.114482758620689765e+03
3.679448275862068840e+03
3.388137931034482790e+03
3.900137931034482790e+03
4.147310344827586050e+03
3.847172413793103260e+03
3.873655172413793025e+03
4.138482758620689310e+03
4.235586206896551630e+03
4.191448275862068840e+03
4.094344827586206975e+03
4.544551724137931160e+03
4.332689655172413950e+03
4.297379310344827900e+03
4.385655172413793480e+03
4.385655172413793480e+03
4.368000000000000000e+03
4.156137931034482790e+03
4.226758620689654890e+03
4.067862068965517210e+03
4.120827586206896740e+03
4.120827586206896740e+03
4.032551724137931160e+03
3.820689655172413950e+03
4.138482758620689310e+03
4.226758620689654890e+03
3.988413793103448370e+03
4.420965517241379530e+03
4.209103448275862320e+03
4.209103448275862320e+03
4.412137931034482790e+03
4.306206896551723730e+03
4.323862068965517210e+03
4.288551724137931160e+03
4.006068965517241395e+03
4.173793103448276270e+03
4.341517241379310690e+03
4.447448275862068840e+03
4.200275862068965580e+03
4.032551724137931160e+03
4.306206896551723730e+03
4.112000000000000000e+03
4.023724137931034420e+03
3.714758620689655345e+03
3.688275862068965580e+03
3.891310344827586050e+03
3.670620689655172555e+03
3.555862068965517210e+03
3.635310344827586050e+03
3.670620689655172555e+03
3.291034482758620470e+03
3.529379310344827445e+03
3.714758620689655345e+03
4.138482758620689310e+03
3.908965517241379530e+03
3.953103448275861865e+03
3.723586206896551630e+03
4.067862068965517210e+03
4.014896551724138135e+03
3.979586206896551630e+03
4.253241379310345110e+03
4.006068965517241395e+03
4.924137931034482790e+03
4.235586206896551630e+03
4.518068965517240940e+03
4.676965517241379530e+03
4.094344827586206975e+03
4.297379310344827900e+03
4.156137931034482790e+03
4.429793103448276270e+03
4.429793103448276270e+03
3.979586206896551630e+03
4.138482758620689310e+03
4.270896551724137680e+03
4.262068965517240940e+03
4.050206896551724185e+03
4.156137931034482790e+03
4.279724137931034420e+03
4.385655172413793480e+03
4.571034482758620470e+03
4.173793103448276270e+03
4.412137931034482790e+03
4.350344827586206520e+03
4.385655172413793480e+03
4.112000000000000000e+03
4.597517241379310690e+03
4.138482758620689310e+03
4.270896551724137680e+03
4.279724137931034420e+03
4.235586206896551630e+03
4.509241379310345110e+03
4.624000000000000000e+03
4.253241379310345110e+03
4.888827586206896740e+03
4.535724137931034420e+03
4.544551724137931160e+03
4.200275862068965580e+03
4.288551724137931160e+03
4.138482758620689310e+03
4.050206896551724185e+03
4.173793103448276270e+03
4.456275862068965580e+03
4.173793103448276270e+03
4.747586206896551630e+03
4.685793103448276270e+03
4.915310344827586050e+03
4.553379310344827900e+03
4.871172413793103260e+03
4.659310344827586050e+03
4.985931034482759060e+03
4.968275862068965580e+03
4.871172413793103260e+03
4.888827586206896740e+03
4.906482758620689310e+03
4.906482758620689310e+03
5.974344827586207248e+04
6.135889655172413768e+04
5.890482758620689856e+04
4.896496551724137680e+04
1.456386206896551812e+04
4.562206896551723730e+03
3.688275862068965580e+03
5.692137931034482790e+03
6.530758620689654890e+03
7.793103448275862320e+03
8.419862068965518120e+03
9.081931034482759060e+03
9.488000000000000000e+03
1.015006896551724094e+04
1.015889655172413768e+04
1.077682758620689674e+04
1.061793103448275906e+04
1.083862068965517210e+04
1.124468965517241304e+04
1.078565517241379348e+04
1.067089655172413768e+04
1.093572413793103442e+04
