0.000000000000000000e+00
1.504939999999999964e+04
1.488300000000000000e+04
1.468139999999999964e+04
1.446460000000000036e+04
1.442139999999999964e+04
1.440860000000000036e+04
1.424460000000000036e+04
1.417979999999999927e+04
1.403260000000000036e+04
1.392539999999999964e+04
1.387500000000000000e+04
1.365100000000000000e+04
1.339579999999999927e+04
1.330779999999999927e+04
1.331179999999999927e+04
1.309420000000000073e+04
1.296139999999999964e+04
1.297579999999999927e+04
1.280220000000000073e+04
1.255179999999999927e+04
1.242300000000000000e+04
1.235900000000000000e+04
1.225579999999999927e+04
1.207100000000000000e+04
1.188379999999999927e+04
1.174379999999999927e+04
1.166939999999999964e+04
1.155820000000000073e+04
1.127100000000000000e+04
1.125900000000000000e+04
1.139820000000000073e+04
1.128939999999999964e+04
1.115979999999999927e+04
1.114220000000000073e+04
1.108700000000000000e+04
1.105420000000000073e+04
1.099900000000000000e+04
1.092860000000000036e+04
1.081500000000000000e+04
1.057660000000000036e+04
1.044379999999999927e+04
1.040060000000000036e+04
1.040060000000000036e+04
1.033820000000000073e+04
1.022860000000000036e+04
1.009020000000000073e+04
1.007260000000000036e+04
1.000139999999999964e+04
9.771799999999999272e+03
9.695000000000000000e+03
9.629399999999999636e+03
9.470200000000000728e+03
9.532600000000000364e+03
9.675000000000000000e+03
9.703799999999999272e+03
9.789399999999999636e+03
9.765399999999999636e+03
9.694200000000000728e+03
9.615000000000000000e+03
9.520600000000000364e+03
9.530200000000000728e+03
9.399799999999999272e+03
9.250200000000000728e+03
9.247000000000000000e+03
9.179799999999999272e+03
9.119799999999999272e+03
9.003799999999999272e+03
8.807799999999999272e+03
8.699799999999999272e+03
8.676600000000000364e+03
8.725399999999999636e+03
8.803799999999999272e+03
8.740600000000000364e+03
8.537399999999999636e+03
8.483799999999999272e+03
8.485399999999999636e+03
8.502200000000000728e+03
8.515799999999999272e+03
8.519799999999999272e+03
8.467000000000000000e+03
8.327000000000000000e+03
8.235799999999999272e+03
8.181399999999999636e+03
8.231799999999999272e+03
8.199000000000000000e+03
8.039800000000000182e+03
8.072600000000000364e+03
8.056600000000000364e+03
7.831800000000000182e+03
7.816600000000000364e+03
7.789399999999999636e+03
7.671800000000000182e+03
7.680600000000000364e+03
7.581399999999999636e+03
7.436600000000000364e+03
7.345399999999999636e+03
7.207800000000000182e+03
7.104600000000000364e+03
7.047800000000000182e+03
6.922199999999999818e+03
6.903800000000000182e+03
6.818199999999999818e+03
6.743000000000000000e+03
6.732600000000000364e+03
6.727800000000000182e+03
6.950199999999999818e+03
6.973399999999999636e+03
6.716600000000000364e+03
6.616600000000000364e+03
6.580600000000000364e+03
6.491800000000000182e+03
6.479000000000000000e+03
6.360600000000000364e+03
6.234199999999999818e+03
6.308600000000000364e+03
6.370199999999999818e+03
6.410199999999999818e+03
6.466199999999999818e+03
6.328600000000000364e+03
6.177399999999999636e+03
6.106199999999999818e+03
6.005399999999999636e+03
5.905399999999999636e+03
5.841399999999999636e+03
5.894199999999999818e+03
5.920600000000000364e+03
5.915000000000000000e+03
5.923800000000000182e+03
5.919000000000000000e+03
6.047800000000000182e+03
6.208600000000000364e+03
6.132600000000000364e+03
6.025399999999999636e+03
6.130199999999999818e+03
6.167000000000000000e+03
6.098199999999999818e+03
6.071000000000000000e+03
6.075800000000000182e+03
6.112600000000000364e+03
6.123800000000000182e+03
6.017399999999999636e+03
6.000600000000000364e+03
6.074199999999999818e+03
5.955000000000000000e+03
5.882199999999999818e+03
5.902199999999999818e+03
5.895800000000000182e+03
5.829399999999999636e+03
5.691800000000000182e+03
5.470199999999999818e+03
5.526199999999999818e+03
5.811800000000000182e+03
5.858199999999999818e+03
5.899800000000000182e+03
6.078199999999999818e+03
6.082199999999999818e+03
6.116600000000000364e+03
6.186199999999999818e+03
6.236600000000000364e+03
6.343000000000000000e+03
6.234199999999999818e+03
6.177399999999999636e+03
6.179000000000000000e+03
6.124600000000000364e+03
6.073399999999999636e+03
6.063000000000000000e+03
6.157399999999999636e+03
6.099000000000000000e+03
5.933399999999999636e+03
5.898199999999999818e+03
5.875800000000000182e+03
5.803000000000000000e+03
5.758199999999999818e+03
5.755800000000000182e+03
5.716600000000000364e+03
5.717399999999999636e+03
5.774199999999999818e+03
5.780600000000000364e+03
5.783800000000000182e+03
5.759000000000000000e+03
5.707800000000000182e+03
3.281050000000000000e+04
6.033080000000000291e+04
6.126519999999999709e+04
6.184760937500000000e+04
5.590051875000000291e+04
4.059597187500000291e+04
2.407304375000000073e+04
9.982875000000000000e+03
3.245393750000000182e+03
3.780599999999999909e+03
4.651000000000000000e+03
5.422199999999999818e+03
6.047800000000000182e+03
6.493399999999999636e+03
6.807000000000000000e+03
7.033399999999999636e+03
7.269399999999999636e+03
7.567000000000000000e+03
7.724600000000000364e+03
7.786199999999999818e+03
7.944600000000000364e+03
8.115000000000000000e+03
8.127000000000000000e+03
8.175000000000000000e+03
8.069399999999999636e+03
7.863000000000000000e+03
7.738199999999999818e+03
7.431800000000000182e+03
7.264600000000000364e+03
7.320600000000000364e+03
7.142199999999999818e+03
6.845399999999999636e+03
6.706199999999999818e+03
6.564600000000000364e+03
6.295800000000000182e+03
6.027000000000000000e+03
5.797399999999999636e+03
5.635000000000000000e+03
5.475800000000000182e+03
5.239800000000000182e+03
4.931000000000000000e+03
4.651800000000000182e+03
4.555000000000000000e+03
4.423800000000000182e+03
4.236600000000000364e+03
4.076599999999999909e+03
3.911800000000000182e+03
3.754199999999999818e+03
3.540599999999999909e+03
3.281400000000000091e+03
3.039000000000000000e+03
2.849400000000000091e+03
2.644599999999999909e+03
2.479000000000000000e+03
2.471000000000000000e+03
2.447800000000000182e+03
2.520596875000000182e+03
2.551793749999999818e+03
2.527790625000000091e+03
2.980581250000000182e+03
4.062162499999999909e+03
5.334940625000000182e+03
6.886115625000000364e+03
7.477306249999999636e+03
8.550887500000000728e+03
1.116764374999999927e+04
1.351480624999999964e+04
1.326360937500000000e+04
1.325240937499999927e+04
1.541717499999999927e+04
1.579556875000000036e+04
1.721474687500000073e+04
2.000510312500000146e+04
2.140108124999999927e+04
2.248746250000000146e+04
2.307545312500000000e+04
2.312745312500000000e+04
2.704739062500000000e+04
3.336489062500000000e+04
3.314329374999999709e+04
3.176091562500000146e+04
3.648084062499999709e+04
3.845520937499999854e+04
4.021518125000000146e+04
4.410231874999999854e+04
4.528790000000000146e+04
4.506630312499999854e+04
4.833344999999999709e+04
5.472854687500000000e+04
5.661251562500000000e+04
5.398135624999999709e+04
5.216938437500000146e+04
5.118700000000000000e+04
5.228538437500000146e+04
5.705570937499999854e+04
6.026605625000000146e+04
6.038045312500000000e+04
6.090204374999999709e+04
6.179162812500000291e+04
6.167322812500000146e+04
6.103883750000000146e+04
6.095723750000000291e+04
6.186601875000000291e+04
6.244760937500000000e+04
6.237321250000000146e+04
6.180682187500000146e+04
6.195641874999999709e+04
6.243000937500000146e+04
6.269400312500000291e+04
6.281240000000000146e+04
6.282119999999999709e+04
6.273959999999999854e+04
6.261080000000000291e+04
6.258919999999999709e+04
6.258440000000000146e+04
6.256519999999999709e+04
6.244680312499999854e+04
6.237880312499999854e+04
6.254840000000000146e+04
6.259800000000000000e+04
6.257880000000000291e+04
6.266919999999999709e+04
6.273559999999999854e+04
6.270680000000000291e+04
6.243160312500000146e+04
6.239160312500000146e+04
6.243480000000000291e+04
6.228040000000000146e+04
6.239719999999999709e+04
6.243080000000000291e+04
6.233800000000000000e+04
6.229719999999999709e+04
6.224919999999999709e+04
6.209719999999999709e+04
6.194280000000000291e+04
6.192280000000000291e+04
6.182040000000000146e+04
6.180840000000000146e+04
6.182759999999999854e+04
6.177959999999999854e+04
6.180840000000000146e+04
6.186840000000000146e+04
6.184600000000000000e+04
6.186119999999999709e+04
6.180519999999999709e+04
6.170680000000000291e+04
6.159400312500000291e+04
6.159720312500000000e+04
6.172359999999999854e+04
6.164919999999999709e+04
6.157719999999999709e+04
6.149240000000000146e+04
6.140680000000000291e+04
6.149159999999999854e+04
6.148919999999999709e+04
6.136359999999999854e+04
6.124119999999999709e+04
6.113959999999999854e+04
6.109640000000000146e+04
6.106359999999999854e+04
6.110519999999999709e+04
6.099080000000000291e+04
6.086519999999999709e+04
6.097400000000000000e+04
6.116840000000000146e+04
6.123240000000000146e+04
6.123800000000000000e+04
6.135319999999999709e+04
6.145080000000000291e+04
6.148840000000000146e+04
6.148040000000000146e+04
6.148440000000000146e+04
6.155959999999999854e+04
6.137640000000000146e+04
6.119080000000000291e+04
6.121640000000000146e+04
6.123719999999999709e+04
6.133640000000000146e+04
6.141559999999999854e+04
6.141559999999999854e+04
6.136840000000000146e+04
6.131319999999999709e+04
6.124519999999999709e+04
6.113000000000000000e+04
6.123719999999999709e+04
6.126200000000000000e+04
6.115319999999999709e+04
6.109319999999999709e+04
6.109640000000000146e+04
6.116919999999999709e+04
6.113080000000000291e+04
6.115719999999999709e+04
6.122759999999999854e+04
6.127319999999999709e+04
6.125719999999999709e+04
6.116600000000000000e+04
6.115959999999999854e+04
6.109559999999999854e+04
6.098759999999999854e+04
6.102919999999999709e+04
6.100440000000000146e+04
6.105240000000000146e+04
6.102919999999999709e+04
6.100119999999999709e+04
6.111159999999999854e+04
6.105480000000000291e+04
6.093640000000000146e+04
6.100680000000000291e+04
6.104759999999999854e+04
6.102200000000000000e+04
6.095159999999999854e+04
6.080440000000000146e+04
6.073319999999999709e+04
6.077640000000000146e+04
6.087159999999999854e+04
6.096600000000000000e+04
6.094119999999999709e+04
6.087880000000000291e+04
6.093000000000000000e+04
6.081000000000000000e+04
6.073159999999999854e+04
6.082840000000000146e+04
6.079559999999999854e+04
6.071159999999999854e+04
6.067159999999999854e+04
6.073480000000000291e+04
6.078440000000000146e+04
6.072040000000000146e+04
6.068759999999999854e+04
6.073159999999999854e+04
6.078359999999999854e+04
6.085000000000000000e+04
6.083000000000000000e+04
6.071319999999999709e+04
6.067080000000000291e+04
6.049480000000000291e+04
6.050119999999999709e+04
6.058040000000000146e+04
6.046600000000000000e+04
6.054440000000000146e+04
6.061319999999999709e+04
6.049559999999999854e+04
6.050840000000000146e+04
6.065240000000000146e+04
6.065640000000000146e+04
6.059400000000000000e+04
6.052280000000000291e+04
6.054519999999999709e+04
6.054919999999999709e+04
6.051240000000000146e+04
6.050600000000000000e+04
6.047880000000000291e+04
6.035559999999999854e+04
6.039240000000000146e+04
6.051559999999999854e+04
6.038359999999999854e+04
6.030280000000000291e+04
6.023880000000000291e+04
6.015800000000000000e+04
6.016600000000000000e+04
6.017959999999999854e+04
6.007959999999999854e+04
6.002600000000000000e+04
6.012280000000000291e+04
6.034040000000000146e+04
6.037319999999999709e+04
6.039559999999999854e+04
6.054759999999999854e+04
6.038119999999999709e+04
6.031400000000000000e+04
6.037880000000000291e+04
6.039319999999999709e+04
6.037640000000000146e+04
6.022280000000000291e+04
6.019480000000000291e+04
6.016919999999999709e+04
6.008919999999999709e+04
6.009159999999999854e+04
6.014200000000000000e+04
6.012680000000000291e+04
6.001559999999999854e+04
5.999080000000000291e+04
5.999400000000000000e+04
5.998280000000000291e+04
5.996040000000000146e+04
5.995959999999999854e+04
5.989719999999999709e+04
5.989559999999999854e+04
6.006040000000000146e+04
6.006840000000000146e+04
6.003959999999999854e+04
6.004680000000000291e+04
5.996600000000000000e+04
5.997159999999999854e+04
6.002440000000000146e+04
5.997319999999999709e+04
5.989000000000000000e+04
5.983559999999999854e+04
5.970919999999999709e+04
5.968440000000000146e+04
5.986040000000000146e+04
5.982440000000000146e+04
5.969559999999999854e+04
5.961880000000000291e+04
5.957640000000000146e+04
5.954519999999999709e+04
5.947400000000000000e+04
5.944280000000000291e+04
5.932600000000000000e+04
5.934759999999999854e+04
5.946600000000000000e+04
5.946040000000000146e+04
5.949080000000000291e+04
5.943880000000000291e+04
5.941319999999999709e+04
5.944600000000000000e+04
5.943240000000000146e+04
5.950280000000000291e+04
5.951159999999999854e+04
5.945000000000000000e+04
5.940519999999999709e+04
5.947800000000000000e+04
5.947000000000000000e+04
5.947000000000000000e+04
5.956280000000000291e+04
5.956200000000000000e+04
5.955480000000000291e+04
5.945480000000000291e+04
5.932040000000000146e+04
5.925159999999999854e+04
5.931080000000000291e+04
5.933159999999999854e+04
5.927880000000000291e+04
5.920280000000000291e+04
5.916600000000000000e+04
5.919000000000000000e+04
5.917240000000000146e+04
5.920119999999999709e+04
5.926200000000000000e+04
5.919480000000000291e+04
5.922519999999999709e+04
5.917880000000000291e+04
5.897400000000000000e+04
5.886759999999999854e+04
5.886359999999999854e+04
5.885800000000000000e+04
5.874519999999999709e+04
5.865959999999999854e+04
5.867240000000000146e+04
5.873880000000000291e+04
5.868680000000000291e+04
5.863319999999999709e+04
5.856680000000000291e+04
5.845719999999999709e+04
5.847240000000000146e+04
5.854919999999999709e+04
5.849319999999999709e+04
5.835400000000000000e+04
5.832519999999999709e+04
5.836680000000000291e+04
5.861080000000000291e+04
5.892119999999999709e+04
5.910200000000000000e+04
5.926359999999999854e+04
5.940280000000000291e+04
5.953800000000000000e+04
5.963640000000000146e+04
5.974759999999999854e+04
5.989000000000000000e+04
5.999159999999999854e+04
6.000280000000000291e+04
6.006359999999999854e+04
6.015400000000000000e+04
6.007880000000000291e+04
5.997559999999999854e+04
5.994519999999999709e+04
5.999480000000000291e+04
6.006600000000000000e+04
6.011000000000000000e+04
6.012359999999999854e+04
5.998600000000000000e+04
5.990759999999999854e+04
6.000200000000000000e+04
5.995400000000000000e+04
5.992840000000000146e+04
5.998519999999999709e+04
5.996919999999999709e+04
6.003880000000000291e+04
6.011640000000000146e+04
6.003319999999999709e+04
6.002840000000000146e+04
6.015080000000000291e+04
5.687719999999999709e+04
5.388840000000000146e+04
5.467319999999999709e+04
5.581000000000000000e+04
5.728119999999999709e+04
5.865240000000000146e+04
5.993000000000000000e+04
6.064040937500000291e+04
6.003003437500000291e+04
5.791807812500000000e+04
4.979821562499999709e+04
4.142795625000000291e+04
3.764482187500000146e+04
2.821217499999999927e+04
1.952751562500000000e+04
1.548198125000000073e+04
1.028686562500000036e+04
5.666143750000000182e+03
3.426184374999999818e+03
3.022193749999999909e+03
2.727000000000000000e+03
2.803800000000000182e+03
2.816599999999999909e+03
2.913400000000000091e+03
2.927000000000000000e+03
2.847800000000000182e+03
2.849400000000000091e+03
2.730199999999999818e+03
2.846196875000000091e+03
2.803796875000000000e+03
2.726993750000000091e+03
2.842987500000000182e+03
3.303778124999999818e+03
3.278178124999999909e+03
2.990981249999999818e+03
4.370156250000000000e+03
6.407721875000000182e+03
8.826881250000000364e+03
1.333800937499999964e+04
1.713395000000000073e+04
2.019390000000000146e+04
2.347064687499999854e+04
2.482982500000000073e+04
2.996894374999999854e+04
3.454727187499999854e+04
3.648404062500000146e+04
3.975758750000000146e+04
4.373912500000000000e+04
4.711587187499999709e+04
5.112860624999999709e+04
5.479654687500000000e+04
5.617412500000000000e+04
5.920927500000000146e+04
6.100684375000000000e+04
6.121403749999999854e+04
6.207082187500000146e+04
6.291640625000000000e+04
6.290600312500000291e+04
6.276840312499999709e+04
6.282680000000000291e+04
6.259800000000000000e+04
6.235159999999999854e+04
6.217240000000000146e+04
6.207640000000000146e+04
6.204280000000000291e+04
6.201319999999999709e+04
6.200200000000000000e+04
6.190600000000000000e+04
6.189159999999999854e+04
6.196359999999999854e+04
6.189800000000000000e+04
6.176840000000000146e+04
6.173240000000000146e+04
6.167480000000000291e+04
6.147880000000000291e+04
6.122440000000000146e+04
6.113319999999999709e+04
6.114759999999999854e+04
6.110680000000000291e+04
6.109000000000000000e+04
6.104200000000000000e+04
6.094119999999999709e+04
6.083880000000000291e+04
6.071080000000000291e+04
6.064440000000000146e+04
6.063480000000000291e+04
6.049719999999999709e+04
6.040519999999999709e+04
6.039159999999999854e+04
6.045800000000000000e+04
6.056359999999999854e+04
6.060840000000000146e+04
6.062840000000000146e+04
6.051000000000000000e+04
6.049400000000000000e+04
6.043880000000000291e+04
6.031959999999999854e+04
6.029640000000000146e+04
6.019080000000000291e+04
6.004759999999999854e+04
5.998440000000000146e+04
5.984040000000000146e+04
5.968519999999999709e+04
5.970519999999999709e+04
5.974840000000000146e+04
5.971559999999999854e+04
5.955959999999999854e+04
5.949000000000000000e+04
5.950759999999999854e+04
5.942759999999999854e+04
5.930119999999999709e+04
5.926919999999999709e+04
5.921240000000000146e+04
5.908680000000000291e+04
5.901480000000000291e+04
5.924840000000000146e+04
5.945159999999999854e+04
5.934919999999999709e+04
5.931959999999999854e+04
5.936280000000000291e+04
5.941880000000000291e+04
5.952119999999999709e+04
5.957319999999999709e+04
5.947080000000000291e+04
5.943159999999999854e+04
5.938359999999999854e+04
5.925959999999999854e+04
5.924440000000000146e+04
5.924680000000000291e+04
5.921559999999999854e+04
5.915559999999999854e+04
5.905800000000000000e+04
5.904759999999999854e+04
5.905400000000000000e+04
5.896440000000000146e+04
5.893159999999999854e+04
5.897559999999999854e+04
5.901880000000000291e+04
5.895240000000000146e+04
5.889719999999999709e+04
5.890200000000000000e+04
5.885400000000000000e+04
5.878119999999999709e+04
5.864200000000000000e+04
5.867959999999999854e+04
5.876200000000000000e+04
5.878359999999999854e+04
5.879559999999999854e+04
5.879159999999999854e+04
5.874119999999999709e+04
5.860600000000000000e+04
5.857800000000000000e+04
5.855000000000000000e+04
5.850359999999999854e+04
5.852359999999999854e+04
5.856680000000000291e+04
5.853400000000000000e+04
5.841880000000000291e+04
5.839480000000000291e+04
5.818359999999999854e+04
5.802519999999999709e+04
5.807159999999999854e+04
5.804680000000000291e+04
5.809400000000000000e+04
5.818519999999999709e+04
5.832119999999999709e+04
5.829080000000000291e+04
5.838119999999999709e+04
5.858840000000000146e+04
5.857000000000000000e+04
5.859319999999999709e+04
5.853080000000000291e+04
5.853159999999999854e+04
5.856040000000000146e+04
5.850759999999999854e+04
5.844919999999999709e+04
5.850040000000000146e+04
5.850200000000000000e+04
5.835080000000000291e+04
5.835159999999999854e+04
5.840200000000000000e+04
5.851559999999999854e+04
5.855000000000000000e+04
5.853719999999999709e+04
5.853719999999999709e+04
5.848200000000000000e+04
5.839559999999999854e+04
5.834440000000000146e+04
5.845640000000000146e+04
5.862840000000000146e+04
5.865000000000000000e+04
5.861240000000000146e+04
5.858040000000000146e+04
5.851559999999999854e+04
5.852280000000000291e+04
5.856600000000000000e+04
5.853800000000000000e+04
5.851319999999999709e+04
5.846359999999999854e+04
5.831959999999999854e+04
5.827640000000000146e+04
5.835480000000000291e+04
5.845480000000000291e+04
5.845640000000000146e+04
5.838200000000000000e+04
5.840840000000000146e+04
5.830440000000000146e+04
5.828440000000000146e+04
5.830759999999999854e+04
5.824600000000000000e+04
5.814440000000000146e+04
5.800440000000000146e+04
5.799000000000000000e+04
5.812519999999999709e+04
5.824040000000000146e+04
5.827240000000000146e+04
5.820359999999999854e+04
5.809559999999999854e+04
5.814440000000000146e+04
5.815559999999999854e+04
5.807240000000000146e+04
5.815000000000000000e+04
5.824280000000000291e+04
5.820840000000000146e+04
5.827400000000000000e+04
5.825159999999999854e+04
5.823880000000000291e+04
5.828200000000000000e+04
5.821800000000000000e+04
5.813159999999999854e+04
5.807800000000000000e+04
5.803000000000000000e+04
5.794759999999999854e+04
5.792440000000000146e+04
5.785719999999999709e+04
5.777559999999999854e+04
5.777400000000000000e+04
5.778759999999999854e+04
5.784359999999999854e+04
5.789480000000000291e+04
5.788680000000000291e+04
5.778680000000000291e+04
5.772040000000000146e+04
5.774600000000000000e+04
5.769480000000000291e+04
5.755559999999999854e+04
5.744280000000000291e+04
5.743159999999999854e+04
5.746519999999999709e+04
5.745880000000000291e+04
5.757640000000000146e+04
5.758919999999999709e+04
5.754759999999999854e+04
5.766200000000000000e+04
5.757559999999999854e+04
5.734200000000000000e+04
5.739719999999999709e+04
5.744440000000000146e+04
5.737959999999999854e+04
5.747480000000000291e+04
5.748759999999999854e+04
5.740359999999999854e+04
5.751240000000000146e+04
5.768680000000000291e+04
5.767400000000000000e+04
5.763640000000000146e+04
5.765159999999999854e+04
5.787640000000000146e+04
5.802600000000000000e+04
5.808040000000000146e+04
5.806200000000000000e+04
5.795159999999999854e+04
5.803719999999999709e+04
5.821880000000000291e+04
5.835559999999999854e+04
5.831240000000000146e+04
5.826040000000000146e+04
5.833800000000000000e+04
5.830200000000000000e+04
5.819640000000000146e+04
5.820040000000000146e+04
5.818280000000000291e+04
5.816440000000000146e+04
5.815719999999999709e+04
5.807480000000000291e+04
5.793959999999999854e+04
5.775880000000000291e+04
5.777640000000000146e+04
5.787559999999999854e+04
5.787640000000000146e+04
5.785640000000000146e+04
5.787159999999999854e+04
5.786759999999999854e+04
5.788040000000000146e+04
5.787159999999999854e+04
5.778680000000000291e+04
5.772759999999999854e+04
5.772040000000000146e+04
5.771400000000000000e+04
5.765319999999999709e+04
5.769319999999999709e+04
5.775880000000000291e+04
5.781480000000000291e+04
5.783400000000000000e+04
5.764759999999999854e+04
5.751640000000000146e+04
5.749719999999999709e+04
5.737000000000000000e+04
5.733480000000000291e+04
5.734680000000000291e+04
5.749800000000000000e+04
5.770519999999999709e+04
5.779959999999999854e+04
5.789959999999999854e+04
5.794919999999999709e+04
5.798759999999999854e+04
5.797480000000000291e+04
5.800040000000000146e+04
5.793400000000000000e+04
5.781959999999999854e+04
5.782119999999999709e+04
5.776359999999999854e+04
5.776759999999999854e+04
5.784440000000000146e+04
5.786040000000000146e+04
5.780759999999999854e+04
5.773319999999999709e+04
5.771240000000000146e+04
5.772200000000000000e+04
5.767559999999999854e+04
5.761480000000000291e+04
5.764840000000000146e+04
5.764119999999999709e+04
5.749800000000000000e+04
5.749959999999999854e+04
5.755319999999999709e+04
5.754119999999999709e+04
5.762840000000000146e+04
5.754359999999999854e+04
5.740600000000000000e+04
5.742440000000000146e+04
5.740440000000000146e+04
5.728040000000000146e+04
5.715640000000000146e+04
5.720280000000000291e+04
5.718440000000000146e+04
5.704519999999999709e+04
5.708440000000000146e+04
5.716519999999999709e+04
5.699640000000000146e+04
5.697559999999999854e+04
5.702200000000000000e+04
5.689559999999999854e+04
5.685800000000000000e+04
5.686280000000000291e+04
5.685319999999999709e+04
5.671959999999999854e+04
5.653640000000000146e+04
5.666040000000000146e+04
5.689080000000000291e+04
5.692440000000000146e+04
5.707480000000000291e+04
5.731719999999999709e+04
5.746280000000000291e+04
5.743880000000000291e+04
5.742919999999999709e+04
5.753800000000000000e+04
5.755719999999999709e+04
5.761559999999999854e+04
5.764840000000000146e+04
5.755080000000000291e+04
5.758919999999999709e+04
5.758119999999999709e+04
5.754200000000000000e+04
5.759400000000000000e+04
5.751000000000000000e+04
5.756440000000000146e+04
5.759640000000000146e+04
5.748919999999999709e+04
5.746919999999999709e+04
5.751959999999999854e+04
5.748519999999999709e+04
5.736680000000000291e+04
5.746680000000000291e+04
5.752600000000000000e+04
5.746919999999999709e+04
5.745480000000000291e+04
5.743959999999999854e+04
5.741000000000000000e+04
5.750519999999999709e+04
5.753240000000000146e+04
5.755159999999999854e+04
5.768440000000000146e+04
5.536759999999999854e+04
5.337959999999999854e+04
5.435480000000000291e+04
5.554280000000000291e+04
5.686600000000000000e+04
5.832680000000000291e+04
5.950519999999999709e+04
6.058280000000000291e+04
6.104280937499999709e+04
6.071562812500000291e+04
5.603331250000000000e+04
4.862863749999999709e+04
4.471670625000000291e+04
4.087037187499999709e+04
3.475207187500000146e+04
2.606181250000000000e+04
1.771954687500000000e+04
1.031246562500000073e+04
5.341346875000000182e+03
4.648559374999999818e+03
3.333381249999999909e+03
2.465396874999999909e+03
2.848590624999999818e+03
2.866990624999999909e+03
2.693393750000000182e+03
2.789390625000000000e+03
2.930187500000000000e+03
2.551793749999999818e+03
2.736587500000000091e+03
3.000581250000000182e+03
3.550171875000000000e+03
4.464556249999999636e+03
7.171712499999999636e+03
9.398875000000000000e+03
8.411690624999999272e+03
9.163678125000000364e+03
1.104444687499999964e+04
1.530117812500000036e+04
1.976750624999999854e+04
2.091948749999999927e+04
2.406103749999999854e+04
2.741298437500000000e+04
3.215210937500000000e+04
4.459430937499999709e+04
5.689888749999999709e+04
5.964280000000000291e+04
5.718040000000000146e+04
5.506519999999999709e+04
5.365080000000000291e+04
5.264680000000000291e+04
5.203240000000000146e+04
5.177959999999999854e+04
5.167959999999999854e+04
5.180040000000000146e+04
5.202280000000000291e+04
5.246359999999999854e+04
5.295880000000000291e+04
5.336200000000000000e+04
5.387000000000000000e+04
5.455719999999999709e+04
5.536519999999999709e+04
5.617559999999999854e+04
5.695240000000000146e+04
5.776840000000000146e+04
5.856680000000000291e+04
5.953400000000000000e+04
6.037080000000000291e+04
6.122119999999999709e+04
6.234600000000000000e+04
6.091403749999999854e+04
5.350536562499999854e+04
3.539685624999999709e+04
1.438039062500000000e+04
6.024524999999999636e+03
2.070456250000000000e+04
3.650380000000000291e+04
3.889980000000000291e+04
4.115900000000000000e+04
4.340540000000000146e+04
4.571580000000000291e+04
4.763419999999999709e+04
4.942540000000000146e+04
5.097500000000000000e+04
5.233659999999999854e+04
5.350219999999999709e+04
5.430380000000000291e+04
5.491019999999999709e+04
5.561500000000000000e+04
5.635740000000000146e+04
5.673580000000000291e+04
5.710540000000000146e+04
5.764619999999999709e+04
5.814619999999999709e+04
5.835419999999999709e+04
5.858780000000000291e+04
5.895500000000000000e+04
5.892219999999999709e+04
5.879419999999999709e+04
5.894540000000000146e+04
5.909180000000000291e+04
5.923419999999999709e+04
5.938540000000000146e+04
5.934780000000000291e+04
5.936540000000000146e+04
5.955659999999999854e+04
5.979819999999999709e+04
5.990619999999999709e+04
5.991659999999999854e+04
5.996700000000000000e+04
5.998140000000000146e+04
5.216140000000000146e+04
4.478380000000000291e+04
4.594300000000000000e+04
4.746219999999999709e+04
4.929659999999999854e+04
5.095980000000000291e+04
5.222300000000000000e+04
5.363340000000000146e+04
5.487740000000000146e+04
5.560780000000000291e+04
5.616780000000000291e+04
5.679659999999999854e+04
5.733019999999999709e+04
5.750140000000000146e+04
5.761819999999999709e+04
5.771259999999999854e+04
5.783900000000000000e+04
5.784219999999999709e+04
5.766700000000000000e+04
5.763900000000000000e+04
5.752619999999999709e+04
5.734700000000000000e+04
5.716540000000000146e+04
5.709740000000000146e+04
5.691740000000000146e+04
5.661340000000000146e+04
5.649180000000000291e+04
5.635900000000000000e+04
5.608940000000000146e+04
5.595100000000000000e+04
5.587819999999999709e+04
5.568140000000000146e+04
5.549900000000000000e+04
5.526540000000000146e+04
5.502859999999999854e+04
5.482380000000000291e+04
5.462540000000000146e+04
5.445100000000000000e+04
5.429580000000000291e+04
5.428940000000000146e+04
5.431740000000000146e+04
5.430940000000000146e+04
5.432459999999999854e+04
5.428619999999999709e+04
5.422859999999999854e+04
5.406540000000000146e+04
5.386219999999999709e+04
5.376300000000000000e+04
5.371500000000000000e+04
5.356540000000000146e+04
5.353500000000000000e+04
5.385100000000000000e+04
5.405740000000000146e+04
5.395980000000000291e+04
5.402219999999999709e+04
5.414859999999999854e+04
5.417580000000000291e+04
5.434300000000000000e+04
5.433340000000000146e+04
5.434859999999999854e+04
5.441100000000000000e+04
5.427259999999999854e+04
5.423100000000000000e+04
5.425900000000000000e+04
5.430459999999999854e+04
5.446140000000000146e+04
5.457019999999999709e+04
5.461500000000000000e+04
5.450140000000000146e+04
5.430300000000000000e+04
5.428219999999999709e+04
5.422059999999999854e+04
5.412859999999999854e+04
5.396300000000000000e+04
5.381740000000000146e+04
5.397180000000000291e+04
5.416780000000000291e+04
5.425900000000000000e+04
5.423019999999999709e+04
5.435419999999999709e+04
5.441819999999999709e+04
5.439580000000000291e+04
5.439340000000000146e+04
5.425180000000000291e+04
5.418140000000000146e+04
5.411980000000000291e+04
5.411419999999999709e+04
5.412540000000000146e+04
5.406459999999999854e+04
5.411340000000000146e+04
5.422300000000000000e+04
5.422459999999999854e+04
5.421740000000000146e+04
5.428219999999999709e+04
5.429180000000000291e+04
5.410059999999999854e+04
5.405740000000000146e+04
5.416940000000000146e+04
5.407259999999999854e+04
5.400140000000000146e+04
5.411340000000000146e+04
5.425659999999999854e+04
5.443819999999999709e+04
5.448940000000000146e+04
5.435819999999999709e+04
5.434140000000000146e+04
5.435900000000000000e+04
5.432380000000000291e+04
5.440859999999999854e+04
5.445259999999999854e+04
5.451180000000000291e+04
5.450140000000000146e+04
5.432859999999999854e+04
5.442619999999999709e+04
5.446380000000000291e+04
5.434219999999999709e+04
5.432140000000000146e+04
5.420619999999999709e+04
5.412380000000000291e+04
5.416059999999999854e+04
5.415019999999999709e+04
5.403580000000000291e+04
5.404619999999999709e+04
5.407419999999999709e+04
5.393740000000000146e+04
5.392780000000000291e+04
5.403259999999999854e+04
5.406700000000000000e+04
5.413500000000000000e+04
5.412619999999999709e+04
5.404619999999999709e+04
5.444140000000000146e+04
5.436940000000000146e+04
5.387100000000000000e+04
5.393259999999999854e+04
5.389659999999999854e+04
5.377419999999999709e+04
5.377100000000000000e+04
5.367340000000000146e+04
5.366459999999999854e+04
5.370780000000000291e+04
5.366059999999999854e+04
5.366300000000000000e+04
5.378540000000000146e+04
5.384459999999999854e+04
5.372059999999999854e+04
5.363180000000000291e+04
5.348619999999999709e+04
5.332859999999999854e+04
5.349580000000000291e+04
5.366540000000000146e+04
5.383819999999999709e+04
5.402700000000000000e+04
5.405019999999999709e+04
5.400859999999999854e+04
5.380619999999999709e+04
5.370140000000000146e+04
5.380140000000000146e+04
5.393659999999999854e+04
5.396459999999999854e+04
5.390219999999999709e+04
5.389900000000000000e+04
5.398859999999999854e+04
5.412140000000000146e+04
5.413500000000000000e+04
5.395100000000000000e+04
5.383019999999999709e+04
5.378140000000000146e+04
5.375019999999999709e+04
5.391819999999999709e+04
5.401340000000000146e+04
5.395900000000000000e+04
5.387019999999999709e+04
5.380459999999999854e+04
5.396059999999999854e+04
5.405900000000000000e+04
5.407580000000000291e+04
5.425500000000000000e+04
5.426859999999999854e+04
5.426380000000000291e+04
5.435580000000000291e+04
5.431900000000000000e+04
5.425819999999999709e+04
5.425100000000000000e+04
5.434380000000000291e+04
5.447259999999999854e+04
5.464619999999999709e+04
5.446140000000000146e+04
5.421180000000000291e+04
5.422700000000000000e+04
5.411500000000000000e+04
5.402859999999999854e+04
5.403100000000000000e+04
5.397819999999999709e+04
5.389980000000000291e+04
5.388219999999999709e+04
5.388380000000000291e+04
5.379180000000000291e+04
5.390459999999999854e+04
5.408780000000000291e+04
5.411900000000000000e+04
5.418140000000000146e+04
5.408780000000000291e+04
5.392459999999999854e+04
5.397259999999999854e+04
5.407419999999999709e+04
5.410140000000000146e+04
5.402940000000000146e+04
5.390140000000000146e+04
5.400540000000000146e+04
5.416700000000000000e+04
5.420219999999999709e+04
5.410140000000000146e+04
5.398859999999999854e+04
5.391980000000000291e+04
5.388780000000000291e+04
5.396780000000000291e+04
5.394540000000000146e+04
5.377500000000000000e+04
5.377819999999999709e+04
5.390700000000000000e+04
5.387500000000000000e+04
5.390059999999999854e+04
5.407259999999999854e+04
5.404940000000000146e+04
5.397819999999999709e+04
5.393900000000000000e+04
5.382940000000000146e+04
5.381819999999999709e+04
5.381340000000000146e+04
5.398459999999999854e+04
5.397980000000000291e+04
5.378619999999999709e+04
5.379419999999999709e+04
5.382619999999999709e+04
5.387100000000000000e+04
5.388380000000000291e+04
5.381659999999999854e+04
5.377019999999999709e+04
5.371819999999999709e+04
5.364219999999999709e+04
5.362059999999999854e+04
5.355419999999999709e+04
5.355259999999999854e+04
5.352940000000000146e+04
5.342940000000000146e+04
5.347419999999999709e+04
5.373100000000000000e+04
5.403500000000000000e+04
5.419259999999999854e+04
5.442780000000000291e+04
5.476459999999999854e+04
5.484300000000000000e+04
5.492700000000000000e+04
5.499100000000000000e+04
5.494540000000000146e+04
5.494380000000000291e+04
5.491019999999999709e+04
5.487819999999999709e+04
5.488619999999999709e+04
5.497580000000000291e+04
5.504540000000000146e+04
5.509100000000000000e+04
5.514619999999999709e+04
5.522459999999999854e+04
5.528619999999999709e+04
5.516140000000000146e+04
5.503100000000000000e+04
5.491580000000000291e+04
5.497419999999999709e+04
5.506380000000000291e+04
5.505659999999999854e+04
5.514540000000000146e+04
5.516700000000000000e+04
5.525900000000000000e+04
5.528380000000000291e+04
5.534859999999999854e+04
5.546859999999999854e+04
5.542300000000000000e+04
5.548219999999999709e+04
5.547340000000000146e+04
5.525019999999999709e+04
5.511180000000000291e+04
5.519259999999999854e+04
5.521419999999999709e+04
5.507100000000000000e+04
5.503659999999999854e+04
5.511419999999999709e+04
5.507180000000000291e+04
5.507819999999999709e+04
5.511100000000000000e+04
5.495100000000000000e+04
5.489180000000000291e+04
5.480700000000000000e+04
5.476219999999999709e+04
5.480059999999999854e+04
5.485580000000000291e+04
5.500940000000000146e+04
5.501740000000000146e+04
5.499100000000000000e+04
5.509100000000000000e+04
5.508619999999999709e+04
5.497500000000000000e+04
5.490940000000000146e+04
5.484619999999999709e+04
5.486059999999999854e+04
5.493900000000000000e+04
5.496540000000000146e+04
5.497740000000000146e+04
5.485500000000000000e+04
5.471019999999999709e+04
5.467900000000000000e+04
5.471180000000000291e+04
5.471419999999999709e+04
5.461180000000000291e+04
5.467340000000000146e+04
5.475659999999999854e+04
5.469659999999999854e+04
5.460619999999999709e+04
5.445259999999999854e+04
5.452459999999999854e+04
5.472140000000000146e+04
5.487500000000000000e+04
5.489819999999999709e+04
5.473980000000000291e+04
5.477980000000000291e+04
5.475500000000000000e+04
5.455419999999999709e+04
5.449019999999999709e+04
5.450940000000000146e+04
5.457019999999999709e+04
5.468540000000000146e+04
5.461980000000000291e+04
5.452059999999999854e+04
5.457340000000000146e+04
5.456459999999999854e+04
5.456219999999999709e+04
5.452940000000000146e+04
5.452380000000000291e+04
5.452219999999999709e+04
5.454459999999999854e+04
5.459900000000000000e+04
5.464219999999999709e+04
5.454059999999999854e+04
5.434859999999999854e+04
5.442459999999999854e+04
5.460540000000000146e+04
5.470619999999999709e+04
5.482300000000000000e+04
5.496540000000000146e+04
5.497259999999999854e+04
5.503500000000000000e+04
5.506700000000000000e+04
5.515900000000000000e+04
5.510700000000000000e+04
5.502059999999999854e+04
5.501180000000000291e+04
5.490780000000000291e+04
5.513580000000000291e+04
5.525419999999999709e+04
5.513419999999999709e+04
5.510300000000000000e+04
5.511900000000000000e+04
5.521980000000000291e+04
5.521100000000000000e+04
5.500459999999999854e+04
5.500380000000000291e+04
5.488380000000000291e+04
5.466059999999999854e+04
5.470380000000000291e+04
5.485019999999999709e+04
5.498780000000000291e+04
5.507819999999999709e+04
5.505659999999999854e+04
5.501500000000000000e+04
5.498940000000000146e+04
5.478700000000000000e+04
5.456300000000000000e+04
5.454059999999999854e+04
5.469500000000000000e+04
5.483419999999999709e+04
5.476940000000000146e+04
5.466780000000000291e+04
5.462380000000000291e+04
5.458380000000000291e+04
5.457980000000000291e+04
5.454619999999999709e+04
5.457980000000000291e+04
5.459340000000000146e+04
5.475900000000000000e+04
5.482700000000000000e+04
5.445659999999999854e+04
5.421819999999999709e+04
5.214780000000000291e+04
5.078540000000000146e+04
5.223900000000000000e+04
5.389500000000000000e+04
5.560459999999999854e+04
5.706700000000000000e+04
5.834300000000000000e+04
5.922620625000000291e+04
5.948221875000000000e+04
5.864624062499999854e+04
5.733986875000000146e+04
5.717907812500000000e+04
5.723668125000000146e+04
5.876465937500000291e+04
6.073822812500000146e+04
6.073262812500000291e+04
6.122301875000000291e+04
6.173420625000000291e+04
6.125420937499999854e+04
6.090781250000000000e+04
6.114700624999999854e+04
6.112219999999999709e+04
6.075019999999999709e+04
6.049819999999999709e+04
6.027980000000000291e+04
6.001659999999999854e+04
5.965659999999999854e+04
5.947900000000000000e+04
5.915500000000000000e+04
5.883980000000000291e+04
5.870459999999999854e+04
5.856700000000000000e+04
5.850859999999999854e+04
5.829740000000000146e+04
5.787659999999999854e+04
5.758140000000000146e+04
5.750459999999999854e+04
5.741100000000000000e+04
5.729740000000000146e+04
5.724380000000000291e+04
5.705980000000000291e+04
5.685500000000000000e+04
5.682380000000000291e+04
5.671419999999999709e+04
5.650700000000000000e+04
5.630780000000000291e+04
5.616619999999999709e+04
5.602700000000000000e+04
5.603500000000000000e+04
5.616059999999999854e+04
5.613900000000000000e+04
5.631500000000000000e+04
5.633980000000000291e+04
5.619500000000000000e+04
5.622300000000000000e+04
5.617340000000000146e+04
5.608459999999999854e+04
5.614059999999999854e+04
5.613419999999999709e+04
5.602380000000000291e+04
5.605100000000000000e+04
5.621340000000000146e+04
5.621900000000000000e+04
5.621900000000000000e+04
5.638459999999999854e+04
5.630940000000000146e+04
5.622219999999999709e+04
5.621259999999999854e+04
5.618380000000000291e+04
5.609419999999999709e+04
5.601180000000000291e+04
5.610059999999999854e+04
5.607259999999999854e+04
5.597740000000000146e+04
5.597259999999999854e+04
5.594059999999999854e+04
5.594940000000000146e+04
5.608380000000000291e+04
5.615419999999999709e+04
5.604940000000000146e+04
5.606300000000000000e+04
5.612700000000000000e+04
5.615659999999999854e+04
5.625819999999999709e+04
5.613740000000000146e+04
5.595980000000000291e+04
5.600700000000000000e+04
5.596380000000000291e+04
5.590540000000000146e+04
5.612459999999999854e+04
5.615340000000000146e+04
5.600700000000000000e+04
5.603419999999999709e+04
5.603659999999999854e+04
5.595019999999999709e+04
5.584459999999999854e+04
5.584619999999999709e+04
5.584540000000000146e+04
5.589259999999999854e+04
5.594940000000000146e+04
5.593259999999999854e+04
5.591100000000000000e+04
5.603419999999999709e+04
5.619900000000000000e+04
5.622059999999999854e+04
5.621259999999999854e+04
5.616700000000000000e+04
5.616940000000000146e+04
5.622859999999999854e+04
5.619259999999999854e+04
5.611819999999999709e+04
5.613419999999999709e+04
5.615580000000000291e+04
5.625340000000000146e+04
5.635100000000000000e+04
5.624219999999999709e+04
5.618940000000000146e+04
5.610619999999999709e+04
5.593419999999999709e+04
5.593580000000000291e+04
5.595259999999999854e+04
5.577259999999999854e+04
5.573900000000000000e+04
5.581500000000000000e+04
5.575500000000000000e+04
5.585419999999999709e+04
5.586940000000000146e+04
5.578059999999999854e+04
5.582780000000000291e+04
5.580619999999999709e+04
5.572140000000000146e+04
5.578459999999999854e+04
5.572459999999999854e+04
5.541740000000000146e+04
5.528219999999999709e+04
5.529259999999999854e+04
5.531100000000000000e+04
5.543259999999999854e+04
5.552940000000000146e+04
5.550459999999999854e+04
5.540300000000000000e+04
5.519980000000000291e+04
5.514700000000000000e+04
5.517740000000000146e+04
5.511580000000000291e+04
5.512540000000000146e+04
5.531259999999999854e+04
5.544140000000000146e+04
5.541900000000000000e+04
5.534940000000000146e+04
5.533180000000000291e+04
5.540140000000000146e+04
5.540619999999999709e+04
5.546140000000000146e+04
5.544380000000000291e+04
5.542380000000000291e+04
5.537180000000000291e+04
5.525819999999999709e+04
5.524780000000000291e+04
5.539819999999999709e+04
5.550219999999999709e+04
5.536940000000000146e+04
5.527419999999999709e+04
5.532940000000000146e+04
5.533419999999999709e+04
5.544300000000000000e+04
5.546459999999999854e+04
5.534459999999999854e+04
5.535259999999999854e+04
5.529740000000000146e+04
5.537580000000000291e+04
5.548780000000000291e+04
5.539500000000000000e+04
5.530300000000000000e+04
5.535100000000000000e+04
5.528380000000000291e+04
5.541180000000000291e+04
5.556700000000000000e+04
5.549259999999999854e+04
5.556859999999999854e+04
5.563340000000000146e+04
5.569980000000000291e+04
5.571259999999999854e+04
5.566859999999999854e+04
5.565500000000000000e+04
5.563500000000000000e+04
5.570059999999999854e+04
5.571259999999999854e+04
5.565340000000000146e+04
5.543180000000000291e+04
5.520619999999999709e+04
5.520619999999999709e+04
5.516140000000000146e+04
5.499419999999999709e+04
5.489019999999999709e+04
5.487740000000000146e+04
5.507580000000000291e+04
5.524619999999999709e+04
5.511259999999999854e+04
5.513580000000000291e+04
5.523740000000000146e+04
5.518219999999999709e+04
5.513019999999999709e+04
5.513740000000000146e+04
5.519900000000000000e+04
5.535900000000000000e+04
5.528540000000000146e+04
5.517500000000000000e+04
5.520380000000000291e+04
5.530540000000000146e+04
5.543500000000000000e+04
5.529259999999999854e+04
5.515100000000000000e+04
5.516780000000000291e+04
5.523419999999999709e+04
5.527340000000000146e+04
5.529100000000000000e+04
5.531980000000000291e+04
5.536459999999999854e+04
5.527980000000000291e+04
5.512700000000000000e+04
5.516300000000000000e+04
5.529819999999999709e+04
5.527419999999999709e+04
5.520780000000000291e+04
5.516300000000000000e+04
5.507500000000000000e+04
5.513180000000000291e+04
5.503019999999999709e+04
5.503740000000000146e+04
5.524940000000000146e+04
5.525900000000000000e+04
5.514380000000000291e+04
5.499740000000000146e+04
5.513180000000000291e+04
5.515980000000000291e+04
5.495819999999999709e+04
5.502459999999999854e+04
5.511419999999999709e+04
5.506140000000000146e+04
5.504940000000000146e+04
5.504380000000000291e+04
5.508780000000000291e+04
5.492540000000000146e+04
5.478059999999999854e+04
5.495580000000000291e+04
5.517419999999999709e+04
5.535259999999999854e+04
5.552140000000000146e+04
5.560219999999999709e+04
5.572859999999999854e+04
5.588859999999999854e+04
5.586780000000000291e+04
5.576780000000000291e+04
5.575100000000000000e+04
5.587659999999999854e+04
5.574459999999999854e+04
5.557500000000000000e+04
5.575419999999999709e+04
5.581659999999999854e+04
5.576459999999999854e+04
5.570780000000000291e+04
5.559580000000000291e+04
5.564619999999999709e+04
5.580540000000000146e+04
5.590780000000000291e+04
5.579580000000000291e+04
5.567740000000000146e+04
5.562059999999999854e+04
5.557500000000000000e+04
5.574459999999999854e+04
5.586059999999999854e+04
5.581019999999999709e+04
5.583819999999999709e+04
5.606540000000000146e+04
5.611259999999999854e+04
5.605019999999999709e+04
5.601019999999999709e+04
5.592300000000000000e+04
5.590940000000000146e+04
5.589819999999999709e+04
5.602059999999999854e+04
5.596700000000000000e+04
5.589500000000000000e+04
5.589340000000000146e+04
5.579500000000000000e+04
5.577340000000000146e+04
5.574059999999999854e+04
5.567500000000000000e+04
5.567340000000000146e+04
5.565740000000000146e+04
5.559980000000000291e+04
5.552219999999999709e+04
5.553259999999999854e+04
5.556540000000000146e+04
5.562780000000000291e+04
5.567180000000000291e+04
5.567740000000000146e+04
5.572700000000000000e+04
5.576059999999999854e+04
5.569100000000000000e+04
5.573259999999999854e+04
5.573180000000000291e+04
5.575900000000000000e+04
5.589100000000000000e+04
5.583659999999999854e+04
5.587019999999999709e+04
5.589259999999999854e+04
5.579740000000000146e+04
5.568540000000000146e+04
5.578619999999999709e+04
5.577900000000000000e+04
5.569019999999999709e+04
5.581900000000000000e+04
5.583580000000000291e+04
5.560780000000000291e+04
5.550700000000000000e+04
5.547819999999999709e+04
5.529900000000000000e+04
5.536859999999999854e+04
5.567740000000000146e+04
5.567819999999999709e+04
5.547980000000000291e+04
5.548859999999999854e+04
5.563980000000000291e+04
5.575180000000000291e+04
5.579980000000000291e+04
5.577500000000000000e+04
5.570540000000000146e+04
5.560619999999999709e+04
5.549019999999999709e+04
5.542780000000000291e+04
5.529819999999999709e+04
5.527340000000000146e+04
5.546780000000000291e+04
5.562780000000000291e+04
5.556059999999999854e+04
5.548619999999999709e+04
5.552940000000000146e+04
5.540859999999999854e+04
5.531100000000000000e+04
5.532380000000000291e+04
5.522300000000000000e+04
5.529019999999999709e+04
5.542619999999999709e+04
5.534780000000000291e+04
5.542380000000000291e+04
5.562700000000000000e+04
5.563900000000000000e+04
5.561419999999999709e+04
5.564859999999999854e+04
5.566140000000000146e+04
5.557100000000000000e+04
5.545340000000000146e+04
5.541740000000000146e+04
5.537659999999999854e+04
5.543340000000000146e+04
5.543019999999999709e+04
5.554859999999999854e+04
5.559019999999999709e+04
5.533659999999999854e+04
5.531019999999999709e+04
5.534219999999999709e+04
5.533340000000000146e+04
5.536780000000000291e+04
5.529819999999999709e+04
5.537500000000000000e+04
5.543500000000000000e+04
5.533819999999999709e+04
5.538059999999999854e+04
5.540380000000000291e+04
5.542140000000000146e+04
5.544859999999999854e+04
5.543900000000000000e+04
5.539100000000000000e+04
5.528219999999999709e+04
5.516380000000000291e+04
5.506700000000000000e+04
5.503580000000000291e+04
5.508219999999999709e+04
5.508380000000000291e+04
5.505980000000000291e+04
5.512619999999999709e+04
5.511500000000000000e+04
5.513340000000000146e+04
5.522300000000000000e+04
5.507819999999999709e+04
5.509180000000000291e+04
5.526140000000000146e+04
5.525580000000000291e+04
5.513819999999999709e+04
5.498940000000000146e+04
5.494300000000000000e+04
5.260700000000000000e+04
5.089659999999999854e+04
5.238300000000000000e+04
5.399900000000000000e+04
5.559500000000000000e+04
5.691259999999999854e+04
5.800859999999999854e+04
5.922619999999999709e+04
6.006460312500000146e+04
6.041340625000000000e+04
6.049740937500000291e+04
6.083900937500000146e+04
6.142860312500000146e+04
6.082461250000000291e+04
6.045021875000000000e+04
6.052781874999999854e+04
6.063341562500000146e+04
6.093100937500000146e+04
6.098700624999999854e+04
6.106619999999999709e+04
6.086540000000000146e+04
6.059500000000000000e+04
6.027500000000000000e+04
6.024540000000000146e+04
6.014619999999999709e+04
5.990940000000000146e+04
5.963580000000000291e+04
5.928059999999999854e+04
5.902380000000000291e+04
5.893659999999999854e+04
5.866459999999999854e+04
5.839259999999999854e+04
5.823659999999999854e+04
5.801419999999999709e+04
5.781180000000000291e+04
5.764780000000000291e+04
5.755740000000000146e+04
5.748940000000000146e+04
5.740459999999999854e+04
5.726059999999999854e+04
5.718219999999999709e+04
5.704140000000000146e+04
5.687819999999999709e+04
5.677740000000000146e+04
5.661740000000000146e+04
5.644059999999999854e+04
5.640780000000000291e+04
5.637419999999999709e+04
5.644300000000000000e+04
5.654619999999999709e+04
5.653259999999999854e+04
5.651419999999999709e+04
5.659340000000000146e+04
5.662380000000000291e+04
5.648140000000000146e+04
5.637419999999999709e+04
5.624380000000000291e+04
5.621259999999999854e+04
5.630059999999999854e+04
5.625980000000000291e+04
5.624700000000000000e+04
5.620380000000000291e+04
5.618380000000000291e+04
5.618380000000000291e+04
5.612859999999999854e+04
5.614140000000000146e+04
5.608219999999999709e+04
5.614219999999999709e+04
5.623180000000000291e+04
5.629100000000000000e+04
5.618619999999999709e+04
5.614380000000000291e+04
5.621259999999999854e+04
5.617980000000000291e+04
5.633259999999999854e+04
5.646859999999999854e+04
5.633819999999999709e+04
5.620300000000000000e+04
5.617259999999999854e+04
5.613259999999999854e+04
5.615019999999999709e+04
5.609259999999999854e+04
5.599819999999999709e+04
5.602219999999999709e+04
5.608380000000000291e+04
5.611500000000000000e+04
5.605980000000000291e+04
5.598059999999999854e+04
5.585659999999999854e+04
5.563900000000000000e+04
5.569580000000000291e+04
5.579180000000000291e+04
5.569980000000000291e+04
5.567659999999999854e+04
5.566059999999999854e+04
5.552459999999999854e+04
5.545740000000000146e+04
5.547100000000000000e+04
5.557900000000000000e+04
5.573819999999999709e+04
5.583819999999999709e+04
5.594059999999999854e+04
5.596300000000000000e+04
5.596780000000000291e+04
5.591659999999999854e+04
5.589180000000000291e+04
5.583900000000000000e+04
5.582219999999999709e+04
5.583180000000000291e+04
5.582300000000000000e+04
5.584940000000000146e+04
5.584140000000000146e+04
5.581259999999999854e+04
5.575419999999999709e+04
5.576140000000000146e+04
5.586780000000000291e+04
5.594700000000000000e+04
5.584300000000000000e+04
5.575259999999999854e+04
5.576300000000000000e+04
5.579100000000000000e+04
5.588300000000000000e+04
5.590940000000000146e+04
5.586219999999999709e+04
5.590619999999999709e+04
5.583500000000000000e+04
5.582219999999999709e+04
5.587259999999999854e+04
5.579019999999999709e+04
5.575100000000000000e+04
5.577900000000000000e+04
5.585500000000000000e+04
5.591180000000000291e+04
5.595259999999999854e+04
5.590300000000000000e+04
5.573340000000000146e+04
5.572859999999999854e+04
5.586219999999999709e+04
5.584059999999999854e+04
5.571340000000000146e+04
5.567259999999999854e+04
5.562540000000000146e+04
5.551100000000000000e+04
5.554940000000000146e+04
5.582700000000000000e+04
5.624219999999999709e+04
5.673900000000000000e+04
5.714140000000000146e+04
5.738219999999999709e+04
5.774940000000000146e+04
5.804700000000000000e+04
5.815419999999999709e+04
5.821819999999999709e+04
5.834380000000000291e+04
5.838700000000000000e+04
5.832859999999999854e+04
5.809980000000000291e+04
5.788540000000000146e+04
5.783180000000000291e+04
5.758380000000000291e+04
5.732140000000000146e+04
5.712859999999999854e+04
5.685500000000000000e+04
5.653980000000000291e+04
5.623500000000000000e+04
5.604459999999999854e+04
5.596219999999999709e+04
5.577180000000000291e+04
5.541900000000000000e+04
5.509980000000000291e+04
5.489180000000000291e+04
5.479019999999999709e+04
5.468540000000000146e+04
5.448940000000000146e+04
5.422059999999999854e+04
5.395819999999999709e+04
5.371740000000000146e+04
5.348219999999999709e+04
5.340540000000000146e+04
5.323500000000000000e+04
5.299340000000000146e+04
5.282540000000000146e+04
5.269340000000000146e+04
5.256300000000000000e+04
5.233259999999999854e+04
5.210300000000000000e+04
5.195100000000000000e+04
5.171900000000000000e+04
5.143100000000000000e+04
5.125900000000000000e+04
5.115500000000000000e+04
5.097740000000000146e+04
5.080859999999999854e+04
5.062859999999999854e+04
5.051019999999999709e+04
5.039259999999999854e+04
5.033259999999999854e+04
5.032059999999999854e+04
5.013500000000000000e+04
4.997019999999999709e+04
4.988219999999999709e+04
4.980219999999999709e+04
4.954780000000000291e+04
4.928540000000000146e+04
4.909659999999999854e+04
4.907259999999999854e+04
4.895500000000000000e+04
4.872059999999999854e+04
4.861340000000000146e+04
4.852940000000000146e+04
4.850940000000000146e+04
4.838219999999999709e+04
4.826859999999999854e+04
4.805980000000000291e+04
4.783180000000000291e+04
4.773019999999999709e+04
4.755019999999999709e+04
4.735819999999999709e+04
4.718780000000000291e+04
4.712380000000000291e+04
4.711659999999999854e+04
4.701580000000000291e+04
4.685259999999999854e+04
4.665340000000000146e+04
4.655500000000000000e+04
4.658940000000000146e+04
4.649019999999999709e+04
4.631180000000000291e+04
4.624140000000000146e+04
4.622459999999999854e+04
4.612700000000000000e+04
4.587340000000000146e+04
4.572300000000000000e+04
4.570219999999999709e+04
4.561580000000000291e+04
4.548700000000000000e+04
4.540619999999999709e+04
4.540859999999999854e+04
3.344300000000000000e+04
2.187659999999999854e+04
2.261659999999999854e+04
2.368379999999999927e+04
2.520859999999999854e+04
2.681659999999999854e+04
2.847900000000000000e+04
2.983740000000000146e+04
3.092059999999999854e+04
3.199979999999999927e+04
3.288459999999999854e+04
3.367019999999999709e+04
3.437900000000000000e+04
3.493659999999999854e+04
3.530219999999999709e+04
3.571980000000000291e+04
3.605019999999999709e+04
3.624300000000000000e+04
3.635100000000000000e+04
3.644619999999999709e+04
3.643500000000000000e+04
3.636619999999999709e+04
3.645180000000000291e+04
3.637980000000000291e+04
3.626219999999999709e+04
3.609500000000000000e+04
3.595580000000000291e+04
3.574619999999999709e+04
3.549900000000000000e+04
3.534619999999999709e+04
3.515419999999999709e+04
3.489019999999999709e+04
3.462940000000000146e+04
3.434619999999999709e+04
3.408780000000000291e+04
3.381500000000000000e+04
3.351180000000000291e+04
3.329019999999999709e+04
3.308940000000000146e+04
3.290059999999999854e+04
3.268779999999999927e+04
3.234540000000000146e+04
3.204700000000000000e+04
3.188700000000000000e+04
3.161340000000000146e+04
3.126620000000000073e+04
3.100540000000000146e+04
3.077579999999999927e+04
3.063900000000000000e+04
3.046140000000000146e+04
3.014700000000000000e+04
2.989100000000000000e+04
2.965900000000000000e+04
2.950140000000000146e+04
2.933340000000000146e+04
2.904300000000000000e+04
2.874620000000000073e+04
2.855979999999999927e+04
2.838940000000000146e+04
2.825900000000000000e+04
2.815179999999999927e+04
2.803020000000000073e+04
2.786300000000000000e+04
2.766140000000000146e+04
2.743979999999999927e+04
2.721420000000000073e+04
2.693100000000000000e+04
2.672859999999999854e+04
2.665420000000000073e+04
2.642940000000000146e+04
2.630700000000000000e+04
2.626859999999999854e+04
2.609979999999999927e+04
2.578540000000000146e+04
2.549820000000000073e+04
2.524059999999999854e+04
2.498700000000000000e+04
2.487500000000000000e+04
2.472059999999999854e+04
2.457820000000000073e+04
2.453820000000000073e+04
2.441340000000000146e+04
2.439179999999999927e+04
2.425900000000000000e+04
2.402540000000000146e+04
2.389179999999999927e+04
2.371259999999999854e+04
2.353900000000000000e+04
2.330459999999999854e+04
2.318620000000000073e+04
2.305659999999999854e+04
2.286620000000000073e+04
2.280300000000000000e+04
2.279259999999999854e+04
2.265659999999999854e+04
2.239979999999999927e+04
2.224620000000000073e+04
2.209979999999999927e+04
2.193900000000000000e+04
2.189579999999999927e+04
2.184220000000000073e+04
2.167020000000000073e+04
2.149420000000000073e+04
2.150059999999999854e+04
2.156540000000000146e+04
2.150459999999999854e+04
2.149979999999999927e+04
2.145020000000000073e+04
2.140779999999999927e+04
2.138220000000000073e+04
2.132220000000000073e+04
2.128540000000000146e+04
2.124379999999999927e+04
2.116940000000000146e+04
2.108700000000000000e+04
2.103659999999999854e+04
2.089900000000000000e+04
2.074779999999999927e+04
2.070779999999999927e+04
2.074140000000000146e+04
2.060700000000000000e+04
2.049020000000000073e+04
2.045740000000000146e+04
2.038059999999999854e+04
2.041179999999999927e+04
2.032220000000000073e+04
2.011500000000000000e+04
2.005420000000000073e+04
2.003820000000000073e+04
1.998300000000000000e+04
1.995500000000000000e+04
1.992220000000000073e+04
1.990379999999999927e+04
1.984940000000000146e+04
1.973020000000000073e+04
1.962059999999999854e+04
1.955020000000000073e+04
1.955500000000000000e+04
1.957020000000000073e+04
1.946379999999999927e+04
1.932300000000000000e+04
1.927179999999999927e+04
1.928540000000000146e+04
1.922459999999999854e+04
1.908620000000000073e+04
1.893579999999999927e+04
1.897020000000000073e+04
1.897100000000000000e+04
1.883100000000000000e+04
1.879979999999999927e+04
1.863659999999999854e+04
1.858459999999999854e+04
1.859100000000000000e+04
1.861100000000000000e+04
1.856379999999999927e+04
1.849340000000000146e+04
1.857259999999999854e+04
1.856859999999999854e+04
1.851179999999999927e+04
1.844779999999999927e+04
1.197256562499999927e+04
3.550165625000000091e+03
1.996599999999999909e+03
2.994199999999999818e+03
4.221399999999999636e+03
5.598199999999999818e+03
6.906199999999999818e+03
8.004600000000000364e+03
8.972600000000000364e+03
1.002539999999999964e+04
1.102300000000000000e+04
1.179500000000000000e+04
1.247500000000000000e+04
1.286779999999999927e+04
1.319660000000000036e+04
1.368779999999999927e+04
1.408700000000000000e+04
1.436700000000000000e+04
1.455339999999999964e+04
1.461579999999999927e+04
1.461579999999999927e+04
1.465579999999999927e+04
1.472139999999999964e+04
1.460860000000000036e+04
1.443020000000000073e+04
1.430379999999999927e+04
1.421900000000000000e+04
1.415739999999999964e+04
1.394300000000000000e+04
1.377179999999999927e+04
1.363339999999999964e+04
1.331900000000000000e+04
1.301260000000000036e+04
1.287020000000000073e+04
1.283820000000000073e+04
1.264139999999999964e+04
1.232700000000000000e+04
1.207260000000000036e+04
1.180220000000000073e+04
1.158139999999999964e+04
1.145500000000000000e+04
1.131020000000000073e+04
1.122139999999999964e+04
1.111660000000000036e+04
1.082460000000000036e+04
1.054539999999999964e+04
1.039339999999999964e+04
1.031979999999999927e+04
1.027420000000000073e+04
1.008939999999999964e+04
9.919799999999999272e+03
9.855799999999999272e+03
9.719799999999999272e+03
9.554200000000000728e+03
9.302200000000000728e+03
9.053399999999999636e+03
8.922200000000000728e+03
8.767799999999999272e+03
8.632600000000000364e+03
8.533399999999999636e+03
8.451799999999999272e+03
8.291000000000000000e+03
8.015000000000000000e+03
7.807000000000000000e+03
7.655000000000000000e+03
7.503000000000000000e+03
7.385399999999999636e+03
7.322199999999999818e+03
7.262199999999999818e+03
7.180600000000000364e+03
6.895000000000000000e+03
6.661399999999999636e+03
6.527800000000000182e+03
6.370199999999999818e+03
6.424600000000000364e+03
6.336600000000000364e+03
6.181399999999999636e+03
6.088600000000000364e+03
5.851800000000000182e+03
5.703000000000000000e+03
5.597399999999999636e+03
5.399800000000000182e+03
5.395800000000000182e+03
5.387000000000000000e+03
5.171800000000000182e+03
5.028600000000000364e+03
4.959800000000000182e+03
4.820600000000000364e+03
4.699800000000000182e+03
4.695800000000000182e+03
4.676600000000000364e+03
4.667000000000000000e+03
4.633399999999999636e+03
4.519800000000000182e+03
4.432600000000000364e+03
4.460600000000000364e+03
4.477399999999999636e+03
4.390199999999999818e+03
4.236600000000000364e+03
4.104600000000000364e+03
3.933400000000000091e+03
3.788599999999999909e+03
3.719000000000000000e+03
3.721400000000000091e+03
3.754199999999999818e+03
3.604599999999999909e+03
3.407000000000000000e+03
3.279000000000000000e+03
3.083000000000000000e+03
2.900599999999999909e+03
2.930199999999999818e+03
2.816599999999999909e+03
2.707000000000000000e+03
2.778199999999999818e+03
2.823000000000000000e+03
2.734199999999999818e+03
2.599000000000000000e+03
2.770196875000000091e+03
2.694996874999999818e+03
2.659796875000000000e+03
2.687796875000000000e+03
2.437400000000000091e+03
2.533396874999999909e+03
2.535796875000000000e+03
2.506196875000000091e+03
2.663793749999999818e+03
2.492596875000000182e+03
2.585393750000000182e+03
2.658190625000000182e+03
2.222196875000000091e+03
2.111796875000000000e+03
2.542987500000000182e+03
3.197375000000000000e+03
2.927778124999999818e+03
3.138175000000000182e+03
4.898946874999999636e+03
4.846946874999999636e+03
4.266956250000000182e+03
4.608553125000000364e+03
4.324559374999999818e+03
4.536556249999999636e+03
4.022965624999999818e+03
4.794153124999999818e+03
4.883750000000000000e+03
4.150162500000000364e+03
4.315759374999999636e+03
3.754168749999999818e+03
4.616559374999999818e+03
6.436528124999999818e+03
5.416540624999999636e+03
3.869365624999999909e+03
4.029362500000000182e+03
3.465371874999999818e+03
4.266159375000000182e+03
4.242959375000000364e+03
4.368556249999999636e+03
6.083728124999999636e+03
5.182143750000000182e+03
4.997346875000000182e+03
6.695718750000000000e+03
7.114112500000000182e+03
7.330909375000000182e+03
7.876500000000000000e+03
7.691703125000000000e+03
8.349293750000000728e+03
1.072365625000000000e+04
1.027966250000000036e+04
8.752487499999999272e+03
8.158096875000000182e+03
6.757318750000000364e+03
7.721303125000000364e+03
8.812484375000000000e+03
8.146893750000000182e+03
9.324475000000000364e+03
1.283081875000000036e+04
1.471398749999999927e+04
1.415159687499999927e+04
1.414039687500000036e+04
1.549717499999999927e+04
1.685715312500000073e+04
1.820033124999999927e+04
1.939951250000000073e+04
1.980670624999999927e+04
2.034829687500000000e+04
2.090268750000000000e+04
2.185947187499999927e+04
2.326025000000000000e+04
2.249786249999999927e+04
1.750914062500000000e+04
1.462598749999999927e+04
1.742034375000000000e+04
2.133388124999999854e+04
2.315545312500000000e+04
2.233546562500000073e+04
2.390984062500000073e+04
2.347224687500000073e+04
1.988030312499999854e+04
2.329304999999999927e+04
2.465462812499999927e+04
2.343544687500000146e+04
2.600340625000000000e+04
2.798177500000000146e+04
2.704179062500000146e+04
2.980174687500000073e+04
3.265690000000000146e+04
3.026333750000000146e+04
2.852016562500000146e+04
3.007534062500000073e+04
3.280569687500000146e+04
3.302649375000000146e+04
3.327449062499999854e+04
3.403927812499999709e+04
3.517765937500000291e+04
3.592884687500000291e+04
3.416967500000000291e+04
3.578965000000000146e+04
4.095836875000000146e+04
4.037117812499999854e+04
3.913839687499999854e+04
3.908319687500000146e+04
3.941359062499999709e+04
4.158715625000000000e+04
4.460230937499999709e+04
4.658787812500000291e+04
4.554469374999999854e+04
4.650947812500000146e+04
4.748946250000000146e+04
4.750706250000000000e+04
4.650547812500000146e+04
4.805265312499999709e+04
5.244218437499999709e+04
5.327177187499999854e+04
5.404775937500000146e+04
5.611652500000000146e+04
5.755009999999999854e+04
5.733170312500000000e+04
5.442134999999999854e+04
5.256698124999999709e+04
5.245338437500000146e+04
5.083900937500000146e+04
4.982622499999999854e+04
4.895583750000000146e+04
4.795105312499999854e+04
4.724706562500000291e+04
4.589188749999999709e+04
4.554469374999999854e+04
4.713826875000000291e+04
4.781265625000000000e+04
4.570069062500000291e+04
4.456310937500000000e+04
4.508469999999999709e+04
4.505830000000000291e+04
4.562709062499999709e+04
4.605828437500000291e+04
4.434071250000000146e+04
4.336792812499999854e+04
4.635508125000000291e+04
4.866784375000000000e+04
4.900623750000000291e+04
4.770305937499999709e+04
4.733426562500000000e+04
4.655347812500000146e+04
4.436551249999999709e+04
4.472310624999999709e+04
4.526389687499999854e+04
4.606708437499999854e+04
4.655107812500000000e+04
4.727506562500000291e+04
4.995742187500000000e+04
5.062701249999999709e+04
5.123100312500000291e+04
5.040141562500000146e+04
4.943823124999999709e+04
5.063981250000000000e+04
5.124380312499999854e+04
5.198619062500000291e+04
5.177899375000000146e+04
