0.000000000000000000e+00
5.367975624999999854e+04
5.785728749999999854e+04
5.867806874999999854e+04
5.907165625000000000e+04
5.911165625000000000e+04
5.912764375000000291e+04
5.947963749999999709e+04
5.934683750000000146e+04
5.928923750000000291e+04
5.950363124999999854e+04
5.964602500000000146e+04
5.993561875000000146e+04
5.943962500000000000e+04
5.952121875000000000e+04
5.926041874999999709e+04
5.919641874999999709e+04
5.925401249999999709e+04
5.878201875000000291e+04
5.883961250000000291e+04
5.871961250000000291e+04
5.870201249999999709e+04
5.845561250000000291e+04
5.808281250000000000e+04
5.789721250000000146e+04
5.789881250000000000e+04
5.809400624999999854e+04
5.757561250000000291e+04
5.757561250000000291e+04
5.828440625000000000e+04
5.834361250000000291e+04
5.936121250000000146e+04
6.062041249999999854e+04
6.095162500000000000e+04
5.772769374999999854e+04
4.034238124999999854e+04
1.574277499999999964e+04
5.374943750000000364e+03
3.277387499999999818e+03
3.659793749999999818e+03
4.296593750000000000e+03
4.455000000000000000e+03
4.840600000000000364e+03
4.935000000000000000e+03
5.237399999999999636e+03
5.455000000000000000e+03
5.690199999999999818e+03
5.648600000000000364e+03
5.664600000000000364e+03
5.538199999999999818e+03
5.571800000000000182e+03
5.522199999999999818e+03
5.277399999999999636e+03
5.130199999999999818e+03
4.915800000000000182e+03
4.511000000000000000e+03
4.483800000000000182e+03
4.427800000000000182e+03
4.287000000000000000e+03
4.296600000000000364e+03
4.000599999999999909e+03
3.637400000000000091e+03
3.464599999999999909e+03
3.453400000000000091e+03
3.581393750000000182e+03
3.189393750000000182e+03
3.374987500000000182e+03
3.419781250000000000e+03
3.861368750000000091e+03
3.117381249999999909e+03
5.672537500000000364e+03
7.578106249999999818e+03
9.336475000000000364e+03
1.117004375000000073e+04
1.471558749999999964e+04
2.897936249999999927e+04
3.359688749999999709e+04
4.187195625000000291e+04
4.465751249999999709e+04
4.772146250000000146e+04
5.506054374999999709e+04
5.577733125000000291e+04
5.717410624999999709e+04
5.794209375000000000e+04
5.875167500000000291e+04
6.076764375000000291e+04
6.086203749999999854e+04
6.121883125000000291e+04
6.086043125000000146e+04
6.047323124999999709e+04
6.061562500000000000e+04
6.044602500000000146e+04
6.035962500000000000e+04
6.011802500000000146e+04
5.999482499999999709e+04
5.969722499999999854e+04
5.960282499999999709e+04
6.040761250000000291e+04
6.005721250000000146e+04
5.978041249999999854e+04
6.005400624999999854e+04
5.940121250000000146e+04
5.962201249999999709e+04
5.931161250000000291e+04
5.950200624999999854e+04
5.910201249999999709e+04
5.939800624999999854e+04
5.939000624999999854e+04
5.936280625000000146e+04
5.947160624999999709e+04
5.920920625000000291e+04
5.927480625000000146e+04
5.900280625000000146e+04
5.898360624999999709e+04
5.898840625000000000e+04
5.874200624999999854e+04
5.869720625000000291e+04
5.862680625000000146e+04
5.824120625000000291e+04
5.867480000000000291e+04
5.816120625000000291e+04
5.857080000000000291e+04
5.841400000000000000e+04
5.795320625000000291e+04
5.780280625000000146e+04
5.817559999999999854e+04
5.803480000000000291e+04
5.794519999999999709e+04
5.796919999999999709e+04
5.747319999999999709e+04
5.756759999999999854e+04
5.752280000000000291e+04
5.735000000000000000e+04
5.702519999999999709e+04
5.720440000000000146e+04
5.725559999999999854e+04
5.705400000000000000e+04
5.705240000000000146e+04
5.702359999999999854e+04
5.691480000000000291e+04
5.661880000000000291e+04
5.673240000000000146e+04
5.654680000000000291e+04
5.658040000000000146e+04
5.643800000000000000e+04
5.645559999999999854e+04
5.636600000000000000e+04
5.629080000000000291e+04
5.600759999999999854e+04
5.587640000000000146e+04
5.600440000000000146e+04
5.585400000000000000e+04
5.577080000000000291e+04
5.590200000000000000e+04
5.581080000000000291e+04
5.577719999999999709e+04
5.592759999999999854e+04
5.560600000000000000e+04
5.551959999999999854e+04
5.561080000000000291e+04
5.548600000000000000e+04
5.544440000000000146e+04
5.524119999999999709e+04
5.542840000000000146e+04
5.513559999999999854e+04
5.490519999999999709e+04
5.510840000000000146e+04
5.513719999999999709e+04
5.504919999999999709e+04
5.514519999999999709e+04
5.503000000000000000e+04
5.497240000000000146e+04
5.485080000000000291e+04
5.486519999999999709e+04
5.466519999999999709e+04
5.472759999999999854e+04
5.444759999999999854e+04
5.455000000000000000e+04
5.444600000000000000e+04
5.435480000000000291e+04
5.415959999999999854e+04
5.420919999999999709e+04
5.414680000000000291e+04
5.417080000000000291e+04
5.420919999999999709e+04
5.428119999999999709e+04
5.427480000000000291e+04
5.395159999999999854e+04
5.396119999999999709e+04
5.386519999999999709e+04
5.401400000000000000e+04
5.386040000000000146e+04
5.365880000000000291e+04
5.370200000000000000e+04
5.353080000000000291e+04
5.346680000000000291e+04
5.348280000000000291e+04
5.350840000000000146e+04
5.337559999999999854e+04
5.338200000000000000e+04
5.339959999999999854e+04
5.321559999999999854e+04
5.306680000000000291e+04
5.320919999999999709e+04
5.316119999999999709e+04
5.325559999999999854e+04
5.338680000000000291e+04
5.320440000000000146e+04
5.317400000000000000e+04
5.319319999999999709e+04
5.302519999999999709e+04
5.297880000000000291e+04
5.276280000000000291e+04
5.303640000000000146e+04
5.293559999999999854e+04
5.279640000000000146e+04
5.271000000000000000e+04
5.297719999999999709e+04
5.285080000000000291e+04
5.276919999999999709e+04
5.261880000000000291e+04
5.251640000000000146e+04
5.251800000000000000e+04
5.242680000000000291e+04
5.232280000000000291e+04
5.220280000000000291e+04
5.223800000000000000e+04
5.230200000000000000e+04
5.237880000000000291e+04
5.214840000000000146e+04
5.233719999999999709e+04
5.228600000000000000e+04
5.232600000000000000e+04
5.225719999999999709e+04
5.226840000000000146e+04
5.217559999999999854e+04
5.225080000000000291e+04
5.217719999999999709e+04
5.223959999999999854e+04
5.205880000000000291e+04
5.214040000000000146e+04
5.200600000000000000e+04
5.194040000000000146e+04
5.185240000000000146e+04
5.196919999999999709e+04
5.174359999999999854e+04
5.175800000000000000e+04
5.168600000000000000e+04
5.163640000000000146e+04
5.152440000000000146e+04
5.151480000000000291e+04
5.155480000000000291e+04
5.159640000000000146e+04
5.151480000000000291e+04
5.159159999999999854e+04
5.152280000000000291e+04
5.155000000000000000e+04
5.170519999999999709e+04
5.169400000000000000e+04
5.146359999999999854e+04
5.146680000000000291e+04
5.118200000000000000e+04
5.111159999999999854e+04
5.127159999999999854e+04
5.113880000000000291e+04
5.129880000000000291e+04
5.134040000000000146e+04
5.114200000000000000e+04
5.111959999999999854e+04
5.106519999999999709e+04
5.120919999999999709e+04
5.112919999999999709e+04
5.107800000000000000e+04
5.111159999999999854e+04
5.104919999999999709e+04
5.077559999999999854e+04
5.091480000000000291e+04
5.093240000000000146e+04
5.085559999999999854e+04
5.087000000000000000e+04
5.092119999999999709e+04
5.064919999999999709e+04
5.094519999999999709e+04
5.082840000000000146e+04
5.080600000000000000e+04
5.080280000000000291e+04
5.061559999999999854e+04
5.056440000000000146e+04
5.074040000000000146e+04
5.066040000000000146e+04
5.049880000000000291e+04
5.045240000000000146e+04
5.049240000000000146e+04
5.043800000000000000e+04
5.027480000000000291e+04
5.028919999999999709e+04
5.017080000000000291e+04
5.011800000000000000e+04
4.991959999999999854e+04
5.001240000000000146e+04
5.012280000000000291e+04
5.012440000000000146e+04
5.053559999999999854e+04
5.054680000000000291e+04
5.051959999999999854e+04
5.055000000000000000e+04
5.068119999999999709e+04
5.062680000000000291e+04
5.101880000000000291e+04
5.087000000000000000e+04
5.063959999999999854e+04
5.068600000000000000e+04
5.072119999999999709e+04
5.068600000000000000e+04
5.059159999999999854e+04
5.054040000000000146e+04
5.073559999999999854e+04
5.063800000000000000e+04
5.058040000000000146e+04
5.035480000000000291e+04
5.054200000000000000e+04
5.065080000000000291e+04
5.057559999999999854e+04
5.024280000000000291e+04
5.018680000000000291e+04
5.039800000000000000e+04
5.042359999999999854e+04
5.037880000000000291e+04
5.027640000000000146e+04
5.025719999999999709e+04
5.034680000000000291e+04
5.018519999999999709e+04
5.042040000000000146e+04
5.035959999999999854e+04
5.031159999999999854e+04
5.042359999999999854e+04
5.019800000000000000e+04
5.013719999999999709e+04
4.998040000000000146e+04
5.007159999999999854e+04
4.997559999999999854e+04
5.013559999999999854e+04
5.011480000000000291e+04
5.008280000000000291e+04
5.002359999999999854e+04
4.991959999999999854e+04
5.001400000000000000e+04
4.983640000000000146e+04
4.985080000000000291e+04
4.987159999999999854e+04
5.001559999999999854e+04
5.015000000000000000e+04
5.024919999999999709e+04
4.997240000000000146e+04
4.985080000000000291e+04
4.998680000000000291e+04
4.996440000000000146e+04
5.013400000000000000e+04
5.004759999999999854e+04
5.014840000000000146e+04
4.996280000000000291e+04
5.007480000000000291e+04
5.010200000000000000e+04
5.005080000000000291e+04
4.999319999999999709e+04
4.984600000000000000e+04
4.992119999999999709e+04
4.980119999999999709e+04
4.997080000000000291e+04
4.999640000000000146e+04
4.988600000000000000e+04
4.975640000000000146e+04
4.972280000000000291e+04
4.957240000000000146e+04
4.973719999999999709e+04
4.970040000000000146e+04
4.970840000000000146e+04
4.964919999999999709e+04
4.967319999999999709e+04
4.943159999999999854e+04
4.952600000000000000e+04
4.943319999999999709e+04
4.946200000000000000e+04
4.939159999999999854e+04
4.952759999999999854e+04
4.948440000000000146e+04
4.916600000000000000e+04
4.914200000000000000e+04
4.919000000000000000e+04
4.908919999999999709e+04
4.889080000000000291e+04
4.890040000000000146e+04
4.887319999999999709e+04
4.877559999999999854e+04
4.894359999999999854e+04
4.862040000000000146e+04
4.843159999999999854e+04
4.876600000000000000e+04
4.860280000000000291e+04
4.862519999999999709e+04
4.866680000000000291e+04
4.870040000000000146e+04
4.878200000000000000e+04
4.878359999999999854e+04
4.875159999999999854e+04
4.887959999999999854e+04
4.889240000000000146e+04
4.890519999999999709e+04
4.893400000000000000e+04
4.882200000000000000e+04
4.871959999999999854e+04
4.890519999999999709e+04
4.875800000000000000e+04
4.895159999999999854e+04
4.901400000000000000e+04
4.892440000000000146e+04
4.880759999999999854e+04
4.898040000000000146e+04
4.884759999999999854e+04
4.875480000000000291e+04
4.881400000000000000e+04
4.881400000000000000e+04
3.927480000000000291e+04
4.003000000000000000e+04
4.140600000000000000e+04
4.251800000000000000e+04
4.419959999999999854e+04
4.566200000000000000e+04
4.682840000000000146e+04
4.804919999999999709e+04
4.900119999999999709e+04
4.976919999999999709e+04
5.048280000000000291e+04
5.116119999999999709e+04
5.156919999999999709e+04
5.210680000000000291e+04
5.257719999999999709e+04
5.273400000000000000e+04
5.304119999999999709e+04
5.343480000000000291e+04
5.347319999999999709e+04
5.353240000000000146e+04
5.351159999999999854e+04
5.351959999999999854e+04
5.343959999999999854e+04
5.311959999999999854e+04
5.307159999999999854e+04
5.323800000000000000e+04
5.318519999999999709e+04
5.308919999999999709e+04
5.303319999999999709e+04
5.293080000000000291e+04
5.270359999999999854e+04
5.258040000000000146e+04
5.246359999999999854e+04
5.209719999999999709e+04
5.199640000000000146e+04
5.199159999999999854e+04
5.157559999999999854e+04
5.146040000000000146e+04
5.113240000000000146e+04
5.110200000000000000e+04
5.070680000000000291e+04
5.060440000000000146e+04
5.054680000000000291e+04
5.019159999999999854e+04
4.995000000000000000e+04
4.976119999999999709e+04
4.974680000000000291e+04
4.944280000000000291e+04
4.929400000000000000e+04
4.896440000000000146e+04
4.884280000000000291e+04
4.897240000000000146e+04
4.884919999999999709e+04
4.847959999999999854e+04
4.828280000000000291e+04
4.821719999999999709e+04
4.813719999999999709e+04
4.804919999999999709e+04
4.784280000000000291e+04
4.779480000000000291e+04
4.763800000000000000e+04
4.742359999999999854e+04
4.726040000000000146e+04
4.722040000000000146e+04
4.702680000000000291e+04
4.708759999999999854e+04
4.695640000000000146e+04
4.678200000000000000e+04
4.668119999999999709e+04
4.663480000000000291e+04
4.623159999999999854e+04
4.625559999999999854e+04
4.610359999999999854e+04
4.597080000000000291e+04
4.612280000000000291e+04
4.629400000000000000e+04
4.631159999999999854e+04
4.632919999999999709e+04
4.623000000000000000e+04
4.633880000000000291e+04
4.628919999999999709e+04
4.612759999999999854e+04
4.612119999999999709e+04
4.612280000000000291e+04
4.598840000000000146e+04
4.587800000000000000e+04
4.584119999999999709e+04
4.583159999999999854e+04
4.562840000000000146e+04
4.571640000000000146e+04
4.578519999999999709e+04
4.562680000000000291e+04
4.544759999999999854e+04
4.532600000000000000e+04
4.514519999999999709e+04
4.512759999999999854e+04
4.512919999999999709e+04
4.475480000000000291e+04
4.488119999999999709e+04
4.481400000000000000e+04
4.485240000000000146e+04
4.492759999999999854e+04
4.474040000000000146e+04
4.470200000000000000e+04
4.466519999999999709e+04
4.452919999999999709e+04
4.439959999999999854e+04
4.443959999999999854e+04
4.430359999999999854e+04
4.430359999999999854e+04
4.438519999999999709e+04
4.427159999999999854e+04
4.424919999999999709e+04
4.426040000000000146e+04
4.423159999999999854e+04
4.421240000000000146e+04
4.428280000000000291e+04
4.419000000000000000e+04
4.423319999999999709e+04
4.423159999999999854e+04
4.415640000000000146e+04
4.411640000000000146e+04
4.420919999999999709e+04
4.437559999999999854e+04
4.438680000000000291e+04
4.447800000000000000e+04
4.472119999999999709e+04
4.468440000000000146e+04
4.454200000000000000e+04
4.470040000000000146e+04
4.467640000000000146e+04
4.470840000000000146e+04
4.446200000000000000e+04
4.467480000000000291e+04
4.464919999999999709e+04
4.473400000000000000e+04
4.477400000000000000e+04
4.501240000000000146e+04
4.494359999999999854e+04
4.495159999999999854e+04
4.468280000000000291e+04
4.478040000000000146e+04
4.483000000000000000e+04
4.477880000000000291e+04
4.489880000000000291e+04
4.507800000000000000e+04
4.508119999999999709e+04
4.505240000000000146e+04
4.520919999999999709e+04
4.527800000000000000e+04
4.519159999999999854e+04
4.521400000000000000e+04
4.527959999999999854e+04
4.514519999999999709e+04
4.531000000000000000e+04
4.517559999999999854e+04
4.531640000000000146e+04
4.534519999999999709e+04
4.524119999999999709e+04
4.528759999999999854e+04
4.533240000000000146e+04
4.526519999999999709e+04
4.527480000000000291e+04
4.526040000000000146e+04
4.523959999999999854e+04
4.523640000000000146e+04
4.521400000000000000e+04
4.528759999999999854e+04
4.525240000000000146e+04
4.516119999999999709e+04
4.516600000000000000e+04
4.529559999999999854e+04
4.545880000000000291e+04
4.532600000000000000e+04
4.557880000000000291e+04
4.559159999999999854e+04
4.579159999999999854e+04
4.580759999999999854e+04
4.585719999999999709e+04
4.607959999999999854e+04
4.621080000000000291e+04
4.631640000000000146e+04
4.594519999999999709e+04
4.612440000000000146e+04
4.616280000000000291e+04
4.628440000000000146e+04
4.626840000000000146e+04
4.629559999999999854e+04
4.632119999999999709e+04
4.642200000000000000e+04
4.633559999999999854e+04
4.632280000000000291e+04
4.642040000000000146e+04
4.656440000000000146e+04
4.640119999999999709e+04
4.625240000000000146e+04
4.626519999999999709e+04
4.652759999999999854e+04
4.668919999999999709e+04
4.663480000000000291e+04
4.649559999999999854e+04
4.667800000000000000e+04
4.667800000000000000e+04
4.655640000000000146e+04
4.672280000000000291e+04
4.650359999999999854e+04
4.642519999999999709e+04
4.643959999999999854e+04
4.650359999999999854e+04
4.645559999999999854e+04
4.658040000000000146e+04
4.660440000000000146e+04
4.660440000000000146e+04
4.664119999999999709e+04
4.659800000000000000e+04
4.658680000000000291e+04
4.659800000000000000e+04
4.631000000000000000e+04
4.647319999999999709e+04
4.662840000000000146e+04
4.652759999999999854e+04
4.668919999999999709e+04
4.684440000000000146e+04
4.700759999999999854e+04
4.697719999999999709e+04
4.691480000000000291e+04
4.698680000000000291e+04
4.705559999999999854e+04
4.695800000000000000e+04
4.697719999999999709e+04
4.689880000000000291e+04
4.691640000000000146e+04
4.680759999999999854e+04
4.683480000000000291e+04
4.688919999999999709e+04
4.701400000000000000e+04
4.696440000000000146e+04
4.687640000000000146e+04
4.691159999999999854e+04
4.673400000000000000e+04
4.675959999999999854e+04
4.677559999999999854e+04
4.673240000000000146e+04
4.678840000000000146e+04
4.660919999999999709e+04
4.672280000000000291e+04
4.677719999999999709e+04
4.700919999999999709e+04
4.690200000000000000e+04
4.681240000000000146e+04
4.721880000000000291e+04
4.698840000000000146e+04
4.665240000000000146e+04
4.667640000000000146e+04
4.671800000000000000e+04
4.671959999999999854e+04
4.675000000000000000e+04
4.665080000000000291e+04
4.673400000000000000e+04
4.676119999999999709e+04
4.673400000000000000e+04
4.690359999999999854e+04
4.698519999999999709e+04
4.658359999999999854e+04
4.656759999999999854e+04
4.677880000000000291e+04
4.653240000000000146e+04
4.663959999999999854e+04
4.675640000000000146e+04
4.676280000000000291e+04
4.731319999999999709e+04
4.740119999999999709e+04
4.759480000000000291e+04
4.792919999999999709e+04
4.785080000000000291e+04
4.795159999999999854e+04
4.810040000000000146e+04
4.844119999999999709e+04
4.832440000000000146e+04
4.846200000000000000e+04
4.846040000000000146e+04
4.852280000000000291e+04
4.854840000000000146e+04
4.862359999999999854e+04
4.844600000000000000e+04
4.839640000000000146e+04
4.850040000000000146e+04
4.844759999999999854e+04
4.852440000000000146e+04
4.849719999999999709e+04
4.864759999999999854e+04
4.866040000000000146e+04
4.863800000000000000e+04
4.866680000000000291e+04
4.840280000000000291e+04
4.850519999999999709e+04
4.855159999999999854e+04
4.866840000000000146e+04
4.878519999999999709e+04
4.870680000000000291e+04
4.884440000000000146e+04
4.875640000000000146e+04
4.873240000000000146e+04
4.914200000000000000e+04
4.892440000000000146e+04
4.876280000000000291e+04
4.877080000000000291e+04
4.885719999999999709e+04
4.875800000000000000e+04
4.879319999999999709e+04
4.881719999999999709e+04
4.887640000000000146e+04
4.883159999999999854e+04
4.903319999999999709e+04
4.907159999999999854e+04
4.889559999999999854e+04
4.905719999999999709e+04
4.891000000000000000e+04
4.865080000000000291e+04
4.893080000000000291e+04
4.890200000000000000e+04
4.894519999999999709e+04
4.911159999999999854e+04
4.906840000000000146e+04
4.903319999999999709e+04
4.908280000000000291e+04
4.918680000000000291e+04
4.900600000000000000e+04
4.912119999999999709e+04
4.904440000000000146e+04
4.904440000000000146e+04
4.918680000000000291e+04
4.917719999999999709e+04
4.914040000000000146e+04
4.914359999999999854e+04
4.900919999999999709e+04
4.909400000000000000e+04
4.917719999999999709e+04
4.899640000000000146e+04
4.906040000000000146e+04
4.884600000000000000e+04
4.885880000000000291e+04
4.866359999999999854e+04
4.884280000000000291e+04
4.909240000000000146e+04
4.895319999999999709e+04
4.891959999999999854e+04
4.877400000000000000e+04
4.867000000000000000e+04
4.883319999999999709e+04
4.888440000000000146e+04
4.873719999999999709e+04
4.859800000000000000e+04
4.847000000000000000e+04
4.858200000000000000e+04
4.864919999999999709e+04
4.879159999999999854e+04
4.884119999999999709e+04
4.882040000000000146e+04
4.864919999999999709e+04
4.858680000000000291e+04
4.871319999999999709e+04
4.869080000000000291e+04
4.866680000000000291e+04
4.862519999999999709e+04
4.868759999999999854e+04
4.865240000000000146e+04
4.867159999999999854e+04
4.877400000000000000e+04
4.894359999999999854e+04
4.930840000000000146e+04
4.927159999999999854e+04
4.905719999999999709e+04
4.904440000000000146e+04
4.919480000000000291e+04
4.919959999999999854e+04
4.915800000000000000e+04
4.919000000000000000e+04
4.912919999999999709e+04
4.915000000000000000e+04
4.901080000000000291e+04
4.927959999999999854e+04
4.920919999999999709e+04
4.920600000000000000e+04
4.897400000000000000e+04
4.886040000000000146e+04
4.895800000000000000e+04
4.908759999999999854e+04
4.900600000000000000e+04
4.893240000000000146e+04
4.925400000000000000e+04
4.905080000000000291e+04
3.943640000000000146e+04
4.005880000000000291e+04
4.124119999999999709e+04
4.234200000000000000e+04
4.366359999999999854e+04
4.523480000000000291e+04
4.637719999999999709e+04
4.773080000000000291e+04
4.889880000000000291e+04
4.969719999999999709e+04
5.065240000000000146e+04
5.139319999999999709e+04
5.187480000000000291e+04
5.243319999999999709e+04
5.294680000000000291e+04
5.330040000000000146e+04
5.343159999999999854e+04
5.386040000000000146e+04
5.406200000000000000e+04
5.417559999999999854e+04
5.410519999999999709e+04
5.409080000000000291e+04
5.420119999999999709e+04
5.394040000000000146e+04
5.407480000000000291e+04
5.426359999999999854e+04
5.401240000000000146e+04
5.403159999999999854e+04
5.384119999999999709e+04
5.362040000000000146e+04
5.373400000000000000e+04
5.347000000000000000e+04
5.333719999999999709e+04
5.323480000000000291e+04
5.283159999999999854e+04
5.271640000000000146e+04
5.277400000000000000e+04
5.264759999999999854e+04
5.251959999999999854e+04
5.233719999999999709e+04
5.222200000000000000e+04
5.179959999999999854e+04
5.195480000000000291e+04
5.166519999999999709e+04
5.136119999999999709e+04
5.131959999999999854e+04
5.107640000000000146e+04
5.087959999999999854e+04
5.082519999999999709e+04
5.067800000000000000e+04
5.070840000000000146e+04
5.063640000000000146e+04
5.064119999999999709e+04
5.038359999999999854e+04
5.032280000000000291e+04
5.031480000000000291e+04
4.993080000000000291e+04
5.001400000000000000e+04
4.982519999999999709e+04
4.969880000000000291e+04
4.952600000000000000e+04
4.950040000000000146e+04
4.937080000000000291e+04
4.931640000000000146e+04
4.892600000000000000e+04
4.901400000000000000e+04
4.885880000000000291e+04
4.863319999999999709e+04
4.853880000000000291e+04
4.855480000000000291e+04
4.827159999999999854e+04
4.823800000000000000e+04
4.815159999999999854e+04
4.810840000000000146e+04
4.823800000000000000e+04
4.824280000000000291e+04
4.833559999999999854e+04
4.826519999999999709e+04
4.829240000000000146e+04
4.814359999999999854e+04
4.801400000000000000e+04
4.810200000000000000e+04
4.785719999999999709e+04
4.805880000000000291e+04
4.775480000000000291e+04
4.776759999999999854e+04
4.771480000000000291e+04
4.779640000000000146e+04
4.767959999999999854e+04
4.758840000000000146e+04
4.774359999999999854e+04
4.738519999999999709e+04
4.742840000000000146e+04
4.743480000000000291e+04
4.753240000000000146e+04
4.726840000000000146e+04
4.729240000000000146e+04
4.728280000000000291e+04
4.733719999999999709e+04
4.728119999999999709e+04
4.724280000000000291e+04
4.712759999999999854e+04
4.700119999999999709e+04
4.718840000000000146e+04
4.693719999999999709e+04
4.694359999999999854e+04
4.692119999999999709e+04
4.669080000000000291e+04
4.661559999999999854e+04
4.648759999999999854e+04
4.659159999999999854e+04
4.656280000000000291e+04
4.640600000000000000e+04
4.645240000000000146e+04
4.643000000000000000e+04
4.621880000000000291e+04
4.619159999999999854e+04
4.616440000000000146e+04
4.608919999999999709e+04
4.609240000000000146e+04
4.611480000000000291e+04
4.604280000000000291e+04
4.615959999999999854e+04
4.602519999999999709e+04
4.612119999999999709e+04
4.622519999999999709e+04
4.614840000000000146e+04
4.589240000000000146e+04
4.611640000000000146e+04
4.602519999999999709e+04
4.601880000000000291e+04
4.600119999999999709e+04
4.594200000000000000e+04
4.590200000000000000e+04
4.605080000000000291e+04
4.591480000000000291e+04
4.595480000000000291e+04
4.605400000000000000e+04
4.583640000000000146e+04
4.612919999999999709e+04
4.596759999999999854e+04
4.601080000000000291e+04
4.605400000000000000e+04
4.604280000000000291e+04
4.612759999999999854e+04
4.604759999999999854e+04
4.618840000000000146e+04
4.607000000000000000e+04
4.616119999999999709e+04
4.616600000000000000e+04
4.603000000000000000e+04
4.599480000000000291e+04
4.593240000000000146e+04
4.623959999999999854e+04
4.589880000000000291e+04
4.583319999999999709e+04
4.582840000000000146e+04
4.572600000000000000e+04
4.569400000000000000e+04
4.581719999999999709e+04
4.580119999999999709e+04
4.583159999999999854e+04
4.603319999999999709e+04
4.574519999999999709e+04
4.579319999999999709e+04
4.589400000000000000e+04
4.576119999999999709e+04
4.585240000000000146e+04
4.573719999999999709e+04
4.561240000000000146e+04
4.573240000000000146e+04
4.565880000000000291e+04
4.592919999999999709e+04
4.577559999999999854e+04
4.619959999999999854e+04
4.604119999999999709e+04
4.631800000000000000e+04
4.613559999999999854e+04
4.615640000000000146e+04
4.648759999999999854e+04
4.654200000000000000e+04
4.642200000000000000e+04
4.627640000000000146e+04
4.643319999999999709e+04
4.627800000000000000e+04
4.631959999999999854e+04
4.632119999999999709e+04
4.651640000000000146e+04
4.652119999999999709e+04
4.648440000000000146e+04
4.656119999999999709e+04
4.653880000000000291e+04
4.639959999999999854e+04
4.658359999999999854e+04
4.639319999999999709e+04
4.641719999999999709e+04
4.666200000000000000e+04
4.660119999999999709e+04
4.665719999999999709e+04
4.665240000000000146e+04
4.693080000000000291e+04
4.682040000000000146e+04
4.675319999999999709e+04
4.690359999999999854e+04
4.689240000000000146e+04
4.701719999999999709e+04
4.705240000000000146e+04
4.691000000000000000e+04
4.691000000000000000e+04
4.703159999999999854e+04
4.684280000000000291e+04
4.703640000000000146e+04
4.702200000000000000e+04
4.692600000000000000e+04
4.712759999999999854e+04
4.718840000000000146e+04
4.707800000000000000e+04
4.705080000000000291e+04
4.704440000000000146e+04
4.703959999999999854e+04
4.706680000000000291e+04
4.708759999999999854e+04
4.734359999999999854e+04
4.737080000000000291e+04
4.749240000000000146e+04
4.732119999999999709e+04
4.740440000000000146e+04
4.757400000000000000e+04
4.738680000000000291e+04
4.756759999999999854e+04
4.737719999999999709e+04
4.741400000000000000e+04
4.756759999999999854e+04
4.750519999999999709e+04
4.752919999999999709e+04
4.749719999999999709e+04
4.750680000000000291e+04
4.752919999999999709e+04
4.742200000000000000e+04
4.767640000000000146e+04
4.751959999999999854e+04
4.738040000000000146e+04
4.737240000000000146e+04
4.747800000000000000e+04
4.750519999999999709e+04
4.755959999999999854e+04
4.768919999999999709e+04
4.767480000000000291e+04
4.766680000000000291e+04
4.774840000000000146e+04
4.771000000000000000e+04
4.767000000000000000e+04
4.765400000000000000e+04
4.770359999999999854e+04
4.756119999999999709e+04
4.760759999999999854e+04
4.766519999999999709e+04
4.766040000000000146e+04
4.759159999999999854e+04
4.773559999999999854e+04
4.780600000000000000e+04
4.776600000000000000e+04
4.777719999999999709e+04
4.770200000000000000e+04
4.778200000000000000e+04
4.768280000000000291e+04
4.764759999999999854e+04
4.765719999999999709e+04
4.781240000000000146e+04
4.784919999999999709e+04
4.805240000000000146e+04
4.830200000000000000e+04
4.839640000000000146e+04
4.863640000000000146e+04
4.848119999999999709e+04
4.846680000000000291e+04
4.870359999999999854e+04
4.892440000000000146e+04
4.892119999999999709e+04
4.893240000000000146e+04
4.899800000000000000e+04
4.892440000000000146e+04
4.899159999999999854e+04
4.913559999999999854e+04
4.909719999999999709e+04
4.911159999999999854e+04
4.913719999999999709e+04
4.908280000000000291e+04
4.915000000000000000e+04
4.915959999999999854e+04
4.905559999999999854e+04
4.922359999999999854e+04
4.901400000000000000e+04
4.926040000000000146e+04
4.932280000000000291e+04
4.948759999999999854e+04
4.954840000000000146e+04
4.934680000000000291e+04
4.939159999999999854e+04
4.934359999999999854e+04
4.931800000000000000e+04
4.937080000000000291e+04
4.925880000000000291e+04
4.924280000000000291e+04
4.905240000000000146e+04
4.924280000000000291e+04
4.934040000000000146e+04
4.919640000000000146e+04
4.921080000000000291e+04
4.936119999999999709e+04
4.925080000000000291e+04
4.934359999999999854e+04
4.936600000000000000e+04
4.921240000000000146e+04
4.920600000000000000e+04
4.921880000000000291e+04
4.915800000000000000e+04
4.924919999999999709e+04
4.931480000000000291e+04
4.943000000000000000e+04
4.938840000000000146e+04
4.959480000000000291e+04
4.961400000000000000e+04
4.952919999999999709e+04
4.966519999999999709e+04
4.970519999999999709e+04
4.951959999999999854e+04
4.952600000000000000e+04
4.964919999999999709e+04
4.954840000000000146e+04
4.955319999999999709e+04
4.970680000000000291e+04
4.989400000000000000e+04
4.964119999999999709e+04
4.978040000000000146e+04
4.962359999999999854e+04
4.977400000000000000e+04
4.969719999999999709e+04
4.985400000000000000e+04
4.976759999999999854e+04
4.954519999999999709e+04
4.978359999999999854e+04
4.975640000000000146e+04
4.974680000000000291e+04
4.980919999999999709e+04
4.993400000000000000e+04
4.985880000000000291e+04
4.983159999999999854e+04
4.996440000000000146e+04
4.986359999999999854e+04
4.970519999999999709e+04
5.001719999999999709e+04
4.977719999999999709e+04
4.981559999999999854e+04
4.977080000000000291e+04
4.981880000000000291e+04
4.959959999999999854e+04
4.969719999999999709e+04
4.983000000000000000e+04
4.956600000000000000e+04
4.988600000000000000e+04
4.958200000000000000e+04
4.955159999999999854e+04
4.941080000000000291e+04
4.933080000000000291e+04
4.962840000000000146e+04
4.935959999999999854e+04
4.947319999999999709e+04
4.968440000000000146e+04
4.980600000000000000e+04
5.003959999999999854e+04
5.008440000000000146e+04
5.010840000000000146e+04
5.006200000000000000e+04
5.011959999999999854e+04
5.002359999999999854e+04
5.017559999999999854e+04
5.013559999999999854e+04
5.021880000000000291e+04
5.007159999999999854e+04
5.031159999999999854e+04
5.038359999999999854e+04
5.010040000000000146e+04
5.024600000000000000e+04
5.045719999999999709e+04
5.034519999999999709e+04
5.019319999999999709e+04
5.032119999999999709e+04
5.039159999999999854e+04
5.038680000000000291e+04
5.007319999999999709e+04
5.006200000000000000e+04
5.006200000000000000e+04
4.157880000000000291e+04
4.191959999999999854e+04
4.330200000000000000e+04
4.470519999999999709e+04
4.597719999999999709e+04
4.747159999999999854e+04
4.857559999999999854e+04
4.985559999999999854e+04
5.094359999999999854e+04
5.189400000000000000e+04
5.252119999999999709e+04
5.340440000000000146e+04
5.394840000000000146e+04
5.433880000000000291e+04
5.461880000000000291e+04
5.507640000000000146e+04
5.514519999999999709e+04
5.558359999999999854e+04
5.550200000000000000e+04
5.562519999999999709e+04
5.560280000000000291e+04
5.595480000000000291e+04
5.591000000000000000e+04
5.590519999999999709e+04
5.570200000000000000e+04
5.592759999999999854e+04
5.594519999999999709e+04
5.569400000000000000e+04
5.589559999999999854e+04
5.562840000000000146e+04
5.537080000000000291e+04
5.549880000000000291e+04
5.519640000000000146e+04
5.521400000000000000e+04
5.508440000000000146e+04
5.497080000000000291e+04
5.471480000000000291e+04
5.477240000000000146e+04
5.445559999999999854e+04
5.421559999999999854e+04
5.423959999999999854e+04
5.393559999999999854e+04
5.369080000000000291e+04
5.366040000000000146e+04
5.325880000000000291e+04
5.305559999999999854e+04
5.324919999999999709e+04
5.298519999999999709e+04
5.296280000000000291e+04
5.289080000000000291e+04
5.268119999999999709e+04
5.251959999999999854e+04
5.230680000000000291e+04
5.250519999999999709e+04
5.222840000000000146e+04
5.208600000000000000e+04
5.185719999999999709e+04
5.166840000000000146e+04
5.152759999999999854e+04
5.139480000000000291e+04
5.132759999999999854e+04
5.137240000000000146e+04
5.125400000000000000e+04
5.094680000000000291e+04
5.087959999999999854e+04
5.080119999999999709e+04
5.090519999999999709e+04
5.052919999999999709e+04
5.050519999999999709e+04
5.050200000000000000e+04
5.036440000000000146e+04
5.029240000000000146e+04
5.050840000000000146e+04
5.055959999999999854e+04
5.043480000000000291e+04
5.025719999999999709e+04
5.034519999999999709e+04
5.031319999999999709e+04
5.019480000000000291e+04
5.008919999999999709e+04
5.006840000000000146e+04
5.001719999999999709e+04
4.988119999999999709e+04
4.994680000000000291e+04
4.988759999999999854e+04
4.977880000000000291e+04
4.965719999999999709e+04
4.970359999999999854e+04
4.963480000000000291e+04
4.958680000000000291e+04
4.955319999999999709e+04
4.944759999999999854e+04
4.934200000000000000e+04
4.938040000000000146e+04
4.919959999999999854e+04
4.937719999999999709e+04
4.945400000000000000e+04
4.928919999999999709e+04
4.932440000000000146e+04
4.939640000000000146e+04
4.909400000000000000e+04
4.916600000000000000e+04
4.908600000000000000e+04
4.892119999999999709e+04
4.892119999999999709e+04
4.888600000000000000e+04
4.884600000000000000e+04
4.875000000000000000e+04
4.868280000000000291e+04
4.866519999999999709e+04
4.851640000000000146e+04
4.873080000000000291e+04
4.852440000000000146e+04
4.836280000000000291e+04
4.825559999999999854e+04
4.839959999999999854e+04
4.815000000000000000e+04
4.806840000000000146e+04
4.795959999999999854e+04
4.800919999999999709e+04
4.828280000000000291e+04
4.841400000000000000e+04
4.874200000000000000e+04
4.844919999999999709e+04
4.833880000000000291e+04
4.838840000000000146e+04
4.840759999999999854e+04
4.815480000000000291e+04
4.821240000000000146e+04
4.801080000000000291e+04
4.813080000000000291e+04
4.806519999999999709e+04
4.812919999999999709e+04
4.826200000000000000e+04
4.818840000000000146e+04
4.835959999999999854e+04
4.819159999999999854e+04
4.822840000000000146e+04
4.834840000000000146e+04
4.817240000000000146e+04
4.843959999999999854e+04
4.833719999999999709e+04
4.823800000000000000e+04
4.811959999999999854e+04
4.815959999999999854e+04
4.815800000000000000e+04
4.825880000000000291e+04
4.830040000000000146e+04
4.813559999999999854e+04
4.836919999999999709e+04
4.831800000000000000e+04
4.828919999999999709e+04
4.821240000000000146e+04
4.822519999999999709e+04
4.808119999999999709e+04
4.818040000000000146e+04
4.813400000000000000e+04
4.815319999999999709e+04
4.826519999999999709e+04
4.816759999999999854e+04
4.813400000000000000e+04
4.810519999999999709e+04
4.807640000000000146e+04
4.803319999999999709e+04
4.802359999999999854e+04
4.786840000000000146e+04
4.773559999999999854e+04
4.785559999999999854e+04
4.802680000000000291e+04
4.798680000000000291e+04
4.809559999999999854e+04
4.817719999999999709e+04
4.839640000000000146e+04
4.832280000000000291e+04
4.827480000000000291e+04
4.826359999999999854e+04
4.834359999999999854e+04
4.835000000000000000e+04
4.865559999999999854e+04
4.834519999999999709e+04
4.832600000000000000e+04
4.847000000000000000e+04
4.820759999999999854e+04
4.857240000000000146e+04
4.845080000000000291e+04
4.829719999999999709e+04
4.840919999999999709e+04
4.821880000000000291e+04
4.805080000000000291e+04
4.828919999999999709e+04
4.823800000000000000e+04
4.816919999999999709e+04
4.815159999999999854e+04
4.825400000000000000e+04
4.823800000000000000e+04
4.830840000000000146e+04
4.818840000000000146e+04
4.836280000000000291e+04
4.799480000000000291e+04
4.808119999999999709e+04
4.810840000000000146e+04
4.812280000000000291e+04
4.815000000000000000e+04
4.811480000000000291e+04
4.797719999999999709e+04
4.803000000000000000e+04
4.795959999999999854e+04
4.799959999999999854e+04
4.807800000000000000e+04
4.805880000000000291e+04
4.789400000000000000e+04
4.802519999999999709e+04
4.799000000000000000e+04
4.778359999999999854e+04
4.799159999999999854e+04
4.783480000000000291e+04
4.763159999999999854e+04
4.786680000000000291e+04
4.793240000000000146e+04
4.781400000000000000e+04
4.788119999999999709e+04
4.796119999999999709e+04
4.790200000000000000e+04
4.797559999999999854e+04
4.765559999999999854e+04
4.807640000000000146e+04
4.786200000000000000e+04
4.783800000000000000e+04
4.789880000000000291e+04
4.788759999999999854e+04
4.809880000000000291e+04
4.802519999999999709e+04
4.799159999999999854e+04
4.813080000000000291e+04
4.790040000000000146e+04
4.781240000000000146e+04
4.795959999999999854e+04
4.799159999999999854e+04
4.788280000000000291e+04
4.783319999999999709e+04
4.764119999999999709e+04
4.764119999999999709e+04
4.765719999999999709e+04
4.768280000000000291e+04
4.765240000000000146e+04
4.782680000000000291e+04
4.789880000000000291e+04
4.783959999999999854e+04
4.774200000000000000e+04
4.785240000000000146e+04
4.793559999999999854e+04
4.770040000000000146e+04
4.765080000000000291e+04
4.780759999999999854e+04
4.757559999999999854e+04
4.790200000000000000e+04
4.776600000000000000e+04
4.782519999999999709e+04
4.779159999999999854e+04
4.745559999999999854e+04
4.746680000000000291e+04
4.751480000000000291e+04
4.778680000000000291e+04
4.765080000000000291e+04
4.765240000000000146e+04
4.735000000000000000e+04
4.780600000000000000e+04
4.800919999999999709e+04
4.814200000000000000e+04
4.827959999999999854e+04
4.864119999999999709e+04
4.865880000000000291e+04
4.884759999999999854e+04
4.903000000000000000e+04
4.914359999999999854e+04
4.921080000000000291e+04
4.892440000000000146e+04
4.918359999999999854e+04
4.923640000000000146e+04
4.939480000000000291e+04
4.941719999999999709e+04
4.947959999999999854e+04
4.944759999999999854e+04
4.955000000000000000e+04
4.944600000000000000e+04
4.970040000000000146e+04
4.959640000000000146e+04
4.960600000000000000e+04
4.966040000000000146e+04
4.968119999999999709e+04
4.965559999999999854e+04
4.970359999999999854e+04
4.992759999999999854e+04
4.995319999999999709e+04
4.993559999999999854e+04
4.998040000000000146e+04
5.001880000000000291e+04
5.019800000000000000e+04
5.006200000000000000e+04
5.008440000000000146e+04
5.019319999999999709e+04
5.007800000000000000e+04
5.018200000000000000e+04
5.011959999999999854e+04
5.011800000000000000e+04
5.020759999999999854e+04
4.988919999999999709e+04
4.994519999999999709e+04
4.991800000000000000e+04
4.961719999999999709e+04
4.985080000000000291e+04
4.959319999999999709e+04
4.943480000000000291e+04
4.928759999999999854e+04
4.931000000000000000e+04
4.933080000000000291e+04
4.952440000000000146e+04
4.955800000000000000e+04
4.963640000000000146e+04
4.980119999999999709e+04
5.003000000000000000e+04
5.025080000000000291e+04
5.048600000000000000e+04
5.047480000000000291e+04
5.047640000000000146e+04
5.050040000000000146e+04
5.065080000000000291e+04
5.082519999999999709e+04
5.096919999999999709e+04
5.093719999999999709e+04
5.120119999999999709e+04
5.122040000000000146e+04
5.114359999999999854e+04
5.119000000000000000e+04
5.139640000000000146e+04
5.148919999999999709e+04
5.180119999999999709e+04
5.171480000000000291e+04
5.154840000000000146e+04
5.173080000000000291e+04
5.194359999999999854e+04
5.191640000000000146e+04
5.199000000000000000e+04
5.214040000000000146e+04
5.206200000000000000e+04
5.221719999999999709e+04
5.220280000000000291e+04
5.226200000000000000e+04
5.224919999999999709e+04
5.198519999999999709e+04
5.212280000000000291e+04
5.211800000000000000e+04
5.217880000000000291e+04
5.211319999999999709e+04
5.219000000000000000e+04
5.219159999999999854e+04
5.225559999999999854e+04
5.227800000000000000e+04
5.239800000000000000e+04
5.214200000000000000e+04
5.212280000000000291e+04
5.201080000000000291e+04
5.200119999999999709e+04
5.191319999999999709e+04
5.211800000000000000e+04
5.224600000000000000e+04
5.246040000000000146e+04
5.257400000000000000e+04
5.252440000000000146e+04
5.251159999999999854e+04
5.266359999999999854e+04
5.278200000000000000e+04
5.286680000000000291e+04
5.294200000000000000e+04
5.323159999999999854e+04
5.314840000000000146e+04
5.308759999999999854e+04
5.318840000000000146e+04
5.320280000000000291e+04
5.326519999999999709e+04
5.334040000000000146e+04
5.328440000000000146e+04
5.328919999999999709e+04
5.335640000000000146e+04
5.324119999999999709e+04
5.318359999999999854e+04
5.323959999999999854e+04
5.306040000000000146e+04
5.312759999999999854e+04
5.314200000000000000e+04
5.297080000000000291e+04
5.303800000000000000e+04
5.303800000000000000e+04
4.228600000000000000e+04
4.340600000000000000e+04
4.455000000000000000e+04
4.595000000000000000e+04
4.740759999999999854e+04
4.860440000000000146e+04
5.005400000000000000e+04
5.130359999999999854e+04
5.207800000000000000e+04
5.312759999999999854e+04
5.427959999999999854e+04
5.456600000000000000e+04
5.520119999999999709e+04
5.595800000000000000e+04
5.644440000000000146e+04
5.687800000000000000e+04
5.694200000000000000e+04
5.730040000000000146e+04
5.728600000000000000e+04
5.754680000000000291e+04
5.775640000000000146e+04
5.801400000000000000e+04
5.807159999999999854e+04
5.793559999999999854e+04
5.823159999999999854e+04
5.807159999999999854e+04
5.815800000000000000e+04
5.810680000000000291e+04
5.795159999999999854e+04
5.799000000000000000e+04
5.776119999999999709e+04
5.766040000000000146e+04
5.748119999999999709e+04
5.740759999999999854e+04
5.717880000000000291e+04
5.705559999999999854e+04
5.700440000000000146e+04
5.680440000000000146e+04
5.651800000000000000e+04
5.647800000000000000e+04
5.598840000000000146e+04
5.578040000000000146e+04
5.565080000000000291e+04
5.542840000000000146e+04
5.532759999999999854e+04
5.524440000000000146e+04
5.482840000000000146e+04
5.477400000000000000e+04
5.467159999999999854e+04
5.452600000000000000e+04
5.433559999999999854e+04
5.431959999999999854e+04
5.404759999999999854e+04
5.392440000000000146e+04
5.403000000000000000e+04
5.387319999999999709e+04
5.360919999999999709e+04
5.351800000000000000e+04
5.322519999999999709e+04
5.341400000000000000e+04
5.320759999999999854e+04
5.286680000000000291e+04
5.278359999999999854e+04
5.256280000000000291e+04
5.249559999999999854e+04
5.239480000000000291e+04
5.236600000000000000e+04
5.223319999999999709e+04
5.223800000000000000e+04
5.235159999999999854e+04
5.236440000000000146e+04
5.232119999999999709e+04
5.253080000000000291e+04
5.246680000000000291e+04
5.244119999999999709e+04
5.232440000000000146e+04
5.215800000000000000e+04
5.223000000000000000e+04
5.222840000000000146e+04
5.204440000000000146e+04
5.193240000000000146e+04
5.187800000000000000e+04
5.185559999999999854e+04
5.183159999999999854e+04
5.175480000000000291e+04
5.157719999999999709e+04
5.155800000000000000e+04
5.152280000000000291e+04
5.154359999999999854e+04
5.158200000000000000e+04
5.158040000000000146e+04
5.177240000000000146e+04
5.183480000000000291e+04
5.170040000000000146e+04
5.168919999999999709e+04
5.179319999999999709e+04
5.153559999999999854e+04
5.158040000000000146e+04
5.149559999999999854e+04
5.150680000000000291e+04
5.174359999999999854e+04
5.184919999999999709e+04
5.176440000000000146e+04
5.155480000000000291e+04
5.161400000000000000e+04
5.160759999999999854e+04
5.159000000000000000e+04
5.155159999999999854e+04
5.149240000000000146e+04
5.167480000000000291e+04
5.138840000000000146e+04
5.121719999999999709e+04
5.125240000000000146e+04
5.134840000000000146e+04
5.124440000000000146e+04
5.130519999999999709e+04
5.137559999999999854e+04
5.135319999999999709e+04
5.151159999999999854e+04
5.132919999999999709e+04
5.142840000000000146e+04
5.143800000000000000e+04
5.128759999999999854e+04
5.128759999999999854e+04
5.134519999999999709e+04
5.155640000000000146e+04
5.132919999999999709e+04
5.118840000000000146e+04
5.133559999999999854e+04
5.121080000000000291e+04
5.111159999999999854e+04
5.109880000000000291e+04
5.132759999999999854e+04
5.119319999999999709e+04
5.112919999999999709e+04
5.109080000000000291e+04
5.118200000000000000e+04
5.112759999999999854e+04
5.134840000000000146e+04
5.102840000000000146e+04
5.116600000000000000e+04
5.111640000000000146e+04
5.114040000000000146e+04
5.095640000000000146e+04
5.087480000000000291e+04
5.119640000000000146e+04
5.106040000000000146e+04
5.090200000000000000e+04
5.100119999999999709e+04
5.116919999999999709e+04
5.108440000000000146e+04
5.107800000000000000e+04
5.103480000000000291e+04
5.101559999999999854e+04
5.095640000000000146e+04
5.116119999999999709e+04
5.121080000000000291e+04
5.112919999999999709e+04
5.128119999999999709e+04
5.114680000000000291e+04
5.099640000000000146e+04
5.094680000000000291e+04
5.095319999999999709e+04
5.096600000000000000e+04
5.094519999999999709e+04
5.094680000000000291e+04
5.101719999999999709e+04
5.113559999999999854e+04
5.125559999999999854e+04
5.136280000000000291e+04
5.156759999999999854e+04
5.149240000000000146e+04
5.178840000000000146e+04
5.176919999999999709e+04
5.181240000000000146e+04
5.179959999999999854e+04
5.184119999999999709e+04
5.171959999999999854e+04
5.173240000000000146e+04
5.185240000000000146e+04
5.181880000000000291e+04
5.185240000000000146e+04
5.174359999999999854e+04
5.161080000000000291e+04
5.177240000000000146e+04
5.174519999999999709e+04
5.187640000000000146e+04
5.190200000000000000e+04
5.187000000000000000e+04
5.177719999999999709e+04
5.180280000000000291e+04
5.181400000000000000e+04
5.190040000000000146e+04
5.209240000000000146e+04
5.223159999999999854e+04
5.214840000000000146e+04
5.210040000000000146e+04
5.228600000000000000e+04
5.224440000000000146e+04
5.211159999999999854e+04
5.229559999999999854e+04
5.234200000000000000e+04
5.207480000000000291e+04
5.203959999999999854e+04
5.205080000000000291e+04
5.199959999999999854e+04
5.224440000000000146e+04
5.207319999999999709e+04
5.201880000000000291e+04
5.199640000000000146e+04
5.206359999999999854e+04
5.209080000000000291e+04
5.222359999999999854e+04
5.201400000000000000e+04
5.206840000000000146e+04
5.216280000000000291e+04
5.226840000000000146e+04
5.205080000000000291e+04
5.214680000000000291e+04
5.229080000000000291e+04
5.247159999999999854e+04
5.248119999999999709e+04
5.252919999999999709e+04
5.249080000000000291e+04
5.248280000000000291e+04
5.273400000000000000e+04
5.278519999999999709e+04
5.236119999999999709e+04
5.250840000000000146e+04
5.246519999999999709e+04
5.234519999999999709e+04
5.240440000000000146e+04
5.237559999999999854e+04
5.238040000000000146e+04
5.239000000000000000e+04
5.239959999999999854e+04
5.231640000000000146e+04
5.215319999999999709e+04
5.219959999999999854e+04
5.215959999999999854e+04
5.236280000000000291e+04
5.235000000000000000e+04
5.234519999999999709e+04
5.226040000000000146e+04
5.220280000000000291e+04
5.222200000000000000e+04
5.216600000000000000e+04
5.224280000000000291e+04
5.242519999999999709e+04
5.231640000000000146e+04
5.220759999999999854e+04
5.204759999999999854e+04
5.223159999999999854e+04
5.218680000000000291e+04
5.216440000000000146e+04
5.189240000000000146e+04
5.193559999999999854e+04
5.175000000000000000e+04
5.193400000000000000e+04
5.195159999999999854e+04
5.181559999999999854e+04
5.192600000000000000e+04
5.178200000000000000e+04
5.205080000000000291e+04
5.197400000000000000e+04
5.212440000000000146e+04
5.229240000000000146e+04
5.242680000000000291e+04
5.248280000000000291e+04
5.262040000000000146e+04
5.272280000000000291e+04
5.276600000000000000e+04
5.305719999999999709e+04
5.308919999999999709e+04
5.315800000000000000e+04
5.300600000000000000e+04
5.291480000000000291e+04
5.318200000000000000e+04
5.319640000000000146e+04
5.312600000000000000e+04
5.323959999999999854e+04
5.325400000000000000e+04
5.334040000000000146e+04
5.325559999999999854e+04
5.341880000000000291e+04
5.294359999999999854e+04
5.323000000000000000e+04
5.323000000000000000e+04
5.305080000000000291e+04
5.316759999999999854e+04
5.324600000000000000e+04
5.329080000000000291e+04
5.321719999999999709e+04
5.307319999999999709e+04
5.327000000000000000e+04
5.340919999999999709e+04
5.309559999999999854e+04
5.335159999999999854e+04
5.317240000000000146e+04
5.335319999999999709e+04
5.313400000000000000e+04
5.309400000000000000e+04
5.296600000000000000e+04
5.297719999999999709e+04
5.291000000000000000e+04
5.300119999999999709e+04
5.293880000000000291e+04
5.291640000000000146e+04
5.295159999999999854e+04
5.287319999999999709e+04
5.292600000000000000e+04
5.287480000000000291e+04
5.270040000000000146e+04
5.282519999999999709e+04
5.291480000000000291e+04
5.290519999999999709e+04
5.317080000000000291e+04
5.296119999999999709e+04
5.310840000000000146e+04
5.323800000000000000e+04
5.331319999999999709e+04
5.329880000000000291e+04
5.334040000000000146e+04
5.322519999999999709e+04
5.330519999999999709e+04
5.330840000000000146e+04
5.345240000000000146e+04
5.345400000000000000e+04
5.336119999999999709e+04
5.333880000000000291e+04
5.328919999999999709e+04
5.331800000000000000e+04
5.319800000000000000e+04
5.313559999999999854e+04
5.324919999999999709e+04
5.303959999999999854e+04
5.325880000000000291e+04
5.309880000000000291e+04
5.311800000000000000e+04
5.332440000000000146e+04
5.323000000000000000e+04
5.327000000000000000e+04
5.330040000000000146e+04
5.335640000000000146e+04
5.326200000000000000e+04
5.329080000000000291e+04
5.323959999999999854e+04
5.325880000000000291e+04
5.312759999999999854e+04
5.316919999999999709e+04
5.336440000000000146e+04
5.325559999999999854e+04
5.334040000000000146e+04
5.310200000000000000e+04
5.316600000000000000e+04
5.294359999999999854e+04
5.305240000000000146e+04
5.284919999999999709e+04
5.287159999999999854e+04
5.282680000000000291e+04
5.267800000000000000e+04
5.255480000000000291e+04
5.263640000000000146e+04
5.289400000000000000e+04
5.283000000000000000e+04
5.291480000000000291e+04
5.276440000000000146e+04
5.270680000000000291e+04
5.278040000000000146e+04
5.259480000000000291e+04
5.252759999999999854e+04
5.242680000000000291e+04
5.225080000000000291e+04
5.205880000000000291e+04
5.210840000000000146e+04
5.230040000000000146e+04
5.221240000000000146e+04
5.218359999999999854e+04
5.209240000000000146e+04
5.184119999999999709e+04
5.208440000000000146e+04
5.196119999999999709e+04
5.192600000000000000e+04
5.195959999999999854e+04
5.213719999999999709e+04
5.204759999999999854e+04
5.220759999999999854e+04
5.226040000000000146e+04
5.228919999999999709e+04
5.245880000000000291e+04
5.213080000000000291e+04
5.217400000000000000e+04
4.443480000000000291e+04
4.475319999999999709e+04
4.575800000000000000e+04
4.726359999999999854e+04
4.854680000000000291e+04
5.020440000000000146e+04
5.133080000000000291e+04
5.254840000000000146e+04
5.364280000000000291e+04
5.467640000000000146e+04
5.556119999999999709e+04
5.614200000000000000e+04
5.679640000000000146e+04
5.732440000000000146e+04
5.762840000000000146e+04
5.805719999999999709e+04
5.827319999999999709e+04
5.836759999999999854e+04
5.818680000000000291e+04
5.835959999999999854e+04
5.847959999999999854e+04
5.851000000000000000e+04
5.842840000000000146e+04
5.870040000000000146e+04
5.861559999999999854e+04
5.894840000000000146e+04
5.842359999999999854e+04
5.844919999999999709e+04
5.848119999999999709e+04
5.832440000000000146e+04
5.831480000000000291e+04
5.839480000000000291e+04
5.845880000000000291e+04
5.824119999999999709e+04
5.829719999999999709e+04
5.843800000000000000e+04
5.819800000000000000e+04
5.833719999999999709e+04
5.824280000000000291e+04
5.824280000000000291e+04
5.810200000000000000e+04
5.803319999999999709e+04
5.787000000000000000e+04
5.784600000000000000e+04
5.791800000000000000e+04
5.797080000000000291e+04
5.802040000000000146e+04
5.792119999999999709e+04
5.779959999999999854e+04
5.768280000000000291e+04
5.760759999999999854e+04
5.752440000000000146e+04
5.736919999999999709e+04
5.739159999999999854e+04
5.723640000000000146e+04
5.733240000000000146e+04
5.719000000000000000e+04
5.738359999999999854e+04
5.720919999999999709e+04
5.732919999999999709e+04
5.695159999999999854e+04
5.697559999999999854e+04
5.700919999999999709e+04
5.694840000000000146e+04
5.707000000000000000e+04
5.695159999999999854e+04
5.672280000000000291e+04
5.676119999999999709e+04
5.694040000000000146e+04
5.714519999999999709e+04
5.710519999999999709e+04
5.724119999999999709e+04
5.723800000000000000e+04
5.730359999999999854e+04
5.737080000000000291e+04
5.739800000000000000e+04
5.737400000000000000e+04
5.723480000000000291e+04
5.738840000000000146e+04
5.707959999999999854e+04
5.730840000000000146e+04
5.727480000000000291e+04
5.738040000000000146e+04
5.741880000000000291e+04
5.751800000000000000e+04
5.743000000000000000e+04
5.743319999999999709e+04
5.740280000000000291e+04
5.726680000000000291e+04
5.758040000000000146e+04
5.748280000000000291e+04
5.735319999999999709e+04
5.740919999999999709e+04
5.750200000000000000e+04
5.765559999999999854e+04
5.763640000000000146e+04
5.754200000000000000e+04
5.757080000000000291e+04
5.750200000000000000e+04
5.743000000000000000e+04
5.761719999999999709e+04
5.734680000000000291e+04
5.738840000000000146e+04
5.709880000000000291e+04
5.727480000000000291e+04
5.718040000000000146e+04
5.718519999999999709e+04
5.733240000000000146e+04
5.724280000000000291e+04
5.711959999999999854e+04
5.718200000000000000e+04
5.724600000000000000e+04
5.722680000000000291e+04
5.709880000000000291e+04
5.701719999999999709e+04
5.699480000000000291e+04
5.710519999999999709e+04
5.725880000000000291e+04
5.724440000000000146e+04
5.722840000000000146e+04
5.743959999999999854e+04
5.729880000000000291e+04
5.758200000000000000e+04
5.747159999999999854e+04
5.740119999999999709e+04
5.740759999999999854e+04
5.749400000000000000e+04
5.753719999999999709e+04
5.737240000000000146e+04
5.741719999999999709e+04
5.745400000000000000e+04
5.741719999999999709e+04
5.749559999999999854e+04
5.733880000000000291e+04
5.735319999999999709e+04
5.751159999999999854e+04
5.737880000000000291e+04
5.698359999999999854e+04
5.732759999999999854e+04
5.717719999999999709e+04
5.711159999999999854e+04
5.715159999999999854e+04
5.718200000000000000e+04
5.728280000000000291e+04
5.716600000000000000e+04
5.714519999999999709e+04
5.702840000000000146e+04
5.711640000000000146e+04
5.712600000000000000e+04
5.704280000000000291e+04
5.707000000000000000e+04
5.707959999999999854e+04
5.709880000000000291e+04
5.705880000000000291e+04
5.700280000000000291e+04
5.681559999999999854e+04
5.690359999999999854e+04
5.700440000000000146e+04
5.702840000000000146e+04
5.693080000000000291e+04
5.701080000000000291e+04
5.707959999999999854e+04
5.690359999999999854e+04
5.668600000000000000e+04
5.661880000000000291e+04
5.667959999999999854e+04
5.697880000000000291e+04
5.702200000000000000e+04
5.736919999999999709e+04
5.743800000000000000e+04
5.750519999999999709e+04
5.752919999999999709e+04
5.735800000000000000e+04
5.738840000000000146e+04
5.724119999999999709e+04
5.741080000000000291e+04
5.741080000000000291e+04
5.718680000000000291e+04
5.743000000000000000e+04
5.742840000000000146e+04
5.740119999999999709e+04
5.744600000000000000e+04
5.723000000000000000e+04
5.734359999999999854e+04
5.756119999999999709e+04
5.730519999999999709e+04
5.749080000000000291e+04
5.751800000000000000e+04
5.725880000000000291e+04
5.722519999999999709e+04
5.738200000000000000e+04
5.734359999999999854e+04
5.732759999999999854e+04
5.749400000000000000e+04
5.738200000000000000e+04
5.726200000000000000e+04
5.752119999999999709e+04
5.762519999999999709e+04
5.759319999999999709e+04
5.746519999999999709e+04
5.739959999999999854e+04
5.713559999999999854e+04
5.739000000000000000e+04
5.727959999999999854e+04
5.724600000000000000e+04
5.758680000000000291e+04
5.734359999999999854e+04
5.722840000000000146e+04
5.711319999999999709e+04
5.729880000000000291e+04
5.719159999999999854e+04
5.721719999999999709e+04
5.724280000000000291e+04
5.706840000000000146e+04
5.707640000000000146e+04
5.703159999999999854e+04
5.739640000000000146e+04
5.743800000000000000e+04
5.765880000000000291e+04
5.753559999999999854e+04
5.748919999999999709e+04
5.754359999999999854e+04
5.745559999999999854e+04
5.740919999999999709e+04
5.744440000000000146e+04
5.739640000000000146e+04
5.739959999999999854e+04
5.744440000000000146e+04
5.754680000000000291e+04
5.740919999999999709e+04
5.741240000000000146e+04
5.739319999999999709e+04
5.744440000000000146e+04
5.739000000000000000e+04
5.721240000000000146e+04
5.721880000000000291e+04
5.747800000000000000e+04
5.728280000000000291e+04
5.721400000000000000e+04
5.723319999999999709e+04
5.730840000000000146e+04
5.733240000000000146e+04
5.761719999999999709e+04
5.746840000000000146e+04
5.751640000000000146e+04
5.758840000000000146e+04
5.729240000000000146e+04
5.734200000000000000e+04
5.734519999999999709e+04
5.747800000000000000e+04
5.725719999999999709e+04
5.726200000000000000e+04
5.753080000000000291e+04
5.739959999999999854e+04
5.735800000000000000e+04
5.720600000000000000e+04
5.722040000000000146e+04
5.740759999999999854e+04
5.721400000000000000e+04
5.725559999999999854e+04
5.723159999999999854e+04
5.692119999999999709e+04
5.690200000000000000e+04
5.726840000000000146e+04
5.773240000000000146e+04
5.786040000000000146e+04
5.810840000000000146e+04
5.823480000000000291e+04
5.825240000000000146e+04
5.841080000000000291e+04
5.850840000000000146e+04
5.851000000000000000e+04
5.865719999999999709e+04
5.865080000000000291e+04
5.858519999999999709e+04
5.857880000000000291e+04
5.847800000000000000e+04
5.873080000000000291e+04
5.868919999999999709e+04
5.868280000000000291e+04
5.889719999999999709e+04
5.878200000000000000e+04
5.892280000000000291e+04
5.891480000000000291e+04
5.880759999999999854e+04
5.870200000000000000e+04
5.871000000000000000e+04
5.869719999999999709e+04
5.885080000000000291e+04
5.889880000000000291e+04
5.886840000000000146e+04
5.881080000000000291e+04
5.889400000000000000e+04
5.887159999999999854e+04
5.882359999999999854e+04
5.904440000000000146e+04
5.881880000000000291e+04
5.891159999999999854e+04
5.888759999999999854e+04
5.877719999999999709e+04
5.868759999999999854e+04
5.860600000000000000e+04
5.870519999999999709e+04
5.882840000000000146e+04
5.895959999999999854e+04
5.897080000000000291e+04
5.880600000000000000e+04
5.874840000000000146e+04
5.868759999999999854e+04
5.863480000000000291e+04
5.862359999999999854e+04
5.860280000000000291e+04
5.880119999999999709e+04
5.885400000000000000e+04
5.875640000000000146e+04
5.867480000000000291e+04
5.877719999999999709e+04
5.869559999999999854e+04
5.883159999999999854e+04
5.864759999999999854e+04
5.847319999999999709e+04
5.873080000000000291e+04
5.863159999999999854e+04
5.840759999999999854e+04
5.851640000000000146e+04
5.848919999999999709e+04
5.861080000000000291e+04
5.857719999999999709e+04
5.862359999999999854e+04
5.854840000000000146e+04
5.843800000000000000e+04
5.849719999999999709e+04
5.851319999999999709e+04
5.853080000000000291e+04
5.844440000000000146e+04
5.846040000000000146e+04
5.841559999999999854e+04
5.832280000000000291e+04
5.849080000000000291e+04
5.840440000000000146e+04
5.838040000000000146e+04
5.837559999999999854e+04
5.825400000000000000e+04
5.841080000000000291e+04
5.819159999999999854e+04
5.839159999999999854e+04
5.818200000000000000e+04
5.825880000000000291e+04
5.820119999999999709e+04
5.817080000000000291e+04
5.827959999999999854e+04
5.830359999999999854e+04
5.823000000000000000e+04
5.817240000000000146e+04
5.805559999999999854e+04
5.814200000000000000e+04
5.792600000000000000e+04
5.789080000000000291e+04
5.795800000000000000e+04
5.777080000000000291e+04
5.767319999999999709e+04
5.781080000000000291e+04
5.823000000000000000e+04
5.810519999999999709e+04
5.831159999999999854e+04
5.859319999999999709e+04
5.835159999999999854e+04
5.831319999999999709e+04
5.851959999999999854e+04
5.844440000000000146e+04
5.849880000000000291e+04
5.846680000000000291e+04
5.859640000000000146e+04
5.868280000000000291e+04
5.856440000000000146e+04
5.855480000000000291e+04
5.849400000000000000e+04
5.834840000000000146e+04
5.847319999999999709e+04
5.852280000000000291e+04
5.851000000000000000e+04
5.839800000000000000e+04
5.833559999999999854e+04
5.845719999999999709e+04
5.858680000000000291e+04
5.849400000000000000e+04
5.851000000000000000e+04
5.837400000000000000e+04
5.841719999999999709e+04
5.851640000000000146e+04
5.870200000000000000e+04
5.848759999999999854e+04
5.848759999999999854e+04
4.630680000000000291e+04
4.709240000000000146e+04
4.833080000000000291e+04
4.961880000000000291e+04
5.108600000000000000e+04
5.220119999999999709e+04
5.390040000000000146e+04
5.487959999999999854e+04
5.611640000000000146e+04
5.695319999999999709e+04
5.769400000000000000e+04
5.832600000000000000e+04
5.880600000000000000e+04
5.963000000000000000e+04
6.001400000000000000e+04
6.046359999999999854e+04
6.046680000000000291e+04
6.051160624999999709e+04
6.120600000000000000e+04
6.142840000000000146e+04
6.144119999999999709e+04
6.142519999999999709e+04
6.159959999999999854e+04
6.180280000000000291e+04
6.161719999999999709e+04
6.127800000000000000e+04
6.122359999999999854e+04
6.119480000000000291e+04
6.098359999999999854e+04
6.073880000000000291e+04
6.083480000000000291e+04
6.069400000000000000e+04
6.074040000000000146e+04
6.055000000000000000e+04
6.040119999999999709e+04
6.026359999999999854e+04
6.009880000000000291e+04
6.000440000000000146e+04
5.993400000000000000e+04
5.952759999999999854e+04
5.934040000000000146e+04
5.928280000000000291e+04
5.911640000000000146e+04
5.893240000000000146e+04
5.902040000000000146e+04
5.866359999999999854e+04
5.867000000000000000e+04
5.846519999999999709e+04
5.851159999999999854e+04
5.836280000000000291e+04
5.823640000000000146e+04
5.821719999999999709e+04
5.799640000000000146e+04
5.761559999999999854e+04
5.735640000000000146e+04
5.737880000000000291e+04
5.735159999999999854e+04
5.716600000000000000e+04
5.682680000000000291e+04
5.678519999999999709e+04
5.662519999999999709e+04
5.623959999999999854e+04
5.627000000000000000e+04
5.620440000000000146e+04
5.594200000000000000e+04
5.573719999999999709e+04
5.604119999999999709e+04
5.613880000000000291e+04
5.608600000000000000e+04
5.602040000000000146e+04
5.641880000000000291e+04
5.624759999999999854e+04
5.615800000000000000e+04
5.607640000000000146e+04
5.573400000000000000e+04
5.580600000000000000e+04
5.572759999999999854e+04
5.569240000000000146e+04
5.556600000000000000e+04
5.554200000000000000e+04
5.533240000000000146e+04
5.554200000000000000e+04
5.539640000000000146e+04
5.548119999999999709e+04
5.540119999999999709e+04
5.525400000000000000e+04
5.516440000000000146e+04
5.511159999999999854e+04
5.490359999999999854e+04
5.484919999999999709e+04
5.481080000000000291e+04
5.468119999999999709e+04
5.462359999999999854e+04
5.435159999999999854e+04
5.468440000000000146e+04
5.449400000000000000e+04
5.482840000000000146e+04
5.475480000000000291e+04
5.442519999999999709e+04
5.436119999999999709e+04
5.430840000000000146e+04
5.426840000000000146e+04
5.444440000000000146e+04
5.444119999999999709e+04
5.434680000000000291e+04
5.422359999999999854e+04
5.415800000000000000e+04
5.424119999999999709e+04
5.417559999999999854e+04
5.425080000000000291e+04
5.404600000000000000e+04
5.403800000000000000e+04
5.388600000000000000e+04
5.399000000000000000e+04
5.406200000000000000e+04
5.416600000000000000e+04
5.438680000000000291e+04
5.429080000000000291e+04
5.412919999999999709e+04
5.429400000000000000e+04
5.423159999999999854e+04
5.417240000000000146e+04
5.430200000000000000e+04
5.423640000000000146e+04
5.431319999999999709e+04
5.411800000000000000e+04
5.387319999999999709e+04
5.408600000000000000e+04
5.414840000000000146e+04
5.388280000000000291e+04
5.378040000000000146e+04
5.368759999999999854e+04
5.340440000000000146e+04
5.331800000000000000e+04
5.325559999999999854e+04
5.325400000000000000e+04
5.335640000000000146e+04
5.312280000000000291e+04
5.316600000000000000e+04
5.315640000000000146e+04
5.326040000000000146e+04
5.320919999999999709e+04
5.318840000000000146e+04
5.319159999999999854e+04
5.302040000000000146e+04
5.297080000000000291e+04
5.299800000000000000e+04
5.294519999999999709e+04
5.289719999999999709e+04
5.276280000000000291e+04
5.272600000000000000e+04
5.280600000000000000e+04
5.277880000000000291e+04
5.278840000000000146e+04
5.261080000000000291e+04
5.258200000000000000e+04
5.252919999999999709e+04
5.257080000000000291e+04
5.262040000000000146e+04
5.257080000000000291e+04
5.258840000000000146e+04
5.251959999999999854e+04
5.248919999999999709e+04
5.266519999999999709e+04
5.283159999999999854e+04
5.290840000000000146e+04
5.283000000000000000e+04
5.289080000000000291e+04
5.286680000000000291e+04
5.299319999999999709e+04
5.314359999999999854e+04
5.315640000000000146e+04
5.308119999999999709e+04
5.310680000000000291e+04
5.279640000000000146e+04
5.282200000000000000e+04
5.292759999999999854e+04
5.289719999999999709e+04
5.287800000000000000e+04
5.264919999999999709e+04
5.287959999999999854e+04
5.281080000000000291e+04
5.273080000000000291e+04
5.284759999999999854e+04
5.276600000000000000e+04
5.298040000000000146e+04
5.291959999999999854e+04
5.293559999999999854e+04
5.279959999999999854e+04
5.300600000000000000e+04
5.304280000000000291e+04
5.295319999999999709e+04
5.276280000000000291e+04
5.280280000000000291e+04
5.278359999999999854e+04
5.296280000000000291e+04
5.288919999999999709e+04
5.313400000000000000e+04
5.274040000000000146e+04
5.266359999999999854e+04
5.275640000000000146e+04
5.275159999999999854e+04
5.267159999999999854e+04
5.281400000000000000e+04
5.283640000000000146e+04
5.280119999999999709e+04
5.270840000000000146e+04
5.287480000000000291e+04
5.259000000000000000e+04
5.249080000000000291e+04
5.253400000000000000e+04
5.268759999999999854e+04
5.262040000000000146e+04
5.297719999999999709e+04
5.285559999999999854e+04
5.297400000000000000e+04
5.287959999999999854e+04
5.276919999999999709e+04
5.281719999999999709e+04
5.298200000000000000e+04
5.310519999999999709e+04
5.299959999999999854e+04
5.309400000000000000e+04
5.312919999999999709e+04
5.319159999999999854e+04
5.311959999999999854e+04
5.312440000000000146e+04
5.299959999999999854e+04
5.304759999999999854e+04
5.286200000000000000e+04
5.282840000000000146e+04
5.288600000000000000e+04
5.304600000000000000e+04
5.292759999999999854e+04
5.287959999999999854e+04
5.280600000000000000e+04
5.285240000000000146e+04
5.284600000000000000e+04
5.290200000000000000e+04
5.286200000000000000e+04
5.289240000000000146e+04
5.304280000000000291e+04
5.290840000000000146e+04
5.294200000000000000e+04
5.289880000000000291e+04
5.324600000000000000e+04
5.303800000000000000e+04
5.281240000000000146e+04
5.280919999999999709e+04
5.286040000000000146e+04
5.294519999999999709e+04
5.273559999999999854e+04
5.295640000000000146e+04
5.295319999999999709e+04
5.284440000000000146e+04
5.274680000000000291e+04
5.270359999999999854e+04
5.274840000000000146e+04
5.265400000000000000e+04
5.266680000000000291e+04
5.241240000000000146e+04
5.247640000000000146e+04
5.260119999999999709e+04
5.252600000000000000e+04
5.281880000000000291e+04
5.321080000000000291e+04
5.326200000000000000e+04
5.353880000000000291e+04
5.334200000000000000e+04
5.305719999999999709e+04
5.337719999999999709e+04
5.353719999999999709e+04
5.348600000000000000e+04
5.335800000000000000e+04
5.365240000000000146e+04
5.355959999999999854e+04
5.351319999999999709e+04
5.354200000000000000e+04
5.355000000000000000e+04
5.359640000000000146e+04
5.369559999999999854e+04
5.353719999999999709e+04
5.359159999999999854e+04
5.370519999999999709e+04
5.356280000000000291e+04
5.361719999999999709e+04
5.383640000000000146e+04
5.365559999999999854e+04
5.364919999999999709e+04
5.382519999999999709e+04
5.382359999999999854e+04
5.370200000000000000e+04
5.362519999999999709e+04
5.360600000000000000e+04
5.359959999999999854e+04
5.364280000000000291e+04
5.364119999999999709e+04
5.370200000000000000e+04
5.364280000000000291e+04
5.346359999999999854e+04
5.345400000000000000e+04
5.354040000000000146e+04
5.334680000000000291e+04
5.327800000000000000e+04
5.325080000000000291e+04
5.346840000000000146e+04
5.340600000000000000e+04
5.350200000000000000e+04
5.342840000000000146e+04
5.327000000000000000e+04
5.313559999999999854e+04
5.350680000000000291e+04
5.334200000000000000e+04
5.358519999999999709e+04
5.340759999999999854e+04
5.348919999999999709e+04
5.351959999999999854e+04
5.345080000000000291e+04
5.346200000000000000e+04
5.345880000000000291e+04
5.358840000000000146e+04
5.337719999999999709e+04
5.361719999999999709e+04
5.365719999999999709e+04
5.341559999999999854e+04
5.341080000000000291e+04
5.351800000000000000e+04
5.361080000000000291e+04
5.353719999999999709e+04
5.345719999999999709e+04
5.336440000000000146e+04
5.349400000000000000e+04
5.332759999999999854e+04
5.332119999999999709e+04
5.352280000000000291e+04
5.358200000000000000e+04
5.363640000000000146e+04
5.368919999999999709e+04
5.359640000000000146e+04
5.353240000000000146e+04
5.361240000000000146e+04
5.355640000000000146e+04
5.355800000000000000e+04
5.343959999999999854e+04
5.345080000000000291e+04
5.343959999999999854e+04
5.335640000000000146e+04
5.359319999999999709e+04
5.359319999999999709e+04
5.343159999999999854e+04
5.338680000000000291e+04
5.315640000000000146e+04
5.327319999999999709e+04
5.323319999999999709e+04
5.330680000000000291e+04
5.333240000000000146e+04
5.343000000000000000e+04
5.356600000000000000e+04
5.331640000000000146e+04
5.338359999999999854e+04
5.360280000000000291e+04
5.363640000000000146e+04
5.373400000000000000e+04
5.373080000000000291e+04
5.365240000000000146e+04
5.395319999999999709e+04
5.383959999999999854e+04
5.384119999999999709e+04
5.387319999999999709e+04
5.385240000000000146e+04
5.400440000000000146e+04
5.382040000000000146e+04
5.386840000000000146e+04
5.379000000000000000e+04
5.395159999999999854e+04
5.385559999999999854e+04
5.398359999999999854e+04
5.395319999999999709e+04
5.376759999999999854e+04
5.383319999999999709e+04
5.390359999999999854e+04
5.381559999999999854e+04
5.378040000000000146e+04
5.381400000000000000e+04
5.387800000000000000e+04
5.384280000000000291e+04
5.387800000000000000e+04
5.355319999999999709e+04
5.370519999999999709e+04
5.393080000000000291e+04
5.360919999999999709e+04
5.360919999999999709e+04
4.947959999999999854e+04
5.011959999999999854e+04
5.121559999999999854e+04
5.260440000000000146e+04
5.407000000000000000e+04
5.575800000000000000e+04
5.675959999999999854e+04
5.788759999999999854e+04
5.903000000000000000e+04
6.019800000000000000e+04
6.090359999999999854e+04
6.036441874999999709e+04
6.043482499999999709e+04
5.894365625000000000e+04
5.621250624999999854e+04
5.326536250000000291e+04
5.344936250000000291e+04
5.013421875000000000e+04
5.211818750000000000e+04
4.718706874999999854e+04
4.799025624999999854e+04
4.931503749999999854e+04
4.303353749999999854e+04
4.235515000000000146e+04
3.990078749999999854e+04
4.065757499999999709e+04
4.099356874999999854e+04
4.307673750000000291e+04
4.541269999999999709e+04
4.659348124999999709e+04
4.807025624999999854e+04
4.763346250000000146e+04
5.307817500000000291e+04
5.269578125000000000e+04
5.647491874999999709e+04
5.979166249999999854e+04
6.062364375000000291e+04
6.224121875000000000e+04
6.014844999999999709e+04
6.115643125000000146e+04
6.003164375000000291e+04
6.062523750000000291e+04
6.114042500000000291e+04
6.212600624999999854e+04
6.199640625000000000e+04
6.170200624999999854e+04
6.207480000000000291e+04
6.202200000000000000e+04
6.182040000000000146e+04
6.159959999999999854e+04
6.131159999999999854e+04
6.137719999999999709e+04
6.129880000000000291e+04
6.108119999999999709e+04
6.100119999999999709e+04
6.094519999999999709e+04
6.082519999999999709e+04
6.083159999999999854e+04
6.063319999999999709e+04
6.037719999999999709e+04
6.016119999999999709e+04
5.997559999999999854e+04
5.987159999999999854e+04
5.984919999999999709e+04
5.976600000000000000e+04
5.983480000000000291e+04
5.998680000000000291e+04
5.983159999999999854e+04
5.969240000000000146e+04
5.979480000000000291e+04
5.967159999999999854e+04
5.974840000000000146e+04
5.970200000000000000e+04
5.983319999999999709e+04
5.950359999999999854e+04
5.930680000000000291e+04
5.928440000000000146e+04
5.925880000000000291e+04
5.916440000000000146e+04
5.906519999999999709e+04
5.880759999999999854e+04
5.901719999999999709e+04
5.882519999999999709e+04
5.875159999999999854e+04
5.893719999999999709e+04
5.870680000000000291e+04
5.866359999999999854e+04
5.863640000000000146e+04
5.847319999999999709e+04
5.850519999999999709e+04
5.855800000000000000e+04
5.830359999999999854e+04
5.830680000000000291e+04
5.831800000000000000e+04
5.820600000000000000e+04
5.825080000000000291e+04
5.807959999999999854e+04
5.817559999999999854e+04
5.808919999999999709e+04
5.819640000000000146e+04
5.781719999999999709e+04
5.783159999999999854e+04
5.771159999999999854e+04
5.792280000000000291e+04
5.795959999999999854e+04
5.785880000000000291e+04
5.785559999999999854e+04
5.771319999999999709e+04
5.761559999999999854e+04
5.757400000000000000e+04
5.752600000000000000e+04
5.734200000000000000e+04
5.736600000000000000e+04
5.733400000000000000e+04
5.757240000000000146e+04
5.749080000000000291e+04
5.746840000000000146e+04
5.768280000000000291e+04
5.725240000000000146e+04
5.738840000000000146e+04
5.728280000000000291e+04
5.728440000000000146e+04
5.735640000000000146e+04
5.734200000000000000e+04
5.713559999999999854e+04
5.705559999999999854e+04
5.709719999999999709e+04
5.710840000000000146e+04
5.691640000000000146e+04
5.713559999999999854e+04
5.701080000000000291e+04
5.709080000000000291e+04
5.693880000000000291e+04
5.698359999999999854e+04
5.701880000000000291e+04
5.677400000000000000e+04
5.684119999999999709e+04
5.676440000000000146e+04
5.681559999999999854e+04
5.681240000000000146e+04
5.662040000000000146e+04
5.658359999999999854e+04
5.661880000000000291e+04
5.668600000000000000e+04
5.654040000000000146e+04
5.656919999999999709e+04
5.661400000000000000e+04
5.653240000000000146e+04
5.662680000000000291e+04
5.625080000000000291e+04
5.632600000000000000e+04
5.614040000000000146e+04
5.607640000000000146e+04
5.604759999999999854e+04
5.594840000000000146e+04
5.608119999999999709e+04
5.607159999999999854e+04
5.595959999999999854e+04
5.616919999999999709e+04
5.588280000000000291e+04
5.587159999999999854e+04
5.577240000000000146e+04
5.593880000000000291e+04
5.595480000000000291e+04
5.613880000000000291e+04
5.621080000000000291e+04
5.604600000000000000e+04
5.620280000000000291e+04
5.642680000000000291e+04
5.618359999999999854e+04
5.611480000000000291e+04
5.624600000000000000e+04
5.615800000000000000e+04
5.614040000000000146e+04
5.615959999999999854e+04
5.611159999999999854e+04
5.603159999999999854e+04
5.615480000000000291e+04
5.626680000000000291e+04
5.619640000000000146e+04
5.631000000000000000e+04
5.608440000000000146e+04
5.611480000000000291e+04
5.612919999999999709e+04
5.611000000000000000e+04
5.598359999999999854e+04
5.596280000000000291e+04
5.604600000000000000e+04
5.608759999999999854e+04
5.613719999999999709e+04
5.606040000000000146e+04
5.599159999999999854e+04
5.620600000000000000e+04
5.608759999999999854e+04
5.608440000000000146e+04
5.611319999999999709e+04
5.604759999999999854e+04
5.597240000000000146e+04
5.596919999999999709e+04
5.614359999999999854e+04
5.589080000000000291e+04
5.572440000000000146e+04
5.573400000000000000e+04
5.572759999999999854e+04
5.563159999999999854e+04
5.571480000000000291e+04
5.570359999999999854e+04
5.542680000000000291e+04
5.542680000000000291e+04
5.557559999999999854e+04
5.544119999999999709e+04
5.556919999999999709e+04
5.554840000000000146e+04
5.543640000000000146e+04
5.547480000000000291e+04
5.547480000000000291e+04
5.546840000000000146e+04
5.544600000000000000e+04
5.559480000000000291e+04
5.573240000000000146e+04
5.573240000000000146e+04
5.560759999999999854e+04
5.571000000000000000e+04
