0.000000000000000000e+00
7.602499999999996483e+00
8.674648437499998366e+00
7.344375000000003872e+00
8.260585937500007248e+00
9.361093749999991331e+00
6.173398437500002167e+00
7.827343749999999822e+00
6.589648437500000178e+00
8.812343750000003695e+00
7.936874999999997904e+00
7.382460937499996767e+00
7.502773437500005471e+00
6.212343749999987175e+00
7.027773437500004938e+00
6.574648437500002274e+00
7.624960937499997371e+00
6.974648437500002629e+00
6.228710937499999822e+00
7.175585937500000178e+00
8.267148437500001279e+00
6.670273437500002345e+00
7.024375000000001812e+00
9.837148437499996234e+00
7.429648437499996483e+00
7.956093749999998188e+00
1.081000000000001826e+01
9.154648437500005898e+00
7.950000000000000178e+00
7.846523437499994813e+00
7.193593750000007780e+00
6.553710937500000000e+00
6.973593750000003588e+00
6.517343750000003766e+00
7.437343749999986819e+00
6.902499999999996305e+00
7.027773437500004938e+00
7.251523437500006608e+00
8.271874999999999645e+00
7.561874999999995239e+00
7.227343750000000178e+00
7.512343749999989662e+00
7.557460937499992149e+00
6.814999999999993285e+00
7.536093750000001812e+00
7.289023437500008029e+00
7.293398437499988063e+00
7.577773437500001208e+00
7.156874999999990550e+00
8.549843750000004405e+00
7.923593749999993108e+00
7.044960937499991971e+00
7.863085937500000178e+00
8.889023437500004121e+00
8.237460937499990976e+00
9.357460937499990195e+00
8.612148437500012577e+00
8.549960937499999858e+00
7.690273437500001030e+00
7.742343749999996305e+00
8.769374999999994813e+00
6.449023437500000178e+00
6.897499999999989306e+00
5.736093750000000213e+00
7.707460937499996945e+00
7.762460937499997549e+00
6.784374999999999822e+00
6.144375000000004583e+00
7.396874999999999645e+00
6.812500000000000000e+00
6.870273437500010516e+00
6.961093749999998082e+00
6.577773437500006537e+00
6.134375000000000355e+00
6.885000000000013998e+00
8.123398437499997016e+00
7.359375000000000000e+00
7.352499999999994706e+00
8.941835937499988063e+00
1.116996093750000973e+01
9.034335937500001634e+00
7.612343749999989306e+00
7.411093749999993818e+00
8.281093749999987708e+00
6.958593750000000355e+00
8.824999999999999289e+00
8.509375000000000355e+00
8.312148437500002984e+00
7.523085937499997655e+00
9.385585937500005471e+00
8.102343749999999289e+00
6.029335937499997300e+00
6.864023437500006430e+00
6.945273437500004476e+00
6.489648437499999645e+00
6.123085937500007070e+00
6.699843749999989662e+00
6.681875000000009557e+00
7.012148437500004050e+00
7.668593750000011866e+00
6.821835937500000391e+00
7.524023437500000355e+00
8.974960937499997016e+00
1.022437499999999133e+01
9.348085937499998721e+00
8.079843749999998437e+00
8.498398437499993463e+00
7.156210937499997371e+00
7.981093749999986997e+00
7.662343750000002451e+00
8.088710937499993037e+00
7.389843749999999822e+00
7.710898437499996483e+00
9.024648437499992681e+00
8.883593749999999289e+00
1.074750000000001116e+01
1.321089843749998671e+01
2.040277343749997385e+01
2.069121093749999929e+01
2.838609374999998636e+01
2.850687500000000085e+01
3.901234375000001364e+01
4.615937499999999716e+01
3.696734375000000483e+01
7.433298018240932379e+02
1.086890021032691038e+03
7.046487043198942956e+03
6.982814794968966453e+03
7.824742775514132518e+03
9.619376838490958107e+03
1.119054429551065004e+04
1.310775617766380310e+04
1.487093923224449463e+04
1.529027342666626464e+04
1.402772390972137509e+04
1.520406975778341257e+04
1.263186686652898788e+04
1.316503603687227587e+04
1.361064416228293885e+04
1.399831863839088510e+04
1.400884066109597552e+04
1.408969396343231165e+04
1.396074786171854430e+04
1.504311121768713019e+04
1.547231799482763381e+04
1.527865722177266980e+04
1.547910164168775009e+04
1.539348136212289137e+04
1.367765742342413250e+04
1.280939796001374089e+04
1.082409801291466647e+04
8.470809676148894141e+03
8.361839054811000096e+03
5.581737354888919072e+03
7.606685900925995156e+03
5.523962042388911868e+03
6.085243647763724766e+03
3.557544241616727049e+03
1.135538832067847125e+03
1.221058593750000298e+01
3.885130616182089511e+02
1.387984375000001158e+01
3.839802988618612289e+02
1.191683593750000369e+01
1.377359374999999808e+01
1.121734375000000128e+01
1.121683593749999375e+01
8.399375000000004476e+00
1.331246093749998316e+01
1.335433593749999659e+01
1.471859374999998593e+01
1.347359374999999559e+01
1.496402343749999453e+01
1.419859374999999169e+01
1.869839843749998920e+01
1.426499999999999524e+01
9.912499999999999645e+00
8.627500000000001279e+00
1.220999999999999908e+01
9.261093749999989910e+00
1.007871093750000036e+01
1.323246093750000263e+01
1.131246093749999382e+01
1.106527343749999304e+01
8.535898437499993108e+00
1.054859374999999133e+01
1.000902343749999091e+01
9.697500000000010445e+00
9.909335937500003411e+00
9.893398437500000142e+00
8.536875000000000213e+00
1.056308593750000036e+01
1.299746093749999964e+01
1.173999999999999666e+01
8.976523437500000924e+00
9.574843749999992326e+00
1.164609375000000036e+01
9.593593750000003695e+00
8.786093749999993818e+00
1.011621093750000000e+01
9.648085937500004761e+00
1.534984375000000156e+01
1.082499999999999929e+01
1.120249999999998991e+01
1.389359374999999019e+01
1.152652343750000341e+01
1.540464843750001833e+01
1.294371093750000412e+01
1.275937500000000036e+01
1.175609375000000867e+01
1.272187500000000071e+01
1.345937499999999964e+01
1.579984374999999730e+01
1.437089843749999929e+01
1.396402343749999986e+01
1.369234375000001158e+01
1.439496093749998806e+01
1.110687499999999694e+01
9.425000000000000711e+00
1.548609375000000377e+01
1.163964843750000000e+01
9.442343749999999147e+00
1.021109374999999808e+01
1.222749999999999915e+01
1.354902343750000071e+01
1.507984375000000021e+01
1.190933593749999631e+01
9.935898437499993463e+00
9.512148437499996945e+00
1.027109375000000036e+01
9.472500000000001918e+00
9.159375000000000711e+00
8.203085937500002700e+00
8.399375000000000924e+00
9.434335937500001990e+00
1.063609374999999702e+01
1.113687499999999986e+01
9.804648437499990266e+00
8.847500000000009024e+00
1.073246093749999552e+01
1.454214843749998565e+01
9.987500000000000711e+00
9.759335937499999503e+00
8.356210937499993108e+00
1.491859374999999055e+01
1.099996093749999559e+01
1.165214843749999929e+01
1.067749999999999844e+01
1.234859375000000270e+01
1.007750000000000590e+01
9.595273437500001279e+00
1.201234374999999410e+01
1.061859374999998629e+01
8.611875000000008384e+00
1.268109374999997918e+01
8.991835937499988773e+00
8.843710937499997371e+00
7.824375000000003411e+00
8.741210937500000000e+00
7.509023437499992681e+00
8.854648437499992752e+00
9.577773437500002984e+00
9.996093750000000000e+00
1.299746093749999964e+01
1.023187499999999162e+01
9.454843750000007319e+00
1.078902343749999382e+01
8.277773437499998721e+00
1.121937500000000298e+01
1.037714843750000071e+01
1.088734374999999588e+01
1.221214843750000689e+01
8.749375000000004121e+00
9.360000000000004761e+00
9.988710937500009379e+00
1.277749999999999986e+01
1.039859374999999986e+01
9.793593749999990550e+00
1.105000000000000071e+01
1.026109374999998991e+01
1.404964843749999126e+01
1.236500000000000021e+01
1.343402343749999694e+01
1.354214843749998920e+01
1.156058593749999908e+01
1.336859375000001116e+01
1.148808593749999929e+01
1.190527343750000000e+01
1.060277343750000156e+01
1.319609374999999929e+01
1.192749999999999133e+01
9.715585937500005542e+00
1.123746093749999275e+01
9.418593750000002984e+00
1.084234375000001194e+01
1.082250000000000156e+01
1.155527343750000036e+01
1.222109374999999964e+01
1.030214843749999964e+01
1.478402343750000547e+01
1.442984375000000696e+01
1.064750000000000973e+01
1.468109375000001293e+01
1.159808593749999694e+01
1.483433593749999524e+01
1.133121093749999986e+01
1.227964843749999879e+01
9.821523437500001563e+00
1.291234374999999979e+01
1.308359375000000036e+01
1.250687500000000441e+01
1.126000000000000156e+01
1.026371093750000263e+01
1.310746093749999730e+01
1.054121093750000071e+01
9.251210937499990905e+00
1.027437500000000448e+01
1.187777343749999304e+01
1.058902343749999453e+01
1.091871093749999133e+01
1.594984375000000831e+01
1.031187500000000590e+01
1.167109375000000071e+01
1.226734375000000021e+01
1.027109375000000036e+01
9.101210937500002984e+00
1.127750000000001229e+01
1.327484374999999694e+01
1.229964843749998771e+01
1.433808593750000071e+01
1.095687500000000369e+01
1.002734375000000000e+01
1.271246093749999773e+01
1.385250000000000981e+01
1.493714843750000831e+01
1.603746093749997925e+01
1.594984374999998522e+01
1.360308593750000838e+01
1.553687500000001442e+01
1.615249999999999275e+01
1.351484375000000071e+01
1.230000000000000071e+01
1.265687500000000476e+01
1.568750000000000000e+01
1.514277343750000071e+01
1.519234375000000625e+01
1.585121093749999588e+01
1.498734374999998842e+01
1.326371093750001151e+01
1.551058593749998771e+01
1.372621093749999943e+01
1.441234374999998558e+01
1.338687499999999808e+01
1.436250000000000071e+01
1.449496093749998771e+01
1.033984375000000000e+01
1.422183593749999808e+01
1.684234374999999773e+01
1.539984374999999162e+01
1.054859374999998423e+01
1.313433593750000306e+01
1.502734375000000000e+01
1.284937500000000554e+01
1.188496093750000071e+01
1.275859374999999929e+01
1.082464843749999339e+01
9.686093749999988844e+00
1.364527343750001442e+01
1.069437500000000441e+01
1.152933593750000085e+01
1.220484374999999311e+01
1.237484375000000014e+01
1.148089843750000583e+01
1.327964843750000590e+01
1.391246093749999702e+01
1.522984375000000945e+01
1.696777343750000000e+01
1.256937499999999019e+01
1.347749999999998671e+01
1.372734374999999929e+01
1.311246093749999986e+01
1.233714843750000689e+01
1.290000000000000036e+01
1.071527343749999694e+01
1.213687500000001052e+01
1.426058593749999659e+01
1.457183593749999417e+01
1.216996093749999375e+01
1.045121093750001151e+01
1.111250000000000071e+01
1.360308593750001194e+01
1.466734375000001478e+01
1.289808593749999943e+01
1.422621093749999410e+01
1.455464843750000625e+01
1.323187499999998806e+01
1.550484375000000625e+01
1.789687500000000142e+01
1.057464843749998806e+01
1.190902343750000192e+01
1.011558593750000767e+01
1.189808593750000121e+01
1.318121093750000128e+01
1.305933593750000021e+01
1.311937499999999446e+01
1.453999999999999737e+01
1.292777343750000263e+01
1.306250000000000000e+01
1.113187500000000441e+01
1.520152343749999524e+01
1.411996093750000725e+01
1.020433593749998913e+01
1.096499999999998920e+01
1.115609374999998238e+01
9.628085937500012292e+00
1.015746093750000867e+01
1.177621093750001258e+01
1.045249999999999879e+01
9.349648437499997300e+00
1.100933593749999773e+01
1.116996093750000263e+01
1.016714843749999986e+01
1.103734374999999801e+01
1.171683593749999197e+01
1.127359374999999275e+01
1.117734375000000036e+01
1.296187500000000270e+01
9.702148437500000000e+00
1.140996093749999929e+01
1.194687500000000036e+01
1.402871093749999964e+01
1.185859375000000071e+01
1.452109375000000036e+01
1.342027343750001123e+01
1.303734374999999446e+01
1.728109374999998238e+01
1.277152343749999375e+01
1.365484375000000128e+01
1.550902343749999623e+01
1.386234374999999908e+01
1.430609375000001293e+01
1.298871093750000760e+01
1.578496093749999929e+01
1.272871093750000071e+01
1.409937500000000909e+01
1.380277343749998842e+01
1.368871093750000867e+01
1.195839843749999964e+01
1.236937500000000867e+01
1.226558593750000981e+01
1.153187499999999410e+01
1.216937499999998806e+01
1.154371093749999844e+01
1.268121093750000128e+01
1.218109375000000227e+01
1.200249999999998352e+01
1.055777343750000163e+01
1.147152343750000014e+01
1.435058593750000000e+01
1.402808593750001442e+01
1.243734374999999304e+01
1.125234374999999964e+01
1.135464843750000696e+01
1.208589843750000270e+01
1.522437500000001442e+01
1.552750000000001407e+01
1.301499999999998103e+01
1.272496093749998636e+01
1.126234374999999943e+01
1.133089843750000725e+01
1.178433593749999986e+01
1.465000000000000036e+01
1.526996093750001293e+01
1.375859374999999929e+01
1.386714843750001158e+01
1.362402343750000000e+01
1.079589843750000000e+01
1.318187499999999091e+01
1.166152343749999964e+01
1.665609374999998593e+01
1.269496093750001364e+01
1.344750000000001577e+01
1.145058593749999964e+01
1.296234374999999694e+01
1.051714843750000306e+01
1.024937500000000234e+01
1.283109374999998309e+01
1.019214843749999133e+01
1.061527343750000618e+01
1.025058593750000036e+01
1.104750000000001187e+01
1.260687499999998984e+01
1.096484375000000000e+01
1.216499999999998671e+01
1.253687499999998778e+01
1.428609375000000270e+01
1.419999999999999929e+01
1.109937500000000199e+01
1.317750000000001265e+01
1.071109374999998742e+01
9.281835937500000355e+00
1.101777343750000071e+01
1.017777343750000441e+01
1.225683593750000000e+01
1.303277343750001549e+01
1.576187500000000341e+01
1.310609374999998522e+01
1.310609374999998522e+01
1.039277343750000071e+01
1.353687499999999844e+01
1.677187500000000142e+01
1.965250000000000696e+01
3.802750000000000341e+01
3.278609374999999204e+01
4.554839843749999062e+01
4.039027343749999233e+01
1.406160974493025151e+03
4.755070860671397895e+03
5.675659283139711079e+03
6.317259874715805381e+03
8.137134665531511018e+03
1.053283572964132327e+04
1.254142526866852495e+04
1.368654720742165227e+04
1.526073624709844626e+04
1.507249364087819959e+04
1.470569706420898365e+04
1.362389548067509531e+04
1.334488590754926008e+04
1.402338379741668177e+04
1.336651374232709713e+04
1.410226354595184057e+04
1.015825185949265506e+04
8.421916570069795853e+03
1.137627680334985416e+04
8.971421535406110706e+03
1.235718978575707297e+04
1.457191353751182396e+04
1.522007893686057105e+04
1.542756617201805602e+04
1.507733843146322761e+04
1.448565889667927695e+04
1.304497619461060094e+04
1.301373403640745892e+04
8.700192177433362303e+03
8.914511661138540148e+03
8.325266990602016449e+03
9.144784821600307623e+03
7.050542626556753930e+03
7.745166486320495096e+03
6.403611900705695007e+03
6.907083641571395674e+03
4.512956615518930448e+03
2.519421490811705098e+03
3.222506395768522452e+03
1.117413363928199033e+03
1.467715631475448845e+03
1.112383451818824142e+03
3.814505219453573091e+02
3.758781342500449227e+02
1.203871093749999410e+01
1.086500000000000377e+01
1.102187499999999964e+01
1.228984374999999929e+01
1.311996093749999304e+01
1.637652343750001194e+01
3.759458347505329243e+02
1.644437499999999375e+01
1.483984375000000000e+01
1.844339843749999019e+01
1.338121093750000412e+01
2.066996093749999730e+01
1.732984375000000909e+01
1.205152343749999844e+01
1.584859374999997783e+01
1.214371093749998565e+01
1.275902343749999091e+01
1.105152343749999666e+01
1.205152343749999133e+01
1.149359375000001116e+01
1.210589843750000583e+01
1.093609375000000128e+01
9.524843749999993392e+00
1.438027343749999964e+01
1.053187500000001009e+01
1.403871093749998877e+01
1.237246093749999964e+01
9.697500000000005116e+00
9.757460937499999432e+00
7.659374999999999822e+00
9.455898437499996589e+00
1.212621093750001222e+01
1.316000000000000192e+01
1.353999999999999737e+01
9.887460937499993108e+00
9.660898437499998437e+00
1.122464843749999552e+01
8.547500000000006537e+00
9.332773437500005542e+00
7.251523437499999503e+00
8.658593749999999645e+00
9.610585937499999787e+00
8.377499999999999503e+00
9.749843750000003695e+00
1.125937500000000036e+01
9.812460937499992042e+00
1.022339843749999133e+01
8.761875000000005187e+00
9.081874999999994813e+00
8.458593750000000355e+00
1.006402343750000661e+01
8.217343750000006608e+00
8.377148437500000711e+00
9.349843750000001563e+00
9.359335937500000924e+00
1.323500000000000476e+01
1.479984374999999019e+01
1.164027343749999588e+01
1.019589843750000036e+01
1.125152343750000838e+01
1.032464843749999872e+01
8.719374999999999432e+00
7.370273437500003411e+00
8.081835937499999289e+00
8.134023437500001563e+00
6.146093750000000355e+00
1.034277343750000000e+01
8.443398437499997300e+00
9.824374999999999858e+00
8.154843750000008384e+00
8.394960937499996945e+00
8.791210937500000711e+00
1.033496093750000000e+01
8.535000000000003695e+00
1.000527343749999964e+01
9.041835937499987708e+00
9.001210937500001563e+00
9.417343750000004121e+00
8.835000000000004405e+00
1.007777343749999943e+01
1.008500000000000441e+01
1.081464843750000071e+01
9.728085937500008384e+00
8.590585937500003766e+00
9.537499999999999645e+00
7.711875000000004476e+00
8.048085937500006892e+00
8.249648437499994102e+00
9.030898437499999432e+00
1.006484374999999964e+01
9.439648437500000711e+00
7.812343749999994813e+00
7.504335937499990727e+00
7.229843750000005898e+00
7.404648437499997904e+00
7.578710937500000355e+00
7.815273437500001918e+00
9.154648437500000568e+00
1.058734375000000227e+01
1.014937499999999915e+01
9.906874999999983444e+00
9.386093749999991687e+00
8.529843750000008384e+00
8.398593749999985647e+00
8.181874999999990905e+00
8.761093749999989910e+00
9.399648437499992681e+00
7.602148437500000355e+00
7.773593749999991864e+00
8.906210937499988489e+00
9.303085937500011227e+00
7.637500000000000178e+00
8.462500000000000355e+00
9.829843750000003766e+00
7.631835937500000000e+00
7.566835937499986287e+00
9.252500000000001279e+00
7.518398437499992149e+00
8.349375000000000213e+00
7.412343749999989129e+00
1.039859374999998209e+01
7.900000000000000355e+00
8.411875000000003766e+00
6.874843749999996589e+00
7.914999999999994706e+00
8.784023437499994813e+00
8.814999999999992397e+00
7.468593749999982379e+00
7.699960937499993108e+00
8.490273437500004405e+00
7.436874999999998792e+00
8.506093750000003340e+00
9.127500000000006608e+00
8.221523437499998366e+00
8.529843750000010161e+00
9.969375000000002984e+00
9.432773437500012292e+00
1.232152343750000156e+01
8.209023437499990195e+00
8.652500000000001634e+00
7.634375000000000355e+00
7.523085937500002096e+00
7.334374999999999645e+00
8.369375000000005116e+00
8.278710937499999645e+00
8.382460937500006537e+00
7.865000000000013536e+00
9.037460937500000568e+00
9.635000000000003340e+00
8.501210937499994458e+00
9.398085937500002984e+00
8.512460937499994884e+00
9.849843749999999787e+00
8.996523437499998721e+00
8.277499999999989200e+00
8.222500000000009024e+00
8.921835937499997371e+00
8.549375000000004832e+00
9.060000000000005826e+00
9.044960937500002629e+00
8.636875000000003411e+00
9.676523437499998437e+00
9.165585937500004832e+00
8.639999999999997016e+00
8.523085937500004761e+00
9.765585937500009805e+00
8.162343749999990905e+00
8.721523437499993037e+00
9.837460937499995950e+00
9.060585937499999076e+00
8.023085937500002984e+00
7.604648437499998970e+00
8.349023437499999645e+00
8.420898437500000000e+00
8.261523437499999289e+00
7.841835937499986642e+00
8.221835937499996305e+00
8.121523437499991616e+00
8.634023437499994458e+00
8.572500000000005116e+00
8.938710937500008669e+00
7.871523437499992504e+00
8.728085937500008384e+00
9.287343750000001563e+00
9.037148437500002629e+00
8.615273437499999076e+00
1.026621093750000036e+01
9.179648437499992042e+00
7.148593749999991864e+00
7.015273437500002096e+00
8.193593749999990905e+00
6.544960937499993747e+00
7.460000000000006182e+00
6.815585937500001634e+00
6.673593749999992220e+00
8.101523437499988489e+00
6.423593750000000213e+00
6.846523437499993925e+00
7.589648437500000178e+00
8.493710937500003055e+00
7.696875000000000355e+00
8.056874999999998010e+00
7.806874999999993570e+00
6.971835937500010516e+00
8.154843750000003055e+00
7.263085937499999645e+00
8.227500000000004476e+00
8.102499999999992042e+00
8.860000000000002984e+00
7.884023437499996234e+00
8.748593749999997726e+00
8.899375000000009805e+00
7.988085937500000178e+00
9.962500000000000355e+00
8.302148437499999645e+00
9.851210937500008313e+00
7.935585937500005294e+00
9.150585937500000711e+00
9.144960937500000497e+00
1.162484375000000192e+01
8.762343749999995879e+00
9.396093750000000355e+00
1.064183593749999091e+01
9.656093750000001918e+00
9.137460937499993108e+00
8.286875000000010871e+00
9.640585937500006253e+00
8.693593750000008669e+00
7.777773437499999609e+00
1.214652343750000085e+01
1.059750000000000902e+01
9.393593750000011511e+00
8.543398437499988063e+00
9.415273437499996234e+00
8.987460937499999858e+00
8.231835937499999645e+00
9.998593750000001279e+00
9.194960937499994102e+00
7.901210937500003695e+00
8.314023437499997726e+00
9.642773437500000711e+00
1.065859374999999964e+01
9.534375000000000711e+00
1.229902343750000071e+01
9.243593750000005826e+00
8.981093749999995879e+00
7.724843750000000675e+00
9.926523437500005542e+00
9.798593749999996660e+00
1.179996093749999631e+01
9.712343749999993392e+00
9.868593749999993392e+00
9.941835937499995168e+00
8.931874999999999787e+00
8.836875000000002700e+00
9.055898437499999787e+00
9.154335937499990195e+00
7.949843749999994102e+00
8.279843750000008384e+00
9.456874999999998366e+00
7.812343749999998366e+00
9.836093749999992752e+00
9.831093749999990195e+00
8.454843750000009095e+00
8.274843749999993392e+00
8.406093750000000142e+00
8.410585937500004050e+00
7.993398437499992681e+00
9.178085937499998792e+00
8.887343749999990550e+00
9.677343750000000355e+00
8.444335937500000000e+00
9.031093750000000142e+00
9.219335937500000355e+00
9.085585937500002984e+00
9.429843749999999858e+00
8.671875000000000000e+00
7.956835937500000178e+00
7.722500000000001918e+00
9.224375000000001990e+00
8.601210937500011866e+00
1.010746093749999375e+01
9.048593749999991331e+00
8.172500000000008313e+00
1.192933593749999233e+01
1.011937499999999446e+01
1.147964843749999275e+01
1.019859374999999346e+01
8.546835937499999147e+00
9.123593749999994174e+00
9.361093749999991331e+00
8.750000000000000000e+00
8.398593750000001634e+00
7.891210937500000355e+00
7.609375000000000000e+00
7.970273437500010161e+00
8.909023437499987708e+00
9.684023437499996945e+00
9.027500000000005187e+00
8.584374999999999645e+00
8.527148437499999289e+00
9.074374999999999858e+00
8.905898437499986997e+00
9.967343750000001279e+00
8.988710937500011156e+00
7.924375000000010161e+00
8.334960937500000000e+00
8.102499999999997371e+00
9.824843750000004761e+00
8.951210937499995524e+00
1.036871093749999950e+01
9.077499999999989910e+00
9.854843749999993463e+00
8.704843750000005542e+00
9.159023437499993037e+00
8.959023437499997300e+00
9.799648437500012577e+00
1.092933593749999588e+01
1.034234374999999773e+01
9.086093749999998082e+00
1.020621093749998920e+01
8.648593749999994529e+00
8.080273437500000711e+00
9.021874999999999645e+00
8.881874999999990195e+00
8.498593749999990621e+00
9.084374999999999645e+00
9.159335937499999858e+00
8.934960937499999645e+00
7.959960937500000000e+00
9.902773437500004050e+00
9.145273437500010871e+00
9.924023437500000711e+00
7.944960937500002096e+00
8.346093749999999645e+00
8.269374999999996589e+00
1.203714843749999375e+01
9.453085937500004476e+00
1.061734375000001229e+01
1.088902343750000590e+01
1.446246093749999417e+01
9.262343749999994102e+00
1.741777343749999929e+01
2.333496093750000000e+01
2.952933593750001506e+01
4.091683593750003212e+01
7.280341872000694821e+02
4.819509139174815573e+03
6.433441838592882050e+03
7.486832335996041365e+03
1.232239489948212940e+04
1.435543070678710865e+04
1.433353297112882137e+04
1.079285167782247663e+04
2.199401299989223389e+03
1.498027895879745529e+03
7.688043623709679650e+02
4.045281647676228545e+02
4.050368586152791863e+02
3.429859375000000199e+01
3.397359375000002046e+01
3.578121093750003467e+01
2.540777343750000128e+01
2.745121093749999730e+01
2.247359374999999915e+01
2.638500000000000156e+01
2.613402343749998380e+01
2.684359374999998948e+01
3.906983692353963988e+02
2.869433593750000000e+01
2.746558593750000199e+01
2.507871093749999858e+01
3.851380512422322226e+02
3.876405426973105364e+02
3.865193454927205039e+02
3.766943927949666886e+02
7.429858931326868969e+02
3.747551346772910392e+02
3.775397623628377914e+02
3.808803653901813959e+02
1.492375586309432720e+03
1.504889964971542440e+03
2.551759726285336910e+03
3.616097040078640021e+03
2.562159814786315110e+03
4.639155942606332246e+03
7.714957438096404076e+03
1.002664201416016112e+04
9.796493052310343046e+03
1.178482153850554823e+04
1.322868637527466126e+04
1.490403366235196518e+04
1.538749418954612338e+04
1.542191563546897123e+04
1.475747566735685723e+04
1.135948574006796480e+04
6.884007537069323007e+03
7.161506674713486973e+03
2.972627551994325131e+03
4.986739505002497935e+03
5.305366110915536410e+03
4.313466188802723991e+03
4.993737690427307825e+03
4.309811121664047278e+03
1.518958788213729349e+03
3.308905155228971125e+03
2.254296801698207673e+03
3.622719892251491729e+03
1.146862826818822896e+03
2.232653060243129858e+03
3.847145572847127255e+02
1.128677008032202593e+03
3.823880616182089511e+02
7.602323012137413798e+02
3.881520182222128028e+02
3.844926798433065187e+02
8.468593750000000142e+00
8.173593750000000213e+00
9.318593749999990905e+00
8.304843749999999858e+00
7.449960937499993108e+00
6.956093750000005294e+00
7.531210937499996483e+00
9.577148437500000000e+00
9.502773437500000142e+00
8.411093749999993818e+00
9.827148437500000000e+00
8.786875000000005542e+00
9.443710937499991687e+00
8.662460937499988134e+00
1.053749999999999964e+01
9.618593749999998721e+00
9.143398437499993037e+00
8.536093749999992042e+00
7.954648437499992397e+00
7.649843750000004050e+00
9.393710937499999858e+00
8.753085937500005187e+00
1.002808593750000909e+01
9.117148437500002700e+00
8.752148437500000711e+00
8.599999999999999645e+00
8.198085937500003695e+00
7.965585937500007319e+00
8.255898437499997300e+00
7.276210937500006359e+00
8.186875000000005898e+00
9.223085937499998721e+00
8.925585937499999289e+00
8.349648437500004405e+00
8.662499999999999645e+00
8.024648437499998010e+00
8.843398437499997655e+00
7.624843749999986819e+00
8.486093749999991331e+00
8.410898437499987779e+00
7.893398437499984155e+00
8.530898437499985221e+00
7.199375000000005187e+00
7.904843749999995950e+00
8.842343749999995950e+00
6.714023437499998082e+00
6.735000000000015419e+00
7.442773437499999645e+00
8.242343750000010516e+00
7.911875000000000213e+00
8.772499999999999076e+00
8.349843749999987352e+00
8.067148437499987779e+00
8.543398437499989839e+00
8.005898437499983089e+00
8.474648437500018616e+00
8.347500000000007248e+00
7.426210937499995168e+00
7.159335937500000746e+00
9.246835937499993108e+00
7.849843750000003340e+00
7.139843749999999822e+00
7.724843750000002451e+00
1.008871093750001791e+01
8.099843749999989129e+00
9.447499999999994458e+00
8.547499999999995879e+00
7.904648437499998792e+00
7.827343749999999822e+00
8.509335937500001279e+00
9.290000000000006253e+00
1.055484375000000341e+01
7.722500000000005471e+00
6.896093750000000355e+00
8.524375000000006253e+00
7.312500000000000000e+00
8.081875000000003695e+00
7.647499999999999076e+00
7.774843749999990727e+00
9.915000000000002700e+00
8.554843750000006963e+00
8.286875000000005542e+00
8.785898437499994884e+00
8.509335937500001279e+00
1.051058593750000192e+01
7.221093749999999645e+00
7.987148437499999254e+00
1.004359374999998700e+01
1.226500000000001300e+01
1.169183593749999872e+01
1.039027343749999588e+01
1.166859375000001542e+01
1.159359375000001435e+01
1.109937499999999844e+01
8.821093749999999289e+00
8.136093749999982805e+00
7.142343750000007319e+00
8.156835937500000355e+00
8.223593750000002700e+00
8.659023437499989484e+00
8.493710937499981739e+00
9.467148437499982805e+00
6.744960937499998366e+00
1.071937500000000476e+01
1.104433593749999964e+01
7.054648437500003588e+00
8.890273437500001208e+00
7.886093749999988134e+00
8.179843749999999858e+00
8.877499999999994174e+00
9.468593750000007248e+00
8.064999999999992397e+00
9.445898437500000355e+00
9.935898437499995239e+00
8.898593749999996305e+00
9.776210937499993037e+00
7.610000000000001208e+00
8.573085937500005471e+00
7.788710937500015419e+00
9.412460937500000568e+00
8.736093749999996660e+00
7.637460937499997549e+00
9.658593749999999645e+00
9.136093749999993463e+00
7.939999999999988844e+00
8.099648437500013287e+00
9.987500000000000711e+00
8.894960937500005826e+00
7.989999999999997549e+00
8.239999999999998437e+00
9.201523437500000568e+00
7.486523437499999822e+00
9.724843749999998010e+00
8.934023437499995168e+00
9.356874999999984510e+00
9.319960937500013642e+00
1.103871093750001720e+01
8.790000000000002700e+00
8.244375000000001563e+00
1.014277343750000071e+01
8.019374999999998366e+00
8.885898437499989200e+00
1.106371093749999268e+01
8.449843750000002984e+00
1.036000000000002075e+01
1.093902343749999950e+01
9.359023437499988773e+00
9.767343750000012648e+00
8.896874999999999645e+00
9.491835937499995879e+00
8.686093749999992397e+00
8.629648437499991331e+00
1.173687500000000838e+01
1.166937500000000583e+01
1.186777343750000036e+01
1.002749999999999275e+01
1.021714843749998813e+01
8.457460937499995168e+00
9.895898437499999645e+00
8.818593750000005116e+00
6.876523437500011937e+00
9.956875000000005471e+00
8.199843749999994102e+00
7.912460937499991687e+00
7.962343749999989839e+00
9.190273437499998366e+00
1.028984374999999929e+01
1.024687499999999929e+01
1.009183593749999730e+01
1.031109375000000128e+01
9.695273437500002700e+00
1.018187500000000867e+01
8.804335937499994102e+00
9.118398437499987352e+00
9.824648437500007603e+00
1.034496093750001400e+01
9.337500000000000355e+00
9.505273437499999645e+00
8.881874999999997300e+00
9.009023437499994458e+00
7.899960937499992397e+00
9.074374999999996305e+00
6.793593749999994102e+00
6.874843749999993925e+00
7.294960937499991083e+00
7.911093750000000924e+00
8.162148437500016840e+00
7.352500000000001812e+00
7.452500000000003233e+00
8.106093749999999432e+00
7.653710937499999645e+00
8.277773437500004050e+00
7.878085937500010516e+00
8.331835937499999289e+00
8.574023437499999289e+00
6.249960937499993818e+00
8.281093749999993037e+00
7.952773437500002096e+00
8.338710937500016129e+00
8.642343750000003766e+00
8.220898437500000711e+00
7.942343749999999147e+00
8.319375000000004405e+00
8.893710937499992752e+00
7.389999999999998792e+00
7.881093750000002451e+00
8.106835937499999645e+00
7.584374999999999645e+00
9.273593749999978542e+00
7.839843750000000000e+00
8.164999999999999147e+00
7.751523437499995950e+00
7.687343749999989484e+00
8.137343749999994102e+00
9.559374999999999289e+00
8.137148437500012932e+00
8.610000000000017195e+00
9.808398437499999289e+00
9.748593750000001279e+00
8.146523437499990195e+00
9.277499999999992752e+00
1.041499999999999559e+01
1.165687500000001187e+01
8.497500000000007603e+00
8.747499999999993392e+00
9.021523437499993747e+00
7.492148437500000924e+00
8.918710937499984226e+00
9.068593750000003340e+00
8.965273437500012932e+00
9.174375000000004832e+00
1.018109375000001116e+01
9.412148437499995524e+00
9.254335937499995168e+00
9.806210937499983515e+00
9.939999999999985292e+00
1.102621093749999126e+01
9.162460937499997016e+00
1.048714843750001435e+01
1.022359374999998671e+01
1.295250000000001478e+01
1.069359374999998202e+01
1.011683593749999588e+01
9.697499999999994458e+00
1.030527343750000036e+01
1.152984375000001549e+01
9.667343750000009450e+00
9.106875000000002274e+00
8.986093749999989555e+00
9.981875000000005826e+00
9.159960937499999289e+00
9.777773437499993392e+00
8.446523437499990905e+00
1.112652343749999417e+01
8.989999999999994884e+00
8.579843750000005542e+00
8.686875000000004121e+00
9.369960937499996589e+00
8.364023437500007319e+00
8.789843749999999289e+00
9.709023437499988418e+00
8.747500000000007603e+00
8.074648437500000497e+00
9.313085937500000355e+00
9.519960937500005826e+00
8.748593750000004832e+00
9.591835937499990195e+00
1.173187500000001293e+01
8.274375000000009805e+00
1.245937499999999964e+01
1.206109374999999240e+01
8.864023437500003766e+00
8.289023437500000924e+00
7.598085937500000497e+00
8.424843750000004405e+00
1.077500000000000036e+01
9.839023437499996305e+00
7.774960937499993285e+00
8.431874999999999787e+00
8.275000000000000355e+00
8.721093749999999645e+00
8.787148437499993747e+00
8.106093750000010090e+00
8.679843749999996305e+00
8.206093749999979536e+00
8.560000000000020037e+00
8.404335937499988418e+00
8.262499999999999289e+00
8.676523437500001990e+00
8.712343749999993392e+00
8.326210937500015064e+00
9.692148437500009095e+00
7.893593750000007958e+00
9.262343749999986997e+00
8.565585937500006963e+00
7.844335937500000355e+00
8.012343750000006537e+00
8.148085937500002984e+00
8.171835937500002700e+00
7.815273437500003695e+00
1.027152343749998664e+01
1.052652343750000163e+01
8.652499999999990976e+00
1.024339843749997492e+01
9.868398437499999787e+00
9.461875000000011582e+00
8.512148437500002274e+00
8.446835937500001279e+00
9.574960937499994884e+00
9.657460937499994458e+00
9.168398437499996945e+00
9.087460937499997726e+00
9.399023437500000355e+00
1.073089843749998806e+01
9.352343749999999289e+00
9.462460937499990621e+00
1.468277343750001762e+01
1.051000000000000867e+01
1.293246093749998771e+01
2.028652343750000142e+01
1.917777343749999375e+01
3.778202747529741714e+02
3.448551170327663385e+03
8.237620769352313800e+03
1.083711410920858543e+04
1.481013071841955571e+04
3.549929748818874032e+03
1.474662005987167049e+03
7.592541017508508503e+02
3.945152343750002899e+01
4.419902343750000284e+01
4.212714843749999716e+01
3.994937499999999631e+01
3.382308593749998238e+01
3.665121093749999659e+01
3.055902343749999162e+01
2.544527343749999204e+01
3.016859374999999588e+01
2.693750000000000000e+01
2.513187500000000085e+01
2.434984374999998735e+01
2.552437499999999915e+01
2.215999999999998593e+01
2.066089843750000199e+01
1.390000000000000036e+01
1.258359375000000036e+01
1.396109375000000696e+01
1.557496093750000021e+01
1.143589843749999524e+01
1.445234375000000071e+01
1.161152343750000071e+01
1.316000000000000192e+01
1.379371093749998956e+01
1.156089843749999524e+01
1.426839843750000192e+01
1.572187500000000071e+01
1.486499999999999488e+01
1.480000000000000071e+01
3.813084360688924903e+02
1.145527343750000071e+01
1.022984374999999169e+01
9.013085937499999645e+00
8.735898437499995950e+00
3.870341279023887751e+02
1.497057805547714906e+03
1.853279085850118690e+03
1.854449040073752712e+03
2.211542775819302278e+03
2.217123007752894864e+03
2.924729883537293063e+03
4.624399318765999851e+03
4.957379664304256949e+03
5.591206715240477024e+03
7.411703463723662026e+03
7.103602591461540214e+03
7.124073503326772880e+03
6.534276055979135890e+03
4.981311124875544920e+03
5.320933926772476298e+03
8.557681843507289159e+03
7.969042885246279184e+03
7.986142948722839719e+03
7.989286317863472505e+03
1.117233173305929631e+04
1.257712099791525725e+04
1.310349549785554336e+04
1.240796036981998805e+04
1.259384042662620413e+04
1.137729043061971970e+04
1.436164348979949500e+04
1.549642430519521804e+04
1.549622742836416001e+04
1.447473802077234359e+04
1.504887997005224679e+04
1.565966367565155088e+04
1.425170453682839798e+04
1.125273464840352608e+04
9.376332046026582248e+03
7.496965713479527039e+03
8.307908346433043334e+03
8.025560158195503391e+03
7.747983181809793678e+03
4.690318897623418707e+03
2.967744783439632556e+03
3.684449017617702339e+03
2.267223146913052915e+03
2.257423967835903568e+03
7.728681367850302877e+02
1.511849213018417686e+03
1.514536676397324072e+03
1.879297295994165324e+03
1.517166683721542313e+03
7.709535158133501227e+02
7.758378004813197322e+02
6.613710937500009379e+00
9.542773437499999289e+00
1.230214843749999964e+01
3.874616083711385954e+02
8.185000000000007603e+00
7.054648437499990266e+00
7.129843750000004476e+00
8.772500000000007958e+00
1.132777343749999943e+01
1.006996093749999588e+01
7.750000000000000000e+00
6.891835937499982023e+00
6.668710937499999325e+00
8.556093749999984510e+00
7.543398437499996945e+00
8.093593750000007248e+00
8.317343750000000924e+00
8.560898437499997016e+00
9.381874999999988418e+00
8.927499999999993108e+00
1.118871093750001400e+01
1.134999999999999964e+01
8.561093749999985292e+00
1.002652343750000163e+01
9.465000000000005187e+00
9.196835937500001279e+00
9.056875000000001563e+00
8.406874999999990550e+00
7.430273437500000355e+00
7.521523437499989306e+00
1.042621093750000938e+01
7.709374999999999645e+00
8.204843749999998437e+00
9.451210937500011511e+00
7.616835937499997655e+00
8.360585937500005116e+00
8.769374999999996589e+00
6.777499999999998082e+00
7.116210937500000000e+00
7.545273437500003233e+00
9.269960937500005826e+00
1.086839843749999091e+01
9.660898437499996660e+00
1.122558593750000000e+01
8.364023437500009095e+00
1.090996093749999929e+01
7.073593749999996128e+00
7.740273437500000853e+00
7.823593749999989022e+00
8.830898437499993037e+00
1.236500000000001975e+01
1.309371093750000981e+01
1.020250000000000057e+01
7.853085937500002167e+00
9.014843750000000711e+00
1.011734375000001407e+01
1.079121093750000071e+01
1.069609374999999929e+01
1.075621093749998636e+01
1.001859374999999019e+01
7.320273437500003588e+00
1.027109375000000036e+01
7.423593750000001990e+00
8.692773437499999645e+00
8.371835937500000213e+00
8.718593749999985931e+00
9.331093750000006182e+00
1.102750000000001940e+01
1.043687499999999879e+01
8.699374999999999858e+00
8.627773437500000142e+00
7.568710937499991687e+00
8.539843749999999289e+00
8.830273437500000711e+00
7.828710937500000355e+00
7.074374999999998082e+00
9.014023437500004121e+00
7.556093749999992504e+00
7.967773437500000000e+00
8.838085937500000711e+00
7.310898437499995239e+00
1.234058593750001087e+01
1.152984375000000483e+01
8.237500000000000711e+00
9.584374999999999645e+00
7.914843750000000178e+00
8.255898437499997300e+00
8.121835937499996660e+00
8.577500000000013003e+00
9.089023437500006963e+00
8.547499999999997655e+00
6.508593750000000178e+00
9.536874999999998437e+00
7.562500000000000000e+00
8.527343750000000000e+00
9.931874999999996234e+00
9.159375000000000711e+00
1.079937500000000128e+01
8.549375000000015490e+00
7.208398437499999645e+00
9.863085937499999289e+00
7.446875000000000355e+00
1.006558593750000696e+01
7.468710937499996483e+00
9.164999999999995595e+00
7.316835937499989839e+00
9.556835937500000711e+00
8.210000000000020393e+00
9.987460937500001634e+00
9.640585937500002700e+00
7.937500000000000000e+00
9.165585937500008384e+00
8.752500000000001279e+00
9.962500000000000355e+00
8.481093749999995879e+00
1.021246093749998352e+01
8.692343750000015135e+00
8.366835937499995879e+00
1.152777343750000583e+01
9.065585937500008740e+00
8.779843750000006608e+00
7.298593749999992220e+00
7.931093750000006715e+00
7.058398437500000178e+00
7.604335937499987708e+00
9.219375000000006537e+00
8.127773437500000142e+00
7.461875000000006253e+00
6.923593749999993108e+00
9.473085937499998721e+00
9.206093750000004405e+00
7.861093749999994884e+00
7.409335937500001634e+00
8.547460937500000355e+00
8.771874999999999645e+00
7.340273437500002274e+00
9.014648437500000000e+00
9.942343749999997371e+00
8.477500000000004476e+00
1.036500000000001620e+01
1.092308593749999446e+01
1.181152343750000000e+01
1.334234374999999240e+01
1.142359374999999488e+01
1.131500000000000306e+01
1.071937500000000831e+01
1.035902343750000298e+01
1.201187500000000163e+01
1.173246093749999730e+01
1.117250000000001897e+01
1.329359374999998522e+01
1.138359374999999929e+01
1.001777343750000071e+01
9.929648437500002700e+00
1.025250000000001371e+01
9.362500000000000711e+00
9.642343750000001990e+00
8.998593749999988844e+00
9.786093749999993818e+00
8.096875000000000711e+00
8.740000000000005542e+00
1.046871093749998671e+01
7.503085937500005187e+00
7.315000000000000391e+00
9.299843750000000853e+00
8.578710937500000355e+00
8.691835937499996945e+00
1.263609374999998991e+01
9.281093750000010800e+00
8.246835937500000213e+00
9.434023437499991616e+00
1.294371093749997748e+01
1.051371093749999730e+01
9.762148437500005826e+00
1.112359374999998529e+01
1.039687499999999964e+01
1.082777343749998522e+01
1.244496093750002252e+01
8.593593750000005471e+00
8.234375000000000000e+00
1.273121093750000021e+01
1.304214843750000696e+01
1.263359374999999929e+01
1.023609374999999133e+01
1.028749999999999964e+01
1.215484375000001194e+01
1.123187499999999162e+01
9.442343749999999147e+00
1.071734374999999417e+01
1.090937500000000071e+01
1.015058593750000071e+01
1.039937500000000981e+01
1.015484375000001549e+01
8.599023437499999645e+00
8.543710937499994884e+00
1.085609374999998344e+01
7.040000000000003588e+00
8.810898437499997016e+00
6.852500000000001812e+00
8.646523437499993747e+00
7.818398437499998188e+00
8.279843749999994174e+00
9.731093750000002984e+00
1.275250000000001016e+01
9.705898437499982379e+00
8.262460937499996660e+00
9.424960937499992752e+00
1.030933593750000021e+01
1.073734374999999730e+01
9.019375000000000142e+00
8.386093749999993463e+00
9.540273437500001563e+00
6.342343750000003944e+00
9.609375000000000000e+00
8.647500000000009734e+00
9.368710937500003055e+00
1.084359374999999481e+01
8.521093750000000355e+00
1.082871093750000036e+01
1.092339843749999417e+01
9.049375000000001279e+00
1.069937499999999275e+01
8.709960937500000000e+00
1.154808593749999268e+01
9.177148437499999645e+00
8.999023437500000000e+00
1.090746093750000867e+01
1.251234374999999766e+01
9.099843750000001563e+00
1.122027343750000838e+01
1.024609375000000000e+01
9.611093749999996660e+00
1.003109374999998060e+01
9.448593749999986358e+00
1.074339843750001044e+01
1.077183593749999702e+01
1.043183593750000071e+01
1.682984374999999488e+01
1.476246093749998067e+01
1.116859375000000654e+01
1.029839843749999417e+01
1.118246093750001435e+01
1.211187499999999062e+01
9.311523437500000000e+00
1.272089843750000071e+01
1.068609374999999595e+01
1.137933593750000050e+01
1.241714843749997854e+01
1.063500000000001044e+01
9.882773437500009805e+00
9.236093749999989555e+00
9.692343749999997371e+00
1.017437500000000483e+01
9.292343749999997016e+00
1.164687499999999964e+01
8.954648437499987068e+00
9.981210937500003766e+00
8.584023437499995524e+00
9.950585937499999645e+00
9.154843750000008384e+00
9.502148437500000711e+00
8.853710937500000711e+00
8.932460937500003695e+00
1.073339843750000000e+01
1.113999999999999524e+01
1.254683593750000270e+01
1.104964843750000369e+01
9.710000000000011511e+00
1.218984374999999964e+01
1.056839843750000796e+01
1.479750000000001720e+01
1.074683593749999311e+01
1.037308593749999197e+01
8.204843749999998437e+00
9.794374999999995168e+00
1.256839843749998842e+01
1.384121093749999964e+01
1.277714843749999929e+01
1.243500000000002004e+01
1.053109375000000725e+01
1.448750000000000071e+01
1.452984375000001727e+01
1.511859375000001116e+01
1.378277343750002615e+01
1.268277343750000696e+01
9.247500000000000497e+00
1.091187499999999133e+01
1.655464843749998138e+01
1.422484374999999091e+01
9.936523437500000000e+00
1.337984375000002402e+01
9.994960937500014353e+00
1.278808593750000000e+01
1.401933593749999929e+01
1.401933593749999929e+01
8.376523437500010161e+00
8.819374999999997300e+00
1.112359374999999417e+01
1.556250000000000000e+01
5.387276246490479025e+03
1.263262638469636477e+04
1.097332143978535169e+04
1.847808202061057045e+03
3.398339843750000000e+01
4.061187500000000483e+01
3.442437500000002615e+01
3.120839843750000142e+01
3.170308593750000270e+01
2.904749999999998522e+01
3.589683593750000767e+01
3.300746093749997101e+01
2.321683593750000796e+01
2.361308593749999929e+01
2.468277343750000696e+01
2.438183593750000000e+01
2.401859375000000441e+01
2.644746093750000071e+01
2.503558593749999872e+01
3.057499999999999929e+01
2.547464843750000085e+01
2.662808593750000341e+01
3.441937499999998096e+01
3.007339843750000341e+01
2.689058593750000981e+01
2.558183593749999929e+01
2.695249999999999702e+01
2.692750000000000199e+01
2.608109374999999730e+01
2.471109375000001052e+01
2.720234375000000071e+01
2.739609374999999858e+01
2.081500000000000483e+01
3.192109375000000071e+01
2.746214843749999091e+01
1.992621093749999517e+01
1.817339843750000483e+01
2.006109375000000128e+01
2.010121093749999588e+01
2.186152343750000071e+01
1.732027343749998849e+01
1.792464843749999659e+01
1.422437500000000909e+01
1.215249999999999808e+01
1.060859375000000071e+01
1.083121093749999986e+01
1.109437500000000654e+01
1.155589843749999268e+01
1.008687500000000092e+01
1.261109374999999133e+01
1.039609375000000036e+01
1.199609375000000000e+01
1.114984375000000405e+01
1.100484374999999737e+01
8.671835937500002700e+00
8.886093749999997016e+00
8.324960937499993108e+00
7.324843750000006537e+00
1.028437500000000071e+01
6.795273437499997904e+00
7.239648437499999645e+00
8.214843750000000000e+00
7.156210937499994706e+00
7.343593749999998366e+00
9.889648437500000000e+00
9.395898437499999645e+00
9.993593750000002274e+00
8.184374999999999289e+00
9.181874999999994458e+00
1.035902343749999766e+01
8.757460937499999432e+00
8.794374999999998721e+00
8.914999999999995595e+00
1.134359375000000369e+01
1.663984375000000071e+01
1.193183593750000071e+01
1.214683593749999346e+01
1.007437499999999275e+01
8.281875000000002984e+00
9.864023437499998437e+00
7.306874999999998010e+00
8.034023437500009024e+00
6.702499999999997904e+00
9.123398437499998792e+00
8.062460937499993818e+00
8.006874999999999076e+00
7.946093750000000178e+00
8.067343749999993818e+00
7.342148437499997904e+00
7.215585937499997549e+00
7.822460937499999822e+00
7.086874999999999147e+00
8.594335937500000355e+00
1.043246093749999837e+01
8.002343749999999645e+00
7.711874999999996483e+00
9.360898437500001279e+00
9.274843750000004050e+00
1.026234375000000298e+01
1.128644381994605737e+03
1.128716916174293146e+03
1.112888171362280900e+03
3.860605469697715080e+02
3.845505860322713829e+02
7.556811415457725616e+02
7.531809553885461810e+02
7.503981978201866241e+02
3.830364658540486857e+02
3.864816193574666841e+02
7.588012208914758503e+02
3.851917771333456812e+02
9.831875000000001918e+00
1.032464843750000583e+01
3.800031421846150579e+02
3.827439835542442097e+02
7.577135756278039480e+02
8.454648437499995950e+00
7.473687514090538571e+02
3.822466767305136841e+02
3.842428949922323227e+02
3.814355912202597096e+02
3.876720444673300676e+02
1.225277343750000014e+01
1.124427687353492047e+03
3.893491291230915294e+02
3.920615900605916977e+02
7.628372499442100434e+02
3.864673557466266516e+02
1.125423178381324533e+03
1.125306901525854755e+03
1.499515222539901742e+03
1.501927202520371338e+03
1.134601764807105155e+03
1.498406622686385163e+03
1.849762753757834389e+03
2.202905444886684108e+03
2.228722350404263125e+03
2.230817440125942539e+03
1.488699874639511108e+03
1.854048399814963432e+03
1.861465040134787614e+03
3.289174358720184500e+03
1.863251390537619500e+03
2.577966438931823177e+03
2.582828247403501791e+03
3.280415578812956028e+03
4.639424062418342146e+03
4.998040083005429551e+03
5.303789082717299607e+03
4.327061550130843898e+03
3.633153873574733552e+03
1.866470070347189903e+03
1.855163422092795372e+03
1.876324605259299233e+03
1.514224462041855759e+03
1.863284849399924951e+03
1.508276321172714233e+03
1.872297163242697479e+03
1.506265196905136918e+03
1.501409042119979858e+03
1.870097521519064685e+03
2.602703550443053246e+03
1.867895986484884588e+03
1.505243368291854949e+03
2.947942647209167262e+03
1.522605577764511281e+03
7.540368599295616150e+02
2.232683044373989105e+03
2.938732178459167244e+03
1.881590960544944437e+03
1.865400398105978866e+03
2.601575468167662621e+03
1.513484526739120838e+03
2.952039463615417390e+03
2.223504967591763943e+03
3.643159345986844073e+03
2.596768510770203193e+03
2.583205739163754970e+03
1.516005414190292186e+03
1.876808977207541375e+03
1.869616180271505755e+03
1.879236443638205401e+03
2.231440020081997318e+03
1.872058631443380364e+03
7.664173433279991059e+02
3.293483959245086680e+03
1.872067815708517855e+03
1.505589653692246202e+03
1.877306211399436052e+03
2.243460907533169120e+03
3.284078844804166692e+03
2.935449988517761994e+03
1.140268986791968473e+03
2.243599163148403022e+03
2.236894547059535853e+03
1.504929938116073799e+03
2.599983886441588311e+03
2.231579828431606529e+03
1.867666204685568573e+03
1.866591222996115903e+03
2.222592596375942321e+03
2.219691708924770410e+03
1.504989300909042640e+03
1.129494334387183244e+03
1.494314031133652179e+03
1.134138771032690784e+03
7.597161574149130274e+02
7.645661134696007366e+02
3.866249012178180919e+02
1.142181632971167573e+03
1.510946407842636063e+03
1.866846672520041466e+03
7.743662276053430560e+02
1.883460470432639340e+03
1.510475195684433174e+03
2.597017283963561567e+03
7.689835152029991150e+02
1.127385611242652658e+03
1.144948272070288567e+03
2.607275954923033623e+03
2.239726686952114051e+03
1.141007886633276939e+03
1.516007439336776770e+03
1.859041516575217202e+03
1.130697241186499468e+03
1.866464966892599477e+03
1.487855547246933838e+03
1.510539565801620483e+03
2.936851402091980162e+03
1.504212793340682765e+03
1.501354342412948654e+03
2.234568966004848789e+03
7.607508125662803877e+02
1.502254986944198436e+03
2.226567389466762961e+03
2.240816702210903259e+03
1.149014125341773024e+03
2.239297203919887579e+03
1.854452637791037660e+03
1.139383719763159661e+03
1.512564516973495529e+03
1.874588723606468193e+03
1.502483879766464270e+03
1.108769650549292692e+03
2.242513397767543211e+03
2.250132462098597443e+03
2.582506372708678100e+03
2.225011917665004148e+03
1.501008746709823299e+03
1.857465885471701313e+03
1.509058946905136963e+03
3.891628022187949227e+02
6.802773437500002629e+00
3.830271030610797993e+02
7.600870882010460718e+02
7.591986726737021627e+02
3.831683609956504597e+02
7.600745882010461401e+02
3.847191425508261773e+02
7.566831129813193684e+02
1.128304367346167737e+03
7.582760634207726298e+02
7.560961922049522173e+02
7.606911867117880774e+02
8.764648437500000000e+00
7.556435927176477207e+02
7.507197188162805332e+02
7.490437196707724752e+02
9.573593749999998792e+00
8.687343750000003695e+00
9.012148437500004050e+00
3.865003803437946885e+02
8.226210937500002984e+00
3.830033481782673448e+02
7.593810560965537206e+02
3.852074158662558716e+02
8.148085937500002984e+00
8.187460937500002700e+00
3.839230347627402011e+02
8.426210937500002274e+00
9.237343749999997300e+00
3.850330124849082267e+02
9.408398437500000711e+00
3.836905567353962283e+02
7.608992537283900219e+02
3.869548557466268903e+02
8.287148437500002629e+00
8.531210937499995595e+00
8.018593750000000853e+00
7.714999999999998082e+00
7.578080885672571867e+02
8.276523437499999858e+00
3.841303766816854477e+02
7.092343750000003055e+00
7.603122816824914025e+02
7.630361183524131548e+02
7.631588899588581398e+02
7.599760267996789480e+02
3.828678949922323227e+02
3.856249378389118760e+02
8.564843749999999645e+00
7.608008125662803423e+02
3.831679096406697340e+02
8.352499999999993818e+00
6.046093749999999822e+00
3.874989444917439414e+02
7.567258674979209445e+02
3.845366083711385841e+02
3.825267868989707267e+02
7.573237160086631548e+02
3.847849305146934284e+02
3.794731128877400579e+02
7.072500000000000675e+00
6.919335937499999645e+00
7.481875000000000497e+00
3.843479935640096983e+02
3.847278901094197181e+02
7.409335937499998082e+00
3.817845963472128119e+02
6.591835937500002629e+00
6.346523437500001030e+00
6.997500000000000497e+00
7.339999999999998082e+00
6.731875000000002274e+00
7.887343750000003872e+00
7.632460937500004761e+00
7.588623109793662707e+02
3.852616230195760068e+02
3.859989170259237312e+02
3.855707895845174562e+02
7.414843750000000178e+00
7.835898437499999147e+00
7.624705153250698686e+02
7.307460937500001918e+00
3.892348328584433830e+02
7.612872694754607892e+02
3.926939960664509499e+02
1.138875850195289104e+03
1.876639789890647080e+03
2.964899217033386321e+03
1.879278674778342292e+03
3.994652654785511004e+03
2.971309785881042899e+03
2.248981231629848480e+03
2.613195899075865782e+03
3.640137195107936805e+03
2.958850232658386176e+03
3.300853551835415601e+03
1.515458703985213788e+03
3.312861338090302979e+03
2.944543592033387540e+03
2.243966299989223444e+03
3.297221117753387261e+03
5.624667901763918053e+03
4.953346253049373445e+03
6.826336454305647749e+03
7.675744331712124222e+03
5.281174258193374044e+03
7.956166251945495787e+03
5.602359649810792689e+03
4.327981867513655743e+03
7.123441137909295321e+03
4.651501964945197869e+03
7.126864824432728710e+03
5.321148961257338669e+03
5.299540393752455202e+03
7.435513975808620671e+03
7.956833070793152729e+03
9.302539443487519748e+03
1.021913828222214397e+04
7.682203549546599788e+03
9.542752025029656579e+03
7.692847157639861507e+03
9.024733663091657945e+03
1.044779180125951098e+04
1.074371781022489813e+04
1.338611701679171529e+04
1.097859725241660999e+04
1.287929111518620994e+04
1.289533097541571260e+04
1.455818186692953532e+04
1.566495948863982994e+04
1.580254024184942318e+04
1.510113563444077954e+04
1.584703939834595440e+04
1.529783936404944143e+04
1.555610881784200319e+04
1.490506488488614559e+04
1.490506488488614559e+04
1.095250000000001300e+01
7.974960937499998792e+00
2.551691878384948268e+03
1.481226935967860845e+04
9.165375147222879605e+03
2.167437500000000483e+01
2.729937500000001549e+01
3.600687499999997243e+01
4.190777343750001194e+01
3.619527343750000625e+01
3.936871093750003325e+01
3.624371093749999062e+01
3.130308593750000412e+01
3.544683593750001194e+01
2.437249999999999162e+01
2.408500000000000085e+01
2.621734374999999062e+01
3.209437499999999233e+01
3.598437500000000000e+01
3.400777343750001336e+01
2.802933593749998664e+01
2.756402343750000838e+01
2.357437500000000341e+01
2.537652343750001194e+01
2.284984374999999801e+01
1.991499999999999915e+01
1.984859374999999915e+01
2.431250000000000000e+01
2.247246093749999929e+01
1.826308593750000142e+01
1.822437500000000199e+01
1.403687500000000377e+01
1.697089843750000071e+01
1.676187500000000696e+01
2.002749999999999986e+01
1.758609374999999275e+01
1.444746093750000071e+01
1.593734375000000014e+01
1.294121093749999929e+01
1.317933593750001009e+01
1.062984375000000448e+01
1.174234374999999986e+01
1.165687500000000298e+01
8.864999999999996660e+00
9.477773437499989129e+00
9.676210937499998721e+00
1.003609374999999382e+01
7.998398437499998792e+00
9.212343750000011156e+00
8.871835937500005542e+00
7.589023437500003411e+00
7.473398437500004654e+00
8.702343750000000711e+00
8.966835937500004405e+00
9.093398437500002984e+00
7.489648437499999645e+00
7.903085937499999325e+00
9.007460937499999432e+00
7.989023437499999325e+00
9.207460937500009379e+00
9.546875000000000000e+00
8.861093749999989555e+00
8.379335937500007603e+00
8.606875000000007603e+00
7.924374999999995062e+00
8.861875000000004832e+00
9.260000000000001563e+00
7.759023437500007780e+00
8.569960937500002984e+00
7.217343749999995950e+00
7.335000000000000853e+00
8.093710937500002700e+00
7.943398437500003517e+00
7.685585937500003517e+00
7.468593749999994813e+00
7.360000000000002096e+00
7.811875000000007674e+00
9.524843750000011156e+00
7.973085937500002274e+00
7.979843750000003233e+00
8.374843750000000142e+00
9.545273437500000568e+00
8.257460937499999432e+00
9.244960937500000142e+00
1.196402343750000519e+01
8.379335937500005826e+00
7.772460937500000000e+00
7.652773437500002274e+00
6.016210937500000355e+00
8.942343750000006253e+00
8.878085937499999858e+00
9.199648437500004050e+00
7.648593749999998082e+00
7.197500000000003340e+00
7.741835937500004761e+00
7.902500000000000746e+00
9.723085937499998721e+00
8.434374999999999289e+00
8.364999999999991331e+00
7.978710937499999822e+00
9.692773437499999645e+00
8.106874999999998721e+00
8.693710937500000568e+00
8.807773437499996305e+00
8.279648437500000568e+00
1.129750000000000476e+01
8.761523437499999289e+00
9.937460937499997371e+00
8.810585937499997300e+00
7.744960937499998366e+00
8.221093749999999645e+00
7.670273437499995239e+00
8.270273437499998437e+00
7.306093750000002274e+00
1.028589843749999844e+01
7.570273437499997371e+00
6.398593749999995417e+00
7.256093750000006892e+00
7.044374999999999609e+00
7.504843749999993818e+00
6.889648437500000000e+00
8.954843749999993108e+00
6.485000000000006537e+00
7.735000000000003872e+00
7.572500000000002451e+00
9.275585937500000711e+00
8.837343750000004050e+00
8.356210937499994884e+00
6.262460937499995772e+00
5.752343749999999645e+00
6.574843750000002096e+00
5.719960937499998899e+00
6.071093750000000178e+00
7.768593749999999076e+00
7.695898437500000355e+00
8.456093749999999076e+00
1.004214843750000696e+01
6.749374999999996128e+00
6.817773437499999645e+00
8.910000000000009024e+00
9.211874999999988489e+00
6.923593749999996660e+00
7.452773437499999432e+00
9.146523437500000853e+00
9.014999999999989910e+00
6.821875000000000355e+00
7.106875000000002274e+00
6.916835937499998366e+00
9.618398437500006892e+00
7.143593750000000853e+00
3.721069925874471664e+02
7.898593749999996305e+00
9.043710937499996660e+00
9.268398437500005471e+00
7.926210937500004050e+00
1.026714843750000128e+01
9.121093750000000000e+00
8.924843750000004405e+00
7.984999999999994102e+00
1.013246093750000121e+01
1.116859375000000654e+01
1.120937499999999964e+01
8.618710937499988844e+00
7.806875000000005116e+00
1.338121093750000412e+01
7.502343749999999645e+00
7.945898437500000355e+00
1.023964843749999964e+01
7.973593749999997371e+00
8.194960937499997655e+00
8.689999999999992397e+00
6.747499999999999609e+00
6.957460937500004938e+00
7.057460937499998366e+00
7.199843750000001208e+00
7.624843750000003695e+00
7.311874999999996128e+00
1.000058593750000036e+01
7.961093749999998970e+00
8.869960937499996589e+00
1.301402343750000057e+01
1.009058593749999488e+01
9.735898437499994174e+00
8.447499999999996234e+00
1.090589843750001364e+01
1.309996093749999169e+01
1.041234375000000689e+01
9.147500000000007958e+00
1.066089843749999133e+01
9.828710937500000355e+00
9.247500000000000497e+00
1.004496093750000441e+01
9.864999999999991331e+00
9.323398437499994529e+00
1.072749999999999027e+01
8.302343750000000355e+00
7.239843750000000355e+00
9.901210937500001918e+00
7.952148437500000000e+00
7.624375000000002345e+00
7.487499999999999822e+00
9.124843750000000142e+00
9.431210937499987068e+00
8.894374999999998366e+00
1.266246093749999702e+01
1.111484375000000036e+01
1.094527343749998494e+01
9.827773437500001208e+00
1.068734375000000547e+01
9.074648437499998721e+00
9.281875000000011866e+00
9.784960937499999289e+00
7.431875000000007780e+00
1.041246093749999524e+01
1.063749999999999929e+01
8.574843750000004761e+00
7.487499999999999822e+00
7.727500000000001812e+00
7.949843750000006537e+00
6.861093749999997549e+00
9.334960937500000000e+00
7.988085937500000178e+00
8.890273437499997655e+00
8.019960937500000497e+00
9.344335937500000355e+00
9.018710937499999858e+00
1.083687499999999559e+01
9.209023437500002629e+00
7.862148437500001918e+00
1.065484374999999240e+01
8.424374999999999503e+00
7.537148437500000853e+00
6.402343750000000000e+00
7.698085937500003695e+00
8.543593749999995879e+00
6.734960937500000355e+00
7.683398437500000178e+00
7.431093749999999609e+00
6.809375000000000178e+00
6.561874999999993463e+00
6.481093750000001208e+00
6.039023437499997371e+00
7.906875000000001208e+00
6.081210937499999858e+00
7.804843749999993641e+00
7.523593749999990976e+00
8.023085937500002984e+00
9.355273437499999289e+00
6.779843749999997726e+00
8.854843749999995239e+00
7.724648437500002629e+00
7.306093749999997833e+00
8.790585937499995950e+00
8.929843749999994529e+00
9.658593749999999645e+00
7.593398437499996767e+00
1.116402343749999559e+01
1.002027343749999311e+01
1.026996093750000227e+01
9.320898437500000355e+00
8.827773437500004761e+00
1.149437500000000867e+01
9.330898437500009024e+00
7.879843749999992042e+00
7.589999999999996305e+00
8.949843749999995879e+00
1.060484374999999524e+01
9.449648437500005826e+00
9.956210937499999858e+00
9.449843749999999432e+00
9.335898437500002700e+00
8.923085937500003340e+00
8.392148437499997726e+00
7.476523437500004476e+00
7.943398437499996412e+00
6.874375000000003233e+00
7.769374999999999254e+00
7.924999999999999822e+00
7.999374999999995239e+00
9.090273437500000497e+00
8.462460937500001279e+00
7.064999999999995062e+00
7.602343750000000178e+00
8.856875000000000497e+00
6.751210937499995346e+00
7.699374999999994529e+00
7.052148437499999645e+00
6.480273437500000178e+00
6.724843750000006892e+00
7.344374999999999432e+00
7.752499999999997726e+00
7.394960937499999609e+00
8.372500000000005826e+00
9.989999999999996660e+00
7.463085937499999822e+00
7.612460937500003411e+00
7.293398437500002274e+00
9.356093749999999432e+00
8.510000000000005116e+00
7.279843750000006608e+00
7.437343750000003695e+00
7.535898437500001990e+00
8.229843749999995239e+00
8.154843749999994174e+00
8.748593749999999503e+00
8.386523437499999289e+00
7.424843750000000853e+00
6.299960937499997193e+00
7.767343750000001990e+00
7.222460937500000178e+00
7.562500000000000000e+00
7.368593749999999609e+00
8.179843750000001634e+00
7.999374999999995239e+00
6.777499999999994529e+00
7.957460937500002274e+00
9.356875000000007603e+00
7.843710937500003588e+00
6.718593750000006359e+00
8.027148437499999289e+00
8.315273437500001918e+00
6.639843749999999822e+00
8.124374999999998792e+00
7.481874999999999609e+00
1.016777343749999929e+01
7.672500000000001208e+00
8.114843750000000355e+00
1.035250000000000092e+01
7.981875000000004938e+00
7.200000000000000178e+00
7.994375000000002451e+00
9.602499999999988489e+00
8.549960937499994529e+00
8.966835937499997300e+00
8.443398437500009734e+00
7.527499999999998970e+00
7.962343750000000497e+00
7.159335937500005187e+00
1.021484375000000000e+01
8.018593750000011511e+00
6.701523437500007674e+00
6.136875000000001634e+00
6.684375000000000178e+00
1.036527343750000263e+01
7.682773437499998082e+00
9.450585937499999645e+00
1.094750000000000156e+01
7.569374999999999076e+00
8.159999999999998366e+00
8.223593749999999147e+00
8.012148437500004050e+00
7.690000000000004832e+00
6.656093749999998366e+00
6.730898437499996945e+00
6.573085937499999254e+00
5.915000000000002700e+00
6.108593749999999822e+00
6.562500000000000000e+00
6.972500000000001030e+00
6.212460937499995062e+00
6.428710937500000000e+00
7.050585937500000178e+00
8.673085937500003340e+00
6.323398437500000746e+00
6.664648437500000355e+00
7.034023437500001918e+00
7.231875000000004938e+00
7.729335937500006359e+00
6.774374999999997371e+00
6.340273437500004050e+00
6.967148437499996128e+00
6.618593749999997833e+00
7.762343749999999432e+00
7.394335937500000178e+00
6.877148437499999822e+00
7.684960937499999645e+00
8.001210937500005116e+00
5.893710937499994529e+00
8.149375000000002700e+00
9.374648437500006537e+00
9.212460937499997726e+00
8.769375000000001918e+00
8.015273437500004761e+00
6.236874999999999503e+00
6.586523437500000355e+00
8.568593750000001563e+00
6.739648437499999645e+00
8.696523437500001563e+00
9.054843749999994529e+00
8.749843750000003695e+00
7.056093750000000497e+00
7.637148437500000497e+00
1.105937499999999929e+01
8.573085937500000142e+00
6.248854814755916777e+03
9.692083464908004316e+03
3.921526070618034282e+03
3.291234374999999801e+01
2.760999999999998522e+01
4.724359374999995964e+01
3.772484374999997669e+01
3.078734374999997314e+01
3.209746093750000284e+01
3.127871093750000142e+01
4.326996093750000227e+01
4.229937500000004036e+01
3.618402343750000938e+01
4.116484375000000284e+01
4.159687499999999716e+01
3.939609374999999858e+01
3.424749999999998096e+01
3.023808593749999929e+01
2.907484375000000298e+01
2.876402343750002188e+01
3.397777343749999091e+01
2.475687499999999375e+01
2.205746093749999304e+01
1.888402343750001222e+01
1.733339843750000142e+01
2.366839843749999872e+01
1.976249999999999929e+01
1.539339843750000725e+01
1.703558593749999517e+01
1.368734375000001080e+01
1.506402343750000128e+01
1.182652343749999879e+01
1.120609375000000796e+01
1.256187500000000057e+01
1.137308593749999375e+01
9.449960937499998437e+00
9.180898437499999787e+00
8.772500000000000853e+00
1.168500000000000405e+01
8.492148437499995595e+00
7.969335937500000355e+00
9.531835937500000355e+00
8.078710937500000355e+00
8.203710937500000355e+00
8.121093750000000000e+00
7.537343749999998010e+00
8.546523437500001208e+00
9.914648437500000355e+00
7.886093749999997904e+00
7.149960937499992397e+00
7.722499999999996589e+00
8.347500000000000142e+00
8.927500000000001990e+00
6.854843749999996128e+00
9.284999999999996589e+00
9.440585937499996305e+00
8.318593750000001563e+00
8.684374999999999289e+00
7.804843749999998082e+00
8.871093750000000000e+00
7.704843749999996660e+00
8.024843750000007603e+00
7.248398437500000568e+00
6.729648437499994529e+00
7.961093749999996305e+00
6.684960937499999645e+00
7.079648437500002167e+00
7.612499999999999822e+00
6.856835937499999645e+00
7.023398437500001812e+00
6.733398437500000000e+00
6.761875000000000746e+00
7.151523437500005187e+00
6.836875000000001812e+00
7.709023437500000853e+00
6.696875000000000355e+00
5.996875000000000178e+00
6.071523437499998010e+00
6.268710937499998970e+00
7.099648437500000853e+00
6.712343750000004050e+00
6.057773437500000746e+00
6.632460937500001208e+00
8.654843749999994174e+00
7.524648437500000675e+00
6.997460937499999645e+00
8.402500000000005187e+00
6.952499999999997904e+00
7.287460937499996128e+00
6.908593749999999645e+00
8.506835937500000000e+00
6.115585937499996128e+00
6.656874999999997655e+00
8.078085937499997371e+00
8.071093749999999289e+00
6.872460937499999645e+00
8.833593750000000355e+00
7.526523437500001634e+00
7.112343749999996412e+00
7.149843749999999609e+00
7.931093750000004938e+00
7.306835937499999822e+00
7.681875000000003340e+00
7.521874999999999645e+00
7.174960937500000746e+00
7.533593749999999645e+00
8.917773437499999289e+00
6.040000000000000924e+00
6.224843749999998899e+00
6.732773437500000568e+00
7.758398437500000355e+00
7.459374999999999645e+00
5.565273437499997478e+00
6.184999999999996945e+00
7.277343750000000000e+00
6.876523437500003055e+00
6.194374999999999076e+00
5.924999999999999822e+00
5.974648437500001741e+00
7.074960937499992220e+00
6.802148437499999645e+00
6.455898437500001030e+00
7.133593750000000178e+00
6.717343749999997726e+00
6.064843749999999645e+00
6.592148437499998792e+00
7.217148437499998792e+00
7.937148437499997655e+00
7.734960937500000355e+00
8.685898437499997016e+00
7.634335937500000391e+00
8.043398437499998721e+00
7.709374999999999645e+00
7.869960937500001918e+00
6.792773437500000178e+00
6.556875000000002451e+00
6.911874999999997549e+00
8.861875000000001279e+00
6.329843750000000213e+00
7.724843750000002451e+00
5.861093749999998437e+00
7.252499999999999503e+00
7.438085937500000355e+00
8.049843750000004405e+00
7.868398437499999787e+00
7.337343749999997833e+00
9.323593749999995239e+00
7.597499999999999254e+00
8.431093750000004050e+00
1.008558593750000121e+01
8.952773437499997655e+00
7.562460937499999147e+00
9.967148437499993463e+00
8.342773437500000000e+00
1.039214843750000128e+01
9.637460937499998437e+00
9.122500000000000497e+00
8.191210937499999289e+00
9.018593749999997300e+00
8.709023437500004405e+00
8.099999999999999645e+00
6.608593749999999822e+00
9.010000000000001563e+00
6.861874999999999503e+00
7.941210937500000178e+00
6.900585937499999822e+00
8.847500000000000142e+00
8.751523437499994174e+00
8.544374999999998721e+00
6.864648437499999645e+00
7.320273437500001812e+00
8.572499999999998010e+00
8.182773437499996305e+00
1.111187499999999417e+01
8.328085937499997371e+00
8.121093750000000000e+00
8.046875000000000000e+00
8.612343750000000853e+00
8.418593750000001208e+00
8.525000000000000355e+00
7.512460937499997549e+00
6.999374999999997904e+00
7.342343749999997726e+00
7.950000000000000178e+00
7.267343749999996660e+00
8.161093749999999147e+00
9.952773437500001208e+00
8.237343750000004405e+00
9.699999999999999289e+00
8.217343749999997726e+00
7.407773437499999503e+00
6.685898437500000568e+00
7.940585937499998970e+00
7.662148437500003517e+00
7.611874999999999503e+00
8.066835937500002274e+00
8.624374999999991687e+00
7.373085937500000853e+00
7.827499999999996128e+00
6.160585937500001386e+00
8.045273437499997016e+00
8.634960937500000711e+00
8.270898437499999645e+00
7.668593750000001208e+00
8.065585937499992752e+00
7.493398437500005116e+00
7.967343750000002167e+00
8.431835937500000711e+00
8.094960937499999787e+00
7.309375000000000178e+00
8.042343749999997016e+00
7.428710937500000000e+00
7.582460937500000497e+00
8.061093749999994174e+00
8.147500000000002629e+00
8.337343750000005826e+00
7.387148437500004050e+00
7.434335937499999325e+00
7.190585937499994529e+00
7.938710937499998010e+00
7.304843749999998970e+00
7.877499999999997726e+00
7.512343750000004761e+00
8.402343750000000000e+00
7.721093749999999645e+00
8.296875000000000000e+00
8.452500000000004121e+00
9.373085937499999076e+00
8.369335937500000711e+00
8.121093750000000000e+00
8.995898437499999289e+00
9.365585937499991687e+00
7.743593749999993392e+00
8.722500000000001918e+00
8.521874999999999645e+00
7.106210937500000213e+00
6.472500000000001030e+00
7.218593750000001918e+00
7.124375000000002345e+00
8.211874999999995595e+00
7.999648437500001208e+00
7.449843750000002096e+00
7.412148437500000853e+00
8.114843750000000355e+00
7.549375000000000391e+00
8.810000000000005826e+00
1.070859375000000036e+01
7.335898437499999147e+00
7.239023437499999325e+00
7.183398437500000178e+00
8.294960937499997300e+00
7.374023437500000000e+00
7.131093750000000675e+00
7.382773437499997371e+00
9.204843749999996660e+00
7.186874999999998792e+00
7.912460937499998792e+00
8.981835937499999645e+00
7.660000000000003695e+00
8.143593750000002629e+00
7.472500000000001030e+00
7.271835937500000568e+00
8.152343750000000000e+00
8.456875000000005471e+00
6.827343749999999822e+00
7.284960937500000178e+00
7.799843750000003517e+00
6.071835937500001279e+00
7.798593749999999325e+00
6.572500000000000675e+00
7.196875000000000355e+00
6.756093749999993570e+00
7.418398437500004050e+00
8.418593750000006537e+00
7.006093750000002451e+00
6.658593749999999645e+00
6.980273437500000178e+00
6.631875000000003517e+00
6.827499999999998792e+00
7.328710937500000355e+00
6.639999999999998792e+00
8.023593749999992752e+00
6.186523437500000000e+00
5.956093750000000853e+00
7.982773437499997904e+00
7.052499999999999325e+00
7.548593749999996660e+00
9.559999999999998721e+00
1.001109374999999702e+01
8.798593749999993108e+00
6.122499999999996945e+00
6.506210937499998792e+00
7.011874999999998082e+00
8.787343749999999787e+00
8.574843750000002984e+00
7.810000000000002274e+00
7.087343749999999609e+00
8.750000000000000000e+00
7.024648437500003340e+00
8.443593750000001563e+00
7.709960937500000000e+00
7.439999999999995950e+00
7.413710937499999432e+00
7.534023437500001030e+00
8.129648437499996660e+00
9.177499999999994884e+00
8.157773437499994174e+00
8.536093749999995595e+00
9.852499999999997371e+00
8.934374999999999289e+00
7.870273437499993641e+00
7.734375000000000000e+00
6.602499999999997371e+00
8.892773437500000711e+00
9.519335937499999289e+00
9.542343749999993463e+00
9.960898437499995595e+00
1.066859375000001009e+01
9.773398437499997371e+00
1.011109374999999844e+01
9.957773437499994884e+00
8.869960937500001918e+00
9.739023437499998437e+00
9.344335937500000355e+00
1.099859374999999417e+01
8.499374999999993463e+00
9.871093750000000000e+00
1.008500000000001151e+01
8.267773437500000711e+00
1.160484374999999346e+01
9.731875000000000497e+00
7.843593749999999254e+00
8.987460937499999858e+00
7.284374999999999822e+00
9.820273437499999147e+00
1.096558593749999133e+01
9.137148437499998721e+00
9.656093750000003695e+00
8.221523437500001918e+00
8.723593749999995595e+00
9.289843749999999289e+00
6.803085937499997904e+00
8.768710937499992752e+00
8.671835937499999147e+00
8.643593749999997300e+00
7.034335937499996305e+00
7.648593749999994529e+00
7.250585937500000355e+00
8.866835937500006537e+00
9.302148437499999645e+00
8.411874999999994884e+00
7.329843750000000213e+00
6.299648437500005471e+00
7.681093749999999609e+00
8.785000000000005471e+00
7.439648437499999822e+00
8.973593749999995595e+00
1.003187500000000298e+01
7.659023437500008136e+00
8.168398437499998721e+00
8.304843749999999858e+00
8.856210937499998437e+00
7.930898437499996234e+00
8.349999999999999645e+00
9.043710937499998437e+00
1.114984375000000583e+01
8.590273437500004050e+00
7.728085937499995950e+00
9.171875000000000000e+00
1.052777343750000583e+01
9.970273437499995950e+00
1.326839843750000014e+01
9.510898437499990976e+00
1.332402343749999929e+01
1.080058593749999929e+01
7.339023437500005187e+00
1.041187499999999311e+01
9.952499999999998792e+00
8.572500000000001563e+00
1.276777343750000071e+01
1.027984374999999240e+01
1.003109375000000014e+01
7.119960937499994813e+00
6.086093749999995417e+00
6.714999999999996305e+00
8.606874999999998721e+00
8.190585937499994529e+00
7.974374999999993108e+00
9.273085937500002984e+00
9.112500000000000711e+00
9.112500000000000711e+00
1.571541301650762580e+04
4.344151343832016209e+03
7.691534852957721569e+02
2.060250000000001336e+01
2.276109374999999346e+01
3.229359374999999233e+01
3.410902343749997101e+01
3.839652343749999375e+01
4.249746093750000142e+01
3.427871093750000142e+01
3.538871093749999375e+01
3.779984375000000085e+01
4.063496093749999716e+01
4.757750000000001478e+01
4.201996093749998806e+01
3.386187500000001194e+01
3.928609375000000625e+01
3.643089843749999091e+01
3.877652343750004604e+01
3.432777343749999943e+01
3.181484375000000142e+01
2.496058593749998877e+01
2.483246093750000938e+01
2.063187499999999730e+01
2.264527343750000554e+01
1.807984375000000199e+01
2.200433593750000938e+01
2.292652343750000554e+01
1.826937500000000725e+01
2.439964843749999091e+01
1.682749999999999702e+01
1.736937499999999801e+01
2.137652343750000483e+01
1.688609374999999702e+01
1.782402343749999929e+01
1.363749999999999929e+01
1.128433593749999808e+01
1.134652343750001435e+01
9.935585937499990195e+00
9.434335937500000213e+00
9.344960937500001563e+00
1.031214843749999588e+01
9.780273437500000000e+00
8.761874999999996305e+00
9.965585937499996660e+00
8.097500000000009024e+00
8.381210937499997016e+00
8.636875000000008740e+00
8.398593750000003411e+00
9.039023437500008029e+00
1.169214843749999844e+01
1.419058593749999986e+01
1.279214843749999275e+01
1.131734374999999559e+01
9.836093749999994529e+00
1.279359375000000654e+01
9.287148437499997300e+00
9.139648437500000000e+00
7.961875000000003588e+00
6.547460937500000355e+00
7.924648437499999254e+00
7.376523437500000391e+00
8.159999999999993037e+00
7.471835937500006075e+00
7.536093749999990266e+00
8.139843750000000711e+00
7.471835937500007851e+00
7.112148437499998366e+00
7.603085937499995062e+00
7.564023437500006608e+00
7.286874999999997549e+00
7.804843750000007851e+00
7.811875000000000568e+00
7.609335937500004476e+00
6.729843750000003233e+00
8.274023437500000355e+00
6.819374999999999076e+00
6.524960937499993285e+00
6.577773437499996767e+00
6.443593749999998010e+00
9.359375000000000000e+00
6.386875000000000746e+00
6.315273437499993925e+00
5.315585937499998082e+00
7.631093750000005116e+00
7.334023437500002629e+00
6.599999999999999645e+00
7.439648437499999822e+00
6.302773437499999076e+00
7.787148437499993747e+00
8.567343750000004476e+00
7.433593750000000000e+00
7.000000000000000000e+00
6.809023437500000497e+00
9.281093750000000142e+00
6.906093750000003695e+00
7.763085937499999645e+00
8.136875000000003411e+00
7.417773437500000178e+00
8.486093749999993108e+00
7.252343749999999645e+00
8.335000000000004405e+00
7.518593749999999076e+00
7.465585937500000213e+00
6.181210937499999503e+00
7.289843750000000178e+00
9.429843750000001634e+00
7.471835937500005187e+00
9.103710937500000711e+00
7.559999999999993392e+00
7.704335937500003340e+00
7.719375000000001208e+00
7.366835937499999432e+00
7.664843750000000178e+00
7.968593749999999254e+00
8.206875000000001918e+00
9.498593749999994174e+00
8.490585937499997016e+00
8.306875000000003340e+00
9.494960937499998366e+00
8.181210937499994174e+00
7.856093750000002096e+00
8.824843750000001208e+00
8.013710937500004405e+00
7.468593749999999254e+00
9.615000000000000213e+00
8.262148437500002274e+00
1.025746093750000476e+01
8.824960937499996660e+00
7.961874999999992042e+00
8.452499999999998792e+00
7.552773437500000853e+00
7.556874999999998010e+00
7.024375000000003588e+00
8.268593750000000853e+00
8.412499999999999645e+00
8.284023437500001918e+00
