0.000000000000000000e+00
1.331234374999999304e+01
1.372499999999999964e+01
1.424609375000000000e+01
1.461714843749999737e+01
1.301371093750001151e+01
1.530484375000000341e+01
1.478558593750000760e+01
1.413359374999999929e+01
1.598500000000000831e+01
1.464746093750000000e+01
1.294589843750000036e+01
1.336246093749999275e+01
1.318500000000000227e+01
1.412621093749999623e+01
1.345687499999999659e+01
1.395609374999998487e+01
1.703109375000001080e+01
1.396777343750000000e+01
1.571058593750000476e+01
1.574589843749999929e+01
1.477437500000000270e+01
1.386714843750000981e+01
1.389683593749999524e+01
1.447933593749999304e+01
1.397749999999999204e+01
1.452109375000000036e+01
1.478437500000000071e+01
1.345609374999998842e+01
1.316527343750000156e+01
1.372027343750000306e+01
1.235609374999999588e+01
1.455484374999999808e+01
1.604808593749999801e+01
1.358871093750000192e+01
1.332249999999999623e+01
1.345484375000000554e+01
1.328609374999999204e+01
1.353687500000000021e+01
1.457437499999999986e+01
1.466484374999999929e+01
1.359214843749999702e+01
1.519746093750000071e+01
1.460433593749998771e+01
1.416109374999998849e+01
1.422933593749998238e+01
1.468984374999999964e+01
1.178433593749999986e+01
1.407464843750000583e+01
1.579750000000000831e+01
1.389996093749999240e+01
1.528558593750000760e+01
1.531996093749999588e+01
1.403609374999999737e+01
1.408750000000000036e+01
1.527749999999998920e+01
1.597496093749998991e+01
1.480308593750001478e+01
1.597359374999999559e+01
1.409234375000000306e+01
1.316859374999999410e+01
1.351871093749999986e+01
1.478984374999999929e+01
1.391499999999999559e+01
1.383750000000000036e+01
1.536234374999999730e+01
1.458734375000000583e+01
1.271937499999999410e+01
1.354687500000000000e+01
1.419058593750000874e+01
1.461558593750000945e+01
1.533187499999998771e+01
1.613687500000001052e+01
1.326089843749999453e+01
1.507496093750000021e+01
1.412359374999999773e+01
1.425308593750000696e+01
1.268984374999999964e+01
1.598121093750000377e+01
1.405234375000000036e+01
1.512359375000000128e+01
1.324371093749999417e+01
1.391089843749999488e+01
1.227984375000000128e+01
1.161058593750001044e+01
1.342734375000000036e+01
1.404859375000000021e+01
1.462500000000000000e+01
1.522152343749999659e+01
1.454359374999999055e+01
1.686234374999999730e+01
1.654433593750000142e+01
1.406234375000000014e+01
1.787808593750002473e+01
1.305484375000001229e+01
1.402984374999999240e+01
1.529937500000000838e+01
1.504371093750000377e+01
1.596371093750001613e+01
1.837964843750000554e+01
1.848359375000000071e+01
1.644964843749999162e+01
1.829808593749999091e+01
1.757359374999999702e+01
1.574359375000000583e+01
1.579183593749999659e+01
1.693246093750000014e+01
1.408984375000000000e+01
1.522464843749998842e+01
1.401500000000001123e+01
1.500527343749999964e+01
1.499984374999999126e+01
1.369339843749999730e+01
1.442187500000000000e+01
1.582652343750000057e+01
1.584808593750000760e+01
1.373734375000000441e+01
1.408500000000000441e+01
1.445464843749998352e+01
1.474437499999998202e+01
1.591558593750001194e+01
1.602308593749999233e+01
1.389027343750000476e+01
1.466499999999999737e+01
1.348109374999999588e+01
1.428496093749999929e+01
1.296839843749997634e+01
1.335902343749999055e+01
1.428589843749999488e+01
1.408734374999999872e+01
1.235371093750000071e+01
1.411777343750000036e+01
1.404371093749998423e+01
1.474339843749999623e+01
1.491234374999999446e+01
1.414750000000000796e+01
1.492984375000000696e+01
1.376714843750000128e+01
1.431734375000000981e+01
1.438500000000000867e+01
1.249808593750000441e+01
1.259683593750000341e+01
1.269214843749999311e+01
1.348187499999998806e+01
1.238687500000000696e+01
1.537621093749999623e+01
1.403027343750000000e+01
1.484808593749999694e+01
1.499234375000000874e+01
1.536734375000000874e+01
1.437359375000000306e+01
1.393687499999999524e+01
1.519999999999999929e+01
1.505249999999999133e+01
1.594859374999999702e+01
1.518871093749999979e+01
1.941839843750000938e+01
1.548589843749999417e+01
1.498499999999999588e+01
1.330777343749999986e+01
1.333609374999999275e+01
1.495746093749999162e+01
1.519964843750002181e+01
1.433609375000000341e+01
1.671714843750000767e+01
1.654652343749999943e+01
1.494359375000002288e+01
1.466058593749999339e+01
1.442152343749998522e+01
1.442152343749998522e+01
1.281871093750000412e+01
1.281714843750000021e+01
2.250859374999999929e+01
2.365464843750000412e+01
2.566234375000000867e+01
2.721683593750000796e+01
2.831234374999999659e+01
4.234609375000000142e+01
3.938687500000001052e+01
4.613714843749998096e+01
6.987051759696006457e+02
7.067052412772179650e+02
1.045953289160132499e+03
2.059073718202113923e+03
2.408376835965514147e+03
4.330527250284552792e+03
4.019837190999985523e+03
7.184029763841035674e+03
6.166217052072879596e+03
7.743955422543886925e+03
8.260504550785413812e+03
7.526095563468928958e+03
6.793067792267199366e+03
7.562454145011897708e+03
9.748017412471181160e+03
1.055306664516866658e+04
7.817031247434019861e+03
8.735826687139866408e+03
5.613252325972915060e+03
7.580807899894714865e+03
4.969374067458510581e+03
5.857061004331110780e+03
5.291019410552978115e+03
3.408064802529811459e+03
2.764963184318542517e+03
2.421640291470885586e+03
2.740358614006042444e+03
2.088275975892544011e+03
1.740348401951193637e+03
1.741919078525900886e+03
1.748762740940451522e+03
1.757975106663108136e+03
1.398734465703964361e+03
7.110130293631553968e+02
3.630822361177205835e+02
7.211894777274131911e+02
3.752503040498494897e+02
3.678728495210409051e+02
3.699259134858846778e+02
1.857734375000000071e+01
3.643260743135214170e+02
1.706234374999998948e+01
1.614839843749999559e+01
3.620246515840291863e+02
1.678109374999999659e+01
1.753871093749999588e+01
1.773750000000000071e+01
1.866246093749998636e+01
1.776371093749999730e+01
1.759996093749999702e+01
2.013437499999999858e+01
2.059652343749998948e+01
2.236734374999999631e+01
1.807187499999999858e+01
1.743121093749999417e+01
2.150308593750001052e+01
1.837484374999999659e+01
1.821859375000000369e+01
1.748687500000000483e+01
1.799496093749999304e+01
1.782714843750000000e+01
2.186484374999999858e+01
1.765464843750000412e+01
1.805589843750000156e+01
1.940746093749999801e+01
1.876839843749998948e+01
1.751402343749999702e+01
1.681558593750000696e+01
1.866777343749999929e+01
1.964750000000000441e+01
1.941109374999999915e+01
1.660527343749999929e+01
1.822734374999999929e+01
1.527621093749999304e+01
1.800433593749999517e+01
1.655000000000000071e+01
1.502484375000000760e+01
1.943187499999999091e+01
1.783808593750000071e+01
1.633433593750000412e+01
1.596734375000000661e+01
1.716871093749998778e+01
1.674746093750000142e+01
1.760687500000000938e+01
1.450371093749999929e+01
1.627964843749999702e+01
1.559277343750000000e+01
1.681621093749999929e+01
1.700589843750000085e+01
1.958402343750000085e+01
1.675839843749999858e+01
1.561402343750000021e+01
1.572777343750000512e+01
1.528687500000000377e+01
1.725371093749999929e+01
1.500683593750000000e+01
1.596859374999999659e+01
1.501683593749999979e+01
1.513246093749999943e+01
1.523109374999998877e+01
1.766187500000000199e+01
1.587500000000000000e+01
1.648187499999999517e+01
1.530902343749999339e+01
1.818687500000000767e+01
1.555214843749999964e+01
1.734496093749999801e+01
1.559683593750000696e+01
1.956558593750000696e+01
1.736871093749998707e+01
1.850000000000000000e+01
1.593687500000000412e+01
1.581871093749999702e+01
1.478984374999999929e+01
1.916058593749999517e+01
1.535933593750000092e+01
1.631714843749999133e+01
1.617558593749999929e+01
1.572484374999999091e+01
1.570152343750000590e+01
1.648187499999999517e+01
1.715937500000000071e+01
1.680249999999999133e+01
1.564984374999999694e+01
1.606937500000000085e+01
1.704746093749999858e+01
1.612808593750001052e+01
1.580589843749999979e+01
1.625621093750000412e+01
1.585902343749999055e+01
1.549496093749999659e+01
1.735277343749999801e+01
1.648359375000000071e+01
1.594750000000000156e+01
1.426187499999999453e+01
1.511187500000000128e+01
1.535902343749999943e+01
1.485746093749999375e+01
1.399839843749999169e+01
1.370609374999999908e+01
1.428558593750001116e+01
1.459214843750000412e+01
1.539683593750000412e+01
1.706500000000000483e+01
1.489652343749999730e+01
1.561777343750000036e+01
1.488652343749999929e+01
1.569683593750000128e+01
1.571187500000000625e+01
1.420152343750000590e+01
1.594937500000000341e+01
1.691214843750000441e+01
1.452984375000000661e+01
1.605687500000001222e+01
1.531250000000000000e+01
1.387964843750000021e+01
1.571000000000001329e+01
1.738500000000001222e+01
1.551234374999999055e+01
1.525250000000000306e+01
1.516937499999999694e+01
1.474058593750000590e+01
1.511527343750000441e+01
1.588121093750000412e+01
1.673089843749999872e+01
1.333500000000001151e+01
1.657808593749999915e+01
1.558246093750000227e+01
1.468246093750000192e+01
1.414027343749999943e+01
1.363558593750000547e+01
1.400902343749999446e+01
1.541558593750000838e+01
1.464937500000000981e+01
1.429996093749999808e+01
1.581109375000000128e+01
1.485484374999999702e+01
1.506683593749999339e+01
1.598984375000000036e+01
1.714437500000000369e+01
1.390058593750000071e+01
1.496187500000000625e+01
1.629750000000001009e+01
1.669000000000000128e+01
1.440433593749998309e+01
1.388609375000000412e+01
1.331402343750000661e+01
1.525250000000000128e+01
1.505121093750001293e+01
1.492808593750000057e+01
1.466500000000000981e+01
1.473089843749998806e+01
1.539234375000000909e+01
1.640277343750000227e+01
1.752871093750000142e+01
1.509859374999998316e+01
1.426996093749999694e+01
1.284359375000000725e+01
1.454234375000000412e+01
1.589234375000000377e+01
1.380687499999998735e+01
1.463734374999999410e+01
1.503999999999999737e+01
1.486937500000000156e+01
1.517339843749999417e+01
1.457933593749998558e+01
1.449937500000000412e+01
1.640589843750000298e+01
1.528734375000000156e+01
1.319859374999998991e+01
1.566996093749999375e+01
1.541734374999998636e+01
1.616089843749999488e+01
1.603964843749999858e+01
1.660371093750000071e+01
1.324214843750000270e+01
1.529687500000000000e+01
1.483187500000000014e+01
1.429609375000000071e+01
1.519902343749999929e+01
1.564808593750000298e+01
1.531246093749999204e+01
1.539808593750000298e+01
1.522152343749998238e+01
1.552109375000000036e+01
1.350484375000001513e+01
1.408964843749999929e+01
1.481499999999999240e+01
1.347984375000000412e+01
1.420999999999999908e+01
1.480996093749999964e+01
1.612496093749999559e+01
1.491187500000000021e+01
1.776234374999999588e+01
1.653687499999999133e+01
1.527339843749999204e+01
1.353964843750000036e+01
1.407308593750000547e+01
1.422621093749999410e+01
1.465308593750000554e+01
1.562152343749998806e+01
1.464339843749998238e+01
1.329687500000000000e+01
1.388109374999998025e+01
1.617749999999998778e+01
1.696058593750000298e+01
1.654687500000000000e+01
1.709902343750000142e+01
1.673089843749998096e+01
1.846714843749998991e+01
1.834339843749998877e+01
1.635058593750000000e+01
1.533871093750001435e+01
1.393089843749998025e+01
1.896249999999999858e+01
1.609234374999999417e+01
1.506777343749999964e+01
1.579437499999998451e+01
1.609683593750000341e+01
1.556839843749999730e+01
1.505687500000000512e+01
1.556484374999999964e+01
1.565277343750001116e+01
1.492984375000000696e+01
1.878609374999999559e+01
1.731621093749999929e+01
1.504652343749999410e+01
1.973109374999998877e+01
1.650589843750000085e+01
1.882187499999999858e+01
1.611499999999999488e+01
1.594859374999999702e+01
1.769859375000000412e+01
1.552500000000000036e+01
1.749808593750000085e+01
1.492496093749999275e+01
1.672027343750000838e+01
1.803734374999999801e+01
1.611734375000000696e+01
1.673609374999999133e+01
1.724750000000002004e+01
1.862750000000000483e+01
1.718687499999999346e+01
1.893187500000000156e+01
1.996109375000000341e+01
1.958749999999999858e+01
1.870933593750000412e+01
1.814437499999999659e+01
1.862777343749999304e+01
2.069984374999999588e+01
2.068500000000002359e+01
2.064589843750000142e+01
1.754984375000000085e+01
1.865609374999998238e+01
1.771937499999999588e+01
1.645371093749999858e+01
1.662933593749999517e+01
1.650121093750001577e+01
1.796558593750000909e+01
1.710214843749999858e+01
1.619999999999999929e+01
1.834750000000000725e+01
1.704027343749999801e+01
1.867152343749998877e+01
1.959277343750000000e+01
2.226152343749999929e+01
1.721402343750001052e+01
2.338984375000000071e+01
1.846937500000000298e+01
1.934609375000000142e+01
2.118402343750001293e+01
2.012808593750001052e+01
2.047777343749999801e+01
2.058734374999999517e+01
1.829683593749999915e+01
1.642437499999999062e+01
1.521499999999999808e+01
1.917027343750000767e+01
2.115308593750001620e+01
1.667109375000000071e+01
1.651714843749999062e+01
1.972152343750000014e+01
1.528402343749999126e+01
1.586058593750000512e+01
1.596996093750000512e+01
1.677089843750000142e+01
1.654609375000000071e+01
1.653687500000000909e+01
1.747250000000001435e+01
1.627621093749998948e+01
1.582984375000000909e+01
1.458984375000000000e+01
1.652250000000000441e+01
1.600687499999999730e+01
1.472402343749999964e+01
1.490249999999998565e+01
1.685121093749999233e+01
1.572621093749999588e+01
1.798609374999998778e+01
1.871500000000000696e+01
2.168277343750001407e+01
1.574234374999999453e+01
1.913499999999999801e+01
1.854683593749999559e+01
1.833187500000000725e+01
1.661250000000000071e+01
1.667933593749999233e+01
1.861714843749999915e+01
1.752152343749999019e+01
1.688496093750000071e+01
1.683999999999999631e+01
1.828499999999999659e+01
2.023437500000000000e+01
1.635484375000000057e+01
1.700859374999999929e+01
1.480371093750000000e+01
1.514359374999998487e+01
1.452750000000000341e+01
1.774058593750000412e+01
1.462359374999999773e+01
1.769371093749999346e+01
1.644937499999999631e+01
1.537359374999998884e+01
1.486500000000000021e+01
1.514121093750000036e+01
1.417734375000000036e+01
1.525589843749998309e+01
1.400277343750000547e+01
1.634683593749999631e+01
1.431714843749998423e+01
1.423589843749999240e+01
1.626937499999998238e+01
1.562437500000000590e+01
1.729609375000000071e+01
1.554750000000001009e+01
1.526734375000000909e+01
1.397984374999999702e+01
1.689183593749998735e+01
1.462359374999998884e+01
1.605121093749999872e+01
1.505121093749999872e+01
1.490937500000000071e+01
1.656871093749997925e+01
1.173496093750000036e+01
2.089984375000000583e+01
2.644937500000002117e+01
3.919234374999999915e+01
3.093183593750000071e+01
4.052359374999998209e+01
4.454359374999995680e+01
3.540839843749999716e+01
3.603338913911580903e+02
1.704506872410177948e+03
3.316106241738796143e+03
4.278649487528205100e+03
6.019728650278446366e+03
8.347622592535019066e+03
8.573842417120344180e+03
9.797311940419673192e+03
9.296326975097661489e+03
1.057466297848165777e+04
1.128590582317352892e+04
1.154506799062490427e+04
1.236165564155340144e+04
1.321555003511846917e+04
1.275741528369843400e+04
1.325751636076926297e+04
1.281080494892060233e+04
1.389636288649499147e+04
1.220282463290631858e+04
1.277255381946504713e+04
1.162120830678700622e+04
1.094426857881307296e+04
1.150470522599161086e+04
1.011932805675268173e+04
6.274209967417120424e+03
1.104239515204370764e+04
7.109420836770534152e+03
7.346202584275602931e+03
5.044033418959976188e+03
4.716788398435116505e+03
3.439275166299342345e+03
3.421967340371608771e+03
4.074628180990219789e+03
2.770607078361511412e+03
2.460197446011900865e+03
1.763303103489279920e+03
2.749108408927917480e+03
2.435711118192076810e+03
1.757587582249045681e+03
1.419724535284042304e+03
1.069005423254370498e+03
3.660837711519003506e+02
7.000297853446007821e+02
3.631735035127400693e+02
3.682805704683065642e+02
3.573136081880331290e+02
3.609535816377402284e+02
1.608496093750000000e+01
1.742183593750000270e+01
1.693500000000000227e+01
1.814359375000000085e+01
1.820464843749999062e+01
1.731937499999999730e+01
3.557695224946737085e+02
1.551308593749999964e+01
1.616371093749999943e+01
3.589885865205526443e+02
1.646152343749999858e+01
1.653437500000000071e+01
1.768496093750000142e+01
1.592250000000000476e+01
1.777437500000001336e+01
1.800609374999999801e+01
1.569359374999998558e+01
1.697714843749999858e+01
1.551246093749999488e+01
1.583589843749999737e+01
1.620371093749999858e+01
1.519339843749998309e+01
1.660859375000000071e+01
1.575902343749998558e+01
1.547871093750000071e+01
1.713734374999999943e+01
1.402359375000000696e+01
1.431234375000000725e+01
1.526371093750001862e+01
1.687437500000000057e+01
1.666859375000001720e+01
1.568277343750000874e+01
1.544214843750000909e+01
1.398984375000000036e+01
1.504937500000001194e+01
1.556187500000000945e+01
1.457437500000000874e+01
1.407250000000000512e+01
1.512437500000000412e+01
1.364996093749999417e+01
1.433687499999999559e+01
1.443871093750000867e+01
1.329937499999999773e+01
1.286839843749999091e+01
1.368746093750000270e+01
1.323246093749999019e+01
1.512984375000000092e+01
1.360933593749999737e+01
1.443609375000000838e+01
1.367500000000000071e+01
1.318089843749997669e+01
1.412750000000001194e+01
1.809437500000001364e+01
1.854964843750000369e+01
1.627714843749999929e+01
1.547933593749998238e+01
1.472183593750000341e+01
1.449589843749999929e+01
1.439214843750000661e+01
1.509000000000001229e+01
1.302027343750000377e+01
1.486109374999999488e+01
1.515308593750000554e+01
1.509964843750001684e+01
1.589496093749999694e+01
1.375214843750000071e+01
1.446234375000000760e+01
1.440234375000000000e+01
1.564859374999999986e+01
1.569000000000000306e+01
1.548499999999999943e+01
1.461499999999999844e+01
1.416499999999999204e+01
1.446621093749999964e+01
1.350484374999999737e+01
1.447933593749998593e+01
1.434683593749999453e+01
1.661089843750000128e+01
1.265371093749999964e+01
1.621234374999999162e+01
1.829984375000000085e+01
1.489437500000000547e+01
1.466058593750000760e+01
1.518121093749999240e+01
1.373609374999998600e+01
1.348277343750000057e+01
1.452187499999999964e+01
1.303109375000000192e+01
1.563902343749999169e+01
1.426249999999999929e+01
1.701500000000000057e+01
1.348652343750000071e+01
1.491214843749999730e+01
1.429808593750000867e+01
1.699859374999999062e+01
1.384027343750000760e+01
1.603902343749999204e+01
1.574058593750000412e+01
1.695687499999999304e+01
1.374433593750000071e+01
1.419527343750000625e+01
1.458652343750000036e+01
1.491484374999999929e+01
1.357496093749999488e+01
1.495433593749998025e+01
1.257308593750001080e+01
1.347933593749998771e+01
1.251500000000000767e+01
1.383609374999998920e+01
1.542749999999998067e+01
1.393746093749999737e+01
1.386527343750000796e+01
1.314808593750001009e+01
1.538746093749999133e+01
1.276499999999999524e+01
1.468984374999999964e+01
1.591859375000001720e+01
1.281937499999999019e+01
1.338714843750001293e+01
1.487621093749999623e+01
1.282250000000001577e+01
1.541187500000000377e+01
1.501484375000000071e+01
1.637359375000000483e+01
1.589750000000001684e+01
1.655464843749998494e+01
1.796246093750000483e+01
1.638746093749999844e+01
1.359609374999999964e+01
1.467984374999999275e+01
1.543734375000000192e+01
1.551234374999999055e+01
1.535902343749999943e+01
1.291996093749999019e+01
1.398183593749999964e+01
1.400933593749999417e+01
1.366089843749999844e+01
1.319214843749998600e+01
1.457308593750001080e+01
1.359984375000000867e+01
1.434437500000001009e+01
1.282933593749998202e+01
1.319437499999999730e+01
1.448589843749998884e+01
1.466058593750000583e+01
1.394589843750000036e+01
1.417437499999999417e+01
1.286234374999998309e+01
1.319000000000000128e+01
1.538187499999998487e+01
1.329496093750000263e+01
1.552621093749999304e+01
1.324683593750000377e+01
1.377183593749999524e+01
1.313714843750000583e+01
1.248902343749999488e+01
1.429984374999999730e+01
1.470484374999999488e+01
1.370999999999999019e+01
1.344371093750000412e+01
1.359496093750000156e+01
1.320121093750002217e+01
1.330859375000000000e+01
1.310999999999999588e+01
1.476109374999999169e+01
1.318734374999999304e+01
1.332437500000001229e+01
1.294234375000000092e+01
1.230687500000000867e+01
1.273734375000000618e+01
1.324937500000000590e+01
1.205902343749999162e+01
1.386734374999999808e+01
1.627152343750000085e+01
1.316214843749999730e+01
1.389964843749999979e+01
1.224996093749999559e+01
1.136402343749999488e+01
1.392250000000001720e+01
1.334437500000000831e+01
1.205433593749999588e+01
1.403749999999999964e+01
1.171621093749999964e+01
1.293687499999999702e+01
1.256871093749999702e+01
1.277437500000000803e+01
1.402652343750000341e+01
1.457714843750000000e+01
1.527734375000000000e+01
1.384839843749998956e+01
1.503871093750001720e+01
1.259859374999998849e+01
1.247984375000001123e+01
1.235996093750000036e+01
1.267484375000000441e+01
1.234359375000001613e+01
1.438749999999999929e+01
1.449937499999999524e+01
1.449496093749998593e+01
1.474437499999999979e+01
1.292246093750000036e+01
1.543277343750001229e+01
1.388902343749999169e+01
1.324859374999998884e+01
1.358750000000000036e+01
1.402464843750001400e+01
1.504859374999999133e+01
1.381996093750000298e+01
1.300000000000000000e+01
1.530902343749999162e+01
1.423277343750000945e+01
1.481371093749999623e+01
1.436109374999999488e+01
1.577027343750001265e+01
1.524652343749999162e+01
1.543402343749999694e+01
1.493109375000001116e+01
1.355777343750001407e+01
1.597308593750000227e+01
1.509859374999999204e+01
1.408437499999999964e+01
1.653121093749999915e+01
1.675308593750001052e+01
1.226527343750001009e+01
1.488808593749999964e+01
1.505484375000001229e+01
1.572714843750000036e+01
1.657621093749999730e+01
1.580777343750001229e+01
1.241714843749999986e+01
1.519839843749999808e+01
1.292089843750000000e+01
1.747777343749999446e+01
1.475277343750000014e+01
1.328499999999999126e+01
1.456109374999998707e+01
1.370609374999999908e+01
1.585277343749999446e+01
1.387871093749999929e+01
1.459652343749998593e+01
1.417621093750001648e+01
1.612246093750000142e+01
1.821859374999997172e+01
1.457183593749999773e+01
1.545234375000000071e+01
1.453402343750000192e+01
1.685234374999999929e+01
1.867359374999998778e+01
1.552359374999999986e+01
1.676937500000001791e+01
1.413277343750002046e+01
1.601714843749998352e+01
1.615683593749999858e+01
1.852734375000000000e+01
1.579996093750000341e+01
1.654984374999998664e+01
1.601777343750000071e+01
1.502984375000000128e+01
1.612109375000000000e+01
1.446109375000000341e+01
1.557750000000000412e+01
1.309683593749999986e+01
1.376000000000002821e+01
1.332933593749998735e+01
1.504964843749999659e+01
1.558027343750000071e+01
1.238746093749999311e+01
1.291734375000000412e+01
1.200277343750000369e+01
1.290937500000000071e+01
1.216859374999997634e+01
1.237437500000000412e+01
1.295484375000000909e+01
1.237984374999999915e+01
1.123359375000000071e+01
1.240152343749999275e+01
1.352187499999999964e+01
1.353339843750000071e+01
1.266859375000000298e+01
1.468750000000000000e+01
1.282250000000001044e+01
1.265589843749998167e+01
1.255999999999999694e+01
1.278749999999999964e+01
1.509058593750000909e+01
1.438609374999999702e+01
1.423121093749998600e+01
1.191187500000000377e+01
1.239746093750000000e+01
1.301214843750001293e+01
1.376933593749999929e+01
1.408734375000000227e+01
1.380687499999999623e+01
1.356996093749999055e+01
1.499277343750000036e+01
1.413277343750001513e+01
1.458558593750000298e+01
1.354437499999999339e+01
1.327249999999999730e+01
1.769214843749999133e+01
1.256734375000000981e+01
1.461234374999999375e+01
1.391234374999999091e+01
1.329937500000000838e+01
1.390371093749999964e+01
1.470777343750001798e+01
1.552109375000000036e+01
1.423109374999999588e+01
1.688109374999999091e+01
1.568187499999999446e+01
1.373589843750000128e+01
1.523871093749999872e+01
1.410433593749999659e+01
1.367984375000000696e+01
1.331214843750000298e+01
1.721683593749999730e+01
1.420839843749999964e+01
1.544027343750000192e+01
1.389859374999999453e+01
1.667250000000000654e+01
1.803121093749998849e+01
1.881499999999999062e+01
1.677152343749998664e+01
1.736714843750000981e+01
1.199058593750000234e+01
1.293714843750000298e+01
1.418714843749999943e+01
1.323121093749999133e+01
1.339359374999999375e+01
1.286499999999999133e+01
1.435234374999999929e+01
1.399000000000000554e+01
1.457308593750000725e+01
1.570152343749999524e+01
1.593734374999999659e+01
2.120464843749998352e+01
1.120687500000000014e+01
2.068183593750000071e+01
2.106250000000000000e+01
2.147109375000000142e+01
2.620464843749997996e+01
3.558687500000000625e+01
2.819359375000001933e+01
3.936937500000003354e+01
3.690262455171347256e+02
1.369520807256698845e+03
2.691119151115417480e+03
4.249228192972538636e+03
6.008135588144659778e+03
6.619883136505482071e+03
7.454131269035337027e+03
9.262534328860636379e+03
1.018038681504667147e+04
1.024172927293240355e+04
1.258295951980591417e+04
1.330454316740989088e+04
1.324779201509893392e+04
1.369548129497528498e+04
1.419198651236534351e+04
1.407997292683065825e+04
1.360369833504617054e+04
1.338156095003544397e+04
1.421942902945518108e+04
1.371630564064920145e+04
1.447991042687834488e+04
1.274155715164185312e+04
1.097549874543904662e+04
1.028645537888944818e+04
1.025262939622343038e+04
1.006641060436010230e+04
7.657487165031430777e+03
4.405095642923713058e+03
5.949157286679745084e+03
4.395427358621955136e+03
5.265632520904539888e+03
4.092630715169905216e+03
3.437688346230983825e+03
3.104181057328581119e+03
3.084794640702604738e+03
2.747467881584167571e+03
1.737995723423361824e+03
1.407636297979354595e+03
1.765979175876975205e+03
1.064838157019019036e+03
1.055702662634253556e+03
1.400853960332870429e+03
7.049596687674522855e+02
1.055549834570288567e+03
1.058934375891089530e+03
1.044958366369605073e+03
7.177895265555382593e+02
3.641041477388143335e+02
1.917437500000000128e+01
7.032747413992881320e+02
7.122514967703818911e+02
3.672975132173299926e+02
7.012591157889365832e+02
2.001683593750000512e+01
3.536917704194784164e+02
7.019647371268272309e+02
3.628308796113730068e+02
1.879214843749999986e+01
1.900308593749999631e+01
1.689527343749999488e+01
1.804750000000000654e+01
3.612688492769003119e+02
1.634359374999999659e+01
1.819839843749999631e+01
1.668984375000000142e+01
1.674937500000000767e+01
1.952183593750000412e+01
1.848121093749999133e+01
1.737777343750000725e+01
1.723734375000000441e+01
1.616214843750000085e+01
1.684339843749999588e+01
1.552621093749999659e+01
1.399859374999999240e+01
1.581683593749999872e+01
1.710277343749999801e+01
1.513109375000000512e+01
1.642027343750000057e+01
1.638437499999999858e+01
1.591621093750000071e+01
1.590234375000000000e+01
1.688246093749999233e+01
1.696937499999999588e+01
1.618402343749999517e+01
1.766734375000000767e+01
1.746109374999999631e+01
1.668500000000000938e+01
1.839234374999999488e+01
1.630277343750000441e+01
1.662308593750000441e+01
1.605308593750000767e+01
1.531859374999998558e+01
1.542734375000000036e+01
1.814359374999999019e+01
1.613734374999999233e+01
1.763359374999999929e+01
1.834359375000001080e+01
1.658359374999999858e+01
1.828246093750000156e+01
1.927183593750000057e+01
1.793089843749999801e+01
1.566249999999999964e+01
1.607089843749999858e+01
1.577750000000000341e+01
1.664839843749998849e+01
1.801402343749999702e+01
1.855484374999998209e+01
1.726937500000000014e+01
1.950859374999999929e+01
1.916089843749999133e+01
1.790371093750000142e+01
1.786187499999999773e+01
1.606500000000000128e+01
1.674359374999999517e+01
1.551109374999999169e+01
1.851734374999999844e+01
1.604937499999999773e+01
1.633749999999999858e+01
1.522984375000000590e+01
1.723746093749998209e+01
1.652250000000001151e+01
1.474589843749999929e+01
1.619609374999999929e+01
1.566109374999999559e+01
1.635484375000000767e+01
1.496246093749998884e+01
1.650484375000000270e+01
1.730999999999999872e+01
1.650902343749998735e+01
1.694937500000000696e+01
1.695687500000001080e+01
1.569937500000000696e+01
1.629859374999999133e+01
1.785937500000000000e+01
1.602484374999999872e+01
1.702308593750000654e+01
1.748687500000000483e+01
1.722734374999999929e+01
1.632402343749999929e+01
1.586402343750000377e+01
1.583609374999999808e+01
1.505250000000000909e+01
1.704027343750000867e+01
1.841499999999999559e+01
1.400250000000000838e+01
1.596734375000001194e+01
1.589371093750000341e+01
1.830609374999997740e+01
1.608808593750000071e+01
1.553246093749999446e+01
1.564984375000000227e+01
1.514859375000000341e+01
1.397714843750000036e+01
1.574234375000000696e+01
1.610308593750000128e+01
1.536089843749999240e+01
1.572984374999999702e+01
1.463687499999999808e+01
1.608187500000000725e+01
1.553277343750000661e+01
1.700152343750000483e+01
1.607984375000001620e+01
1.305746093749999304e+01
1.518183593750000071e+01
1.733746093749999062e+01
1.822464843749997954e+01
1.781683593749999872e+01
1.626214843749999162e+01
1.788609375000000057e+01
1.503246093749999091e+01
1.600902343749999091e+01
1.706996093749999233e+01
1.779984374999998664e+01
1.699609375000000000e+01
1.715999999999998948e+01
1.737183593750000199e+01
1.744859374999998636e+01
1.788652343749999929e+01
1.604058593750001194e+01
1.605859375000000000e+01
1.942871093750000000e+01
1.667808593750001123e+01
1.828871093749999943e+01
1.740746093749999801e+01
1.613121093749998991e+01
1.505464843750000625e+01
1.664750000000000796e+01
1.569859374999998991e+01
1.365859374999999964e+01
1.506499999999999417e+01
1.586777343750000036e+01
1.551558593750000625e+01
1.502308593750000298e+01
1.773500000000000298e+01
1.706621093749999929e+01
1.564214843749999773e+01
2.043589843750000412e+01
1.493121093749999417e+01
1.587652343749999417e+01
1.464437500000000547e+01
1.955484375000001407e+01
1.321246093749999773e+01
1.536683593749998877e+01
1.589808593749999943e+01
1.473433593750000270e+01
1.519437500000000796e+01
1.457749999999999524e+01
1.817777343750000441e+01
1.548187499999999694e+01
1.453609374999999559e+01
1.596500000000000874e+01
1.518609375000000128e+01
1.770527343750000071e+01
1.954058593750001904e+01
1.489496093749999694e+01
1.725249999999999773e+01
1.419859374999998991e+01
1.732250000000000156e+01
1.559683593749999275e+01
1.362402343750000000e+01
1.554359374999999410e+01
1.684984374999999446e+01
1.463714843750001293e+01
1.366234374999999446e+01
1.460902343749998877e+01
1.476402343750000590e+01
1.444234374999999559e+01
1.611214843750001791e+01
1.651621093749999858e+01
1.630121093750000227e+01
1.434234375000000838e+01
1.509937500000000377e+01
1.676621093749999858e+01
1.394808593750000192e+01
1.442339843750000306e+01
1.667964843750000270e+01
1.668609374999999062e+01
1.614839843749998849e+01
1.772964843750001052e+01
1.559937499999998600e+01
1.596058593750000476e+01
1.629750000000002075e+01
1.797437500000000199e+01
1.562777343750000192e+01
1.439437499999998593e+01
1.494683593749999773e+01
1.579058593750001194e+01
1.490609374999998238e+01
1.413984375000000071e+01
1.768687500000000767e+01
1.659984374999999446e+01
1.708609374999998920e+01
1.585621093749999488e+01
1.835937500000000000e+01
1.478277343750000128e+01
1.567484375000000441e+01
1.534527343750000838e+01
1.762484375000000369e+01
1.590121093750000725e+01
1.544058593750000341e+01
1.626109375000000057e+01
1.704214843749999631e+01
1.705687499999999801e+01
1.631214843750000654e+01
1.699234375000000341e+01
1.956499999999998352e+01
1.452027343750001265e+01
1.754937499999999062e+01
1.800933593749999417e+01
1.600234375000000142e+01
1.632437499999999986e+01
1.639750000000000085e+01
1.709589843750000071e+01
1.627714843749999929e+01
1.646484375000000000e+01
1.433871093750000014e+01
1.597933593750000014e+01
1.594234374999999737e+01
1.556234375000000192e+01
1.755308593750000412e+01
1.561527343749999730e+01
1.717484374999998664e+01
1.725999999999999801e+01
1.791109374999999915e+01
1.673089843749999517e+01
1.489687499999999964e+01
1.615621093749999915e+01
1.608746093749999062e+01
1.478027343750000000e+01
1.692964843749999915e+01
1.664371093749998920e+01
1.597933593749998593e+01
1.541371093749999943e+01
1.619683593750000128e+01
1.769964843749999517e+01
1.750000000000000000e+01
1.536089843749999417e+01
1.553109375000000192e+01
1.623402343749999233e+01
1.590996093749999929e+01
1.697496093749999346e+01
1.526937500000001080e+01
1.722464843749999019e+01
1.629937500000000483e+01
1.612984375000000270e+01
1.596402343750000696e+01
1.403437500000000071e+01
1.496089843749999559e+01
1.788808593750000142e+01
1.736871093750000483e+01
1.792500000000000071e+01
1.742250000000000298e+01
1.608999999999999275e+01
1.677484374999999517e+01
1.590249999999999808e+01
1.423183593749999964e+01
1.768402343749999872e+01
1.831839843750000085e+01
1.786859375000000227e+01
1.659496093750000512e+01
1.753902343749999915e+01
1.623734374999999730e+01
1.810527343749999929e+01
1.616871093750000199e+01
1.732339843749998565e+01
1.861500000000000554e+01
1.683437500000000142e+01
1.548589843749999240e+01
1.683402343749997954e+01
1.833687499999999915e+01
2.025839843749999858e+01
2.082359374999998280e+01
1.837339843749998280e+01
1.803027343750000000e+01
1.846683593749999019e+01
1.723089843750000938e+01
2.056499999999997996e+01
2.004687500000000000e+01
1.558999999999999808e+01
1.810609375000000298e+01
1.939937499999999204e+01
1.837808593750001407e+01
1.979058593750001549e+01
1.938339843749999858e+01
1.588652343749999929e+01
1.631234375000000369e+01
1.559652343749998593e+01
1.670999999999999019e+01
1.434652343749999126e+01
1.603246093749999801e+01
1.525249999999999417e+01
1.856499999999998707e+01
1.589527343750001442e+01
1.552339843749999737e+01
1.749750000000001293e+01
1.661734374999998920e+01
1.604808593750000512e+01
1.538871093749999908e+01
1.570687499999998593e+01
1.600859374999999929e+01
1.472499999999999964e+01
1.431683593750000583e+01
1.565214843749999929e+01
1.538089843749999019e+01
1.592964843749999737e+01
1.870234375000000071e+01
1.696214843750001933e+01
1.984589843750000071e+01
1.783734375000000227e+01
1.645687499999999659e+01
1.492964843750000625e+01
1.484371093749998671e+01
1.617402343750000071e+01
1.864839843749999559e+01
1.646734375000000483e+01
1.615308593750000554e+01
1.648496093749999858e+01
1.589339843749999659e+01
1.503500000000002146e+01
1.587437500000001123e+01
1.613749999999999929e+01
1.560933593750000092e+01
1.541000000000001968e+01
1.584433593750000036e+01
1.401402343749998991e+01
7.860000000000006537e+00
1.192437500000000128e+01
1.842734374999999858e+01
2.707652343749999346e+01
3.664964843749998380e+01
3.178589843749999133e+01
3.657913746064901943e+02
3.788823832124471664e+02
1.035288323950171389e+03
1.039747548193335660e+03
2.412670462674498594e+03
5.469284689254162004e+03
7.181502929124236289e+03
8.798045405096407194e+03
9.003285704228874238e+03
1.056425067379415850e+04
1.056519564999043905e+04
1.155870994619131125e+04
1.236496701976715849e+04
1.356765428807974422e+04
1.317691732634545224e+04
1.281640251056610396e+04
1.357946310949086910e+04
1.176561978113592340e+04
1.225066913363874301e+04
1.175166811025381685e+04
1.016279668163061069e+04
1.060399532736778929e+04
8.460490437931415727e+03
1.035681899918973068e+04
9.608392873535151011e+03
8.361435404667257899e+03
8.366907518314721528e+03
5.921325068662165904e+03
7.325538678941130456e+03
4.086892225179673005e+03
5.564844193953870672e+03
5.299641754302979280e+03
2.782271912345886449e+03
2.425296342801450919e+03
2.407461630887389219e+03
2.094466579530239414e+03
1.071802879309058198e+03
1.751999214023947616e+03
1.772789573521017928e+03
1.059240623449683198e+03
1.071347462438941193e+03
1.401208319463729822e+03
3.740849186128377823e+02
3.747484131807089511e+02
2.047464843750000796e+01
7.100544618582725889e+02
1.872984375000001833e+01
1.805589843749999091e+01
1.565433593749999908e+01
1.834359374999999659e+01
1.769750000000000156e+01
1.797484374999999446e+01
1.682652343750000412e+01
1.810746093750000085e+01
1.778437500000000071e+01
1.918902343750000483e+01
1.639859374999999275e+01
1.912249999999999872e+01
1.557464843750000227e+01
1.715777343750000838e+01
1.560859375000000071e+01
1.669371093749998636e+01
1.806937499999999730e+01
1.922402343750000142e+01
1.729359374999997812e+01
1.741933593750000142e+01
1.468609375000000306e+01
1.415484374999999773e+01
1.449058593750000412e+01
1.814937500000000270e+01
1.661234374999999730e+01
1.408402343749999375e+01
1.463746093749998956e+01
1.362484374999999304e+01
1.447964843749999275e+01
1.615777343750001194e+01
1.587500000000000000e+01
1.359859374999999559e+01
1.550621093749998636e+01
1.492359374999999488e+01
1.263359374999999929e+01
1.402437500000000981e+01
1.638687499999999986e+01
1.506714843749998956e+01
1.377249999999999730e+01
1.863027343750000142e+01
1.657499999999999929e+01
1.384808593750000583e+01
1.366234374999998735e+01
1.535999999999999588e+01
1.416234374999999979e+01
1.511839843749999091e+01
1.360250000000000092e+01
1.409687500000000071e+01
1.506246093749999204e+01
1.434496093749999446e+01
1.413749999999999929e+01
1.307464843750000227e+01
1.447250000000000725e+01
1.166937500000000583e+01
1.428433593749999808e+01
1.407652343750000412e+01
1.252339843749999382e+01
1.213609374999999169e+01
1.246000000000001329e+01
1.341839843749999694e+01
1.377750000000000696e+01
1.295683593749999929e+01
1.488609374999999524e+01
1.300687499999999375e+01
1.326464843750000000e+01
1.360746093749999375e+01
1.375214843750000071e+01
1.547871093750000071e+01
1.249214843749998849e+01
1.371527343749999872e+01
1.364058593750001513e+01
1.323687500000000306e+01
1.336839843749999446e+01
1.348746093749999275e+01
1.368871093750001400e+01
1.350902343749999091e+01
1.487359375000000128e+01
1.304937499999999773e+01
1.356734375000000092e+01
1.354652343749999055e+01
1.416937500000001293e+01
1.922359374999999915e+01
1.264609375000000036e+01
1.498109375000001720e+01
1.711109374999999488e+01
1.344683593750000128e+01
1.570308593750000625e+01
1.574750000000000760e+01
1.345464843749999417e+01
1.453027343750000000e+01
1.332437500000001229e+01
1.327484374999999872e+01
1.522250000000000192e+01
1.600152343749999773e+01
1.584937500000000909e+01
1.473984375000000036e+01
1.454750000000002252e+01
1.404437500000000583e+01
1.402777343749999694e+01
1.564937500000000092e+01
1.550152343749999240e+01
1.482558593749999964e+01
1.859359375000001435e+01
1.456937500000000263e+01
1.544964843749999694e+01
1.628500000000001791e+01
1.496859374999999659e+01
1.547484374999999091e+01
1.399984375000000547e+01
1.732964843749999062e+01
1.656734375000000981e+01
1.809859375000000625e+01
1.691250000000000142e+01
1.783999999999998565e+01
1.790121093750001080e+01
1.624937500000000057e+01
1.777749999999998565e+01
1.584433593750000036e+01
1.847250000000001080e+01
1.520609374999998309e+01
1.384984375000000512e+01
1.803589843749998778e+01
1.473714843750001080e+01
1.732933593749998380e+01
1.417777343750000263e+01
1.595250000000001833e+01
1.221234375000000583e+01
1.332558593749999964e+01
1.329902343750000071e+01
1.446246093749999417e+01
1.503187500000000298e+01
1.529234375000000412e+01
1.591214843750000441e+01
1.160058593750000000e+01
1.320527343750000071e+01
1.418984374999999964e+01
1.371859375000001080e+01
1.365609374999999659e+01
1.456234374999998593e+01
1.404058593750000306e+01
1.666234374999999801e+01
1.473746093749999453e+01
1.460839843750000000e+01
1.675249999999999417e+01
1.900859374999999929e+01
1.701714843750000483e+01
1.577777343749999339e+01
1.738187500000000085e+01
1.742308593749999801e+01
1.510214843750000036e+01
1.485250000000000625e+01
1.356187499999999702e+01
1.199750000000002004e+01
1.861464843750000142e+01
1.474937500000000590e+01
1.473984375000000036e+01
1.346714843750000057e+01
1.618734374999999304e+01
1.479437500000000583e+01
1.496859374999999659e+01
1.419058593750000341e+01
1.542558593749999929e+01
1.512714843750000071e+01
1.464652343749999730e+01
1.493496093749999964e+01
1.297933593749998593e+01
1.392808593749999702e+01
1.359984374999998558e+01
1.331246093749999204e+01
1.398359375000000071e+01
1.451859374999999908e+01
1.376499999999999524e+01
1.637984374999999915e+01
1.384527343750000838e+01
1.430234375000000036e+01
1.397484375000000512e+01
1.484937500000000377e+01
1.328500000000000192e+01
1.348999999999999488e+01
1.469527343749999737e+01
1.527152343749999908e+01
1.539027343750000831e+01
1.625433593749999162e+01
1.336839843749999091e+01
1.682437500000000696e+01
1.426714843749999240e+01
1.518433593750000021e+01
1.608871093749999659e+01
1.566621093750000071e+01
1.497187500000000071e+01
1.520746093749998451e+01
1.651058593750000725e+01
1.584058593750001265e+01
1.820058593750000142e+01
1.720839843750000142e+01
1.753734374999999801e+01
1.449183593749999410e+01
1.529027343750000156e+01
1.532464843749999694e+01
1.529964843750000547e+01
1.866187500000000199e+01
1.686996093750000014e+01
1.716527343750000867e+01
1.882777343750001364e+01
1.866996093750000441e+01
1.779000000000000625e+01
2.040214843749999929e+01
1.658734374999999872e+01
1.974000000000001265e+01
1.613437499999999858e+01
1.632484375000000298e+01
1.398746093749999453e+01
1.397246093749999929e+01
1.565058593750000071e+01
1.472808593750000306e+01
1.496246093749999417e+01
1.607152343749999091e+01
1.661714843750000270e+01
1.355121093750001116e+01
1.486214843749999659e+01
1.621734375000000838e+01
1.461859374999999339e+01
1.442964843749998671e+01
1.423609374999998600e+01
1.428558593750000227e+01
1.588183593750000000e+01
1.442437500000000838e+01
1.481109375000000306e+01
1.457152343749998735e+01
1.459984374999998558e+01
1.463984375000000071e+01
1.421933593750000036e+01
1.444214843750000377e+01
1.855746093750001435e+01
1.391500000000000270e+01
1.389937500000001158e+01
1.498433593750000270e+01
1.259609374999999964e+01
1.402984375000000838e+01
1.399683593750000021e+01
1.433999999999998920e+01
1.598121093749998956e+01
1.653902343749999915e+01
1.601000000000001577e+01
1.732402343749999929e+01
1.783589843749998849e+01
1.734371093749999915e+01
1.794359374999999091e+01
1.587183593749999488e+01
1.656714843750000554e+01
1.809937500000000199e+01
1.570589843749998771e+01
1.634750000000000369e+01
1.468714843749999943e+01
1.404437500000000227e+01
1.345609375000001151e+01
1.462109375000000000e+01
1.533433593750000057e+01
1.580214843749999964e+01
1.548339843750000000e+01
1.647359374999999559e+01
1.402984374999999417e+01
1.575277343750000547e+01
1.970589843750000725e+01
1.484437499999999943e+01
1.335464843749999986e+01
1.589496093749999694e+01
1.485609374999998167e+01
1.593808593750000036e+01
1.520937499999999964e+01
1.386464843749999964e+01
1.411464843749999964e+01
1.521214843750000156e+01
1.544859375000000057e+01
1.593687500000000412e+01
1.639527343749999488e+01
1.615609375000000014e+01
1.613871093750001151e+01
1.731484375000000142e+01
1.616527343750000512e+01
1.599527343750000696e+01
2.012250000000000227e+01
2.170777343750002331e+01
1.544359374999999623e+01
1.541246093749999702e+01
1.451937499999999659e+01
1.655687500000000156e+01
1.876402343750000767e+01
1.850484374999999915e+01
1.815687500000000654e+01
1.474687499999999929e+01
1.648109374999997812e+01
1.794652343749999446e+01
1.663187499999999730e+01
1.989214843749999062e+01
1.978808593750000000e+01
2.266058593749999517e+01
2.804750000000001364e+01
2.143687500000001478e+01
1.904339843749998451e+01
1.715839843750000071e+01
2.038734375000000654e+01
2.007246093750000071e+01
2.193984375000000142e+01
2.070746093750000938e+01
2.218558593750000085e+01
2.224996093749999915e+01
1.999183593750000298e+01
1.979984375000000441e+01
2.012621093749999446e+01
1.718871093750000867e+01
1.805902343749998806e+01
1.992359375000001265e+01
2.149496093750001791e+01
1.920433593749999801e+01
2.002027343750001620e+01
1.772359374999998494e+01
2.115308593750000199e+01
1.727437499999999915e+01
1.502933593749999019e+01
1.610000000000000142e+01
2.026734375000000199e+01
1.965308593750001620e+01
1.610999999999999588e+01
1.786683593749998877e+01
1.821308593750000071e+01
1.753734374999999446e+01
1.714984375000000227e+01
1.673500000000002075e+01
1.429359375000001009e+01
1.570433593749999446e+01
1.753734374999999801e+01
1.700000000000000000e+01
1.919999999999999929e+01
1.581089843749999524e+01
1.561871093749998884e+01
1.712652343749999417e+01
1.591714843749998920e+01
1.591714843749998920e+01
1.207808593750000981e+01
1.010859375000000071e+01
9.684335937500001990e+00
1.698609374999999844e+01
1.543109375000001116e+01
1.931109374999998352e+01
2.344371093749997570e+01
2.026484375000000071e+01
2.627402343749999858e+01
6.985884901785851753e+02
7.039847847342491605e+02
1.743257264561056900e+03
3.125570706986785808e+03
5.050375904616713342e+03
1.079705707673787401e+04
1.035865831925809835e+04
1.204758977843284811e+04
1.327081364592552745e+04
1.446556827909409549e+04
1.505827556439340151e+04
1.523035325546205240e+04
1.515564725234448633e+04
1.517219731613099611e+04
1.452287277095557147e+04
1.514438205455779644e+04
1.441058834618985384e+04
1.480923017335832083e+04
1.521575077006280844e+04
1.527533205580711365e+04
1.528568543164968469e+04
1.508962885631562676e+04
1.511385952281951904e+04
1.423603623648643224e+04
1.452320297908544671e+04
1.188387790822744864e+04
1.233926459567487473e+04
1.128162946600854957e+04
9.032835617803933928e+03
8.004843171262150463e+03
7.440993536424039121e+03
6.596427451620102147e+03
5.706694794844985154e+03
5.052591376113296064e+03
3.780633450073599761e+03
5.967955995786190215e+03
2.791725244865417153e+03
2.113653786561489142e+03
1.781649691624045317e+03
1.779005187839865812e+03
1.791647942051291466e+03
1.077016972631812223e+03
1.415834017705917404e+03
1.414899642705917358e+03
7.230656257987022855e+02
3.659945575898885863e+02
3.630415751069784278e+02
3.690867960542440187e+02
3.611350358003377323e+02
3.627212681001425381e+02
3.703789774507284278e+02
3.693502674287557284e+02
3.563346711152792636e+02
3.698352030366659164e+02
3.659571390718221551e+02
3.651365207856892994e+02
3.624818760102987767e+02
1.452152343749999019e+01
1.455683593750000071e+01
1.417652343750000377e+01
1.411187499999999417e+01
1.404527343750000057e+01
1.496683593749999908e+01
1.530687500000000156e+01
1.484937500000000377e+01
1.340746093749999623e+01
1.392109375000000071e+01
1.313499999999999623e+01
1.365234375000000000e+01
1.468714843750000831e+01
1.570621093749998920e+01
1.387621093750001577e+01
1.481871093749998280e+01
1.545484375000000021e+01
1.297777343750000512e+01
1.527437500000000981e+01
1.553999999999997783e+01
1.638121093750000412e+01
1.648089843750000583e+01
1.524058593750001123e+01
1.451859375000001151e+01
1.687359374999999062e+01
1.702499999999999858e+01
1.845308593750002046e+01
2.022250000000000725e+01
1.452250000000001329e+01
1.387152343749998806e+01
1.379433593749999964e+01
1.529984374999999730e+01
1.639937500000000981e+01
1.596089843749998849e+01
1.527464843750000512e+01
1.591000000000002501e+01
1.377984374999999417e+01
1.530621093749997463e+01
1.431621093749999929e+01
1.594437499999999730e+01
1.269359374999999268e+01
1.405058593749999929e+01
1.547484374999999623e+01
1.312359374999998884e+01
1.390609375000001613e+01
1.447984375000000412e+01
1.598964843749999964e+01
1.586933593750000071e+01
1.365937500000000071e+01
1.394964843749999162e+01
1.521000000000001684e+01
1.583734374999999872e+01
1.453109374999998771e+01
1.454859375000001265e+01
1.610746093750000796e+01
1.651500000000000057e+01
1.535933593750000270e+01
1.381859374999999446e+01
1.360621093749998600e+01
1.396996093749999979e+01
1.356214843749997989e+01
1.220589843749999304e+01
1.580527343750000036e+01
1.382152343749998735e+01
1.492984375000001407e+01
1.670250000000002188e+01
1.607308593749998948e+01
1.803109375000000369e+01
1.570687500000000192e+01
1.716859374999998167e+01
1.619839843749999275e+01
1.703746093749998280e+01
1.730746093750002856e+01
1.848999999999998778e+01
1.623433593749999915e+01
1.873964843750000142e+01
2.033027343750000071e+01
1.693339843749999929e+01
1.644183593750000583e+01
1.438500000000000156e+01
1.544687500000000036e+01
1.549214843749998849e+01
1.478734374999999979e+01
1.513187499999998487e+01
1.890250000000001052e+01
1.811234374999999730e+01
1.836937500000001933e+01
1.653750000000000142e+01
1.732984374999999488e+01
1.862250000000000583e+01
1.604000000000000625e+01
1.589359374999998487e+01
1.451500000000000057e+01
1.467621093750002004e+01
1.342027343750000057e+01
1.231089843749999702e+01
1.925996093750000071e+01
1.616250000000000142e+01
1.411234374999999908e+01
1.583246093749998806e+01
1.518984374999999964e+01
1.713902343749999702e+01
1.645937500000000142e+01
1.354964843750001613e+01
1.723746093749998209e+01
1.594371093749998103e+01
1.717183593749999204e+01
1.886246093749999275e+01
1.423089843750001116e+01
2.003359375000000142e+01
1.264750000000002572e+01
1.461187500000000128e+01
1.435609375000001720e+01
1.368121093749998707e+01
1.388999999999999169e+01
1.337464843750001720e+01
1.426402343750000412e+01
1.527871093749999964e+01
1.261000000000000476e+01
1.559589843750000071e+01
1.416859374999997989e+01
1.435902343749998522e+01
1.459984374999999446e+01
1.381527343750000725e+01
1.625308593750001052e+01
1.454359375000001009e+01
1.434984374999999446e+01
1.405621093749998707e+01
1.503609375000000092e+01
1.386734375000001229e+01
1.421937499999999588e+01
1.342464843750001613e+01
1.123187499999998984e+01
1.338714843749999339e+01
1.658999999999998565e+01
1.420683593749999929e+01
1.322109374999999964e+01
1.396187500000000981e+01
1.418187499999998202e+01
1.387359375000000661e+01
1.406109374999998352e+01
1.549750000000000583e+01
1.597749999999999559e+01
1.445902343749999375e+01
1.630933593749999844e+01
1.195250000000000767e+01
1.415937500000000071e+01
1.502464843749998202e+01
1.247359375000000092e+01
1.496308593750000071e+01
1.348109374999999588e+01
1.145933593749999702e+01
1.231871093749998458e+01
1.245277343750000831e+01
1.383183593749999929e+01
1.464996093749998884e+01
1.491734375000000412e+01
1.407359375000000412e+01
1.563734374999999588e+01
1.343089843749999446e+01
1.684277343750000000e+01
1.708500000000001862e+01
1.529937500000001194e+01
1.571714843749998636e+01
1.807964843750001194e+01
1.687437500000000057e+01
1.546527343749998273e+01
1.648750000000000071e+01
1.356234374999998771e+01
1.293109374999997918e+01
1.446058593749999055e+01
1.687464843749998522e+01
1.506499999999998884e+01
1.503984374999999929e+01
1.576859374999998842e+01
1.529437499999997385e+01
1.640058593750000071e+01
1.403902343749998671e+01
1.279996093749998565e+01
1.337500000000000000e+01
1.565152343749999808e+01
1.420277343750000298e+01
9.377245975399015379e+02
1.203810954961776588e+03
1.668300794007778222e+03
5.816052636122701642e+02
1.789819665811063942e+03
5.215124390596150761e+02
7.342534137243033001e+02
7.352615867519380117e+02
3.721496165370941753e+02
5.114857800906893317e+02
5.651655031532048952e+02
5.777646803641318911e+02
6.077165651297569866e+02
6.379126625418663252e+02
6.771477974295615923e+02
7.141931886649132366e+02
4.864630204194783687e+02
2.843775000000000546e+02
5.971553513520958631e+02
8.950895082449912934e+02
8.890057832694059243e+02
2.724423437500000205e+02
8.754395277762408796e+02
2.524452734374999636e+02
1.658702734374999750e+02
1.544983984374999295e+02
1.438271484375000000e+02
1.404735937500000205e+02
1.447850000000000250e+02
1.437843750000000114e+02
1.413748437500000250e+02
1.397998437499999795e+02
1.404296484374999636e+02
1.368343359374999579e+02
1.330280859374999807e+02
1.320610937499999693e+02
1.278343359374999864e+02
1.316399999999999864e+02
1.319060937500000250e+02
1.355546484374999636e+02
1.317693359374999886e+02
1.251683984374999739e+02
1.329980859374999511e+02
1.341060937499999284e+02
1.286562109375000205e+02
1.334693750000000421e+02
1.290310937500000250e+02
1.344746484374999511e+02
1.362750000000000057e+02
1.330960937499999943e+02
1.312585937499999886e+02
1.295624609374999352e+02
1.284255859374999886e+02
1.245818749999999966e+02
1.214298437499999466e+02
1.274618750000000063e+02
1.278335937500000057e+02
1.192673437499999807e+02
1.227818750000000847e+02
1.210185937499999653e+02
1.212077734374999807e+02
1.208855859374999255e+02
1.230335937499999943e+02
1.275996484374999511e+02
1.274062109375000347e+02
1.288750000000000000e+02
1.265743750000000318e+02
1.247702734374999807e+02
1.279155859374999125e+02
1.235298437499999835e+02
1.222327734375000148e+02
1.242118750000000347e+02
1.263005859375000028e+02
1.268277734374999852e+02
1.158125000000000000e+02
1.150373437499999483e+02
1.137773437500000000e+02
1.120605859374999653e+02
1.201548437499999835e+02
1.211340234375000193e+02
1.168275000000000148e+02
1.143646484374999943e+02
1.221530859375000091e+02
1.234115234374999943e+02
1.243340234374999937e+02
1.200527734374999937e+02
1.208593750000000000e+02
1.190193749999999255e+02
1.192810937499999966e+02
1.240318749999999426e+02
1.226810937499999739e+02
1.213030859375000148e+02
1.142499609374999210e+02
1.194515234375000290e+02
1.134298437500000034e+02
1.138199609374999852e+02
1.165999609375000148e+02
1.146623437499999625e+02
1.171349609374999972e+02
1.210802734374999972e+02
1.122655859374999352e+02
1.227074609375000307e+02
1.186985937500000148e+02
1.289023437500000000e+02
1.219405859375000318e+02
1.190912109374999943e+02
1.166833984375000028e+02
1.133060937499999881e+02
1.132998437500000648e+02
1.177248437499999625e+02
1.175673437500000347e+02
1.142058984374999966e+02
1.215171484375000546e+02
1.199452734375000489e+02
1.163360937499999466e+02
1.150298437500000119e+02
1.162349999999999710e+02
1.154608984375000063e+02
1.125435937500000136e+02
1.142840234375000108e+02
1.109199609375000648e+02
1.164110937499999210e+02
1.103623437500000364e+02
1.171798437500000034e+02
1.129458984375000057e+02
1.138248437499999000e+02
1.194985937500000546e+02
1.106360937500000290e+02
1.157974999999999710e+02
1.175343749999999972e+02
1.183949609374999881e+02
1.181224999999998744e+02
1.223399999999999181e+02
1.113900000000000290e+02
1.076685937500000136e+02
1.246173437499999466e+02
1.148735937499998983e+02
1.111824609375000108e+02
1.134368749999999437e+02
1.107423437499999608e+02
1.132012109374999511e+02
1.076558984375000136e+02
1.124773437500000028e+02
1.130412109374999972e+02
1.130412109374999972e+02
1.635990234374999943e+02
1.610280859375000091e+02
1.786771484374999943e+02
1.840202734375000375e+02
2.118298437499999238e+02
2.079024999999999181e+02
2.180725000000000477e+02
2.103921484374999125e+02
2.105179456117152768e+03
5.891337200155259779e+03
6.667287891587615377e+03
8.247469877812856794e+03
8.092746434759498698e+03
1.306581841771543441e+04
1.316049153191985170e+04
1.377619385146141212e+04
1.388804402236699752e+04
1.371993270764292356e+04
1.371796929242073929e+04
1.350069282599448889e+04
1.313888053767920610e+04
1.281194729847370400e+04
1.289637621235310689e+04
1.302006308585167062e+04
1.263078998149872677e+04
1.273749220628499279e+04
1.199376773738323936e+04
1.205475376613081062e+04
1.278230013167320612e+04
1.340432588256835515e+04
1.335054626645982717e+04
1.351468064819335450e+04
1.357779267944335879e+04
1.415233070141732424e+04
1.425873484634160923e+04
1.431379917709290385e+04
1.424815719985008400e+04
1.417029035561025739e+04
1.349341891470908377e+04
1.381581745881973984e+04
1.293499433693825631e+04
1.285571127965689448e+04
1.312523677593230423e+04
1.197530894481598807e+04
1.188435185188055038e+04
1.028486992458760506e+04
9.885792254804975528e+03
7.110642364854211337e+03
7.913153731324678120e+03
6.354501835165021475e+03
5.522894584273695727e+03
5.238531534576415652e+03
3.726973562378288079e+03
4.009463899984357795e+03
3.691887559265495838e+03
3.958617678060531034e+03
5.460019233321547290e+03
4.892288700637221154e+03
4.325613973307013111e+03
3.991896437826155307e+03
3.098773457536101432e+03
2.741933020744323585e+03
3.070500769242644310e+03
2.755636963615417244e+03
2.451383830594419123e+03
2.448191531705259877e+03
2.411677010220885222e+03
2.118533459413051787e+03
2.127468364808560182e+03
2.738775044670104762e+03
1.116977592443823823e+03
2.466127675504088529e+03
1.816164275669455719e+03
1.128637491125464749e+03
1.138033488439917619e+03
4.741658600801230818e+02
8.075784675955771945e+02
8.087108339285850889e+02
4.565182773774861857e+02
4.490585892671346073e+02
4.526604319185018426e+02
4.512935199922324614e+02
4.474704944795371375e+02
1.145173437500000091e+02
4.560070224946737767e+02
1.267748437499999739e+02
4.491996494477986062e+02
7.893526613211629410e+02
1.187460937500000000e+02
7.854898353934288480e+02
1.201118750000000830e+02
4.461887452119589170e+02
1.210423437500000290e+02
1.094715234375000392e+02
1.115043359374999881e+02
1.116943749999999653e+02
4.462090610688924244e+02
1.125625000000000000e+02
1.150368750000000375e+02
1.132524999999999835e+02
1.198105859374999653e+02
1.125130859374999943e+02
1.174498437499999426e+02
1.169468750000000057e+02
1.306452734374999807e+02
1.122968750000000000e+02
1.220360937499999210e+02
1.262437109374999835e+02
1.286443750000000250e+02
1.300890234374999750e+02
1.258693749999999909e+02
1.260780859374999352e+02
1.259193749999999454e+02
1.187808984374999426e+02
1.165687109375000148e+02
1.201349609374999972e+02
1.201243750000001000e+02
1.139387109375000193e+02
1.188724999999999454e+02
1.165750000000000028e+02
1.176218359374999665e+02
1.172058984375000392e+02
1.116568749999999426e+02
1.152730859374999000e+02
1.065480859374999909e+02
1.198843750000000057e+02
1.262493749999999864e+02
1.202483984374999437e+02
1.283168359375000023e+02
1.197849999999999966e+02
1.200125000000000028e+02
1.160896484375000028e+02
1.111068359374999943e+02
1.146090234375000421e+02
1.082235937499999636e+02
1.182215234375000108e+02
1.180125000000000028e+02
1.154515234374999864e+02
1.150187109375000318e+02
1.141015234374999636e+02
1.166465234375000648e+02
1.224233984374999693e+02
1.233443750000000136e+02
1.237943750000000165e+02
1.214590234375000364e+02
1.142655859374999920e+02
1.166724999999999710e+02
1.092530859375000318e+02
1.206233984375000290e+02
1.223985937499999608e+02
1.155999609375000148e+02
1.314935937499999170e+02
1.213443749999999710e+02
1.217560937499999909e+02
1.161187109374999409e+02
1.197733984374999920e+02
1.197130859374999972e+02
1.193699609375000534e+02
1.094235937499999665e+02
1.162277734374999909e+02
1.179155859375000261e+02
1.160530859375000290e+02
1.043077734375000318e+02
1.068310937499999937e+02
1.039824609375000364e+02
1.059798437499999437e+02
1.024590234374999937e+02
1.093610937499999807e+02
1.169298437500000318e+02
1.118630859375000028e+02
1.093671484375000063e+02
1.017902734375000051e+02
1.059748437500000193e+02
1.071802734375000057e+02
1.091640234374999636e+02
1.117485937500000119e+02
1.128618749999999835e+02
1.177943750000000165e+02
1.229349999999999881e+02
1.187568750000000080e+02
1.216693749999999170e+02
1.128968749999999943e+02
1.143733984375000574e+02
1.172224999999999255e+02
1.087248437500000193e+02
1.178593750000000000e+02
1.117593359375000119e+02
1.018968359375000716e+02
1.145787109375000057e+02
1.091405859374999636e+02
1.098093359375000375e+02
1.112310937499999852e+02
1.176021484375000057e+02
1.143810937499999625e+02
1.103485937500000347e+02
1.097943749999999739e+02
1.152974999999999284e+02
1.152230859374999739e+02
1.146965234375000193e+02
1.103046484374999636e+02
1.103443749999999710e+02
1.103110937499999835e+02
1.112358984374999693e+02
1.117000000000000028e+02
1.096115234374999972e+02
1.156024999999999636e+02
1.140149999999999864e+02
1.162585937500000028e+02
1.116308984375000648e+02
1.181685937500000136e+02
1.074818749999999739e+02
1.163735937499999125e+02
1.160975000000000392e+02
1.194765234375000063e+02
1.170725000000000193e+02
1.093585937499999972e+02
1.047577734374999636e+02
1.116468359375000290e+02
1.111980859374999966e+02
1.061868750000000290e+02
1.079574609375000307e+02
1.103902734374999852e+02
1.080574609374999966e+02
1.063749609375000063e+02
1.067235937499999636e+02
1.119060937500000392e+02
1.098465234375000392e+02
1.167568749999999653e+02
1.138998437500000165e+02
1.097671484375000119e+02
1.057623437500000563e+02
1.080798437500000375e+02
1.101498437499999881e+02
1.107068749999999397e+02
1.117683984374999966e+02
1.126943749999999937e+02
1.100090234375000620e+02
1.124118749999999807e+02
1.235149999999999153e+02
1.157274999999999352e+02
1.177943749999999739e+02
1.141368749999999892e+02
1.125224609375000000e+02
1.080060937499999483e+02
1.180985937500000347e+02
1.161324609375000421e+02
1.147750000000000057e+02
1.109640234375000034e+02
1.093368750000000063e+02
1.187762109374999966e+02
1.194923437500000034e+02
1.189574609374999881e+02
1.206875000000000000e+02
1.190493750000000261e+02
1.126423437499999665e+02
1.109874609375000034e+02
1.161373437500000136e+02
1.157150000000000318e+02
1.109423437500000063e+02
1.170568749999999909e+02
1.221449609375000165e+02
1.205746484374999739e+02
1.170715234374999909e+02
1.193390234374999608e+02
1.173765234375000119e+02
1.175218359375000148e+02
1.144974999999999454e+02
1.208349999999999653e+02
1.179349999999999739e+02
1.156235937499999835e+02
1.188193749999999937e+02
1.267218359375000034e+02
1.205749609375000091e+02
1.274873437500000080e+02
1.275546484375000347e+02
1.266802734375000057e+02
1.339048437500000261e+02
1.274324609374999397e+02
1.262210937499999943e+02
1.234443749999999653e+02
1.167235937499999636e+02
1.163246484374999170e+02
1.187249999999999943e+02
1.215365234374999943e+02
1.243100000000000165e+02
1.206202734375000603e+02
1.124890234374999665e+02
1.138693749999999483e+02
1.137123437499999739e+02
1.196275000000000119e+02
1.200896484375000028e+02
1.245640234375000119e+02
1.227968359374999920e+02
1.232525000000000261e+02
1.169224999999999852e+02
1.239373437500000392e+02
1.139149999999999920e+02
1.151412109375000057e+02
1.128137109375001046e+02
1.200746484374999881e+02
1.307985937500000659e+02
1.225110937499999864e+02
4.490875080293416204e+02
1.187468359374999665e+02
1.186968750000000057e+02
1.183730859374999511e+02
1.102743749999999636e+02
1.130443749999999454e+02
1.103375000000000057e+02
1.199985937499998983e+02
1.151500000000000057e+02
1.133560937499999426e+02
1.168798437499999352e+02
1.128718359374999665e+02
1.101193750000000620e+02
1.146890234374999693e+02
1.200280859374999807e+02
1.184810937500000421e+02
1.170715234374999625e+02
1.167412109375000000e+02
1.164468750000000057e+02
1.148818750000000080e+02
1.145608984374999864e+02
1.209443750000000080e+02
1.181718750000000000e+02
1.252999609374999892e+02
1.180149999999999579e+02
1.204610937499999608e+02
1.117623437499999852e+02
1.141496484374999909e+02
1.103124609374999210e+02
1.087355859375000193e+02
1.137060937499999937e+02
1.139168359375000108e+02
1.152735937499999892e+02
1.164123437499999909e+02
1.134349609374999943e+02
1.202618749999999608e+02
1.182421484374999920e+02
1.153360937499999892e+02
1.151943750000000080e+02
1.179215234375000136e+02
1.171058984375000165e+02
1.189718359375000318e+02
1.226818749999999909e+02
1.193273437499999972e+02
1.106983984374999608e+02
1.123468749999999972e+02
1.266418359375000193e+02
1.229985937500000830e+02
1.195873437499999881e+02
1.223873437500000421e+02
1.199437109375000148e+02
1.297060937500000080e+02
1.189052734375000000e+02
1.156105859374999483e+02
1.229185937500000136e+02
1.210860937500000318e+02
1.279099999999999966e+02
1.168918359374999909e+02
1.138452734375000261e+02
1.186500000000000057e+02
1.119043359374999937e+02
1.174173437499999153e+02
1.195771484375000000e+02
1.211210937500000000e+02
1.197673437499999807e+02
1.105423437500000290e+02
1.071483984374999920e+02
1.161243750000000148e+02
1.099358984374999864e+02
1.095702734375000347e+02
1.049590234374999653e+02
1.115468359374999920e+02
1.071058984375000307e+02
1.129748437499999909e+02
1.077640234374999864e+02
1.158048437499999466e+02
1.118649999999999807e+02
1.098927734374999972e+02
1.115765234374999579e+02
1.061093750000000000e+02
1.067118750000000063e+02
1.138437109374999352e+02
1.122648437499999972e+02
1.185755859374999943e+02
1.149515234374999864e+02
1.109600000000000080e+02
1.087933984374999454e+02
1.095740234375000028e+02
1.096499609375000119e+02
1.146668359375000108e+02
1.768850000000000477e+02
1.539748437500000193e+02
1.669890234375000091e+02
1.721140234374999523e+02
1.782968750000000000e+02
1.951685937499999000e+02
1.929068359375000057e+02
1.917230859375000307e+02
1.454984271612167277e+03
1.775013911289572889e+03
4.175711384195687060e+03
6.101692870321274313e+03
9.503854525923137771e+03
1.017205227144003220e+04
1.248227089876591890e+04
1.357732812866211680e+04
1.389431290877759420e+04
1.413987916397095614e+04
1.365863612433433264e+04
1.344616030521154789e+04
1.247020678841530389e+04
1.255067816509247132e+04
1.231273988561391525e+04
1.219757607729375923e+04
1.215055011321067650e+04
1.171174841266572548e+04
1.126270078315495994e+04
1.243953264074086655e+04
1.271005307964325766e+04
1.260652326790749430e+04
1.272885569438934363e+04
1.209673504085003333e+04
1.349952588256835952e+04
1.371344670474767918e+04
1.408043323895394497e+04
1.373104854620933111e+04
1.390450541026055907e+04
1.419697795637548006e+04
1.407843987252950683e+04
1.388705418948888473e+04
1.389382527835606925e+04
1.344534640250206030e+04
1.275565455846547775e+04
1.307154268413543105e+04
1.151245832701682775e+04
1.131813554987371026e+04
1.031343643831014560e+04
8.361280053472519285e+03
8.365475984869002787e+03
6.320039958944318641e+03
6.313561122274399168e+03
6.270099571981430017e+03
5.978128773569462282e+03
3.362603095986843982e+03
4.548334194943906368e+03
3.038379228410124597e+03
2.763766975822448330e+03
3.068197078751921254e+03
3.685008421081899542e+03
3.053526840409636407e+03
3.382476846597196072e+03
2.139082906434536653e+03
2.764904732170104580e+03
1.124962783789038895e+03
1.135238608679175286e+03
1.479004932012557902e+03
1.147165924963355110e+03
1.121566369909644209e+03
1.454860173711776724e+03
1.782468912815451858e+03
1.797753012546897025e+03
1.134774788183569854e+03
8.078254341483116150e+02
1.134240724157691147e+03
7.945771895194055787e+02
7.873375831961632230e+02
7.877299989676474752e+02
1.254618749999999636e+02
4.596478257173299653e+02
1.119246032080054192e+03
4.702777506440878028e+02
1.234648437500000000e+02
1.292673437499999523e+02
4.587386322969197749e+02
1.342225000000000250e+02
1.225068749999999511e+02
4.601285981172322863e+02
1.251748437500000080e+02
1.246302734374999943e+02
4.641512818330527921e+02
1.181798437499999181e+02
1.236202734374999892e+02
7.807165144705774082e+02
1.266152734374999511e+02
1.280512109374998886e+02
1.203335937500000057e+02
1.239418359374999881e+02
1.208474999999999682e+02
1.195685937500000193e+02
1.308773437499999943e+02
1.284310937500000023e+02
1.232775000000000034e+02
1.211943750000000080e+02
1.286399999999999579e+02
1.297335937500000114e+02
1.253480859374999739e+02
1.299593359374999579e+02
1.457271484375000057e+02
1.413499609375000716e+02
1.307405859374999864e+02
1.185060937500000193e+02
1.342443750000000477e+02
1.320860937499999750e+02
1.290735937500000148e+02
1.291187109374999977e+02
1.334937109374999977e+02
1.257224999999999966e+02
1.245608984374999579e+02
1.346743749999999977e+02
1.269523437499999972e+02
1.308402734374999739e+02
1.199880859375000028e+02
1.249787109374999972e+02
1.385185937500000364e+02
1.312193749999999568e+02
1.263512109374999426e+02
1.272880859375000000e+02
1.184318749999999909e+02
1.248710937500000000e+02
1.283983984375000205e+02
1.292868750000000375e+02
1.197593750000000057e+02
1.204693749999999284e+02
1.182715234375001074e+02
1.162699609374999739e+02
1.212780859374999380e+02
1.186560937500000392e+02
1.266324609374999852e+02
1.219246484374998971e+02
1.181773437500000057e+02
1.227624609374999807e+02
1.168699609375000392e+02
1.178146484374999972e+02
1.121402734374999852e+02
1.106765234374999665e+02
1.097993750000000119e+02
1.029037109374999943e+02
1.137780859374999665e+02
1.110974609375000028e+02
1.063827734375000063e+02
1.128271484375000000e+02
1.143152734374999397e+02
1.207750000000000057e+02
1.214708984374999972e+02
1.147762109375000108e+02
1.099168359374999966e+02
1.150985937499999920e+02
1.083498437499999909e+02
1.155210937500000057e+02
1.105935937500000392e+02
1.030368749999999807e+02
1.060183984375000108e+02
1.110593359374999665e+02
1.115275000000000034e+02
1.089443750000000080e+02
1.110868749999999920e+02
1.069699609375000620e+02
1.069077734375000972e+02
1.047093749999999943e+02
1.067993749999999409e+02
1.093493749999999807e+02
1.030140234375000574e+02
1.052248437499999625e+02
1.024843750000000000e+02
1.037683984374999966e+02
1.060693359375000000e+02
9.921089843750004889e+01
1.022762109374999966e+02
9.914859374999997499e+01
1.045108984374999892e+02
1.100983984375000091e+02
1.067773437500000000e+02
1.110402734375000335e+02
1.172248437499999625e+02
1.071990234375000028e+02
1.046310937499999909e+02
1.131937109375000148e+02
1.087068750000000108e+02
1.229618749999999920e+02
1.092225000000000534e+02
1.083649999999999807e+02
1.067621484374999881e+02
1.082865234374999943e+02
1.116833984375000028e+02
1.198110937499999409e+02
1.098125000000000000e+02
1.098749609375000347e+02
1.111774999999999807e+02
1.015743749999999892e+02
1.053215234374999909e+02
1.111355859374999682e+02
1.120699609375000563e+02
1.227949609375000648e+02
1.186655859375000119e+02
1.175202734374999807e+02
1.194343359375000091e+02
1.198343749999999943e+02
1.198668359375000421e+02
1.287673437500000659e+02
1.223750000000000000e+02
1.240115234375000028e+02
1.176308984374999653e+02
1.251552734375000000e+02
1.253965234375000364e+02
1.188452734375000546e+02
1.157365234374999972e+02
1.232177734375000000e+02
1.140562109374999835e+02
1.119000000000000057e+02
1.233937109375000034e+02
1.264349999999999739e+02
1.277199609375000193e+02
1.197585937500000028e+02
1.171224999999999454e+02
1.218918359375000335e+02
1.110693749999999653e+02
1.164650000000000034e+02
1.152860937499999920e+02
1.312110937499999750e+02
1.252685937500000080e+02
1.229423437500000773e+02
1.149774999999999920e+02
1.165683984375000080e+02
1.161485937499999892e+02
1.144137109375000421e+02
1.162923437500000148e+02
1.175349999999999397e+02
1.173173437499999636e+02
1.092218359374999892e+02
1.124583984374999943e+02
1.123312109374999892e+02
1.176733984374999409e+02
1.099335937500000000e+02
1.078618749999999835e+02
1.052548437499999920e+02
1.036824609374999682e+02
1.067449609374999966e+02
1.046485937499999892e+02
1.019849999999999426e+02
1.038546484375000318e+02
9.883109374999999375e+01
1.135890234375000034e+02
1.028493749999999807e+02
1.058918359374999909e+02
1.040110937499999579e+02
1.042423437499999892e+02
1.035873437499999881e+02
1.090048437499999210e+02
1.015968359375000034e+02
1.088608984374999693e+02
1.097068749999999682e+02
9.879750000000004206e+01
1.056585937499999943e+02
1.009524999999999721e+02
1.115155859375000063e+02
1.103968749999999943e+02
1.074140234374999920e+02
1.042537109375000028e+02
1.052530859375000034e+02
1.128849999999999909e+02
1.041765234375000091e+02
1.066650000000000347e+02
1.063125000000000000e+02
1.024743750000000375e+02
1.117235937499999920e+02
1.118298437500000091e+02
1.051818749999999625e+02
1.087623437499999852e+02
1.074725000000000534e+02
1.192574609374999852e+02
1.022418359375000136e+02
1.146693750000000165e+02
1.148248437500000136e+02
1.184923437499999608e+02
1.115985937500000347e+02
1.085312109374999920e+02
1.095110937499999864e+02
1.034277734374999511e+02
1.128380859374999972e+02
1.130355859374999881e+02
1.101735937499999665e+02
1.116687109374999807e+02
1.045860937499999608e+02
1.166343359375000261e+02
1.094405859375000034e+02
1.142899999999999920e+02
1.110474609375000057e+02
1.136871484374999852e+02
1.131668359375000392e+02
1.109558984374999966e+02
1.059937109374999835e+02
1.083350000000000080e+02
1.078874609375000375e+02
1.015860937500000176e+02
1.057171484374999864e+02
1.073498437500000193e+02
1.013400000000000176e+02
1.050152734374999852e+02
1.003873437499999852e+02
1.004546484374999977e+02
1.076693750000000307e+02
1.168387109375000108e+02
1.051590234375000392e+02
1.081358984374999892e+02
1.011243750000000006e+02
1.030490234374999972e+02
1.066358984375000034e+02
9.566249999999999432e+01
1.064702734375000261e+02
1.002465234375000165e+02
1.075093359375000119e+02
1.053548437500000148e+02
1.001312109374999579e+02
1.035452734375000290e+02
1.120583984375000028e+02
1.025735937499999579e+02
9.846859374999995396e+01
1.027890234374999920e+02
1.049693749999999710e+02
1.000498437500000080e+02
9.583109374999996533e+01
9.756859375000001933e+01
9.396000000000000796e+01
9.900308593750004604e+01
9.941933593749999432e+01
1.039155859375000261e+02
9.893437500000000284e+01
9.584234375000002615e+01
9.643750000000000000e+01
9.190902343750002501e+01
9.733734375000001648e+01
9.711859374999995964e+01
1.034935937499999739e+02
9.946683593750003638e+01
9.685902343750002785e+01
1.032024999999999864e+02
9.800687499999995111e+01
9.408187499999998238e+01
9.923734375000005059e+01
1.036683984374999739e+02
1.024558984375000392e+02
1.010808984375000676e+02
9.679609374999999716e+01
9.838187500000000796e+01
1.032052734374999972e+02
1.000458984375000000e+02
9.597499999999999432e+01
9.954996093750006025e+01
1.014435937499999767e+02
9.382359374999995794e+01
9.214000000000004320e+01
9.290249999999997499e+01
9.631484374999999432e+01
9.702437499999996362e+01
9.936246093749996078e+01
9.803089843750004206e+01
1.026355859374999966e+02
1.001037109374999972e+02
1.069600000000000080e+02
1.028108984374999864e+02
9.295589843749999659e+01
8.964937500000000625e+01
9.565999999999999659e+01
1.022949609374999511e+02
9.593500000000000227e+01
1.066590234375000108e+02
1.049937109374999835e+02
1.095873437499999454e+02
1.041485937499999608e+02
1.045060937499999909e+02
1.072860937500000063e+02
1.060985937499999920e+02
1.004718359374999892e+02
1.051818749999999483e+02
1.028827734375000347e+02
1.069124609374999864e+02
1.138068359374999972e+02
1.034012109375000392e+02
1.150827734374999807e+02
1.122318749999999881e+02
1.131030859375000546e+02
1.096505859374999972e+02
1.096505859374999972e+02
1.556773437500000057e+02
1.459043359374999795e+02
1.413685937499999170e+02
1.537618749999999750e+02
1.660023437499999943e+02
1.779552734375000114e+02
1.676750000000000114e+02
1.743649999999999807e+02
5.035727799409627323e+02
2.371155939969420615e+03
4.423890406491756949e+03
5.025583424224851115e+03
7.635653065431118193e+03
1.006780205868184566e+04
1.035548144507349571e+04
1.315140946458578037e+04
1.272935395116567452e+04
1.323794517200887276e+04
1.422903429213523668e+04
1.394324581063985897e+04
1.408725042187630061e+04
1.414250542035043509e+04
1.371672961003720957e+04
1.389371828497886236e+04
1.338256059869229830e+04
1.356011589994371388e+04
1.410294146618784907e+04
1.438095595106542169e+04
1.398532788915097262e+04
1.452587043685852586e+04
1.452555203994751173e+04
1.435156550673485981e+04
1.445561838209569396e+04
1.419317769200743351e+04
1.252691415061711814e+04
1.308858830907584706e+04
1.232230254688203786e+04
1.196599795055330105e+04
1.214590259109495855e+04
1.138663091242254995e+04
9.858364621443142823e+03
1.011399776267052039e+04
9.609425313832771280e+03
7.352321234855649891e+03
7.933444507691853687e+03
4.919478908461927858e+03
5.223579469146727206e+03
3.758824498962757389e+03
3.410415674111843600e+03
2.764009434318542390e+03
2.767686714591979580e+03
1.467898485479355031e+03
2.118532644593715759e+03
7.915739625906943502e+02
7.876714998221397082e+02
7.715942634940147400e+02
1.132149454016089521e+03
7.858521394705771854e+02
1.118475511450171552e+03
7.912912764334678286e+02
4.433909516328573091e+02
7.878645302176475980e+02
4.454754017060993760e+02
4.422854676240684171e+02
4.454235398286579652e+02
4.397010599702596778e+02
4.363694736665487426e+02
9.884234375000002615e+01
9.895777343750000909e+01
4.414684809297323227e+02
1.050224999999999937e+02
9.729359374999992838e+01
9.471246093749995509e+01
9.634609374999999432e+01
9.374937499999995794e+01
9.641839843749998806e+01
9.348187499999998806e+01
8.561859374999998806e+01
8.882246093749999716e+01
9.063027343749999432e+01
9.470933593749997215e+01
9.561187500000001194e+01
9.346187499999997783e+01
1.001993750000000034e+02
