0.000000000000000000e+00
5.858780000000000291e+04
5.841340000000000146e+04
5.856219999999999709e+04
5.875100000000000000e+04
5.910459999999999854e+04
5.889980000000000291e+04
5.877180000000000291e+04
5.901980000000000291e+04
5.901340000000000146e+04
5.907580000000000291e+04
5.921340000000000146e+04
5.923419999999999709e+04
5.914140000000000146e+04
5.923580000000000291e+04
5.923580000000000291e+04
5.923580000000000291e+04
4.991900000000000000e+04
5.415259999999999854e+04
5.775900000000000000e+04
5.138954374999999709e+04
4.277212500000000000e+04
2.526042499999999927e+04
9.494293750000000728e+03
8.975918750000000728e+03
9.441518749999999272e+03
1.017591875000000073e+04
9.991918750000000728e+03
1.034871875000000000e+04
1.005111874999999964e+04
9.615918750000000728e+03
9.337518749999999272e+03
8.686318750000000364e+03
9.022306249999999636e+03
9.252693750000000364e+03
9.211087499999999636e+03
1.224143124999999964e+04
1.790853749999999854e+04
2.903315625000000000e+04
4.051936875000000146e+04
4.408250624999999854e+04
4.382170625000000291e+04
5.038159375000000000e+04
5.105677500000000146e+04
5.109996875000000000e+04
5.633188124999999854e+04
5.672546875000000000e+04
5.821183750000000146e+04
5.918941874999999709e+04
5.808223124999999709e+04
5.941500624999999854e+04
5.939740000000000146e+04
5.854301875000000291e+04
5.905980625000000146e+04
5.922619999999999709e+04
5.930940000000000146e+04
5.874460624999999709e+04
5.910300000000000000e+04
5.792061250000000291e+04
5.879259999999999854e+04
5.873500000000000000e+04
5.841180000000000291e+04
5.840059999999999854e+04
5.843100000000000000e+04
5.838780000000000291e+04
5.839100000000000000e+04
5.813180000000000291e+04
5.784540625000000000e+04
5.810459999999999854e+04
5.809980000000000291e+04
5.799740000000000146e+04
5.801340000000000146e+04
5.784540000000000146e+04
5.784700000000000000e+04
5.770940000000000146e+04
5.770619999999999709e+04
5.790940000000000146e+04
5.771419999999999709e+04
5.795419999999999709e+04
5.794619999999999709e+04
5.782940000000000146e+04
5.774940000000000146e+04
5.795740000000000146e+04
5.780380000000000291e+04
5.764540000000000146e+04
5.767419999999999709e+04
5.754619999999999709e+04
5.779580000000000291e+04
5.802940000000000146e+04
5.819259999999999854e+04
5.752380000000000291e+04
5.761340000000000146e+04
5.722780000000000291e+04
5.759259999999999854e+04
5.769980000000000291e+04
5.788059999999999854e+04
5.748700000000000000e+04
5.757500000000000000e+04
5.747419999999999709e+04
5.745019999999999709e+04
5.755580000000000291e+04
5.755740000000000146e+04
5.741500000000000000e+04
5.757659999999999854e+04
5.780380000000000291e+04
5.757980000000000291e+04
5.766619999999999709e+04
5.796859999999999854e+04
5.773500000000000000e+04
5.794940000000000146e+04
5.789180000000000291e+04
5.807740000000000146e+04
5.793019999999999709e+04
5.794140000000000146e+04
5.811259999999999854e+04
5.812859999999999854e+04
5.784380000000000291e+04
5.813340000000000146e+04
5.766140000000000146e+04
5.778780000000000291e+04
5.782140000000000146e+04
5.769819999999999709e+04
5.759419999999999709e+04
5.742619999999999709e+04
5.753340000000000146e+04
5.768219999999999709e+04
5.787100000000000000e+04
5.781819999999999709e+04
5.782140000000000146e+04
5.778940000000000146e+04
5.791580000000000291e+04
5.797500000000000000e+04
5.779259999999999854e+04
5.787100000000000000e+04
5.773819999999999709e+04
5.743740000000000146e+04
5.755259999999999854e+04
5.774300000000000000e+04
5.786619999999999709e+04
5.792859999999999854e+04
5.771900000000000000e+04
5.795580000000000291e+04
5.764540000000000146e+04
5.747900000000000000e+04
5.749980000000000291e+04
5.746140000000000146e+04
5.725980000000000291e+04
5.760540000000000146e+04
5.727419999999999709e+04
5.774940000000000146e+04
5.783259999999999854e+04
5.798780000000000291e+04
5.823100000000000000e+04
5.826300000000000000e+04
5.822619999999999709e+04
5.829180000000000291e+04
5.823580000000000291e+04
5.844219999999999709e+04
5.846140000000000146e+04
5.875259999999999854e+04
5.890140000000000146e+04
5.854780000000000291e+04
5.846619999999999709e+04
5.868059999999999854e+04
5.869819999999999709e+04
5.877500000000000000e+04
5.851580000000000291e+04
5.867259999999999854e+04
5.862940000000000146e+04
5.871259999999999854e+04
5.842459999999999854e+04
5.858940000000000146e+04
5.849659999999999854e+04
5.840859999999999854e+04
5.853819999999999709e+04
5.836700000000000000e+04
5.833180000000000291e+04
5.853340000000000146e+04
5.856219999999999709e+04
5.813980000000000291e+04
5.858300000000000000e+04
5.868380000000000291e+04
5.845980000000000291e+04
5.827259999999999854e+04
5.838300000000000000e+04
5.852380000000000291e+04
5.868380000000000291e+04
5.819740000000000146e+04
5.853019999999999709e+04
5.840859999999999854e+04
5.835740000000000146e+04
5.828380000000000291e+04
5.800700624999999854e+04
5.825340000000000146e+04
5.822459999999999854e+04
5.829500000000000000e+04
5.814300000000000000e+04
5.802140000000000146e+04
5.825180000000000291e+04
5.831100000000000000e+04
5.844059999999999854e+04
5.826300000000000000e+04
5.869500000000000000e+04
5.865500000000000000e+04
5.858780000000000291e+04
5.811420625000000291e+04
5.838940625000000000e+04
5.829020625000000291e+04
5.809340625000000000e+04
5.814780625000000146e+04
5.841180000000000291e+04
5.855740000000000146e+04
5.855259999999999854e+04
5.843740625000000000e+04
5.860380000000000291e+04
5.849500000000000000e+04
5.843740000000000146e+04
5.864859999999999854e+04
5.811740625000000000e+04
5.816860624999999709e+04
5.815740625000000000e+04
5.777981250000000000e+04
5.839580000000000291e+04
5.842140000000000146e+04
5.811420625000000291e+04
5.846940000000000146e+04
5.851900000000000000e+04
5.855419999999999709e+04
5.854300000000000000e+04
5.752381874999999854e+04
5.867419999999999709e+04
5.849980000000000291e+04
5.813180625000000146e+04
5.839419999999999709e+04
5.816060624999999709e+04
5.841340000000000146e+04
5.847419999999999709e+04
5.858300000000000000e+04
5.843419999999999709e+04
5.840219999999999709e+04
5.838940000000000146e+04
5.819740000000000146e+04
5.805819999999999709e+04
5.847259999999999854e+04
5.814780000000000291e+04
5.818940000000000146e+04
5.815900000000000000e+04
5.800380000000000291e+04
5.809819999999999709e+04
5.833980000000000291e+04
5.860700000000000000e+04
5.887580000000000291e+04
5.873819999999999709e+04
5.833659999999999854e+04
5.842619999999999709e+04
5.837980000000000291e+04
5.857819999999999709e+04
5.844059999999999854e+04
5.829180000000000291e+04
5.837019999999999709e+04
5.845180000000000291e+04
5.838459999999999854e+04
5.808060624999999709e+04
5.851740000000000146e+04
5.825180000000000291e+04
5.847419999999999709e+04
5.834940000000000146e+04
5.854300000000000000e+04
5.838780000000000291e+04
5.831419999999999709e+04
5.835419999999999709e+04
5.814459999999999854e+04
5.815580000000000291e+04
5.812540000000000146e+04
5.813500000000000000e+04
5.827900000000000000e+04
5.843740000000000146e+04
5.819740000000000146e+04
5.802619999999999709e+04
5.813659999999999854e+04
5.794140000000000146e+04
5.808540000000000146e+04
5.804059999999999854e+04
5.807900000000000000e+04
5.827259999999999854e+04
5.807100000000000000e+04
5.799419999999999709e+04
5.820380000000000291e+04
5.807419999999999709e+04
5.813180000000000291e+04
5.802780000000000291e+04
5.803259999999999854e+04
5.785659999999999854e+04
5.800059999999999854e+04
5.801019999999999709e+04
5.773980000000000291e+04
5.808059999999999854e+04
5.803419999999999709e+04
5.821180000000000291e+04
5.803100000000000000e+04
5.833180000000000291e+04
5.820380000000000291e+04
5.792059999999999854e+04
5.842940000000000146e+04
5.847100000000000000e+04
5.817980000000000291e+04
5.817659999999999854e+04
5.808059999999999854e+04
5.797340000000000146e+04
5.820059999999999854e+04
5.818940000000000146e+04
5.813180000000000291e+04
5.800540000000000146e+04
5.766940000000000146e+04
5.789019999999999709e+04
5.792540000000000146e+04
5.797180000000000291e+04
5.781819999999999709e+04
5.801819999999999709e+04
5.786459999999999854e+04
5.817819999999999709e+04
5.800700000000000000e+04
5.797980000000000291e+04
5.805659999999999854e+04
5.804059999999999854e+04
5.800859999999999854e+04
5.766140000000000146e+04
5.803259999999999854e+04
5.818140000000000146e+04
5.824219999999999709e+04
5.827259999999999854e+04
5.786940000000000146e+04
5.775259999999999854e+04
5.784700000000000000e+04
5.786940000000000146e+04
5.789019999999999709e+04
5.790459999999999854e+04
5.768700000000000000e+04
5.770300000000000000e+04
5.780059999999999854e+04
5.772219999999999709e+04
5.762940000000000146e+04
5.758619999999999709e+04
5.775419999999999709e+04
5.742780000000000291e+04
5.777659999999999854e+04
5.766300000000000000e+04
5.799740000000000146e+04
5.800219999999999709e+04
5.821340000000000146e+04
5.776380000000000291e+04
5.834940000000000146e+04
5.820700000000000000e+04
5.831580000000000291e+04
5.835740000000000146e+04
5.844700000000000000e+04
5.836540000000000146e+04
5.841500000000000000e+04
5.835900000000000000e+04
5.834140000000000146e+04
5.844219999999999709e+04
5.826300000000000000e+04
5.826780000000000291e+04
5.828540000000000146e+04
5.820859999999999854e+04
5.831100000000000000e+04
5.818940000000000146e+04
5.787900000000000000e+04
5.788219999999999709e+04
5.801980000000000291e+04
5.795100000000000000e+04
5.803740000000000146e+04
5.810940000000000146e+04
5.835259999999999854e+04
5.817980000000000291e+04
5.822619999999999709e+04
5.797340000000000146e+04
5.806780000000000291e+04
5.815580000000000291e+04
5.813659999999999854e+04
5.770940000000000146e+04
5.774140000000000146e+04
5.798459999999999854e+04
5.797659999999999854e+04
5.771580000000000291e+04
5.793019999999999709e+04
5.772380000000000291e+04
5.763900000000000000e+04
5.762140000000000146e+04
5.781659999999999854e+04
5.754780000000000291e+04
5.765500000000000000e+04
5.759419999999999709e+04
5.746140000000000146e+04
5.760219999999999709e+04
5.759100000000000000e+04
5.771900000000000000e+04
5.768700000000000000e+04
5.771419999999999709e+04
5.768700000000000000e+04
5.758780000000000291e+04
5.772859999999999854e+04
5.773340000000000146e+04
5.796059999999999854e+04
5.784540000000000146e+04
5.788059999999999854e+04
5.775900000000000000e+04
5.775900000000000000e+04
5.106459999999999854e+04
5.523580000000000291e+04
5.807100624999999854e+04
5.151755625000000146e+04
3.990178125000000000e+04
1.290062500000000000e+04
8.619118749999999636e+03
9.390325000000000728e+03
9.689531250000000000e+03
9.971137500000000728e+03
9.823937500000000000e+03
9.939137500000000728e+03
9.739137500000000728e+03
9.190337499999999636e+03
9.963118749999999636e+03
9.105524999999999636e+03
9.319918750000000728e+03
9.073512500000000728e+03
8.347112499999999272e+03
8.196700000000000728e+03
8.727887500000000728e+03
1.571336874999999964e+04
2.015009999999999854e+04
3.035313124999999854e+04
3.962178125000000000e+04
4.526648750000000291e+04
4.575607499999999709e+04
5.073038749999999709e+04
5.186316249999999854e+04
5.499910624999999709e+04
5.513509999999999854e+04
5.394951249999999709e+04
5.834783750000000146e+04
5.904861875000000146e+04
5.870302500000000146e+04
5.844862500000000000e+04
5.843422499999999854e+04
5.835101875000000291e+04
5.817981874999999854e+04
5.940219999999999709e+04
5.809501875000000291e+04
5.870620625000000291e+04
5.904219999999999709e+04
5.889980000000000291e+04
5.870780000000000291e+04
5.852380000000000291e+04
5.849019999999999709e+04
5.841819999999999709e+04
5.830140000000000146e+04
5.799259999999999854e+04
5.832380000000000291e+04
5.778459999999999854e+04
5.776700000000000000e+04
5.798300000000000000e+04
5.763740000000000146e+04
5.763100000000000000e+04
5.780219999999999709e+04
5.749819999999999709e+04
5.726940000000000146e+04
5.717500000000000000e+04
5.755900000000000000e+04
5.740859999999999854e+04
5.744859999999999854e+04
5.715900000000000000e+04
5.710459999999999854e+04
5.715259999999999854e+04
5.691900000000000000e+04
5.674459999999999854e+04
5.708059999999999854e+04
5.694780000000000291e+04
5.683580000000000291e+04
5.687100000000000000e+04
5.696059999999999854e+04
5.684380000000000291e+04
5.696540000000000146e+04
5.722459999999999854e+04
5.700540000000000146e+04
5.699100000000000000e+04
5.719740000000000146e+04
5.688219999999999709e+04
5.697980000000000291e+04
5.700540000000000146e+04
5.688859999999999854e+04
5.677340000000000146e+04
5.685180000000000291e+04
5.695100000000000000e+04
5.697340000000000146e+04
5.713659999999999854e+04
5.703419999999999709e+04
5.704859999999999854e+04
5.716219999999999709e+04
5.712380000000000291e+04
5.686140000000000146e+04
5.693019999999999709e+04
5.696859999999999854e+04
5.671419999999999709e+04
5.707100000000000000e+04
5.675740000000000146e+04
5.680540000000000146e+04
5.686459999999999854e+04
5.685659999999999854e+04
5.669019999999999709e+04
5.666619999999999709e+04
5.671900000000000000e+04
5.659419999999999709e+04
5.680700000000000000e+04
5.662140000000000146e+04
5.665980000000000291e+04
5.667259999999999854e+04
5.686619999999999709e+04
5.662300000000000000e+04
5.659419999999999709e+04
5.675259999999999854e+04
5.706619999999999709e+04
5.691100000000000000e+04
5.664059999999999854e+04
5.697500000000000000e+04
5.693019999999999709e+04
5.709180000000000291e+04
5.686140000000000146e+04
5.702780000000000291e+04
5.677019999999999709e+04
5.655100000000000000e+04
5.682940000000000146e+04
5.667419999999999709e+04
5.653180000000000291e+04
5.673500000000000000e+04
5.659900000000000000e+04
5.646940000000000146e+04
5.656859999999999854e+04
5.615740000000000146e+04
5.635419999999999709e+04
5.668219999999999709e+04
5.729340000000000146e+04
5.733500000000000000e+04
5.759100000000000000e+04
5.758459999999999854e+04
5.768700000000000000e+04
5.779259999999999854e+04
5.778940000000000146e+04
5.805980000000000291e+04
5.803259999999999854e+04
5.815900000000000000e+04
5.813819999999999709e+04
5.814140000000000146e+04
5.834619999999999709e+04
5.817180000000000291e+04
5.817659999999999854e+04
5.815740000000000146e+04
5.822940000000000146e+04
5.821340000000000146e+04
5.833980000000000291e+04
5.804540000000000146e+04
5.816700000000000000e+04
5.812540000000000146e+04
5.793180000000000291e+04
5.806459999999999854e+04
5.844219999999999709e+04
5.804219999999999709e+04
5.815100000000000000e+04
5.795900000000000000e+04
5.772059999999999854e+04
5.795100000000000000e+04
5.813019999999999709e+04
5.812859999999999854e+04
5.801500000000000000e+04
5.798780000000000291e+04
5.788540000000000146e+04
5.803419999999999709e+04
5.789500000000000000e+04
5.814619999999999709e+04
5.793819999999999709e+04
5.798780000000000291e+04
5.800859999999999854e+04
5.803419999999999709e+04
5.801180000000000291e+04
5.788219999999999709e+04
5.786940000000000146e+04
5.769659999999999854e+04
5.761659999999999854e+04
5.772219999999999709e+04
5.787740000000000146e+04
5.791740000000000146e+04
5.791419999999999709e+04
5.801180000000000291e+04
5.801180000000000291e+04
5.796700000000000000e+04
5.789819999999999709e+04
5.805180000000000291e+04
5.792540000000000146e+04
5.806780000000000291e+04
5.805500000000000000e+04
5.780540000000000146e+04
5.791580000000000291e+04
5.802459999999999854e+04
5.799740000000000146e+04
5.797019999999999709e+04
5.811580000000000291e+04
5.801980000000000291e+04
5.797980000000000291e+04
5.829180000000000291e+04
5.784219999999999709e+04
5.773180000000000291e+04
5.805019999999999709e+04
5.792059999999999854e+04
5.825659999999999854e+04
5.815419999999999709e+04
5.851259999999999854e+04
5.803419999999999709e+04
5.818140000000000146e+04
5.823259999999999854e+04
5.825659999999999854e+04
5.810300000000000000e+04
5.785500000000000000e+04
5.765180000000000291e+04
5.750940000000000146e+04
5.751100000000000000e+04
5.768380000000000291e+04
5.773659999999999854e+04
5.775740000000000146e+04
5.752059999999999854e+04
5.739580000000000291e+04
5.760700000000000000e+04
5.753819999999999709e+04
5.732700000000000000e+04
5.733019999999999709e+04
5.718300000000000000e+04
5.713659999999999854e+04
5.718140000000000146e+04
5.729019999999999709e+04
5.737340000000000146e+04
5.748859999999999854e+04
5.762300000000000000e+04
5.781819999999999709e+04
5.809980000000000291e+04
5.796059999999999854e+04
5.779100000000000000e+04
5.794940000000000146e+04
5.800219999999999709e+04
5.780059999999999854e+04
5.782140000000000146e+04
5.785180000000000291e+04
5.770459999999999854e+04
5.766619999999999709e+04
5.754140000000000146e+04
5.786300000000000000e+04
5.754780000000000291e+04
5.757819999999999709e+04
5.750140000000000146e+04
5.748059999999999854e+04
5.765819999999999709e+04
5.763100000000000000e+04
5.749659999999999854e+04
5.742619999999999709e+04
5.766459999999999854e+04
5.774619999999999709e+04
5.788219999999999709e+04
5.777500000000000000e+04
5.766459999999999854e+04
5.770300000000000000e+04
5.790780000000000291e+04
5.768219999999999709e+04
5.781340000000000146e+04
5.769659999999999854e+04
5.766459999999999854e+04
5.750140000000000146e+04
5.751259999999999854e+04
5.738940000000000146e+04
5.763740000000000146e+04
5.749340000000000146e+04
5.763259999999999854e+04
5.751100000000000000e+04
5.760380000000000291e+04
5.736380000000000291e+04
5.753500000000000000e+04
5.763900000000000000e+04
5.733659999999999854e+04
5.715419999999999709e+04
5.750140000000000146e+04
5.769980000000000291e+04
5.761980000000000291e+04
5.769340000000000146e+04
5.775900000000000000e+04
5.764540000000000146e+04
5.770940000000000146e+04
5.767419999999999709e+04
5.779900000000000000e+04
5.761500000000000000e+04
5.765180000000000291e+04
5.783740000000000146e+04
5.776540000000000146e+04
5.778780000000000291e+04
5.759740000000000146e+04
5.769180000000000291e+04
5.766619999999999709e+04
5.763740000000000146e+04
5.769500000000000000e+04
5.777659999999999854e+04
5.761019999999999709e+04
5.764540000000000146e+04
5.763259999999999854e+04
5.756700000000000000e+04
5.744219999999999709e+04
5.799580000000000291e+04
5.758140000000000146e+04
5.781180000000000291e+04
5.762780000000000291e+04
5.769819999999999709e+04
5.766619999999999709e+04
5.781180000000000291e+04
5.766300000000000000e+04
5.768859999999999854e+04
5.779740000000000146e+04
5.781180000000000291e+04
5.761819999999999709e+04
5.755580000000000291e+04
5.765819999999999709e+04
5.785980000000000291e+04
5.776540000000000146e+04
5.706940000000000146e+04
5.755100000000000000e+04
5.740540000000000146e+04
5.748540000000000146e+04
5.771900000000000000e+04
5.740059999999999854e+04
5.757980000000000291e+04
5.726940000000000146e+04
5.766459999999999854e+04
5.776859999999999854e+04
5.773500000000000000e+04
5.805980000000000291e+04
5.786940000000000146e+04
5.796380000000000291e+04
5.807100000000000000e+04
5.814619999999999709e+04
5.815900000000000000e+04
5.801659999999999854e+04
5.807740000000000146e+04
5.799900000000000000e+04
5.797500000000000000e+04
5.806140000000000146e+04
5.789659999999999854e+04
5.792059999999999854e+04
5.799580000000000291e+04
5.813180000000000291e+04
5.794619999999999709e+04
5.817819999999999709e+04
5.813340000000000146e+04
5.798459999999999854e+04
5.802940000000000146e+04
5.778300000000000000e+04
5.793500000000000000e+04
5.797980000000000291e+04
5.792700000000000000e+04
5.806619999999999709e+04
5.807900000000000000e+04
5.787900000000000000e+04
5.800380000000000291e+04
5.807100000000000000e+04
5.820219999999999709e+04
5.806459999999999854e+04
5.809500000000000000e+04
5.808380000000000291e+04
5.799580000000000291e+04
5.776219999999999709e+04
5.788059999999999854e+04
5.779580000000000291e+04
5.784380000000000291e+04
5.799580000000000291e+04
5.799740000000000146e+04
5.780700000000000000e+04
5.778780000000000291e+04
5.783259999999999854e+04
5.772380000000000291e+04
5.769980000000000291e+04
5.770459999999999854e+04
5.799740000000000146e+04
5.790780000000000291e+04
5.805019999999999709e+04
5.812700000000000000e+04
5.804220625000000291e+04
5.812540000000000146e+04
5.810300000000000000e+04
5.818780000000000291e+04
5.829019999999999709e+04
5.821980000000000291e+04
5.778780625000000146e+04
5.793819999999999709e+04
5.807900000000000000e+04
5.795900000000000000e+04
5.795900000000000000e+04
5.229180000000000291e+04
5.625340000000000146e+04
5.689503749999999854e+04
4.826162500000000000e+04
1.685095624999999927e+04
9.433487499999999272e+03
9.337518749999999272e+03
9.870325000000000728e+03
9.871931249999999636e+03
9.529543750000000728e+03
9.807943750000000364e+03
1.004633749999999964e+04
9.417543750000000728e+03
1.023192499999999927e+04
9.564725000000000364e+03
9.791918750000000728e+03
9.091118749999999636e+03
8.769512500000000728e+03
8.609506250000000364e+03
9.076693750000000364e+03
9.302281250000000000e+03
1.263021875000000000e+04
1.770373749999999927e+04
2.416603125000000000e+04
3.541384999999999854e+04
4.332251875000000291e+04
4.676405625000000146e+04
5.025359375000000000e+04
5.132556874999999854e+04
5.214955000000000291e+04
5.687907499999999709e+04
5.889343125000000146e+04
6.015740625000000000e+04
5.997500624999999854e+04
5.965020625000000291e+04
5.977659999999999854e+04
5.886941249999999854e+04
5.907260624999999709e+04
5.890300624999999854e+04
5.870460624999999709e+04
5.824541249999999854e+04
5.878300000000000000e+04
5.852540000000000146e+04
5.812700624999999854e+04
5.793500624999999854e+04
5.797820625000000291e+04
5.822300000000000000e+04
5.771580000000000291e+04
5.808859999999999854e+04
5.803419999999999709e+04
5.793980000000000291e+04
5.788059999999999854e+04
5.809340000000000146e+04
5.783259999999999854e+04
5.760380000000000291e+04
5.763900000000000000e+04
5.746619999999999709e+04
5.759100000000000000e+04
5.730619999999999709e+04
5.779900000000000000e+04
5.749819999999999709e+04
5.766780000000000291e+04
5.733500000000000000e+04
5.753340000000000146e+04
5.735419999999999709e+04
5.742300000000000000e+04
5.737180000000000291e+04
5.737819999999999709e+04
5.725659999999999854e+04
5.703740000000000146e+04
5.709340000000000146e+04
5.679740000000000146e+04
5.692540000000000146e+04
5.699740000000000146e+04
5.694140000000000146e+04
5.713819999999999709e+04
5.709980000000000291e+04
5.694459999999999854e+04
5.704219999999999709e+04
5.697659999999999854e+04
5.664219999999999709e+04
5.674780000000000291e+04
5.680380000000000291e+04
5.673819999999999709e+04
5.676540000000000146e+04
5.708540000000000146e+04
5.670619999999999709e+04
5.687419999999999709e+04
5.682459999999999854e+04
5.689340000000000146e+04
5.698780000000000291e+04
5.684700000000000000e+04
5.683580000000000291e+04
5.682459999999999854e+04
5.682619999999999709e+04
5.670459999999999854e+04
5.693659999999999854e+04
5.696859999999999854e+04
5.693980000000000291e+04
5.678780000000000291e+04
5.713019999999999709e+04
5.704380000000000291e+04
5.726300000000000000e+04
5.704059999999999854e+04
5.692540000000000146e+04
5.685019999999999709e+04
5.672859999999999854e+04
5.682300000000000000e+04
5.706780000000000291e+04
5.703900000000000000e+04
5.712540000000000146e+04
5.696059999999999854e+04
5.676540000000000146e+04
5.700219999999999709e+04
5.690140000000000146e+04
5.712540000000000146e+04
5.678940000000000146e+04
5.718300000000000000e+04
5.671740000000000146e+04
5.673340000000000146e+04
5.656059999999999854e+04
5.679259999999999854e+04
5.672059999999999854e+04
5.680219999999999709e+04
5.648700000000000000e+04
5.658140000000000146e+04
5.657500000000000000e+04
5.661340000000000146e+04
5.636219999999999709e+04
5.599100000000000000e+04
5.623259999999999854e+04
5.628859999999999854e+04
5.672859999999999854e+04
5.679259999999999854e+04
5.690140000000000146e+04
5.702619999999999709e+04
5.709659999999999854e+04
5.730780000000000291e+04
5.701819999999999709e+04
5.714140000000000146e+04
5.704380000000000291e+04
5.701180000000000291e+04
5.717659999999999854e+04
5.691100000000000000e+04
5.725980000000000291e+04
5.728540000000000146e+04
5.710619999999999709e+04
5.706140000000000146e+04
5.717659999999999854e+04
5.701819999999999709e+04
5.720540000000000146e+04
5.699100000000000000e+04
5.711259999999999854e+04
5.702300000000000000e+04
5.704059999999999854e+04
5.680700000000000000e+04
5.699419999999999709e+04
5.699580000000000291e+04
5.708700000000000000e+04
5.721819999999999709e+04
5.705180000000000291e+04
5.702140000000000146e+04
5.698140000000000146e+04
5.707900000000000000e+04
5.722300000000000000e+04
5.720059999999999854e+04
5.717500000000000000e+04
5.696540000000000146e+04
5.706140000000000146e+04
5.714940000000000146e+04
5.700059999999999854e+04
5.702300000000000000e+04
5.699259999999999854e+04
5.694940000000000146e+04
5.689819999999999709e+04
5.690940000000000146e+04
5.690780000000000291e+04
5.679740000000000146e+04
5.676380000000000291e+04
5.678619999999999709e+04
5.673819999999999709e+04
5.694300000000000000e+04
5.702140000000000146e+04
5.665340000000000146e+04
5.685500000000000000e+04
5.706300000000000000e+04
5.701340000000000146e+04
5.694940000000000146e+04
5.726780000000000291e+04
5.716540000000000146e+04
5.711259999999999854e+04
5.701980000000000291e+04
5.668859999999999854e+04
5.698300000000000000e+04
5.696700000000000000e+04
5.701340000000000146e+04
5.727259999999999854e+04
5.705500000000000000e+04
5.683900000000000000e+04
5.741180000000000291e+04
5.707419999999999709e+04
5.700059999999999854e+04
5.721019999999999709e+04
5.666780000000000291e+04
5.695100000000000000e+04
5.709659999999999854e+04
5.692540000000000146e+04
5.701019999999999709e+04
5.702780000000000291e+04
5.736540000000000146e+04
5.725659999999999854e+04
5.704380000000000291e+04
5.701500000000000000e+04
5.693980000000000291e+04
5.706300000000000000e+04
5.663259999999999854e+04
5.690140000000000146e+04
5.692219999999999709e+04
5.701500000000000000e+04
5.673980000000000291e+04
5.682780000000000291e+04
5.676380000000000291e+04
5.670459999999999854e+04
5.667100000000000000e+04
5.667740000000000146e+04
5.673659999999999854e+04
5.645659999999999854e+04
5.649980000000000291e+04
5.654140000000000146e+04
5.663900000000000000e+04
5.673019999999999709e+04
5.706780000000000291e+04
5.713659999999999854e+04
5.703740000000000146e+04
5.712380000000000291e+04
5.727419999999999709e+04
5.738459999999999854e+04
5.706459999999999854e+04
5.711419999999999709e+04
5.706459999999999854e+04
5.705180000000000291e+04
5.732059999999999854e+04
5.732540000000000146e+04
5.716540000000000146e+04
5.699740000000000146e+04
5.701180000000000291e+04
5.712380000000000291e+04
5.711419999999999709e+04
5.681340000000000146e+04
5.683100000000000000e+04
5.706300000000000000e+04
5.700700000000000000e+04
5.704380000000000291e+04
5.680380000000000291e+04
5.708700000000000000e+04
5.678459999999999854e+04
5.676859999999999854e+04
5.674459999999999854e+04
5.696219999999999709e+04
5.685180000000000291e+04
5.683259999999999854e+04
5.704700000000000000e+04
5.680380000000000291e+04
5.678780000000000291e+04
5.701980000000000291e+04
5.658780000000000291e+04
5.677659999999999854e+04
5.666140000000000146e+04
5.689340000000000146e+04
5.687740000000000146e+04
5.698619999999999709e+04
5.681980000000000291e+04
5.691419999999999709e+04
5.663740000000000146e+04
5.666780000000000291e+04
5.662300000000000000e+04
5.668059999999999854e+04
5.656219999999999709e+04
5.656059999999999854e+04
5.669980000000000291e+04
5.678619999999999709e+04
5.698459999999999854e+04
5.693819999999999709e+04
5.697019999999999709e+04
5.678619999999999709e+04
5.670300000000000000e+04
5.666140000000000146e+04
5.661340000000000146e+04
5.662619999999999709e+04
5.662780000000000291e+04
5.651419999999999709e+04
5.661019999999999709e+04
5.642459999999999854e+04
5.652059999999999854e+04
5.665659999999999854e+04
5.680219999999999709e+04
5.639259999999999854e+04
5.668540000000000146e+04
5.660700000000000000e+04
5.646459999999999854e+04
5.651900000000000000e+04
5.614300000000000000e+04
5.637659999999999854e+04
5.642619999999999709e+04
5.655900000000000000e+04
5.663419999999999709e+04
5.666619999999999709e+04
5.671580000000000291e+04
5.664859999999999854e+04
5.661340000000000146e+04
5.676700000000000000e+04
5.679740000000000146e+04
5.676380000000000291e+04
5.653180000000000291e+04
5.676380000000000291e+04
5.675259999999999854e+04
5.687900000000000000e+04
5.662940000000000146e+04
5.694780000000000291e+04
5.682459999999999854e+04
5.695419999999999709e+04
5.666780000000000291e+04
5.673340000000000146e+04
5.660540000000000146e+04
5.662300000000000000e+04
5.677500000000000000e+04
5.670940000000000146e+04
5.671100000000000000e+04
5.666459999999999854e+04
5.681500000000000000e+04
5.678940000000000146e+04
5.686780000000000291e+04
5.683100000000000000e+04
5.697819999999999709e+04
5.709340000000000146e+04
5.716059999999999854e+04
5.745659999999999854e+04
5.733500000000000000e+04
5.727100000000000000e+04
5.722940000000000146e+04
5.729659999999999854e+04
5.730459999999999854e+04
5.722459999999999854e+04
5.713019999999999709e+04
5.710780000000000291e+04
5.704380000000000291e+04
5.700219999999999709e+04
5.690940000000000146e+04
5.686459999999999854e+04
5.695740000000000146e+04
5.699580000000000291e+04
5.693500000000000000e+04
5.712059999999999854e+04
5.715900000000000000e+04
5.704859999999999854e+04
5.725659999999999854e+04
5.705019999999999709e+04
5.697180000000000291e+04
5.711900000000000000e+04
5.711580000000000291e+04
5.701819999999999709e+04
5.725659999999999854e+04
5.688059999999999854e+04
5.697340000000000146e+04
5.692540000000000146e+04
5.708059999999999854e+04
5.688859999999999854e+04
5.690459999999999854e+04
5.700859999999999854e+04
5.727900000000000000e+04
5.703900000000000000e+04
5.685180000000000291e+04
5.689980000000000291e+04
5.661500000000000000e+04
5.657340000000000146e+04
5.653659999999999854e+04
5.649019999999999709e+04
5.669819999999999709e+04
5.687740000000000146e+04
5.675259999999999854e+04
5.649500000000000000e+04
5.666459999999999854e+04
5.661819999999999709e+04
5.677819999999999709e+04
5.671100000000000000e+04
5.704540000000000146e+04
5.671900000000000000e+04
5.702780000000000291e+04
5.689500000000000000e+04
5.707100000000000000e+04
5.699740000000000146e+04
4.993819999999999709e+04
5.384380000000000291e+04
5.747580000000000291e+04
5.380390625000000000e+04
4.227933125000000291e+04
1.329741875000000073e+04
9.167906250000000000e+03
9.697518749999999272e+03
9.383937500000000000e+03
9.495943750000000364e+03
9.639943750000000364e+03
9.771143749999999272e+03
9.710343750000000000e+03
9.305543750000000728e+03
9.139137500000000728e+03
8.963131250000000364e+03
9.489518749999999272e+03
8.750318750000000364e+03
8.217518749999999272e+03
7.953512499999999818e+03
9.772674999999999272e+03
1.326701250000000073e+04
2.215486249999999927e+04
2.796916875000000073e+04
4.155775000000000000e+04
4.402490625000000000e+04
4.791923750000000291e+04
5.313834375000000000e+04
5.178156250000000000e+04
5.456231250000000000e+04
5.540869374999999854e+04
5.835583750000000146e+04
6.023259999999999854e+04
5.927261250000000291e+04
5.930621250000000146e+04
5.910461250000000291e+04
5.881021250000000146e+04
5.847741874999999709e+04
5.859581250000000000e+04
5.891100624999999854e+04
5.876700624999999854e+04
5.851580625000000146e+04
5.881500000000000000e+04
5.847419999999999709e+04
5.849659999999999854e+04
5.852380000000000291e+04
5.821180000000000291e+04
5.841659999999999854e+04
5.845500000000000000e+04
5.830300000000000000e+04
5.800059999999999854e+04
5.778300000000000000e+04
5.781500000000000000e+04
5.775419999999999709e+04
5.777819999999999709e+04
5.744859999999999854e+04
5.754780000000000291e+04
5.735740000000000146e+04
5.745500000000000000e+04
5.748700000000000000e+04
5.754619999999999709e+04
5.741180000000000291e+04
5.748219999999999709e+04
5.744059999999999854e+04
5.730619999999999709e+04
5.732059999999999854e+04
5.720380000000000291e+04
5.725980000000000291e+04
5.711100000000000000e+04
5.703580000000000291e+04
5.718140000000000146e+04
5.710300000000000000e+04
5.690300000000000000e+04
5.707740000000000146e+04
5.688700000000000000e+04
5.719740000000000146e+04
5.716859999999999854e+04
5.685819999999999709e+04
5.701340000000000146e+04
5.676700000000000000e+04
5.670619999999999709e+04
5.665980000000000291e+04
5.686300000000000000e+04
5.693659999999999854e+04
5.672059999999999854e+04
5.700859999999999854e+04
5.687740000000000146e+04
5.678780000000000291e+04
5.735259999999999854e+04
5.697659999999999854e+04
5.706780000000000291e+04
5.688540000000000146e+04
5.691419999999999709e+04
5.683580000000000291e+04
5.697180000000000291e+04
5.700700000000000000e+04
5.682940000000000146e+04
5.677980000000000291e+04
5.684219999999999709e+04
5.689819999999999709e+04
5.674780000000000291e+04
5.681340000000000146e+04
5.696380000000000291e+04
5.662459999999999854e+04
5.672059999999999854e+04
5.669180000000000291e+04
5.665980000000000291e+04
5.682140000000000146e+04
5.702619999999999709e+04
5.684700000000000000e+04
5.693019999999999709e+04
5.694140000000000146e+04
5.683100000000000000e+04
5.669500000000000000e+04
5.705500000000000000e+04
5.711900000000000000e+04
5.686780000000000291e+04
5.686140000000000146e+04
5.693659999999999854e+04
5.681819999999999709e+04
5.696540000000000146e+04
5.693659999999999854e+04
5.668700000000000000e+04
5.701500000000000000e+04
5.658300000000000000e+04
5.666459999999999854e+04
5.674140000000000146e+04
5.667580000000000291e+04
5.643740000000000146e+04
5.645819999999999709e+04
5.647259999999999854e+04
5.653500000000000000e+04
5.699419999999999709e+04
5.703740000000000146e+04
5.740700000000000000e+04
5.748380000000000291e+04
5.764219999999999709e+04
5.785659999999999854e+04
5.767900000000000000e+04
5.792700000000000000e+04
5.785659999999999854e+04
5.791100000000000000e+04
5.806140000000000146e+04
5.792859999999999854e+04
5.824380000000000291e+04
5.800859999999999854e+04
5.778619999999999709e+04
5.822940000000000146e+04
5.854459999999999854e+04
5.813340000000000146e+04
5.806780000000000291e+04
5.820219999999999709e+04
5.783580000000000291e+04
5.799100000000000000e+04
5.776059999999999854e+04
5.768540000000000146e+04
5.781340000000000146e+04
5.803740000000000146e+04
5.821819999999999709e+04
5.807259999999999854e+04
5.815419999999999709e+04
5.805980000000000291e+04
5.814140000000000146e+04
5.810140000000000146e+04
5.811100000000000000e+04
5.803580000000000291e+04
5.814140000000000146e+04
5.807100000000000000e+04
5.814940000000000146e+04
5.823100000000000000e+04
5.817659999999999854e+04
5.823740000000000146e+04
5.820380000000000291e+04
5.810300000000000000e+04
5.799259999999999854e+04
5.801340000000000146e+04
5.807740000000000146e+04
5.804859999999999854e+04
5.814140000000000146e+04
5.798459999999999854e+04
5.797980000000000291e+04
5.821500000000000000e+04
5.822459999999999854e+04
5.795580625000000146e+04
5.799580625000000146e+04
5.838619999999999709e+04
5.825820625000000291e+04
5.847740000000000146e+04
5.813980000000000291e+04
5.818619999999999709e+04
5.835900000000000000e+04
5.822459999999999854e+04
5.840219999999999709e+04
5.830619999999999709e+04
5.825500000000000000e+04
5.818780000000000291e+04
5.837659999999999854e+04
5.797340000000000146e+04
5.802780000000000291e+04
5.814140000000000146e+04
5.819740000000000146e+04
5.842300000000000000e+04
5.821500000000000000e+04
5.820380000000000291e+04
5.837659999999999854e+04
5.824219999999999709e+04
5.824219999999999709e+04
5.828380000000000291e+04
5.828059999999999854e+04
5.830940000000000146e+04
5.831900000000000000e+04
5.831900000000000000e+04
5.828700000000000000e+04
5.806300000000000000e+04
5.807259999999999854e+04
5.802940000000000146e+04
5.802140000000000146e+04
5.829180000000000291e+04
5.834140000000000146e+04
5.815740000000000146e+04
5.810619999999999709e+04
5.779419999999999709e+04
5.812700000000000000e+04
5.823419999999999709e+04
5.813500000000000000e+04
5.806619999999999709e+04
5.803900000000000000e+04
5.810940000000000146e+04
5.789019999999999709e+04
5.814780000000000291e+04
5.837819999999999709e+04
5.831100000000000000e+04
5.830780000000000291e+04
5.847740000000000146e+04
5.853340000000000146e+04
5.838459999999999854e+04
5.864540000000000146e+04
5.858300000000000000e+04
5.849340000000000146e+04
5.856380000000000291e+04
5.833980000000000291e+04
5.822619999999999709e+04
5.828859999999999854e+04
5.815419999999999709e+04
5.837819999999999709e+04
5.853659999999999854e+04
5.823900000000000000e+04
5.818940000000000146e+04
5.824540000000000146e+04
5.813500000000000000e+04
5.803580000000000291e+04
5.818940000000000146e+04
5.815580000000000291e+04
5.800380000000000291e+04
5.817659999999999854e+04
5.788859999999999854e+04
5.798459999999999854e+04
5.826619999999999709e+04
5.820540000000000146e+04
5.821659999999999854e+04
5.803900000000000000e+04
5.840540000000000146e+04
5.803419999999999709e+04
5.813500000000000000e+04
5.805180000000000291e+04
5.802940000000000146e+04
5.806780000000000291e+04
5.809659999999999854e+04
5.844380000000000291e+04
5.831580000000000291e+04
5.802940000000000146e+04
5.825180000000000291e+04
5.782140000000000146e+04
5.785980000000000291e+04
5.791740000000000146e+04
5.810459999999999854e+04
5.777340000000000146e+04
5.798140000000000146e+04
5.823259999999999854e+04
5.775100000000000000e+04
5.798140000000000146e+04
5.792380000000000291e+04
5.803740000000000146e+04
5.794140000000000146e+04
5.806940000000000146e+04
5.792540000000000146e+04
5.790459999999999854e+04
5.793819999999999709e+04
5.776700000000000000e+04
5.771740000000000146e+04
5.762619999999999709e+04
5.770140000000000146e+04
5.769980000000000291e+04
5.778300000000000000e+04
5.771900000000000000e+04
5.791419999999999709e+04
5.740859999999999854e+04
5.750459999999999854e+04
5.749500000000000000e+04
5.742780000000000291e+04
5.757500000000000000e+04
5.779900000000000000e+04
5.763419999999999709e+04
5.749019999999999709e+04
5.782619999999999709e+04
5.780380000000000291e+04
5.774300000000000000e+04
5.779419999999999709e+04
5.781340000000000146e+04
5.777819999999999709e+04
5.769980000000000291e+04
5.793019999999999709e+04
5.769500000000000000e+04
5.763100000000000000e+04
5.731900000000000000e+04
5.726940000000000146e+04
5.766140000000000146e+04
5.746300000000000000e+04
5.763580000000000291e+04
5.728540000000000146e+04
5.755740000000000146e+04
5.745980000000000291e+04
5.737819999999999709e+04
5.731259999999999854e+04
5.740380000000000291e+04
5.706140000000000146e+04
5.712219999999999709e+04
5.732540000000000146e+04
5.732700000000000000e+04
5.760859999999999854e+04
5.775740000000000146e+04
5.791419999999999709e+04
5.781180000000000291e+04
5.779100000000000000e+04
5.796859999999999854e+04
5.814940000000000146e+04
5.772059999999999854e+04
5.792540000000000146e+04
5.801980000000000291e+04
5.782780000000000291e+04
5.815259999999999854e+04
5.804540000000000146e+04
5.793819999999999709e+04
5.807580000000000291e+04
5.804540000000000146e+04
5.806459999999999854e+04
5.796700000000000000e+04
5.802619999999999709e+04
5.807900000000000000e+04
5.821019999999999709e+04
5.808219999999999709e+04
5.790459999999999854e+04
5.821340000000000146e+04
5.830459999999999854e+04
5.813340000000000146e+04
5.821180000000000291e+04
5.819900000000000000e+04
5.821019999999999709e+04
5.820540000000000146e+04
5.804700000000000000e+04
5.789500000000000000e+04
5.783419999999999709e+04
5.791100000000000000e+04
5.799580000000000291e+04
5.796380000000000291e+04
5.811259999999999854e+04
5.810140000000000146e+04
5.810619999999999709e+04
5.802140000000000146e+04
5.780540000000000146e+04
5.780219999999999709e+04
5.776059999999999854e+04
5.777819999999999709e+04
5.767580000000000291e+04
5.764859999999999854e+04
5.772380000000000291e+04
5.770940000000000146e+04
5.771419999999999709e+04
5.799419999999999709e+04
5.785819999999999709e+04
5.767740000000000146e+04
5.782780000000000291e+04
5.769019999999999709e+04
5.788380000000000291e+04
5.798940000000000146e+04
5.790459999999999854e+04
5.782300000000000000e+04
5.790300000000000000e+04
5.781340000000000146e+04
5.766300000000000000e+04
5.771580000000000291e+04
5.775259999999999854e+04
4.980059999999999854e+04
5.366619999999999709e+04
5.787900000000000000e+04
5.188073750000000291e+04
4.528568750000000000e+04
1.087505624999999964e+04
9.326306249999999636e+03
9.259131250000000364e+03
9.723137500000000728e+03
9.985543750000000728e+03
1.030554375000000073e+04
9.851149999999999636e+03
9.820743749999999636e+03
9.883137500000000728e+03
9.198343750000000000e+03
9.657531250000000000e+03
9.452725000000000364e+03
9.596712499999999636e+03
9.174312500000000000e+03
8.742306249999999636e+03
8.113506250000000364e+03
8.991887500000000728e+03
1.215503125000000000e+04
1.809893125000000146e+04
2.746998125000000073e+04
3.820100624999999854e+04
4.446330000000000291e+04
4.830643125000000146e+04
4.820243125000000146e+04
5.272555000000000291e+04
5.210475624999999854e+04
5.435111250000000291e+04
5.795265000000000146e+04
5.882783125000000291e+04
5.713345625000000291e+04
5.826143750000000000e+04
5.780703749999999854e+04
5.976540625000000000e+04
5.843902500000000146e+04
5.823262500000000000e+04
5.895421250000000146e+04
5.922780625000000146e+04
5.905180625000000146e+04
5.887580625000000146e+04
5.868860624999999709e+04
5.865020625000000291e+04
5.829501249999999709e+04
5.891100000000000000e+04
5.864859999999999854e+04
5.868219999999999709e+04
5.864380000000000291e+04
5.853819999999999709e+04
5.814140000000000146e+04
5.799580000000000291e+04
5.820540000000000146e+04
5.801019999999999709e+04
5.795100000000000000e+04
5.718300624999999854e+04
5.774780000000000291e+04
5.789180000000000291e+04
5.781019999999999709e+04
5.792219999999999709e+04
5.787259999999999854e+04
5.788059999999999854e+04
5.780859999999999854e+04
5.794940000000000146e+04
5.786780000000000291e+04
5.777019999999999709e+04
5.758459999999999854e+04
5.771259999999999854e+04
5.785980000000000291e+04
5.767419999999999709e+04
5.772859999999999854e+04
5.749819999999999709e+04
5.777340000000000146e+04
5.770619999999999709e+04
5.753659999999999854e+04
5.785180000000000291e+04
5.790619999999999709e+04
5.784540000000000146e+04
5.757019999999999709e+04
5.773980000000000291e+04
5.774619999999999709e+04
5.789819999999999709e+04
5.788219999999999709e+04
5.778780000000000291e+04
5.765180000000000291e+04
5.779419999999999709e+04
5.799740000000000146e+04
5.765500000000000000e+04
5.758619999999999709e+04
5.754140000000000146e+04
5.776059999999999854e+04
5.785980000000000291e+04
5.773340000000000146e+04
5.776219999999999709e+04
5.791259999999999854e+04
5.786780000000000291e+04
5.774459999999999854e+04
5.784700000000000000e+04
5.755580000000000291e+04
5.773659999999999854e+04
5.761500000000000000e+04
5.768859999999999854e+04
5.760380000000000291e+04
5.728700000000000000e+04
5.733980000000000291e+04
5.737980000000000291e+04
5.751419999999999709e+04
5.748859999999999854e+04
5.759259999999999854e+04
5.763900000000000000e+04
5.754459999999999854e+04
5.783740000000000146e+04
5.751419999999999709e+04
5.754459999999999854e+04
5.745659999999999854e+04
5.753819999999999709e+04
5.707740000000000146e+04
5.739900000000000000e+04
5.750619999999999709e+04
5.758140000000000146e+04
5.762300000000000000e+04
5.748700000000000000e+04
5.747100000000000000e+04
5.757659999999999854e+04
5.763580000000000291e+04
5.740540000000000146e+04
5.743740000000000146e+04
5.734780000000000291e+04
5.728540000000000146e+04
5.739740000000000146e+04
5.775419999999999709e+04
5.791900000000000000e+04
5.785019999999999709e+04
5.782140000000000146e+04
5.780540000000000146e+04
5.787740000000000146e+04
5.805659999999999854e+04
5.804540000000000146e+04
5.794300000000000000e+04
5.812700000000000000e+04
5.804380000000000291e+04
5.824540000000000146e+04
5.807259999999999854e+04
5.819419999999999709e+04
5.783259999999999854e+04
5.822300000000000000e+04
5.825980000000000291e+04
5.827100000000000000e+04
5.827100000000000000e+04
5.814459999999999854e+04
5.810780000000000291e+04
5.802459999999999854e+04
5.803900000000000000e+04
5.817819999999999709e+04
5.815100000000000000e+04
5.842780000000000291e+04
5.798619999999999709e+04
5.826300000000000000e+04
5.832859999999999854e+04
5.792219999999999709e+04
5.804380000000000291e+04
5.812540000000000146e+04
5.814619999999999709e+04
5.785340000000000146e+04
5.793659999999999854e+04
5.797980000000000291e+04
5.793340000000000146e+04
5.790140000000000146e+04
5.793819999999999709e+04
5.797819999999999709e+04
5.798140000000000146e+04
5.778459999999999854e+04
5.783580000000000291e+04
5.769659999999999854e+04
5.745659999999999854e+04
5.775580000000000291e+04
5.755259999999999854e+04
5.752059999999999854e+04
5.762940000000000146e+04
5.783580000000000291e+04
5.779419999999999709e+04
5.787900000000000000e+04
5.787100000000000000e+04
5.817019999999999709e+04
5.765019999999999709e+04
5.764700000000000000e+04
5.773819999999999709e+04
5.772859999999999854e+04
5.767259999999999854e+04
5.794140000000000146e+04
5.776219999999999709e+04
5.786780000000000291e+04
5.779259999999999854e+04
5.759900000000000000e+04
5.744380000000000291e+04
5.737340000000000146e+04
5.757980000000000291e+04
5.750940000000000146e+04
5.746459999999999854e+04
5.743259999999999854e+04
5.728059999999999854e+04
5.763900000000000000e+04
5.737180000000000291e+04
5.724700000000000000e+04
5.730780000000000291e+04
5.725819999999999709e+04
5.744859999999999854e+04
5.752540000000000146e+04
5.729340000000000146e+04
5.761819999999999709e+04
5.773019999999999709e+04
5.741019999999999709e+04
5.744059999999999854e+04
5.733180000000000291e+04
5.725340000000000146e+04
5.725819999999999709e+04
5.733340000000000146e+04
5.730780000000000291e+04
5.716219999999999709e+04
5.707100000000000000e+04
5.701819999999999709e+04
5.717180000000000291e+04
5.697180000000000291e+04
5.708540000000000146e+04
5.682780000000000291e+04
5.698619999999999709e+04
5.727900000000000000e+04
5.698300000000000000e+04
5.710140000000000146e+04
5.728540000000000146e+04
5.725500000000000000e+04
5.757819999999999709e+04
5.752540000000000146e+04
5.757980000000000291e+04
5.747100000000000000e+04
5.753340000000000146e+04
5.739900000000000000e+04
5.749019999999999709e+04
5.738940000000000146e+04
5.733500000000000000e+04
5.761019999999999709e+04
5.748700000000000000e+04
5.744380000000000291e+04
5.760219999999999709e+04
5.749019999999999709e+04
5.753500000000000000e+04
5.771740000000000146e+04
5.737019999999999709e+04
5.737180000000000291e+04
5.748219999999999709e+04
5.772059999999999854e+04
5.734780000000000291e+04
5.773340000000000146e+04
5.746619999999999709e+04
5.752219999999999709e+04
5.730619999999999709e+04
5.739100000000000000e+04
5.733659999999999854e+04
5.751580000000000291e+04
5.754780000000000291e+04
5.786140000000000146e+04
5.765819999999999709e+04
5.760219999999999709e+04
5.744859999999999854e+04
5.711419999999999709e+04
5.718619999999999709e+04
5.736859999999999854e+04
5.718140000000000146e+04
5.734459999999999854e+04
5.709980000000000291e+04
5.695259999999999854e+04
5.705180000000000291e+04
5.675740000000000146e+04
5.695900000000000000e+04
5.687259999999999854e+04
5.691740000000000146e+04
5.709340000000000146e+04
5.719100000000000000e+04
5.720219999999999709e+04
5.720540000000000146e+04
5.723100000000000000e+04
5.734940000000000146e+04
5.734140000000000146e+04
5.738459999999999854e+04
5.713340000000000146e+04
5.707580000000000291e+04
5.732859999999999854e+04
5.704859999999999854e+04
5.700219999999999709e+04
5.707580000000000291e+04
5.734940000000000146e+04
5.724540000000000146e+04
5.736219999999999709e+04
5.729659999999999854e+04
5.692700000000000000e+04
5.716219999999999709e+04
5.705819999999999709e+04
5.698140000000000146e+04
5.681019999999999709e+04
5.689980000000000291e+04
5.668700000000000000e+04
5.688700000000000000e+04
5.687419999999999709e+04
5.719100000000000000e+04
5.715740000000000146e+04
5.705340000000000146e+04
5.707100000000000000e+04
5.712700000000000000e+04
5.719419999999999709e+04
5.704219999999999709e+04
5.719900000000000000e+04
5.724059999999999854e+04
5.727900000000000000e+04
5.707580000000000291e+04
5.703900000000000000e+04
5.708700000000000000e+04
5.685180000000000291e+04
5.686940000000000146e+04
5.664059999999999854e+04
5.647419999999999709e+04
5.660059999999999854e+04
5.652700000000000000e+04
5.638780000000000291e+04
5.611900000000000000e+04
5.642619999999999709e+04
5.633019999999999709e+04
5.669180000000000291e+04
5.711740000000000146e+04
5.706940000000000146e+04
5.699100000000000000e+04
5.715740000000000146e+04
5.713180000000000291e+04
5.739580000000000291e+04
5.742619999999999709e+04
5.735259999999999854e+04
5.745340000000000146e+04
5.747100000000000000e+04
5.758619999999999709e+04
5.753819999999999709e+04
5.749659999999999854e+04
5.752059999999999854e+04
5.760219999999999709e+04
5.762459999999999854e+04
5.744059999999999854e+04
5.738300000000000000e+04
5.746300000000000000e+04
5.727740000000000146e+04
5.728700000000000000e+04
5.714619999999999709e+04
5.711580000000000291e+04
5.741980000000000291e+04
5.741180000000000291e+04
5.734940000000000146e+04
5.766940000000000146e+04
5.754459999999999854e+04
5.783419999999999709e+04
5.761500000000000000e+04
5.773019999999999709e+04
5.792219999999999709e+04
5.752540000000000146e+04
5.754940000000000146e+04
5.729340000000000146e+04
5.718300000000000000e+04
5.730459999999999854e+04
5.751100000000000000e+04
5.737340000000000146e+04
5.727259999999999854e+04
5.731259999999999854e+04
5.724059999999999854e+04
5.701980000000000291e+04
5.714459999999999854e+04
5.685980000000000291e+04
5.685980000000000291e+04
5.690940000000000146e+04
5.686140000000000146e+04
5.730619999999999709e+04
5.721980000000000291e+04
5.719100000000000000e+04
5.744540000000000146e+04
5.747580000000000291e+04
5.747580000000000291e+04
5.743740000000000146e+04
5.748859999999999854e+04
5.757340000000000146e+04
5.733659999999999854e+04
5.737659999999999854e+04
5.734300000000000000e+04
5.742459999999999854e+04
5.742619999999999709e+04
5.746780000000000291e+04
5.746780000000000291e+04
5.150140000000000146e+04
5.536540000000000146e+04
5.871100000000000000e+04
5.060557499999999709e+04
3.812740625000000000e+04
9.215887500000000728e+03
9.311906250000000000e+03
9.121524999999999636e+03
9.446337499999999636e+03
9.577543750000000728e+03
9.934350000000000364e+03
9.695943750000000364e+03
9.404743749999999636e+03
9.180743749999999636e+03
9.311937500000000000e+03
8.759937500000000000e+03
9.190318750000000364e+03
8.787118749999999636e+03
8.391912500000000364e+03
8.657500000000000000e+03
9.875075000000000728e+03
1.175023749999999927e+04
2.079808750000000146e+04
2.798036875000000146e+04
3.256589374999999927e+04
4.098655625000000146e+04
4.728084999999999854e+04
5.146797499999999854e+04
5.248555000000000291e+04
5.608228749999999854e+04
5.769985624999999709e+04
5.840383750000000146e+04
5.905022499999999854e+04
5.895422499999999854e+04
5.991259999999999854e+04
5.940860624999999709e+04
5.870301249999999709e+04
5.934940000000000146e+04
5.931259999999999854e+04
5.908700000000000000e+04
5.883419999999999709e+04
5.861500000000000000e+04
5.838940000000000146e+04
5.829180000000000291e+04
5.821819999999999709e+04
5.796219999999999709e+04
5.821180000000000291e+04
5.795900000000000000e+04
5.766140000000000146e+04
5.769659999999999854e+04
5.761019999999999709e+04
5.758459999999999854e+04
5.738140000000000146e+04
5.729819999999999709e+04
5.734619999999999709e+04
5.692059999999999854e+04
5.703740000000000146e+04
5.697659999999999854e+04
5.720219999999999709e+04
5.719900000000000000e+04
5.720700000000000000e+04
5.738300000000000000e+04
5.724380000000000291e+04
5.719900000000000000e+04
5.724380000000000291e+04
5.705500000000000000e+04
5.704219999999999709e+04
5.702940000000000146e+04
5.667900000000000000e+04
5.666459999999999854e+04
5.699900000000000000e+04
5.687740000000000146e+04
5.692859999999999854e+04
5.697340000000000146e+04
5.667900000000000000e+04
5.662140000000000146e+04
5.678459999999999854e+04
5.650780000000000291e+04
5.656059999999999854e+04
5.649980000000000291e+04
5.658459999999999854e+04
5.656700000000000000e+04
5.663900000000000000e+04
5.675580000000000291e+04
5.671419999999999709e+04
5.669340000000000146e+04
5.679100000000000000e+04
5.671100000000000000e+04
5.693980000000000291e+04
5.682780000000000291e+04
5.684380000000000291e+04
5.685500000000000000e+04
5.675100000000000000e+04
5.667419999999999709e+04
5.667100000000000000e+04
5.685980000000000291e+04
5.677019999999999709e+04
5.692380000000000291e+04
5.683900000000000000e+04
5.650300000000000000e+04
5.654459999999999854e+04
5.653980000000000291e+04
5.683419999999999709e+04
5.672540000000000146e+04
5.647900000000000000e+04
5.652700000000000000e+04
5.657500000000000000e+04
5.661819999999999709e+04
5.670619999999999709e+04
5.653340000000000146e+04
5.637500000000000000e+04
5.639740000000000146e+04
5.642300000000000000e+04
5.635900000000000000e+04
5.655259999999999854e+04
5.647580000000000291e+04
5.624540000000000146e+04
5.653019999999999709e+04
5.610780000000000291e+04
5.639100000000000000e+04
5.647100000000000000e+04
5.630459999999999854e+04
5.629340000000000146e+04
5.625500000000000000e+04
5.626780000000000291e+04
5.635100000000000000e+04
5.614780000000000291e+04
5.623259999999999854e+04
5.641659999999999854e+04
5.642140000000000146e+04
5.632540000000000146e+04
5.686459999999999854e+04
5.694459999999999854e+04
5.693340000000000146e+04
5.729500000000000000e+04
5.745340000000000146e+04
5.770940000000000146e+04
5.761180000000000291e+04
5.774780000000000291e+04
5.797500000000000000e+04
5.789659999999999854e+04
5.790619999999999709e+04
5.791900000000000000e+04
5.804380000000000291e+04
5.790459999999999854e+04
5.795259999999999854e+04
5.804059999999999854e+04
5.804380000000000291e+04
5.827100000000000000e+04
5.804859999999999854e+04
5.812540000000000146e+04
5.799580000000000291e+04
5.793019999999999709e+04
5.789819999999999709e+04
5.803580000000000291e+04
5.814459999999999854e+04
5.820219999999999709e+04
5.791580000000000291e+04
5.823419999999999709e+04
5.797980000000000291e+04
5.805500000000000000e+04
5.802300000000000000e+04
5.813819999999999709e+04
5.825659999999999854e+04
5.838140000000000146e+04
5.819580000000000291e+04
5.815259999999999854e+04
5.824540000000000146e+04
5.818940000000000146e+04
5.794940000000000146e+04
5.774780000000000291e+04
5.787259999999999854e+04
5.791900000000000000e+04
5.787740000000000146e+04
5.810300000000000000e+04
5.782619999999999709e+04
5.776540000000000146e+04
5.773980000000000291e+04
5.781019999999999709e+04
5.777980000000000291e+04
5.770940000000000146e+04
5.792219999999999709e+04
5.784540000000000146e+04
5.793819999999999709e+04
5.833340000000000146e+04
5.812380000000000291e+04
5.820059999999999854e+04
5.805180000000000291e+04
5.805659999999999854e+04
5.804219999999999709e+04
5.805659999999999854e+04
5.802780000000000291e+04
5.815740000000000146e+04
5.791419999999999709e+04
5.826619999999999709e+04
5.799259999999999854e+04
5.822140000000000146e+04
5.784540000000000146e+04
5.801019999999999709e+04
5.788700000000000000e+04
5.817980000000000291e+04
5.777980000000000291e+04
5.757659999999999854e+04
5.750940000000000146e+04
5.769500000000000000e+04
5.746619999999999709e+04
5.751419999999999709e+04
5.791580000000000291e+04
5.765659999999999854e+04
5.771580000000000291e+04
5.784540000000000146e+04
5.734140000000000146e+04
5.760859999999999854e+04
5.765500000000000000e+04
5.757180000000000291e+04
5.747419999999999709e+04
5.750940000000000146e+04
5.756859999999999854e+04
5.736540000000000146e+04
5.748219999999999709e+04
5.727259999999999854e+04
5.723580000000000291e+04
5.735419999999999709e+04
5.701500000000000000e+04
5.729819999999999709e+04
5.712859999999999854e+04
5.699900000000000000e+04
5.699419999999999709e+04
5.732380000000000291e+04
5.713819999999999709e+04
5.773980000000000291e+04
5.742459999999999854e+04
5.769180000000000291e+04
5.771580000000000291e+04
5.774940000000000146e+04
5.779900000000000000e+04
5.775100000000000000e+04
5.779419999999999709e+04
5.755100000000000000e+04
5.780540000000000146e+04
5.764059999999999854e+04
5.765980000000000291e+04
5.753019999999999709e+04
5.759900000000000000e+04
5.784219999999999709e+04
5.784059999999999854e+04
5.768219999999999709e+04
5.771900000000000000e+04
5.757659999999999854e+04
5.792540000000000146e+04
5.767259999999999854e+04
5.752059999999999854e+04
5.824219999999999709e+04
5.753019999999999709e+04
5.752700000000000000e+04
5.748540000000000146e+04
5.754940000000000146e+04
5.760540000000000146e+04
5.763419999999999709e+04
5.774780000000000291e+04
5.749980000000000291e+04
5.786619999999999709e+04
5.763259999999999854e+04
5.753019999999999709e+04
5.730140000000000146e+04
5.752700000000000000e+04
5.750459999999999854e+04
5.777819999999999709e+04
5.738619999999999709e+04
5.752540000000000146e+04
5.756059999999999854e+04
5.742780000000000291e+04
5.753980000000000291e+04
5.750459999999999854e+04
5.738619999999999709e+04
5.712059999999999854e+04
5.715580000000000291e+04
5.712700000000000000e+04
5.734300000000000000e+04
5.734619999999999709e+04
5.729340000000000146e+04
5.738780000000000291e+04
5.748700000000000000e+04
5.739900000000000000e+04
5.742300000000000000e+04
5.751580000000000291e+04
5.719259999999999854e+04
5.725340000000000146e+04
5.731740000000000146e+04
5.717819999999999709e+04
5.723900000000000000e+04
5.742140000000000146e+04
5.702300624999999854e+04
5.716059999999999854e+04
5.732700000000000000e+04
5.713180000000000291e+04
5.716859999999999854e+04
5.728219999999999709e+04
5.708859999999999854e+04
5.736219999999999709e+04
5.717980000000000291e+04
5.707740000000000146e+04
5.696859999999999854e+04
5.698780000000000291e+04
5.702300000000000000e+04
5.733500000000000000e+04
5.706780000000000291e+04
5.729019999999999709e+04
5.732059999999999854e+04
5.722140000000000146e+04
5.710459999999999854e+04
5.725500000000000000e+04
5.697659999999999854e+04
5.700540000000000146e+04
5.689500000000000000e+04
5.694140000000000146e+04
5.686940000000000146e+04
5.696219999999999709e+04
5.707419999999999709e+04
5.713819999999999709e+04
5.697500000000000000e+04
5.703740000000000146e+04
5.679900000000000000e+04
5.685340000000000146e+04
5.678459999999999854e+04
5.654140000000000146e+04
5.660859999999999854e+04
5.680859999999999854e+04
5.677819999999999709e+04
5.693659999999999854e+04
5.690300000000000000e+04
5.719740000000000146e+04
5.708859999999999854e+04
5.713019999999999709e+04
5.718140000000000146e+04
5.730140000000000146e+04
5.741980000000000291e+04
5.759900000000000000e+04
5.725500000000000000e+04
5.743900000000000000e+04
5.732700000000000000e+04
5.718940000000000146e+04
5.736700000000000000e+04
5.777500000000000000e+04
5.719100000000000000e+04
5.749980000000000291e+04
5.742940000000000146e+04
5.737500000000000000e+04
5.734940000000000146e+04
5.728700000000000000e+04
5.741659999999999854e+04
5.725819999999999709e+04
5.763580000000000291e+04
5.755419999999999709e+04
5.732540000000000146e+04
5.742619999999999709e+04
5.754940000000000146e+04
5.757340000000000146e+04
5.763900000000000000e+04
5.754459999999999854e+04
5.761500000000000000e+04
5.760540000000000146e+04
5.773180000000000291e+04
5.765980000000000291e+04
5.773019999999999709e+04
5.757500000000000000e+04
5.727580000000000291e+04
5.734940000000000146e+04
5.792059999999999854e+04
5.733500000000000000e+04
5.753819999999999709e+04
5.728059999999999854e+04
5.749659999999999854e+04
5.721180000000000291e+04
5.736540000000000146e+04
5.698780000000000291e+04
5.734300000000000000e+04
5.730780000000000291e+04
5.724059999999999854e+04
5.746780000000000291e+04
5.736540000000000146e+04
5.745659999999999854e+04
5.753180000000000291e+04
5.722780000000000291e+04
5.759900000000000000e+04
5.757819999999999709e+04
5.727900000000000000e+04
5.732380000000000291e+04
5.750940000000000146e+04
5.749819999999999709e+04
5.768700000000000000e+04
5.761500000000000000e+04
5.761500000000000000e+04
5.259740000000000146e+04
5.653340000000000146e+04
5.265832499999999709e+04
4.834002500000000146e+04
2.382844374999999854e+04
9.166306249999999636e+03
9.411118749999999636e+03
9.580731250000000728e+03
9.806343750000000000e+03
1.024634375000000000e+04
9.700750000000000000e+03
9.932743749999999636e+03
9.767950000000000728e+03
9.164743749999999636e+03
8.758343750000000000e+03
9.470325000000000728e+03
8.887924999999999272e+03
8.782318750000000364e+03
8.803106250000000728e+03
8.694299999999999272e+03
9.353481250000000728e+03
9.585468750000000000e+03
1.491338125000000036e+04
2.685878749999999854e+04
3.100751874999999927e+04
4.267933125000000291e+04
4.823123750000000291e+04
4.908241874999999709e+04
5.131917500000000291e+04
5.362633125000000291e+04
5.370632499999999709e+04
5.419111250000000291e+04
5.790625000000000000e+04
5.900543125000000146e+04
5.836223750000000291e+04
5.914941874999999709e+04
5.932701249999999709e+04
5.909821875000000000e+04
5.902301249999999709e+04
5.973180000000000291e+04
5.945340000000000146e+04
5.927100000000000000e+04
5.919900000000000000e+04
5.905340000000000146e+04
5.901019999999999709e+04
5.882780000000000291e+04
5.879580000000000291e+04
5.892859999999999854e+04
5.834620625000000291e+04
5.849980000000000291e+04
5.848219999999999709e+04
5.854780000000000291e+04
5.856700000000000000e+04
5.825980000000000291e+04
5.817180000000000291e+04
5.819100000000000000e+04
5.820540000000000146e+04
5.820859999999999854e+04
5.811580000000000291e+04
5.798459999999999854e+04
5.826459999999999854e+04
5.809180000000000291e+04
5.787419999999999709e+04
5.775900000000000000e+04
5.751900000000000000e+04
5.772540000000000146e+04
5.765500000000000000e+04
5.749500000000000000e+04
5.761019999999999709e+04
5.749340000000000146e+04
5.741340000000000146e+04
5.732380000000000291e+04
5.754940000000000146e+04
5.760859999999999854e+04
5.759900000000000000e+04
5.771259999999999854e+04
5.756859999999999854e+04
5.754619999999999709e+04
5.743100000000000000e+04
5.733980000000000291e+04
5.754940000000000146e+04
5.758940000000000146e+04
5.769659999999999854e+04
5.791419999999999709e+04
5.777019999999999709e+04
5.781659999999999854e+04
5.793340000000000146e+04
5.767419999999999709e+04
5.763740000000000146e+04
5.776859999999999854e+04
5.777659999999999854e+04
5.754300000000000000e+04
5.744059999999999854e+04
5.761659999999999854e+04
5.744059999999999854e+04
5.787580000000000291e+04
5.763100000000000000e+04
5.761659999999999854e+04
5.764700000000000000e+04
5.749500000000000000e+04
5.767580000000000291e+04
5.767900000000000000e+04
5.743259999999999854e+04
5.761659999999999854e+04
5.743259999999999854e+04
5.723100000000000000e+04
5.739100000000000000e+04
5.733180000000000291e+04
5.733019999999999709e+04
5.746140000000000146e+04
5.728540000000000146e+04
5.735580000000000291e+04
5.739100000000000000e+04
5.727740000000000146e+04
5.707740000000000146e+04
5.720059999999999854e+04
5.737500000000000000e+04
5.722780000000000291e+04
5.731100000000000000e+04
5.730140000000000146e+04
5.685659999999999854e+04
5.735100000000000000e+04
5.712380000000000291e+04
5.705819999999999709e+04
5.680859999999999854e+04
5.697819999999999709e+04
5.692700000000000000e+04
5.683900000000000000e+04
5.657659999999999854e+04
5.693659999999999854e+04
5.725659999999999854e+04
5.737980000000000291e+04
5.708380000000000291e+04
5.701019999999999709e+04
5.755740000000000146e+04
5.779580000000000291e+04
5.765180000000000291e+04
5.767580000000000291e+04
5.764700000000000000e+04
5.796380000000000291e+04
5.779100000000000000e+04
5.786140000000000146e+04
5.786619999999999709e+04
5.781019999999999709e+04
5.797659999999999854e+04
5.784219999999999709e+04
5.798619999999999709e+04
5.780059999999999854e+04
5.802140000000000146e+04
5.784540000000000146e+04
5.765340000000000146e+04
5.768540000000000146e+04
5.780219999999999709e+04
5.760700000000000000e+04
5.768859999999999854e+04
5.773500000000000000e+04
5.778140000000000146e+04
5.754140000000000146e+04
5.777019999999999709e+04
5.785980000000000291e+04
5.770459999999999854e+04
5.789180000000000291e+04
5.765180000000000291e+04
5.763100000000000000e+04
5.755740000000000146e+04
5.748380000000000291e+04
5.746619999999999709e+04
5.755580000000000291e+04
5.755100000000000000e+04
5.759900000000000000e+04
5.733980000000000291e+04
5.740859999999999854e+04
5.755419999999999709e+04
5.749659999999999854e+04
5.741180000000000291e+04
5.753659999999999854e+04
5.739259999999999854e+04
5.731259999999999854e+04
5.737180000000000291e+04
5.768700000000000000e+04
5.773019999999999709e+04
5.764219999999999709e+04
5.757819999999999709e+04
5.771259999999999854e+04
5.749500000000000000e+04
5.753180000000000291e+04
5.795900000000000000e+04
5.789019999999999709e+04
5.779259999999999854e+04
5.773659999999999854e+04
5.761659999999999854e+04
5.773500000000000000e+04
5.758619999999999709e+04
5.728059999999999854e+04
5.781019999999999709e+04
5.770619999999999709e+04
5.746300000000000000e+04
5.744059999999999854e+04
5.754459999999999854e+04
5.726940000000000146e+04
5.761500000000000000e+04
5.745819999999999709e+04
5.725180000000000291e+04
5.741019999999999709e+04
5.736059999999999854e+04
5.742619999999999709e+04
5.756059999999999854e+04
5.760059999999999854e+04
5.749500000000000000e+04
5.745500000000000000e+04
5.753980000000000291e+04
5.731740000000000146e+04
5.742300000000000000e+04
5.733180000000000291e+04
5.731100000000000000e+04
5.746300000000000000e+04
5.754459999999999854e+04
5.731259999999999854e+04
5.721500000000000000e+04
5.744700000000000000e+04
5.747100000000000000e+04
5.720380000000000291e+04
5.730300000000000000e+04
5.718459999999999854e+04
5.716859999999999854e+04
5.722619999999999709e+04
5.710780000000000291e+04
5.689180000000000291e+04
5.712540000000000146e+04
5.713659999999999854e+04
5.740059999999999854e+04
5.764219999999999709e+04
5.737340000000000146e+04
5.733980000000000291e+04
5.745980000000000291e+04
5.761019999999999709e+04
5.751580000000000291e+04
5.760219999999999709e+04
5.733980000000000291e+04
5.742780000000000291e+04
5.738940000000000146e+04
5.771900000000000000e+04
5.762780000000000291e+04
5.756380000000000291e+04
5.760540000000000146e+04
5.761180000000000291e+04
5.763900000000000000e+04
5.764700000000000000e+04
5.744380000000000291e+04
5.768380000000000291e+04
5.739900000000000000e+04
5.719900000000000000e+04
5.757659999999999854e+04
5.758300000000000000e+04
5.756219999999999709e+04
5.756700000000000000e+04
5.749019999999999709e+04
5.739419999999999709e+04
5.725180000000000291e+04
5.742459999999999854e+04
5.745340000000000146e+04
5.710619999999999709e+04
5.741980000000000291e+04
5.735259999999999854e+04
5.753340000000000146e+04
5.743259999999999854e+04
5.710780000000000291e+04
5.740380000000000291e+04
5.712219999999999709e+04
5.709500000000000000e+04
5.688540000000000146e+04
5.699580000000000291e+04
5.701819999999999709e+04
5.693819999999999709e+04
5.721180000000000291e+04
5.725819999999999709e+04
5.698300000000000000e+04
5.718459999999999854e+04
5.745180000000000291e+04
5.733980000000000291e+04
5.725019999999999709e+04
5.732380000000000291e+04
5.724700000000000000e+04
5.743419999999999709e+04
5.757980000000000291e+04
5.764059999999999854e+04
5.741340000000000146e+04
5.746300000000000000e+04
5.734940000000000146e+04
5.764219999999999709e+04
5.746300000000000000e+04
5.732540000000000146e+04
5.697659999999999854e+04
5.741500000000000000e+04
5.738140000000000146e+04
5.724859999999999854e+04
5.715580000000000291e+04
5.726940000000000146e+04
5.715419999999999709e+04
5.714619999999999709e+04
5.695259999999999854e+04
5.705500000000000000e+04
5.702940000000000146e+04
5.720059999999999854e+04
5.714619999999999709e+04
5.714619999999999709e+04
5.728540000000000146e+04
5.738459999999999854e+04
5.724700000000000000e+04
5.727100000000000000e+04
5.743740000000000146e+04
5.739740000000000146e+04
5.703419999999999709e+04
5.719900000000000000e+04
5.744219999999999709e+04
5.720059999999999854e+04
5.731100000000000000e+04
5.733500000000000000e+04
5.729180000000000291e+04
5.745980000000000291e+04
5.733659999999999854e+04
5.743740000000000146e+04
5.714140000000000146e+04
5.737340000000000146e+04
5.710300000000000000e+04
5.704059999999999854e+04
5.709659999999999854e+04
5.753180000000000291e+04
5.770619999999999709e+04
5.789019999999999709e+04
5.773500000000000000e+04
5.795740000000000146e+04
5.799100000000000000e+04
5.780059999999999854e+04
5.785819999999999709e+04
5.783740000000000146e+04
5.790940000000000146e+04
5.790300000000000000e+04
5.794459999999999854e+04
5.796380000000000291e+04
5.808859999999999854e+04
5.820700000000000000e+04
5.798940000000000146e+04
5.793500000000000000e+04
5.820859999999999854e+04
5.822619999999999709e+04
5.801180000000000291e+04
5.786940000000000146e+04
5.763100000000000000e+04
5.755900000000000000e+04
5.742459999999999854e+04
5.767100000000000000e+04
5.769980000000000291e+04
5.795900000000000000e+04
5.784380000000000291e+04
5.805980000000000291e+04
5.776540000000000146e+04
5.784380000000000291e+04
5.763259999999999854e+04
5.777980000000000291e+04
5.740219999999999709e+04
5.764540000000000146e+04
5.774619999999999709e+04
5.761819999999999709e+04
5.774300000000000000e+04
5.752219999999999709e+04
5.753019999999999709e+04
5.756859999999999854e+04
5.732540000000000146e+04
5.745659999999999854e+04
5.743580000000000291e+04
5.729819999999999709e+04
5.702780000000000291e+04
5.720700000000000000e+04
5.697980000000000291e+04
5.755419999999999709e+04
5.740380000000000291e+04
5.751740000000000146e+04
5.742140000000000146e+04
5.749019999999999709e+04
5.735900000000000000e+04
5.754940000000000146e+04
5.758619999999999709e+04
5.775100000000000000e+04
5.770619999999999709e+04
5.762619999999999709e+04
5.768859999999999854e+04
5.751740000000000146e+04
5.749500000000000000e+04
5.750300000000000000e+04
5.742459999999999854e+04
5.750300000000000000e+04
5.014780000000000291e+04
5.350459999999999854e+04
5.716059999999999854e+04
5.212873124999999709e+04
4.500248124999999709e+04
3.085873125000000073e+04
8.462306249999999636e+03
9.171118749999999636e+03
9.580725000000000364e+03
9.828731250000000728e+03
9.521543750000000728e+03
1.028473125000000073e+04
9.295943750000000364e+03
9.511937500000000000e+03
9.123137500000000728e+03
9.302325000000000728e+03
9.278318750000000364e+03
8.635125000000000000e+03
8.516718750000000000e+03
8.670306249999999636e+03
8.862293750000000728e+03
1.062385625000000073e+04
1.704615000000000146e+04
2.594360625000000073e+04
3.199790625000000000e+04
4.284732499999999709e+04
4.480729374999999709e+04
4.785043750000000000e+04
4.979919999999999709e+04
5.340553749999999854e+04
5.600708750000000146e+04
5.827584375000000000e+04
5.784865000000000146e+04
5.841983750000000146e+04
5.809503749999999854e+04
5.955581250000000000e+04
5.919901249999999709e+04
5.913661250000000291e+04
5.868381874999999854e+04
5.924219999999999709e+04
5.819261875000000146e+04
5.879580625000000146e+04
5.827581250000000000e+04
5.857980625000000146e+04
5.878140000000000146e+04
5.865980000000000291e+04
5.881819999999999709e+04
5.855100000000000000e+04
5.830619999999999709e+04
5.817819999999999709e+04
5.804059999999999854e+04
5.821500000000000000e+04
5.793180000000000291e+04
5.799419999999999709e+04
5.783900000000000000e+04
5.751580000000000291e+04
5.765500000000000000e+04
5.773180000000000291e+04
5.764540000000000146e+04
5.780059999999999854e+04
5.747740000000000146e+04
5.756059999999999854e+04
5.758459999999999854e+04
5.764219999999999709e+04
5.751259999999999854e+04
5.769819999999999709e+04
5.739740000000000146e+04
5.719419999999999709e+04
5.720059999999999854e+04
5.728219999999999709e+04
5.736059999999999854e+04
5.725180000000000291e+04
5.713019999999999709e+04
5.710780000000000291e+04
5.730140000000000146e+04
5.728540000000000146e+04
5.690300000000000000e+04
5.685659999999999854e+04
5.677340000000000146e+04
5.678780000000000291e+04
5.696700000000000000e+04
5.713340000000000146e+04
5.742140000000000146e+04
5.733819999999999709e+04
5.739580000000000291e+04
5.743740000000000146e+04
5.737980000000000291e+04
5.738619999999999709e+04
5.734619999999999709e+04
5.733500000000000000e+04
5.709500000000000000e+04
5.701019999999999709e+04
5.731259999999999854e+04
5.729980000000000291e+04
5.704219999999999709e+04
5.714459999999999854e+04
5.734619999999999709e+04
5.721340000000000146e+04
5.723900000000000000e+04
5.712219999999999709e+04
5.715900000000000000e+04
5.705659999999999854e+04
5.709019999999999709e+04
5.715100000000000000e+04
5.691259999999999854e+04
5.700700000000000000e+04
5.722780000000000291e+04
5.722780000000000291e+04
5.716219999999999709e+04
5.710619999999999709e+04
5.710459999999999854e+04
5.715259999999999854e+04
5.718140000000000146e+04
5.692540000000000146e+04
5.715419999999999709e+04
5.714619999999999709e+04
5.708859999999999854e+04
5.711100000000000000e+04
5.692859999999999854e+04
5.694780000000000291e+04
5.693180000000000291e+04
5.672380000000000291e+04
5.683580000000000291e+04
5.696540000000000146e+04
5.689980000000000291e+04
5.692059999999999854e+04
5.679740000000000146e+04
5.691100000000000000e+04
5.696540000000000146e+04
5.674780000000000291e+04
5.739259999999999854e+04
5.761659999999999854e+04
5.789500000000000000e+04
5.807740000000000146e+04
5.817180000000000291e+04
5.809340000000000146e+04
5.808540000000000146e+04
5.857819999999999709e+04
5.821340000000000146e+04
5.831259999999999854e+04
5.849340000000000146e+04
5.857340000000000146e+04
5.853340000000000146e+04
5.865500000000000000e+04
5.873980000000000291e+04
5.885340000000000146e+04
5.869019999999999709e+04
5.864700000000000000e+04
5.884540000000000146e+04
5.877980000000000291e+04
5.859259999999999854e+04
5.867580000000000291e+04
5.836700000000000000e+04
5.826140000000000146e+04
5.842459999999999854e+04
5.850780000000000291e+04
5.860540000000000146e+04
5.843100000000000000e+04
5.811100000000000000e+04
5.834780000000000291e+04
5.827100000000000000e+04
5.821659999999999854e+04
5.841500000000000000e+04
5.836380000000000291e+04
5.818140000000000146e+04
5.839419999999999709e+04
5.822300000000000000e+04
5.845980000000000291e+04
5.846140000000000146e+04
5.841659999999999854e+04
5.838780000000000291e+04
5.840540000000000146e+04
5.822780000000000291e+04
5.852540000000000146e+04
5.823100000000000000e+04
5.830780000000000291e+04
5.827580000000000291e+04
5.800380000000000291e+04
5.798140000000000146e+04
5.814459999999999854e+04
5.831419999999999709e+04
5.831100000000000000e+04
5.833500000000000000e+04
5.827580000000000291e+04
5.830459999999999854e+04
5.833340000000000146e+04
5.833180000000000291e+04
5.815100000000000000e+04
5.819900000000000000e+04
5.810140000000000146e+04
5.826140000000000146e+04
5.827900000000000000e+04
5.839740000000000146e+04
5.808700000000000000e+04
5.818140000000000146e+04
5.825980000000000291e+04
5.832540000000000146e+04
5.822940000000000146e+04
5.824859999999999854e+04
5.826619999999999709e+04
5.808700000000000000e+04
5.833819999999999709e+04
5.809019999999999709e+04
5.822140000000000146e+04
5.807580000000000291e+04
5.819100000000000000e+04
5.834300000000000000e+04
5.817819999999999709e+04
5.809019999999999709e+04
5.812859999999999854e+04
5.818459999999999854e+04
5.807100000000000000e+04
5.813659999999999854e+04
5.806780000000000291e+04
5.773819999999999709e+04
5.792219999999999709e+04
5.782619999999999709e+04
5.778619999999999709e+04
5.777340000000000146e+04
5.788059999999999854e+04
5.764540000000000146e+04
5.779100000000000000e+04
5.761980000000000291e+04
5.767900000000000000e+04
5.760700000000000000e+04
5.756700000000000000e+04
5.765019999999999709e+04
5.735259999999999854e+04
5.760859999999999854e+04
5.765500000000000000e+04
5.793980000000000291e+04
5.788859999999999854e+04
5.783419999999999709e+04
5.821819999999999709e+04
5.834780000000000291e+04
5.800859999999999854e+04
5.821019999999999709e+04
5.795740000000000146e+04
5.801659999999999854e+04
5.797819999999999709e+04
