3.160497729004724897e+04
3.148651729919219724e+04
3.193491723822588028e+04
3.217757293095564819e+04
3.267045389422344306e+04
3.289387349489406915e+04
3.297027160493827250e+04
3.357470629477213515e+04
3.362433775339124986e+04
3.389532083523853362e+04
3.416255814662398916e+04
3.440462856271909550e+04
3.464205578417923971e+04
3.482013595488492865e+04
3.510110775796372764e+04
3.524149611339734838e+04
3.547798689224203554e+04
3.569340771223898628e+04
3.593407346441091067e+04
3.640884987044657464e+04
3.633530010669105104e+04
3.661638896509678307e+04
3.657686328303612390e+04
3.666910288065843633e+04
3.677367230605091027e+04
3.699990123456790025e+04
3.709389666209419374e+04
3.723666514250876207e+04
3.746351836610272585e+04
3.771171467764060071e+04
3.817416125590611045e+04
3.833807773205303965e+04
3.870219783569577703e+04
3.898504252400549012e+04
3.912149001676573971e+04
3.940312513336381380e+04
3.945658039932937390e+04
3.945252248132906243e+04
3.955701386983691191e+04
3.978347690900777525e+04
3.972174973327236512e+04
3.962658375247675576e+04
3.979689925316262816e+04
3.992577716811461869e+04
3.997505746075293428e+04
4.005305532693186979e+04
4.005305532693186979e+04
5.002390611187319155e+04
4.942302210028959234e+04
4.841322481329065340e+04
4.705526596555403376e+04
4.577452461515012692e+04
4.475220240816948353e+04
4.360904008535284083e+04
4.272484316415180365e+04
4.201224935223288776e+04
4.143906843468983425e+04
4.067571162932479638e+04
4.003299984758420760e+04
3.956711964639536745e+04
3.936176558451455639e+04
3.910201981405273546e+04
3.882214052735863515e+04
3.868733180917543359e+04
3.870145648529187747e+04
3.855771254381953622e+04
3.849836549306508095e+04
3.865537570492303348e+04
3.863403261697912239e+04
3.874441579027587431e+04
3.845954214296601276e+04
3.855322542295381572e+04
3.851182685566224973e+04
3.867168541380886745e+04
3.883907453132144292e+04
3.867886480719402607e+04
3.894610211857948161e+04
3.910159061118731915e+04
3.936262399024538900e+04
3.956825118122237473e+04
3.988195945739978924e+04
3.999269379667733301e+04
4.027261210181374918e+04
4.038717024843773834e+04
4.065432952293857670e+04
4.080443347050754528e+04
4.092909739368998271e+04
4.117085566224660579e+04
4.161203718945282890e+04
4.170700807803688804e+04
4.220882426459381531e+04
4.249681938728852401e+04
4.262437067520194978e+04
4.295064288980338461e+04
4.307554092363968812e+04
4.330141868617588625e+04
4.330496936442615697e+04
4.360455296448712033e+04
4.387218046029568359e+04
4.414718244170096295e+04
4.407811979881115985e+04
4.443396799268403993e+04
4.479289864349946583e+04
4.503235482395976578e+04
4.506516933394299849e+04
4.511772717573540285e+04
4.565657186404511594e+04
4.576398963572626235e+04
4.605026794695930585e+04
4.605483310470965080e+04
4.612928029263831559e+04
4.648083645785703266e+04
4.662532174973327346e+04
4.686536320682822407e+04
4.696084133516232396e+04
4.707352659655540629e+04
4.731438744093888090e+04
4.748661484529797599e+04
4.766418777625361690e+04
4.790696052431032149e+04
4.783555677488187939e+04
4.788027190976985003e+04
4.808441639993903664e+04
4.810771040999847901e+04
4.834806401463191287e+04
4.833674866636183287e+04
4.862887974394147022e+04
4.882783478128333809e+04
4.913217863130620390e+04
4.921922877610120486e+04
4.925781801554641424e+04
4.954975400091449410e+04
4.975268891937204899e+04
4.964769029111415875e+04
4.996881207133059070e+04
5.024299466544733878e+04
5.013795701874713995e+04
5.029816674287456408e+04
5.046028837067520362e+04
5.043523853071178019e+04
5.060274470355128869e+04
5.063653467459228705e+04
5.075901356500533439e+04
5.085070690443529747e+04
5.083763572626124369e+04
5.093217741197987925e+04
5.116180094497789833e+04
5.127674927602499520e+04
5.152716963877457601e+04
5.178149184575521940e+04
5.186869806431946199e+04
5.208704526748970966e+04
5.210495473251029034e+04
5.212906812985825673e+04
5.196889742417314119e+04
5.229938363054412184e+04
5.234979545800945198e+04
5.238834567901234550e+04
5.276955586038713955e+04
5.276975095259868976e+04
5.285051912818168057e+04
5.289250297210791177e+04
5.293866178936138022e+04
5.305005944215820637e+04
5.328198506325255585e+04
5.318467306812985771e+04
5.327964395671391685e+04
5.359643468983386992e+04
5.354356470050297503e+04
5.342077366255143716e+04
5.325350160036579473e+04
5.333302118579484522e+04
5.345444657826550974e+04
5.331955982319768373e+04
5.330992226794696035e+04
5.321303947568967851e+04
5.344601859472641081e+04
5.342686053955189709e+04
5.332701234567900974e+04
5.332631001371741877e+04
5.337758024691358150e+04
5.334858954427678691e+04
5.333376253619875206e+04
5.354816887669562857e+04
5.356884865112025727e+04
5.368578692272519402e+04
5.366573144337753183e+04
5.369920926688004693e+04
5.375555189757658809e+04
5.365492333485749259e+04
5.376682822740435950e+04
5.385844352994970541e+04
5.418413046791647503e+04
5.410624965706447256e+04
5.407542508763907972e+04
5.430809205913732876e+04
5.419907453132144292e+04
5.442444505410760758e+04
5.436903886602652346e+04
5.424328242645938008e+04
5.442421094345374149e+04
5.445612802926383301e+04
5.464880109739369072e+04
5.468364456637707917e+04
5.502228562719097681e+04
5.473947995732357958e+04
5.500812193263221707e+04
5.508506630086876976e+04
5.518378295991464984e+04
5.538379149519890052e+04
5.566581679622008960e+04
5.581564761469288351e+04
5.583929279073311773e+04
5.590933089468068647e+04
5.598522176497484907e+04
5.622943819539704418e+04
5.611320225575369841e+04
5.613286755067825288e+04
5.616357506477671268e+04
5.619557018747142138e+04
5.630193446121018496e+04
5.634181130925163598e+04
5.643342661179698189e+04
5.626311111111110949e+04
5.640010486206370842e+04
5.646811400701112871e+04
5.667822831885383493e+04
5.645886663618350576e+04
5.640568449931412761e+04
5.632124859015394031e+04
5.649714372809023189e+04
5.647361560737692344e+04
5.659383142813595623e+04
5.648481390032007039e+04
5.674807133058984618e+04
5.682708367626886320e+04
5.715249748513945815e+04
5.713778753238835634e+04
5.723474836153025535e+04
5.749078737997256394e+04
5.738645206523395609e+04
5.735734430727023573e+04
5.739796250571559358e+04
5.737423929279073491e+04
5.745208108520042879e+04
5.754256485291876015e+04
5.756168388965096528e+04
5.756445419905502058e+04
5.757658893461362459e+04
5.766278067367779295e+04
5.765454778235025151e+04
5.768958634354519018e+04
5.784948392013412376e+04
5.779688705989940354e+04
5.799030147843316809e+04
5.784620637098003499e+04
5.793286633135192824e+04
5.811227312909617467e+04
5.847889041304679267e+04
5.833409297363206861e+04
5.844006706294772448e+04
5.857191037951532053e+04
5.873504648681603430e+04
5.902604602956866438e+04
5.922312818167962541e+04
5.913771681146166520e+04
5.910119554945892742e+04
5.891702850175277854e+04
5.889037890565462294e+04
5.881148361530254624e+04
5.869103368388964736e+04
5.866126261240664462e+04
5.830962841030331037e+04
5.824403840877914627e+04
5.807309861301630735e+04
5.809381740588325192e+04
5.822991373266270239e+04
5.846663862216125563e+04
5.829253833257125370e+04
5.840619905502210167e+04
5.826358664837677497e+04
5.823217680231671693e+04
5.825863130620332231e+04
5.828695869532083452e+04
5.839901966163694306e+04
5.829624508459076606e+04
5.829624508459076606e+04
3.371829903978052243e+03
2.898458161865569309e+03
2.465187776253620086e+03
1.253278905654625851e+04
5.581198750190519786e+04
6.295937814357567549e+04
6.165721566834324040e+04
6.034401097393689997e+04
5.950882121627800370e+04
5.845899100746837212e+04
5.770769090077732108e+04
5.713907514098460524e+04
5.671186221612559166e+04
5.607543240359701304e+04
5.571181953970431641e+04
5.532421033379057917e+04
5.519334247828074876e+04
5.495934887974394223e+04
5.488349702789208823e+04
5.485801798506325576e+04
5.471407895137936430e+04
5.488533089468068647e+04
5.477424538942234358e+04
5.467662124676116218e+04
5.487916598079560936e+04
5.497632190214906586e+04
5.521847035512878938e+04
5.539257064471879130e+04
5.570101143118426990e+04
5.580117177259564050e+04
5.596731229995427566e+04
5.596294223441548820e+04
5.608741106538637541e+04
5.616365310166132986e+04
5.637384545038866054e+04
5.678365614997713419e+04
5.707430452674897242e+04
5.719807102575826866e+04
5.741126779454351345e+04
5.767397896662093990e+04
5.771436305441243894e+04
5.780032068282274122e+04
5.802143819539704418e+04
5.820798536808413337e+04
5.817950190519737953e+04
5.838551928059747297e+04
5.854307575064776756e+04
5.854721170553269621e+04
5.867784545038866054e+04
5.901773510135649849e+04
5.907965736930345884e+04
5.940140344459685730e+04
5.937627556774881668e+04
5.973969333942996309e+04
5.986217222984301043e+04
5.996026459381191671e+04
6.027615790275872860e+04
6.033371010516689421e+04
6.039145739978661732e+04
6.057297119341563666e+04
6.067625301021185442e+04
6.071382777015698957e+04
6.086084926078341960e+04
6.091707483615302772e+04
6.117795214144185593e+04
6.109667672610882437e+04
6.141873494894071337e+04
6.155389483310470678e+04
6.177243712848651194e+04
6.198618015546410606e+04
6.213651821368694073e+04
6.203253406492912472e+04
6.241198841639993771e+04
6.258995153177869361e+04
6.270946502057612815e+04
6.270735954884925741e+04
6.299870873342478444e+04
6.308334110653863900e+04
6.317358939186099451e+04
6.289527815881725110e+04
6.299617832647462637e+04
6.253378189300411759e+04
6.253811248285322654e+04
6.275013488797439641e+04
6.297355052583447832e+04
6.278045084590763872e+04
6.289929660112787678e+04
6.273382578875171748e+04
6.302794147233653348e+04
6.272223593964334577e+04
6.253584926078341960e+04
6.232632296905959811e+04
6.287998369151043880e+04
6.095110409998476098e+04
5.845997424173144100e+04
6.067286998933089490e+04
5.891418152720621583e+04
5.833273814967230282e+04
4.969196723060509248e+04
4.658341639993903664e+04
4.027126764212772105e+04
4.779975842097241548e+04
4.585187090382563474e+04
4.449404983996342344e+04
4.806859061118731915e+04
5.100464304221917700e+04
4.152974866636183287e+04
4.042246166742874630e+04
3.471668830970888666e+04
3.158078646547782409e+04
3.329441060813900549e+04
2.264812254229538303e+04
1.714770096021947757e+04
1.838971772595640869e+04
2.659345023624447640e+04
2.417504694406340423e+04
2.762324691358024575e+04
2.141781359548849287e+04
1.605161240664532852e+04
1.488470614235634821e+04
1.453561469288218177e+04
9.428727632982776413e+03
1.187623837829599142e+04
1.112085307117817320e+04
6.174798049077884571e+03
8.356752934003963674e+03
6.327082761774119717e+03
6.383425240054869391e+03
3.493180765127267023e+03
7.267218106995885137e+03
3.713709800335314867e+03
2.870769090077732017e+03
3.526071940253010325e+03
5.263576131687243105e+03
3.970135954884925923e+03
3.901698369151044062e+03
3.469187776253620086e+03
3.342730071635421609e+03
3.001052735863435373e+03
2.742833257125438195e+03
2.140516689529035375e+03
2.255035970126505163e+03
2.025535131839658561e+03
1.968569577808260874e+03
2.260037341868617659e+03
2.403704313366864881e+03
2.495943910989178676e+03
2.623417162017984992e+03
2.785265660722450775e+03
2.629699131229995601e+03
2.543897576588934498e+03
2.457432708428593287e+03
2.401636335924401919e+03
2.565513793629019801e+03
2.421613778387441016e+03
2.277206523395823751e+03
2.404016460905349959e+03
2.292969974089315656e+03
2.476824874256973089e+03
2.213762536198750240e+03
2.492744398719707533e+03
2.551155006858710749e+03
2.413146776406035769e+03
2.488062185642432723e+03
2.628255448864502341e+03
2.418765432098765359e+03
2.546745922877610155e+03
2.643706752019509167e+03
2.841218106995884682e+03
2.692635878677031087e+03
2.965921048620637066e+03
2.924951684194482368e+03
2.888430422191739126e+03
3.094330742264898618e+03
2.763571406797744203e+03
2.787489711934156276e+03
2.753855814662399098e+03
2.658026520347507812e+03
2.474873952141441805e+03
2.716476146928821890e+03
2.769033988721231708e+03
2.832829141899100705e+03
2.728337753391251226e+03
2.940910227099527674e+03
3.020312757201646036e+03
3.033227861606462284e+03
3.036895595183661044e+03
2.838135650053345671e+03
2.731810394756897040e+03
2.736765736930346065e+03
2.868335924401767898e+03
2.961433927754915203e+03
3.065574150281969196e+03
3.017113244932174894e+03
3.170806889193720508e+03
3.160545038866026516e+03
3.167217192501143018e+03
3.428523700655387984e+03
3.268665142508763893e+03
3.376356043286084514e+03
3.255515927450083836e+03
3.364611492150586855e+03
3.408429202865416755e+03
3.166748971193415855e+03
3.440073159579332241e+03
3.476399329370522992e+03
3.231207437890565416e+03
3.437146776406035769e+03
3.515144642584971734e+03
3.706256973022404964e+03
3.611403139765279775e+03
3.419081237616217095e+03
3.587601889955799379e+03
3.644919981710105276e+03
3.642188690748361751e+03
3.770832495046486656e+03
3.957028501752781722e+03
3.886834324035969985e+03
3.971348270080780367e+03
4.103152568206066462e+03
4.091837219935985559e+03
4.292743179393384708e+03
4.374447797591830749e+03
4.381744246303916952e+03
4.344091449474165529e+03
4.192309708885840337e+03
4.265703398872123216e+03
4.177950922115531284e+03
4.220363968907178787e+03
4.301132144490169594e+03
4.464229233348574780e+03
4.343350099070263241e+03
4.596267642127724685e+03
4.519284255448864315e+03
4.378154549611339462e+03
4.503325712543819463e+03
4.640202408169486262e+03
4.541017527815881294e+03
4.573558908702942063e+03
4.600598689224203554e+03
4.572076207895137486e+03
4.628926078341715765e+03
4.590453894223441239e+03
4.742898948331046995e+03
4.826242341106538333e+03
4.826593507087333819e+03
5.039283036122542399e+03
5.034561804602956727e+03
5.018408169486358929e+03
5.164337143728090268e+03
5.054656302392927500e+03
5.041624142661179576e+03
5.166327084285931960e+03
5.119114769090077971e+03
5.143345221764974667e+03
5.093635726261240961e+03
5.262234415485444515e+03
5.410621551592745163e+03
5.657452217649748491e+03
5.653355281207132975e+03
5.582653863740283668e+03
5.552258497180308041e+03
5.727763450693491905e+03
5.774039323273891569e+03
5.938267946959304936e+03
6.023328151196464205e+03
5.977247370827617488e+03
5.886958695320835432e+03
5.965034598384392666e+03
5.902370980033531850e+03
5.976701112635269055e+03
6.040145099832342567e+03
6.148928516994360507e+03
5.978808108520042879e+03
5.940335924401768352e+03
5.880520652339582739e+03
5.619331199512269450e+03
5.904712086572169028e+03
5.691008078036884399e+03
5.715316567596402820e+03
5.871819539704313684e+03
5.957543057460752607e+03
5.917939338515469899e+03
6.077953970431336529e+03
6.099726261240664826e+03
5.974477061423563100e+03
6.002999542752629168e+03
5.945096174363664431e+03
5.846496570644719213e+03
5.777160798658741442e+03
5.924806584362139802e+03
5.953094955037341606e+03
6.232427983539094384e+03
6.057001066910532245e+03
6.209758268556622170e+03
6.259155616521871707e+03
6.217639993903368122e+03
6.253614997713762932e+03
6.260092059137326942e+03
6.189234567901234186e+03
6.396383478128333991e+03
6.465524157902758816e+03
6.309528425544886886e+03
6.267817710714830355e+03
6.294155159274500875e+03
6.134335619570187191e+03
6.279835390946502230e+03
6.357013869836915546e+03
6.420652949245542004e+03
6.555578722755677518e+03
6.411249504648681977e+03
6.430485596707819241e+03
6.423774424630391877e+03
6.658158207590306120e+03
6.652227404359091452e+03
6.925746684956561694e+03
6.668185947264136303e+03
6.863746380124980533e+03
6.941354061880811059e+03
6.691479957323578674e+03
7.036910227099527219e+03
7.127159884163999777e+03
7.055483005639383919e+03
7.000545038866026516e+03
6.814153939948178959e+03
6.772443225118122427e+03
6.840569425392470293e+03
7.100354214296600730e+03
7.109952751105014613e+03
7.129813138241122033e+03
7.291856729157140762e+03
7.194973936899862565e+03
7.097349794238682989e+03
6.970578875171468098e+03
7.207186709343088296e+03
7.084200579180002933e+03
7.062545343697606768e+03
6.984040237768633233e+03
6.962306965401615344e+03
7.066057003505563443e+03
7.180342021033378842e+03
7.252213991769547647e+03
7.140621246761164002e+03
7.530064319463496759e+03
7.531039780521262401e+03
7.483983539094650041e+03
7.274688614540466006e+03
7.405322359396433058e+03
7.414101508916323837e+03
7.400327998780673624e+03
7.306878829446730379e+03
7.333294314891022623e+03
7.549534522176497376e+03
7.501893004115226177e+03
7.671272062185642426e+03
7.820556622466087902e+03
8.047487882944673402e+03
8.098836153025453314e+03
7.869719859777473175e+03
7.907606767261087953e+03
7.849313214449017323e+03
7.948537113244931788e+03
8.022555098308184824e+03
7.938314281359548659e+03
7.984629172382258730e+03
7.907996951684194755e+03
7.967578113092516105e+03
8.007298887364730945e+03
7.937143728090230070e+03
8.000197530864197688e+03
7.912796220088401242e+03
7.841665599756134725e+03
7.726092973632068606e+03
7.735574455113549448e+03
7.448086572168876955e+03
7.243786008230452353e+03
7.042958085657674019e+03
6.778764212772442988e+03
6.836160341411370609e+03
6.689880201188842875e+03
6.599864654778234581e+03
6.697176649900929988e+03
6.405123609205913453e+03
6.322716659045877350e+03
6.503372046944063186e+03
6.343630544124371227e+03
6.124893156531016757e+03
6.334500228623684961e+03
6.339728699893308658e+03
6.446131992074379014e+03
6.757226032616978955e+03
6.803892089620484512e+03
1.289162749580856507e+04
1.229121170553269258e+04
1.141567687852461495e+04
1.030634354519128101e+04
8.867421429660113063e+03
7.701238225880200844e+03
6.148226185032769536e+03
5.110257582685566376e+03
4.014697759487883104e+03
4.027402377686328236e+03
6.282735253772290889e+03
1.064121429660112699e+04
1.594993583295229473e+04
2.693376116445663865e+04
4.254131885383325425e+04
5.408825529644871131e+04
6.108332845602804446e+04
6.179076024996189517e+04
6.249124356043286389e+04
6.282796509678402799e+04
6.282909556470050302e+04
6.266545221764974849e+04
6.268484438347812829e+04
6.273884590763603046e+04
6.266354031397652579e+04
6.247875491540923394e+04
6.250309647919524286e+04
6.274903109282121295e+04
6.275480841335162404e+04
6.253525712543819827e+04
6.265125758268556820e+04
6.249705837524767412e+04
6.262679408626733493e+04
6.240532982777015422e+04
6.090829705837524671e+04
5.716176741350403609e+04
5.303645267489711841e+04
4.468402362444749451e+04
4.370139948178631312e+04
3.900888157293095719e+04
3.554374805669867055e+04
2.651307102575826866e+04
2.814916689529035284e+04
2.022390641670476907e+04
1.997676771833562088e+04
1.101975887821978358e+04
8.142351013565004905e+03
6.563301021185794525e+03
4.906332114007011114e+03
2.290075598231976983e+03
3.401108824874257152e+03
2.226595793324188435e+03
2.269636640755982171e+03
2.814919676878524569e+03
2.842232586495961186e+03
3.187701874714220594e+03
3.507887212315195939e+03
3.468361530254534500e+03
3.695800030483158025e+03
3.719016003657979127e+03
3.721552202408169705e+03
3.783474470355128688e+03
4.049931412894376081e+03
4.057813138241121578e+03
4.126368541380887109e+03
4.140181069958847729e+03
4.191334247828074695e+03
4.332073769242493654e+03
4.445032159731747925e+03
4.637744246303916952e+03
4.846727023319615910e+03
4.990900167657368911e+03
5.045994208199969762e+03
5.097264441396128859e+03
5.120207285474774835e+03
5.119153787532388378e+03
5.111389117512574558e+03
5.224035360463343750e+03
4.985866788599299070e+03
4.979935985368084403e+03
5.205540618808108775e+03
5.208037799115988491e+03
5.142174668495656078e+03
5.166717268709037853e+03
5.296297515622618448e+03
5.487409846060051677e+03
5.490804450541076221e+03
5.636187166590459128e+03
5.700333485749123611e+03
5.635328760859624708e+03
5.637318701417466400e+03
5.824997408931565587e+03
5.880325560128028883e+03
5.881262002743484118e+03
6.001633897271757633e+03
6.036555403139765076e+03
6.150216125590611227e+03
5.979783569577808521e+03
6.167033074226489589e+03
6.269495503734186968e+03
6.379566529492455629e+03
6.320570644718793119e+03
6.356467611644566205e+03
6.709155311690291455e+03
6.915445816186556840e+03
6.974714830056394021e+03
7.076084743179393627e+03
6.793552202408169251e+03
7.151117207742721803e+03
7.256076817558298899e+03
7.331148300563938392e+03
7.466269166285626852e+03
7.333528425544886886e+03
7.360529187623837970e+03
7.423739064167048127e+03
7.363689681450998251e+03
7.543564700502972300e+03
7.595654320987654501e+03
7.800228014022252864e+03
7.628546867855509845e+03
7.735262307575064369e+03
7.820127419600670692e+03
7.806978204541990635e+03
8.000626733729613989e+03
7.995710409998476280e+03
8.061027282426459351e+03
7.797301630848955938e+03
7.736940100594421892e+03
7.703345221764974667e+03
7.703033074226489589e+03
7.496664532845602480e+03
7.487690291114159663e+03
7.335089163237311368e+03
7.397908855357414723e+03
7.427562871513488972e+03
7.490343545191281919e+03
7.404893156531016757e+03
7.299426306965401636e+03
7.214444139612864092e+03
7.224393842402072551e+03
7.221194330132601863e+03
7.255803688462124228e+03
7.360412132296905838e+03
7.515237311385459179e+03
7.623084285932022794e+03
7.566117360158512383e+03
7.552812071330589788e+03
7.648173144337753001e+03
7.575403749428441188e+03
7.539701874714220139e+03
7.583441548544428770e+03
7.545749733272366939e+03
7.337469288218259862e+03
7.521753391251333596e+03
7.414023472031702113e+03
7.540521262002743242e+03
7.684616369455875429e+03
7.973977137631458390e+03
8.295567139155617042e+03
8.537403444596860936e+03
8.519806127114768969e+03
8.616142661179697825e+03
8.621566224660875378e+03
8.574549001676574335e+03
8.532526139308032725e+03
8.689926535589087507e+03
8.701163846974546686e+03
8.669129705837523943e+03
8.504081694863587472e+03
8.364395671391555879e+03
8.396156683432403952e+03
8.397249199817100816e+03
8.168952293857643781e+03
8.144721841182746175e+03
8.018614235634811848e+03
7.778104557232129082e+03
7.882752019509221100e+03
7.775607376924249365e+03
7.607554945892394244e+03
7.996841944825483552e+03
8.160602347203170211e+03
8.265835086114921069e+03
8.010498399634202542e+03
8.147101966163694669e+03
7.976864502362444910e+03
7.979166590458771680e+03
7.775022100289589616e+03
7.783996342021033342e+03
7.842563023929278643e+03
7.753210791037951822e+03
7.708027434842249932e+03
7.770730071635421154e+03
7.753796067672610661e+03
7.644583447645176420e+03
7.512349946654473570e+03
7.906904435299496981e+03
7.861525986892242145e+03
7.827345831428136080e+03
7.845645480871818108e+03
7.666433775339125532e+03
7.712007315957933315e+03
7.849898491083676163e+03
7.875767718335619975e+03
7.872802316720012641e+03
7.761989940557841692e+03
7.746811766499009536e+03
7.985760707209266911e+03
7.989155311690291455e+03
8.040620637098003499e+03
8.294786770309403437e+03
8.226192348727328863e+03
8.442783721993599102e+03
8.205824721841183418e+03
8.471969516841945733e+03
8.172659045877152494e+03
8.304463344002439044e+03
8.210428898033836958e+03
8.271492760249961066e+03
8.362093583295229109e+03
8.393230300259107025e+03
8.390186861758878877e+03
8.613606462429506792e+03
8.306687395214144999e+03
8.543295229385765197e+03
8.573768632830360730e+03
8.406808718183203382e+03
8.425654625819235662e+03
8.494873342478280392e+03
8.575212315195854899e+03
8.535764670019814730e+03
8.534984301173601125e+03
8.505135192805973929e+03
8.602174058832495575e+03
8.623751257430269106e+03
8.634793476604176249e+03
8.460966316110348998e+03
8.479617131534827422e+03
8.408681603414113852e+03
8.460224965706447620e+03
8.556990702636792776e+03
8.694374638012497599e+03
8.554688614540466006e+03
8.555234872732815347e+03
8.740026215515927106e+03
8.852789513793628430e+03
8.870698978814205475e+03
8.836674897119341040e+03
8.757389422344154809e+03
8.802455723212924568e+03
8.787628715134887898e+03
8.971795762841029500e+03
8.881077884468830234e+03
9.107462886755067302e+03
8.991695168419448237e+03
9.002659350708732745e+03
8.967503734186861038e+03
9.133410150891631929e+03
9.148744398719707533e+03
9.057012040847432218e+03
9.259517756439567165e+03
9.164312757201645582e+03
9.153660722450846151e+03
9.262405121170553684e+03
9.368028044505410435e+03
9.343563481176650384e+03
9.227795762841029500e+03
9.415006249047401070e+03
9.370486206370980653e+03
9.322181374790428890e+03
9.342978204541990635e+03
9.602997104099984426e+03
9.432330437433318366e+03
9.357493065081542227e+03
9.518210028958999828e+03
9.308095717116293599e+03
9.399554945892394244e+03
9.292215211095868654e+03
9.199156226185032210e+03
9.247968297515622908e+03
8.962509373571101605e+03
9.206686785550982677e+03
8.951076969974088570e+03
9.163493369913123388e+03
8.981433318091754700e+03
9.010150891632372804e+03
9.108672458466697208e+03
9.158264898643499691e+03
9.254367322054564283e+03
9.052212772443224821e+03
9.059119036732205132e+03
9.053422344154854727e+03
9.181402834933698614e+03
9.109530864197531628e+03
9.302008840115835483e+03
9.328385307117818229e+03
9.252338363054412184e+03
9.309929583904891842e+03
9.048623075750647331e+03
9.208364578570339290e+03
9.096498704465782794e+03
9.214529492455418222e+03
9.344343850022862171e+03
9.272354823959762143e+03
9.273213229690596563e+03
9.240125590611187363e+03
9.160801097393690725e+03
9.295765889346135737e+03
9.514620332266422338e+03
9.225259564090840286e+03
9.411104404816338501e+03
9.574669714982472215e+03
9.506387440938880900e+03
9.531983539094650041e+03
9.553716811461667021e+03
9.578181374790428890e+03
9.753491236092058898e+03
9.809248590153940313e+03
9.740068891937204171e+03
9.738313062033226743e+03
9.580561499771376475e+03
9.524726108824874245e+03
