0.000000000000000000e+00
1.136368749999999892e+02
1.279671484375000148e+02
1.178975000000000364e+02
1.055255859374999972e+02
1.129399999999999835e+02
1.075148437499999972e+02
1.181810937500000591e+02
1.080993749999999807e+02
1.085610937499999125e+02
1.106960937500000028e+02
1.049998437500000108e+02
1.122621484374999739e+02
1.100193750000000108e+02
1.105512109374999739e+02
1.098327734374999807e+02
1.121399999999999579e+02
1.107099609375000000e+02
1.065818359375000028e+02
1.100293359374999653e+02
1.077777734374999454e+02
1.055271484375000028e+02
1.082155859375000091e+02
1.185548437500000318e+02
1.206387109375000364e+02
1.207371484375000534e+02
1.111996484374999881e+02
1.245185937499999653e+02
1.285468750000000000e+02
1.077085937500000057e+02
1.038421484374999864e+02
1.057077734375000375e+02
1.097683984374999682e+02
1.103475000000000392e+02
1.048493750000000375e+02
9.662484374999998238e+01
9.556937499999995111e+01
1.090374999999999943e+02
1.117868749999999665e+02
1.169249999999999972e+02
1.055748437500000136e+02
1.083843750000000057e+02
1.009021484375000028e+02
1.158718359375000517e+02
9.340152343750004604e+01
1.133900000000000290e+02
9.399359374999994543e+01
1.005858984374999920e+02
9.825902343749999091e+01
1.055433984375000165e+02
1.051590234375001103e+02
1.101371484374999739e+02
1.008452734375000546e+02
1.075543359374999710e+02
1.030460937499999972e+02
1.008965234375000222e+02
1.077774999999999892e+02
1.079715234374999682e+02
1.078368750000000773e+02
1.149271484374999943e+02
1.159762109375000421e+02
1.086368750000000603e+02
1.075183984375000108e+02
1.123718750000000028e+02
1.053340234374999937e+02
1.057277734374999625e+02
1.073780859375000603e+02
1.057118750000000489e+02
1.038824609374999426e+02
1.107215234375000392e+02
1.007077734375000375e+02
1.015435937499999994e+02
1.094874609374999892e+02
1.056618750000000091e+02
1.166360937499999437e+02
1.141243750000000148e+02
1.219923437499999181e+02
1.090718359375000261e+02
9.799359374999997385e+01
1.075671484375000375e+02
1.041360937499999437e+02
1.012640234374999864e+02
1.082968750000000000e+02
1.048027734374999511e+02
1.009748437499999767e+02
1.143624609374999608e+02
1.150840234375000364e+02
1.077421484374999920e+02
1.114235937499999807e+02
1.191960937500000028e+02
1.113373437500000307e+02
1.206249609374999352e+02
1.184423437500000063e+02
1.058068749999999199e+02
1.032387109375000307e+02
1.021900000000000261e+02
1.079843750000000000e+02
1.097293359375000108e+02
1.146060937500000847e+02
1.125585937500000000e+02
1.096774999999999238e+02
1.070749609374999665e+02
1.095858984374999920e+02
1.075562109374999835e+02
1.068637109374999739e+02
1.106150000000000517e+02
1.094152734375000762e+02
1.138427734375000000e+02
1.160193750000000108e+02
1.176373437499999000e+02
1.104810937500000563e+02
1.130562109375000261e+02
1.051993749999999608e+02
1.143074609375000392e+02
1.095890234375000318e+02
1.007999609375000034e+02
1.043452734375000119e+02
1.118493749999999807e+02
1.112060937499999511e+02
1.130262109375000108e+02
1.063577734375000574e+02
1.013123437500000250e+02
1.124474609374999972e+02
1.027130859374999972e+02
9.366152343749999432e+01
1.035225000000000364e+02
1.086749609375000034e+02
1.022873437499999767e+02
1.128746484374999710e+02
1.072999609375000034e+02
1.048240234375000028e+02
1.127843749999999972e+02
1.182824609374999909e+02
1.030155859375000347e+02
1.053871484374999739e+02
1.060648437499999943e+02
1.112560937499999483e+02
1.091648437500000028e+02
1.060350000000000108e+02
1.037868749999999380e+02
1.021318750000000222e+02
1.007349999999999710e+02
1.040443359374999943e+02
9.844359375000000512e+01
1.101275000000000261e+02
9.599027343750002217e+01
1.033310937500000364e+02
1.038171484374999807e+02
1.060398437500000028e+02
1.060998437499999483e+02
1.024652734375000165e+02
1.077952734374999579e+02
9.841996093750006480e+01
1.074810937499999852e+02
9.920996093750000000e+01
9.904808593749996248e+01
1.046177734375000057e+02
9.992984374999994657e+01
1.081277734374998971e+02
1.100480859374999909e+02
1.130250000000000057e+02
1.109530859375000063e+02
1.044149999999999352e+02
9.375152343750001194e+01
9.459000000000001762e+01
1.046465234374999653e+02
1.044025000000000318e+02
9.963808593749999432e+01
1.097199609375000762e+02
1.050233984374999920e+02
1.005687109374999153e+02
9.479808593749993406e+01
9.866714843750000341e+01
1.021435937499999511e+02
1.021927734374999943e+02
8.966499999999994941e+01
9.752464843749997669e+01
9.297187499999999716e+01
9.778246093750001933e+01
9.409234375000001194e+01
9.154999999999999716e+01
1.002343750000000000e+02
9.992437499999996930e+01
9.180589843750004775e+01
9.656484374999999432e+01
1.057493749999999864e+02
1.041958984375000057e+02
9.724183593750009891e+01
9.406937499999997954e+01
8.539589843749999432e+01
8.762249999999994543e+01
9.909000000000006025e+01
1.058012109375000307e+02
1.005850000000000648e+02
1.026985937499999864e+02
1.070124609375000091e+02
1.027343359374999920e+02
1.029443749999999937e+02
9.616249999999999432e+01
9.379984374999999375e+01
8.281734375000003467e+01
8.332464843749994543e+01
8.423277343750004320e+01
8.835308593750005457e+01
9.722808593749996930e+01
9.722808593749996930e+01
1.413124609374999352e+02
1.380735937499998727e+02
1.473375000000000057e+02
1.589265234374998670e+02
1.902724999999999227e+02
2.035224999999999511e+02
2.049921484374998784e+02
2.360474999999999000e+02
2.208335937500000057e+02
2.476343750000000057e+02
2.189918359375000421e+02
2.047583984375000057e+02
2.228935937499999795e+02
1.926812109374998556e+02
1.903640234374999523e+02
1.733968749999999943e+02
1.796118749999999977e+02
1.652993749999999409e+02
1.696493749999999920e+02
1.565324609375000193e+02
1.467912109375000114e+02
1.411649999999999920e+02
1.460349609374999886e+02
1.276718359374999920e+02
1.348998437500000023e+02
1.231515234374999892e+02
1.208235937500000290e+02
1.196900000000000261e+02
1.317274999999999920e+02
1.222249999999999943e+02
1.157748437499999881e+02
1.028525000000000063e+02
1.063343749999999943e+02
9.937437500000004320e+01
9.811734375000006025e+01
9.666246093749995794e+01
1.016871484374999284e+02
1.000750000000000028e+02
9.623746093750000341e+01
1.056855859374999937e+02
9.354234374999995794e+01
9.169859374999997215e+01
9.883187499999993975e+01
8.963609375000001478e+01
9.948433593749997783e+01
9.674937499999998636e+01
9.555464843750004889e+01
9.128609374999999204e+01
8.231734374999997783e+01
8.409496093749994827e+01
8.010859374999999716e+01
7.649937500000000057e+01
7.553734374999997669e+01
7.451937500000002501e+01
7.255777343750003183e+01
7.940484374999996930e+01
7.741859375000004206e+01
7.295277343749994259e+01
7.494984374999998522e+01
7.578339843749999716e+01
7.268999999999996930e+01
6.624609375000000000e+01
7.351558593749999204e+01
7.353339843749999716e+01
7.570609375000000796e+01
7.595234374999999716e+01
7.473183593749999432e+01
7.962808593750001762e+01
8.751500000000002899e+01
8.256109374999999773e+01
8.354964843749992554e+01
8.305937500000000284e+01
7.849984374999996817e+01
7.852500000000000568e+01
7.281109375000002615e+01
7.580249999999999488e+01
7.623984375000000568e+01
7.060746093750002217e+01
7.724687500000000284e+01
7.542437500000001194e+01
7.720687500000006764e+01
7.572437499999999488e+01
7.907984375000002331e+01
7.235152343749999204e+01
7.327359375000001762e+01
6.930937500000000284e+01
6.860433593750003922e+01
6.584121093749999432e+01
6.813589843750006025e+01
7.011464843749999432e+01
6.961402343749999488e+01
7.013109375000001933e+01
6.504652343750002785e+01
6.668589843749997215e+01
7.151683593749996248e+01
7.082496093749999488e+01
7.911734375000004604e+01
6.723246093750003638e+01
6.171937499999994259e+01
6.911464843749999432e+01
6.552109375000000568e+01
6.397152343750002501e+01
6.200484374999998494e+01
6.310484374999997215e+01
5.972964843750001762e+01
6.736683593750001364e+01
6.183652343749999858e+01
7.068750000000000000e+01
6.859359375000003922e+01
6.779984374999999375e+01
6.301839843750004633e+01
7.330933593749999488e+01
6.534839843749998067e+01
6.159687499999999716e+01
6.362152343750007333e+01
5.740234375000000000e+01
6.504183593749999659e+01
6.490250000000001762e+01
5.835777343750002899e+01
6.421859374999995396e+01
6.509000000000006025e+01
6.333109375000000085e+01
6.756996093750004206e+01
6.891734375000001478e+01
6.944277343749999432e+01
6.201234374999999943e+01
7.368433593749999488e+01
6.590902343749995396e+01
6.845121093749997954e+01
6.865859374999999432e+01
6.635433593749996817e+01
6.260000000000000142e+01
7.058187499999996817e+01
6.156777343750000142e+01
6.247437499999998778e+01
6.567777343749997954e+01
7.047359374999997783e+01
6.705839843750000284e+01
6.268687499999995083e+01
6.910996093750000568e+01
6.188187499999995822e+01
6.737339843749995794e+01
6.862437499999997215e+01
6.079058593749999773e+01
6.023109375000001364e+01
5.787308593749997954e+01
6.077109374999999858e+01
5.799749999999998096e+01
5.819609375000000284e+01
5.459996093749997215e+01
6.247964843749998920e+01
5.847984374999996504e+01
5.755746093750001080e+01
6.304964843749993264e+01
6.102339843749996362e+01
5.301152343750000284e+01
6.599183593749999943e+01
6.301058593749995396e+01
6.003687499999999488e+01
6.007308593749995396e+01
6.173984374999999858e+01
5.440152343749999631e+01
5.537359374999995509e+01
5.297339843749998778e+01
5.485308593750003325e+01
5.331214843749999233e+01
5.649964843749993548e+01
5.443609374999996220e+01
5.748121093750003041e+01
5.541499999999999915e+01
5.627496093749996220e+01
5.581871093749998636e+01
6.104839843749994088e+01
5.800996093749999716e+01
5.797496093750000767e+01
5.569996093750000909e+01
5.757183593749992667e+01
6.151371093750007901e+01
6.764437500000003922e+01
6.279496093749999375e+01
5.911234374999993690e+01
5.713984374999999716e+01
5.628433593749996078e+01
5.576839843749998948e+01
5.260609374999997812e+01
5.539984375000000227e+01
5.978121093750004178e+01
6.095609375000003638e+01
5.754234374999995083e+01
5.879433593750000142e+01
6.164359375000003638e+01
6.089999999999999858e+01
6.127750000000001762e+01
5.697500000000000142e+01
5.381527343749996817e+01
6.324058593750000057e+01
6.062089843750000284e+01
5.536187499999998352e+01
5.910859374999999716e+01
5.634746093750000284e+01
5.616500000000000625e+01
6.200308593750003183e+01
5.359371093750004178e+01
5.461859375000001648e+01
5.682152343749996959e+01
5.376214843749993122e+01
5.499984375000002501e+01
5.279058593749999773e+01
5.309527343750001904e+01
5.181527343749995396e+01
5.096933593749999858e+01
5.444683593750001904e+01
6.179058593750001904e+01
5.510308593749997641e+01
5.970687500000003922e+01
5.520687500000004633e+01
5.789687500000000142e+01
5.563027343750000142e+01
5.571734374999997641e+01
6.606214843749994259e+01
5.634609375000000142e+01
5.824687500000000284e+01
5.673871093749998806e+01
5.671937500000002785e+01
5.709964843749992269e+01
5.447464843750000085e+01
5.745484375000000909e+01
5.313027343750000142e+01
4.969749999999998380e+01
5.334839843749996646e+01
5.115687499999999943e+01
5.082621093749997954e+01
5.348183593750000142e+01
4.989937500000001336e+01
4.997152343750002501e+01
5.311871093750001194e+01
4.880902343750001648e+01
5.452484374999992411e+01
4.875277343749998238e+01
5.115433593749999375e+01
5.603496093750000284e+01
5.109859374999999915e+01
4.793089843750002643e+01
4.849984374999997527e+01
4.799687500000000284e+01
5.107089843749999858e+01
5.001402343749995794e+01
4.888871093749998664e+01
4.852308593749996390e+01
4.973687499999999062e+01
5.389750000000001506e+01
5.430249999999999488e+01
5.091859375000002785e+01
5.025996093749999716e+01
5.272808593749999773e+01
4.780152343749999488e+01
4.923687499999996220e+01
5.202308593749997101e+01
5.227152343750003638e+01
5.141402343749994941e+01
4.960058593750000000e+01
4.986234374999999375e+01
4.871937499999995680e+01
4.700687499999995111e+01
5.176187500000001052e+01
5.011937499999994117e+01
5.501109374999996504e+01
5.744984374999994259e+01
5.139527343750000909e+01
5.527734375000000000e+01
5.042714843750000142e+01
5.573609375000002331e+01
5.588437499999999858e+01
5.158749999999999858e+01
5.100464843750001620e+01
4.834496093749998380e+01
5.747808593750001194e+01
4.929589843750000000e+01
4.987621093749997669e+01
5.279121093749999716e+01
5.643246093750006764e+01
4.897359375000002757e+01
5.183277343750002331e+01
5.109859374999997073e+01
5.467933593749999943e+01
5.080249999999998067e+01
4.690902343750001080e+01
4.614937500000000625e+01
4.684687499999999716e+01
4.436402343750002331e+01
4.633433593749997215e+01
4.724859374999997641e+01
5.531714843749993804e+01
5.376558593750002046e+01
5.526499999999998636e+01
4.854371093749999488e+01
5.047933593750002501e+01
5.744859375000002899e+01
5.266859375000001364e+01
5.348109375000004917e+01
5.138687500000001762e+01
4.822308593749998806e+01
4.682777343749997101e+01
5.172496093749998636e+01
4.839058593750003467e+01
5.163734375000003496e+01
4.820249999999996504e+01
4.464214843750001194e+01
4.964234375000005173e+01
4.661246093749997499e+01
4.866109375000001336e+01
4.365308593750005173e+01
4.256484375000000142e+01
3.868109374999999517e+01
4.503687499999996646e+01
4.413871093749999375e+01
4.565277343749995964e+01
5.013109375000004775e+01
4.851859375000005059e+01
4.132484374999997812e+01
4.142437499999998352e+01
4.361058593749996248e+01
4.349808593749995822e+01
4.403687499999998067e+01
4.350777343750002046e+01
4.296996093750004064e+01
4.521484375000000000e+01
4.411996093749998238e+01
4.594437500000000085e+01
4.685621093750000199e+01
4.633687500000000625e+01
4.361500000000001620e+01
5.097402343750000142e+01
5.209000000000003183e+01
5.199683593749997357e+01
4.669984375000000654e+01
4.565121093749996817e+01
4.561937499999997669e+01
4.818734374999996817e+01
4.550683593750000000e+01
4.061109375000003041e+01
4.228246093750004064e+01
4.750484375000000625e+01
4.209527343750001194e+01
4.426734374999999488e+01
4.230484374999998920e+01
3.966777343750000284e+01
4.093109375000001648e+01
4.032749999999999346e+01
4.081402343749999773e+01
4.006621093750000284e+01
3.983246093750004491e+01
3.878402343750001791e+01
4.003984375000000284e+01
4.682984375000002331e+01
4.567984375000000341e+01
3.873558593749996248e+01
3.705902343750003780e+01
4.301109374999999346e+01
4.107484374999997812e+01
3.950777343750000625e+01
4.198734375000002217e+01
4.162734375000000142e+01
4.280308593750003610e+01
4.074234375000002473e+01
4.317250000000002075e+01
3.977027343750003752e+01
4.209183593750002217e+01
3.831499999999999773e+01
3.632484375000002075e+01
3.945933593750003610e+01
3.835589843750001648e+01
3.917484374999992980e+01
3.897464843749996533e+01
4.277984375000001194e+01
4.262984374999998494e+01
4.145308593749999915e+01
4.302152343750004349e+01
3.971714843750000767e+01
3.944121093750000284e+01
4.226109375000000057e+01
3.573433593749999915e+01
4.352464843749996248e+01
3.835589843750004491e+01
4.009437500000000654e+01
4.009437500000000654e+01
6.816249999999999432e+01
6.960687499999998806e+01
9.225234374999999432e+01
1.145574609374999397e+02
1.128474609375000028e+02
1.261748437499999511e+02
1.428624609375000034e+02
1.308249999999999886e+02
1.388405859374999523e+02
1.441899999999999409e+02
1.278100000000000165e+02
1.304668359375000648e+02
1.328650000000000375e+02
1.148374609375000830e+02
1.273748437499999255e+02
1.161443749999999966e+02
1.005693749999999937e+02
9.937484375000002501e+01
9.390152343749996078e+01
8.264527343750003752e+01
8.532484374999999943e+01
7.934027343749998806e+01
8.569937499999996078e+01
7.365484375000002615e+01
8.823999999999998067e+01
7.697558593750000000e+01
6.584609374999999432e+01
7.220859375000000568e+01
6.511249999999999716e+01
7.289652343750000796e+01
5.930058593750000284e+01
6.403121093749997783e+01
6.566499999999999204e+01
6.413984374999999716e+01
5.721402343750001762e+01
5.478187499999997812e+01
5.391777343750000284e+01
5.399214843749999915e+01
5.370464843749997641e+01
4.941464843749999858e+01
5.007250000000004064e+01
4.414359375000000085e+01
4.645371093749999858e+01
4.867496093749996788e+01
4.968187500000001222e+01
4.116683593750001791e+01
4.098109375000001364e+01
4.910933593750000625e+01
4.585464843750001762e+01
4.203359375000000142e+01
4.372964843750001762e+01
3.940777343750003325e+01
4.192246093749999858e+01
4.343496093750000142e+01
4.433687499999999204e+01
4.154859374999999488e+01
3.763109375000003354e+01
4.620152343749996504e+01
4.031527343749992554e+01
4.088734374999997812e+01
3.580058593750000284e+01
3.851777343749999716e+01
3.609746093750000284e+01
3.986371093749999517e+01
3.861187499999998352e+01
3.666250000000000142e+01
3.827484375000000938e+01
3.470234374999999716e+01
3.617749999999998778e+01
3.444984374999997101e+01
3.466234375000001222e+01
3.594058593750001762e+01
3.682359375000000767e+01
3.763246093750002075e+01
3.770433593750001222e+01
3.952187500000000142e+01
4.234359374999997527e+01
3.910902343750002785e+01
3.809589843749999716e+01
3.807714843750000000e+01
3.824839843750000767e+01
3.744859375000002899e+01
3.601058593750001080e+01
3.347464843749997243e+01
3.751839843750003922e+01
3.772933593750003212e+01
3.674984374999996817e+01
3.703609374999997783e+01
3.416859374999995680e+01
3.256937499999999375e+01
3.380933593749999488e+01
3.450484375000000625e+01
3.728687500000002331e+01
3.560996093749999858e+01
3.666937499999998806e+01
3.597808593750001194e+01
3.418984375000000142e+01
3.318121093749999062e+01
3.681859374999996248e+01
3.532871093749999858e+01
3.653246093750000512e+01
3.493433593750002331e+01
3.670277343749998522e+01
3.637750000000000483e+01
3.421777343750000000e+01
3.956500000000002615e+01
3.870484375000003041e+01
3.831187499999998636e+01
3.525777343750001336e+01
3.624996093750001336e+01
3.619902343750000284e+01
3.463902343750000767e+01
3.572777343750001222e+01
3.657359374999997925e+01
3.655527343749999858e+01
3.676734374999998778e+01
3.334433593749999858e+01
3.206234375000002501e+01
3.519964843749998806e+01
3.401187500000003183e+01
3.898499999999997101e+01
3.323121093749999488e+01
3.574964843750000654e+01
3.957984374999999488e+01
3.703187500000000654e+01
3.743187500000000512e+01
3.739687500000000142e+01
3.466109374999995651e+01
3.569371093749998636e+01
3.557359375000000767e+01
3.482714843750000000e+01
3.591214843750000085e+01
3.682484374999999943e+01
3.497749999999999204e+01
3.281152343750000000e+01
3.542152343750001364e+01
3.386683593750001364e+01
3.025277343749995751e+01
3.133402343750002927e+01
3.354652343750002785e+01
3.239527343750000909e+01
3.664339843750003922e+01
3.332750000000000767e+01
3.013609374999996859e+01
3.411859375000003780e+01
3.532984375000002331e+01
3.112339843749998636e+01
2.987359374999996930e+01
3.626937499999996817e+01
3.424214843749997783e+01
3.421109375000000341e+01
3.312109375000000000e+01
3.338500000000000512e+01
3.142250000000003141e+01
3.406839843750004349e+01
3.429683593749997073e+01
3.296402343749998920e+01
3.472933593750001791e+01
3.546249999999999858e+01
3.399964843749997812e+01
3.221249999999999858e+01
3.132484374999998522e+01
3.112339843749999346e+01
3.387496093749997783e+01
3.170859374999999858e+01
3.207652343749998636e+01
3.068121093750000483e+01
3.052464843749998025e+01
2.925609374999996248e+01
3.197964843749998565e+01
3.134234375000001549e+01
3.332464843749995964e+01
3.193499999999998096e+01
2.831500000000001549e+01
3.051371093749999019e+01
3.115152343749999631e+01
3.271621093750000142e+01
3.165433593750000796e+01
3.355937500000000284e+01
3.193499999999997385e+01
3.523999999999999488e+01
3.167250000000003141e+01
3.015999999999996817e+01
3.188500000000004775e+01
3.399527343749999631e+01
3.291484375000000284e+01
3.605589843750000512e+01
3.383500000000002217e+01
3.186109374999998778e+01
3.357734374999999716e+01
3.118339843749999929e+01
3.230308593750001478e+01
3.028246093749998025e+01
3.232250000000001933e+01
2.963558593749998593e+01
3.208999999999998920e+01
3.328187500000002785e+01
3.515683593749999858e+01
3.567339843749997641e+01
3.669984375000005627e+01
3.679234375000000767e+01
3.182484375000002075e+01
3.044437499999998664e+01
3.598109374999999943e+01
3.609433593749999858e+01
3.552777343749998096e+01
3.707500000000000284e+01
3.213984374999999716e+01
3.169999999999999929e+01
3.010249999999998138e+01
3.236109374999999488e+01
3.036187499999999773e+01
3.283109374999996533e+01
3.409937500000000909e+01
3.025484375000002046e+01
3.094527343750000981e+01
3.122500000000000142e+01
2.877984374999999062e+01
3.312027343750001052e+01
3.049750000000000938e+01
2.918359375000000000e+01
3.175484375000001336e+01
3.197777343749994472e+01
3.207500000000000284e+01
2.868902343749999062e+01
2.874859374999999062e+01
2.944234374999997428e+01
3.052652343749999631e+01
3.327964843750000057e+01
3.063187500000001506e+01
2.797558593750000000e+01
2.783437500000000142e+01
2.868746093749998494e+01
3.193187499999996959e+01
2.828496093749999929e+01
3.174527343750001052e+01
3.399183593750002785e+01
3.590484374999999773e+01
2.964964843750000867e+01
3.137750000000000483e+01
2.800000000000000000e+01
2.999609375000000000e+01
2.781214843749999233e+01
2.919964843749999162e+01
2.824234375000001052e+01
3.045937500000000142e+01
3.137558593749999858e+01
3.219527343749999204e+01
3.160609375000000298e+01
3.189859374999999275e+01
3.248277343750000767e+01
2.938871093750000796e+01
3.354984374999997243e+01
3.311714843749999915e+01
3.513984374999999716e+01
1.505365027117132513e+03
2.281306070687768170e+03
3.217386493677498038e+03
2.400822700032591911e+03
1.764512448022365334e+03
1.245079090022444007e+03
9.157876915335655212e+02
8.503717329025269009e+02
7.933692214941979728e+02
7.066939378827810287e+02
6.031253241246938614e+02
6.064581182265285406e+02
5.367133062148095632e+02
4.901441918349266302e+02
4.647724918270110948e+02
4.490477156108618146e+02
3.915933626151085605e+02
3.664901289725303855e+02
3.647582734102011841e+02
3.339380771821734584e+02
3.154746484374999227e+02
2.960443750000000591e+02
2.791199609374999682e+02
2.526890234374999693e+02
2.523996484374998488e+02
2.425152734374999000e+02
2.259005859375000114e+02
2.297398437500000057e+02
2.184121484374997522e+02
2.009302734375000057e+02
1.902373437500000364e+02
1.736474999999998943e+02
1.738248437500000136e+02
1.655225000000000932e+02
1.554465234374999625e+02
1.489937109375000261e+02
1.461350000000000762e+02
1.326718750000000000e+02
1.217490234375000000e+02
1.083593359374999352e+02
1.161875000000000000e+02
1.006765234374999523e+02
1.017437109375000261e+02
1.068030859375000290e+02
9.679937499999999773e+01
8.425484374999999204e+01
9.079277343750000284e+01
8.981187499999997215e+01
7.581402343749996930e+01
7.553999999999999204e+01
7.344339843750000796e+01
7.527484375000000227e+01
7.345839843749999432e+01
6.547339843749999488e+01
6.917984374999997499e+01
6.490996093750000284e+01
6.115464843749997215e+01
6.550609375000007617e+01
6.411402343750000909e+01
5.729234375000000767e+01
5.893734375000002501e+01
5.694527343750004178e+01
5.321214843749997669e+01
5.010609375000002785e+01
4.536187499999998352e+01
4.862183593749999488e+01
5.145464843749998352e+01
4.638121093750000057e+01
4.391937500000001648e+01
4.034214843750000057e+01
3.983746093749998352e+01
4.663183593750000000e+01
4.079589843750000000e+01
3.757249999999999801e+01
3.967183593749997783e+01
3.506402343750001194e+01
4.168714843749997812e+01
3.491089843749996646e+01
3.255234374999999858e+01
3.327621093749999659e+01
3.259214843749998636e+01
3.285589843750002359e+01
2.997500000000000142e+01
3.026734375000000199e+01
2.892496093750000341e+01
2.682109374999999929e+01
2.586839843749999091e+01
2.760589843749999162e+01
2.871996093749999091e+01
2.634859374999999204e+01
2.555000000000000071e+01
2.312484375000000725e+01
2.299937500000000057e+01
2.464496093749998806e+01
2.425609375000002288e+01
2.287871093749999929e+01
2.488109375000002288e+01
2.199683593750000554e+01
2.253609374999998849e+01
2.682714843750000000e+01
2.230746093749999659e+01
2.237187499999999929e+01
2.235902343750000654e+01
