3.388176924249352305e+04
3.334288553574150137e+04
3.307845755220240972e+04
3.266170156988263989e+04
3.234120408474317810e+04
3.211056607224508480e+04
3.185889711934156367e+04
3.155884529797287178e+04
3.107809907026368091e+04
3.078475842097241184e+04
3.014649474165523498e+04
3.028255204999238049e+04
2.977367352537722763e+04
2.961069349184575549e+04
2.937318823350099046e+04
2.878014692882182499e+04
2.868205456485291870e+04
2.844404206675811656e+04
2.827279012345679075e+04
2.786953452217649829e+04
2.782216613321140176e+04
2.729096905959457581e+04
2.712533577198597777e+04
2.697015942691662713e+04
2.667763816491388570e+04
2.639362292333485675e+04
2.622939429964944429e+04
2.607051120256058493e+04
2.575434476451760565e+04
2.569788507849413145e+04
2.569886053955189709e+04
2.550763115378753355e+04
2.515170492303002538e+04
2.500741472336534207e+04
2.504893034598384475e+04
2.483530437433318002e+04
2.464044627343392858e+04
2.429478189300411395e+04
2.430090778844688248e+04
2.390233440024386437e+04
2.371570919067215436e+04
2.365597195549458775e+04
2.366553147386069031e+04
2.308517116293247818e+04
2.322891510440481579e+04
2.306215028196921048e+04
2.284762688614540457e+04
2.278191982929431470e+04
2.274481329065691170e+04
1.472406523395823751e+04
1.486320499923792158e+04
1.570038469745465591e+04
1.660171071483005653e+04
1.785857277853985579e+04
1.903509586953208418e+04
1.999366194177716898e+04
2.125036793171772661e+04
2.196733180917542995e+04
2.291466057003505557e+04
2.381637677183356209e+04
2.400858161865569127e+04
2.455242066758116198e+04
2.510020057918000384e+04
2.519107453132144656e+04
2.561024965706447256e+04
2.575169151044048340e+04
2.579429964944368112e+04
2.603910135650053417e+04
2.586640573083371419e+04
2.594799329370522901e+04
2.603305349794238646e+04
2.570323060509068819e+04
2.572761713153482560e+04
2.576624538942234358e+04
2.539744307270233185e+04
2.522615211095869381e+04
2.487049900929736395e+04
2.487217680231672057e+04
2.484423959762231243e+04
2.483389971040999808e+04
2.455499588477366342e+04
2.438858222831885359e+04
2.411599939033683768e+04
2.390487059899405722e+04
2.376288248742569704e+04
2.355538241121780084e+04
2.336813290656912068e+04
2.308860478585581586e+04
2.286569242493522324e+04
2.254535101356500672e+04
2.228096204846822002e+04
2.206140527358634426e+04
2.184532114007011114e+04
2.184731108062795465e+04
2.124010608139003307e+04
2.108141807651272757e+04
2.091914037494284275e+04
2.072291662856271796e+04
2.041576345069349190e+04
2.017845328456028074e+04
2.001426367931717687e+04
1.945973357719859632e+04
1.937943362292333404e+04
1.910852857796067838e+04
1.896755494589239606e+04
1.885381618655692728e+04
1.872778661789361286e+04
1.858466697149824540e+04
1.818738119189147983e+04
1.820704648681603430e+04
1.797262368541380783e+04
1.760842554488644964e+04
1.747271940253010325e+04
1.714215515927450178e+04
1.716958512421886917e+04
1.703856119493979713e+04
1.686481207133059070e+04
1.659273647309861190e+04
1.650908093278463639e+04
1.618409632677945410e+04
1.608748666361835058e+04
1.589871543971955543e+04
1.555878677030940344e+04
1.548792927907331250e+04
1.540513214449016959e+04
1.514226489864349969e+04
1.502528760859625072e+04
1.494670446578265546e+04
1.489800944977899780e+04
1.462608992531626245e+04
1.470209785093735627e+04
1.457314189910074674e+04
1.430531931108062781e+04
1.448480414570949506e+04
1.417507575064776756e+04
1.406492668800487809e+04
1.395719676878524660e+04
1.386125041914342364e+04
1.358164426154549619e+04
1.343516902911141551e+04
1.360657704618198477e+04
1.334577777777777737e+04
1.325623045267489761e+04
1.322111385459533631e+04
1.300678555098308243e+04
1.295278402682517844e+04
1.273096418228928451e+04
1.272756957780826087e+04
1.258460600518213687e+04
1.256205334552659588e+04
1.219196342021033342e+04
1.242662033226642234e+04
1.206925041914342364e+04
1.207447889041304734e+04
1.214471208657216812e+04
1.198528273129096124e+04
1.195184392623075837e+04
1.188707331199512191e+04
1.199476421277244299e+04
1.186268678555098268e+04
1.156794147233653348e+04
1.161468556622466167e+04
1.151444718792867025e+04
1.119227190976985185e+04
1.134787745770461879e+04
1.142267581161408270e+04
1.132587105624142714e+04
1.116035482395976214e+04
1.098094802621551571e+04
1.071605182136869371e+04
1.073142508763907972e+04
1.077352598689224214e+04
1.052447126962353286e+04
1.056380185947264181e+04
1.032418960524310387e+04
1.041205913732662702e+04
1.038217101051668942e+04
1.044928273129096124e+04
1.056208504801097479e+04
1.051928181679621957e+04
1.050948818777625274e+04
1.029855448864502432e+04
1.039364243255601286e+04
1.035251699436061608e+04
1.018337204694406319e+04
1.019258039932937027e+04
1.008336777930193603e+04
9.944891327541532519e+03
1.006062002743484300e+04
1.010658375247675576e+04
9.927801249809479486e+03
9.933575979271452525e+03
9.975754915409235764e+03
1.003084895595183661e+04
9.811409236396890265e+03
9.680073159579333151e+03
9.627437280902300699e+03
9.723578722755677518e+03
9.426921505868007443e+03
9.430511202560584934e+03
9.226171620179849924e+03
9.327658588629781661e+03
9.251962810547172921e+03
9.352162170400853938e+03
9.432579180003047441e+03
9.146573997866178615e+03
9.214349032159730996e+03
9.099088553574150865e+03
9.088826703246455509e+03
8.991787837219935682e+03
9.031664685261393970e+03
8.918667276329828383e+03
8.942741655235482540e+03
8.909341868617588261e+03
8.772309099222678924e+03
8.720687700045724341e+03
8.824593811918914071e+03
8.748234720317024767e+03
8.578426459381191307e+03
8.667934766041762487e+03
8.428829751562261663e+03
8.242594726413655735e+03
7.923579942081999434e+03
8.150121018137479041e+03
7.981015089163237462e+03
8.143487882944673402e+03
8.139703094040542965e+03
8.082697149824722146e+03
8.077819844535893935e+03
8.021204084743179010e+03
7.849913122999542793e+03
7.761341258954427758e+03
7.794077732053040563e+03
7.743939033683889647e+03
7.738437433318092189e+03
7.586109434537417656e+03
7.577954580094497942e+03
7.525825941167505334e+03
7.520207285474774835e+03
7.592547477518671258e+03
7.454344154854443332e+03
7.629771071483005471e+03
7.430191739064167450e+03
7.572413961286389167e+03
7.392226794695930948e+03
7.353871665904587644e+03
7.334908702941625052e+03
7.388754153330284680e+03
7.237323578722755883e+03
7.177781435756744031e+03
7.228583447645176420e+03
7.151443987197073511e+03
7.278566072245084797e+03
7.046913580246913625e+03
7.017493674744703640e+03
7.007895137936289757e+03
6.925722298430117007e+03
6.806559975613473398e+03
6.847529340039628551e+03
6.796337143728090268e+03
6.757240664532845585e+03
6.671985368084133370e+03
6.828215211095869563e+03
6.699220240816948717e+03
6.637376009754611005e+03
6.651539704313367110e+03
6.357769852156683555e+03
6.349849108367627196e+03
6.325696692577351314e+03
6.311025758268556274e+03
6.314888584057308435e+03
6.066380124980947585e+03
6.050538637402834865e+03
6.090805669867398137e+03
6.326047858558146800e+03
6.420706599603719042e+03
6.501630848955951478e+03
6.673351013565004905e+03
6.818304526748971512e+03
6.520398719707362034e+03
6.736131687242798762e+03
6.641082761774119717e+03
6.676043286084438478e+03
6.642019204389574952e+03
6.801682670324645187e+03
6.612833409541228320e+03
6.517004115226337490e+03
6.653685718640451341e+03
6.455433013260173539e+03
6.457422953818015230e+03
6.334280749885688238e+03
6.200603566529492127e+03
6.449385154702026739e+03
6.449385154702026739e+03
6.085766438042981463e+04
6.176117543057460716e+04
6.254111644566377072e+04
5.265026748971193592e+04
2.294381207133059070e+04
2.563719250114311762e+03
2.871042828837067646e+03
4.065670477061423753e+03
5.072073159579332241e+03
6.007657369303459745e+03
6.509824721841182509e+03
7.202441091297057937e+03
7.653455265965553735e+03
8.052926078341715765e+03
8.457391251333638138e+03
8.751473251028806772e+03
9.002713001066909783e+03
9.183875628715135463e+03
9.209666819082456641e+03
9.599422039323273566e+03
9.355634811766498387e+03
9.377719250114312672e+03
9.373154092363969539e+03
9.216846212467611622e+03
9.355283645785702902e+03
9.204438347812832944e+03
9.160776710867245129e+03
9.033342478280750584e+03
8.993777777777777374e+03
8.925300411522634022e+03
8.966386831275720397e+03
8.829080932784636389e+03
8.593838744093887726e+03
8.388289590001524630e+03
8.193938728852308486e+03
8.258280140222526825e+03
7.968099984758420760e+03
7.783425697302240224e+03
7.528479195244627590e+03
7.508033531473860421e+03
7.408770614235634639e+03
7.347355586038713227e+03
7.166739216582837798e+03
6.839764670019813821e+03
6.886040542600213485e+03
6.620481024234110919e+03
6.442127724432250943e+03
6.170520347508001578e+03
6.068877305288828211e+03
5.850491083676269227e+03
5.619150739216583133e+03
5.648219478737997633e+03
5.429911294010059464e+03
5.127596402987349393e+03
4.847639079408626458e+03
4.778927602499618843e+03
4.613021185794847952e+03
4.362522786160646319e+03
4.221783264746227360e+03
4.121544886450235936e+03
3.952712086572169028e+03
3.797769852156683555e+03
3.587889650967840225e+03
3.460689529035208125e+03
3.399196463953665443e+03
3.241561957018747307e+03
3.061218716659046095e+03
2.890981252857795880e+03
2.735687852461514922e+03
2.639000152415790126e+03
2.486945282731291172e+03
2.592295076969974161e+03
2.320180460295686771e+03
2.102652644413961298e+03
2.321194939795762821e+03
1.991918305136412073e+03
1.915676268861453991e+03
1.871273281511964569e+03
1.979978661789361468e+03
2.033863130620332186e+03
1.887387898186252187e+03
1.997810089925316333e+03
1.742590153939948095e+03
1.798035512879134330e+03
1.823239902453894274e+03
1.661744093888126827e+03
1.896633592440176699e+03
1.731115683584819408e+03
1.636768937661941891e+03
1.943213229690595881e+03
2.186333790580704317e+03
2.497071483005639493e+03
2.049651577503429507e+03
1.330866026520347532e+03
2.791575064776710860e+03
3.267163237311385274e+03
3.301146166742874357e+03
4.428762078951379408e+03
4.497121780216430125e+03
7.214787684804146011e+03
8.564335924401768352e+03
1.512479378143575741e+04
1.079287791495198871e+04
1.664660570035055571e+04
1.755498049077884571e+04
1.854291114159426797e+04
1.752965706447187767e+04
2.223294467306813021e+04
2.759091236092059262e+04
2.609574958085657636e+04
3.450998414875780873e+04
4.032976649900929624e+04
4.428921810699588241e+04
4.882453315043438488e+04
4.912407315957933315e+04
4.599172199359853403e+04
4.700641944825484097e+04
5.004785947264136485e+04
5.257457536960829020e+04
5.560091525682060455e+04
5.278554503886602470e+04
5.770350617283950851e+04
5.333468007925621350e+04
5.842911857948483521e+04
5.742316049382716301e+04
5.948895793324188708e+04
6.003758908702941699e+04
5.881508413351623312e+04
6.018737860082304542e+04
6.054837113244931970e+04
6.002880963267794868e+04
5.988982822740435950e+04
6.027005746075293428e+04
5.882936320682822407e+04
6.022046563023929048e+04
5.842525712543819827e+04
6.176884651729919278e+04
6.144628547477518441e+04
6.204251455570797407e+04
5.938294634964182478e+04
6.112075887821978540e+04
6.198703063557384303e+04
6.048519844535893935e+04
6.070958939186099451e+04
6.189537875323883782e+04
6.187337219935985195e+04
6.173442981252857862e+04
6.182089315653101949e+04
6.201332693187014229e+04
6.197594955037342152e+04
6.265973403444596624e+04
6.277222283188538131e+04
6.256410242341106641e+04
6.265075979271452525e+04
6.261260158512421913e+04
6.270261377838744374e+04
6.258481862520956929e+04
6.274724950464868016e+04
6.257880963267794868e+04
6.245184224965706380e+04
6.267233546715440025e+04
6.259144886450235936e+04
6.245305044962657848e+04
6.246417482091144484e+04
6.256659411675049341e+04
6.258863953665599547e+04
6.252714799573236087e+04
6.264993750952598930e+04
6.228695427526292042e+04
6.244407620789513749e+04
6.246381969212010154e+04
6.220274714220393071e+04
6.225592927907330886e+04
6.214585825331504020e+04
6.209884103033073916e+04
6.240178021643042302e+04
6.247630544124371227e+04
6.261673296753543400e+04
6.260549550373418606e+04
6.264057308337144059e+04
6.251626169791190478e+04
6.244641883859167865e+04
6.239733607681755529e+04
6.243752385307117947e+04
6.252956835848194169e+04
6.249175948788294772e+04
6.244794055784179363e+04
6.244649672306051070e+04
6.228441548544428952e+04
6.241602347203170211e+04
6.234754595336076454e+04
6.219521795458009728e+04
6.229132037799115642e+04
6.211761027282426221e+04
6.224613702179546090e+04
6.221484423106233589e+04
6.216400320073159673e+04
6.208475674439872091e+04
6.198124081694863708e+04
6.208990580704160675e+04
6.197296890717878705e+04
6.208705883249504404e+04
6.200496402987349575e+04
6.191994147233653348e+04
6.201307986587410414e+04
6.213848376771833864e+04
6.204722100289590162e+04
6.201128501752781449e+04
6.203333043743331655e+04
6.210059686023472022e+04
6.198728867550678115e+04
6.194413427831123408e+04
6.192645892394451948e+04
6.204663435451912665e+04
6.188576268861453718e+04
6.195338164913884975e+04
6.184385688157293043e+04
6.197441258954427758e+04
6.200047553726565820e+04
6.189469654016155982e+04
6.195330224051211553e+04
6.170498887364730763e+04
6.151551531778692151e+04
6.143654199055022036e+04
6.158434385002286581e+04
6.170284423106233589e+04
6.175403642737387418e+04
6.184366041761926317e+04
6.171728105471727031e+04
6.186609739368998271e+04
6.190523304374333384e+04
6.190866651425087912e+04
6.180565782655082876e+04
6.164880368846212514e+04
6.162714845297973079e+04
6.166710333790580626e+04
6.162917741197987925e+04
6.161415531169029418e+04
6.154727770156988117e+04
6.164895839048925700e+04
6.154743240359701304e+04
6.142526566072244896e+04
6.151274500838286622e+04
6.129986038713610469e+04
6.136342142966011306e+04
6.138554488645023957e+04
6.135573479652492097e+04
6.137192745008382917e+04
6.134008840115836210e+04
6.133193354671543784e+04
6.123852339582380955e+04
6.128058527663465793e+04
6.122510105166894937e+04
6.132206188081084838e+04
6.137543910989178403e+04
6.135273037646699959e+04
6.136377259564090491e+04
6.126649961896052264e+04
6.128944246303917316e+04
6.139003200731596007e+04
6.134945282731291081e+04
6.128675019051973504e+04
6.150474622770919086e+04
6.136069013869836635e+04
6.122826154549611238e+04
6.115221460143270815e+04
6.083148300563938392e+04
6.087346684956561512e+04
6.087935863435451756e+04
6.064715988416400069e+04
6.077393080323121831e+04
6.084256424325559783e+04
6.085278707514098642e+04
6.090616430422191479e+04
6.110484621246761526e+04
6.121780460295686498e+04
6.110909922267946968e+04
6.097124706599603815e+04
6.101389422344155173e+04
6.110293430879439256e+04
6.108287882944673038e+04
6.136638683127571858e+04
6.121558055174515903e+04
6.124090352080475714e+04
6.104990824569425604e+04
6.108518091754306079e+04
6.113567078189300082e+04
6.116259350708733109e+04
6.107823563481176825e+04
6.108404938271604624e+04
6.101826428898033919e+04
6.092173266270385648e+04
6.105837524767565628e+04
6.090600823045267316e+04
6.093694985520499904e+04
6.057005944215820637e+04
6.072730376467001770e+04
6.088954244779759028e+04
6.079340100594421529e+04
6.087401310775796446e+04
6.092001585124219127e+04
6.100121322969059838e+04
6.097635848193873244e+04
6.081345648529187747e+04
6.094131992074378650e+04
6.098158695320835250e+04
6.082641060813900549e+04
6.069936655997561320e+04
6.064579423868312733e+04
6.074080414570949506e+04
6.063791251333638502e+04
6.062792379210486251e+04
6.071239871970735840e+04
6.061695960981557437e+04
6.053818137479043071e+04
6.052120835238530708e+04
6.045686694101509056e+04
6.041094223441548820e+04
6.037555250723975041e+04
6.053900076207895472e+04
6.042132114007011114e+04
6.053903978052126331e+04
6.062710440481633850e+04
6.056783539094650041e+04
6.081349550373418606e+04
6.084389087029416260e+04
6.074072610882487788e+04
6.061656942539247393e+04
6.056190458771528938e+04
6.060790733119950892e+04
6.053193842402072914e+04
6.050368907178783411e+04
6.067630666057003691e+04
6.065726566072244896e+04
6.077748148148148175e+04
6.053630848955951660e+04
6.037847889041304734e+04
6.035155616521871707e+04
6.026762749580856325e+04
6.025518061271147599e+04
6.028042554488644964e+04
6.025283950617283699e+04
6.012712208504800947e+04
6.014421216278006614e+04
6.002208443834781065e+04
6.004892912665752374e+04
6.005396250571559358e+04
5.993624386526444141e+04
6.008037799115988309e+04
6.008502118579484522e+04
6.012751226947111718e+04
5.986889803383630351e+04
5.994100411522633658e+04
6.011845999085505173e+04
5.996730254534370033e+04
5.998357323578722571e+04
5.978777869227252086e+04
5.985656820606614929e+04
5.991259868922420719e+04
5.996183996342020691e+04
5.989835695778082300e+04
5.984103886602652346e+04
5.974333668648071762e+04
5.979062703856119333e+04
5.979125133363816713e+04
5.961925803993293812e+04
5.973135802469135524e+04
5.971961347355585895e+04
5.956420301783264586e+04
5.957692303002590779e+04
5.959826611796981888e+04
5.983994634964182478e+04
6.009243468983386992e+04
6.027800640146319347e+04
6.046092485901539476e+04
6.068052065233958274e+04
6.072660143270842673e+04
6.094744581618655502e+04
6.091416308489559742e+04
6.115779423868312733e+04
6.109965675964029651e+04
6.113898734948940546e+04
6.101416735253772640e+04
6.107757232129248587e+04
6.112673555860386841e+04
6.103831976832800137e+04
6.114366956256668345e+04
6.097011553116903087e+04
6.106812985825331270e+04
6.118705807041609660e+04
6.116255448864502250e+04
6.118475598231976619e+04
5.459606279530559550e+04
5.498948574912361073e+04
5.600681359548849287e+04
5.724849748513945815e+04
5.848850358177107410e+04
5.995793811918915162e+04
6.109634217344917124e+04
6.083114875781130831e+04
5.588982883706752182e+04
4.679833135192805639e+04
3.093111492150586855e+04
1.658137387593354651e+04
3.622350099070263695e+03
2.228994360615759888e+03
2.570756896814510128e+03
3.039095259868922312e+03
3.078113702179545726e+03
3.404893156531016757e+03
3.562683737235177432e+03
3.588709038256363328e+03
3.776036579789666121e+03
3.720513336381648969e+03
3.685396738302088124e+03
3.624488949855205192e+03
3.654455113549763610e+03
3.661088248742569704e+03
3.471887821978356897e+03
3.372000609663160958e+03
3.561513183965858843e+03
3.609076665142508773e+03
3.527333028501752779e+03
3.232626733729614443e+03
3.195364121322968913e+03
3.125247980490778900e+03
3.044635878677031087e+03
2.802916628562719325e+03
2.629947873799725585e+03
2.604078646547782228e+03
2.225209571711629451e+03
2.143895137936290212e+03
2.031912208504801129e+03
1.803108062795305614e+03
1.708798811156835882e+03
1.705833561957018674e+03
1.781524310318548942e+03
3.405402987349489194e+03
2.888808260935833005e+03
7.135622923334857660e+03
5.727586343545191085e+03
1.026922054564852988e+04
1.613242935528120688e+04
2.176418488035360497e+04
2.509611217802164174e+04
3.211374256973022420e+04
4.025770080780368880e+04
4.679915607376924163e+04
4.818674714220393071e+04
5.152097607072092796e+04
5.658533379058070568e+04
5.922636945587562514e+04
6.103445465630239050e+04
6.099059807956104487e+04
6.248493705227861938e+04
6.229265416857186210e+04
6.231766636183508672e+04
6.232574089315652964e+04
6.244603017832647311e+04
6.261017908855357382e+04
6.250272275567748875e+04
6.235702606310013653e+04
6.238496326779454103e+04
6.216072732815119525e+04
6.212588081085200247e+04
6.188985825331504020e+04
6.182075659198292851e+04
6.182879439109891973e+04
6.185236153025453677e+04
6.202244292028654309e+04
6.191763938424021035e+04
6.194327450083828444e+04
6.188677579637250165e+04
6.176866697149824904e+04
6.168204602956866438e+04
6.183808078036884399e+04
6.164216918152720609e+04
6.166499497027892357e+04
6.145573906416704995e+04
6.137317604023776948e+04
6.131180003048315848e+04
6.135503246456333000e+04
6.119322298430117371e+04
6.115615546410607931e+04
6.088532845602804446e+04
6.097448559670781833e+04
6.087756378600822791e+04
6.094986495960981847e+04
6.082246974546562706e+04
6.068227648224356381e+04
6.066869806431946199e+04
6.059975247675659193e+04
6.082578631306203170e+04
6.067954519128181710e+04
6.076725864959610044e+04
6.061294071025758603e+04
6.051500442005792138e+04
6.054157597927145252e+04
6.050255753696082684e+04
6.058281847279378417e+04
6.056904496265813214e+04
6.075933790580704226e+04
6.043454839201341383e+04
6.037247005029721186e+04
6.019778448407255200e+04
6.022041518061271199e+04
6.023141838134430873e+04
6.022728242645938008e+04
6.023613961286389531e+04
6.030110531931107835e+04
6.013196037189452909e+04
6.020515896966926084e+04
6.011791373266270239e+04
6.000241914342325617e+04
6.000277030940405530e+04
5.997537936290200014e+04
5.991380826093583164e+04
5.988130589849108219e+04
5.995512879134278046e+04
5.990300015241579240e+04
5.994069196768785332e+04
6.002442554488644964e+04
5.989086541685718839e+04
5.991958299039780832e+04
5.978980765127266932e+04
5.983877579637250165e+04
5.977100076207895472e+04
5.974271239140375110e+04
5.970837616217040340e+04
5.965129218106995540e+04
5.949057521719249780e+04
5.984349702789208823e+04
5.970685444292028842e+04
5.973510379515317618e+04
5.963096357262612582e+04
5.943680780368846172e+04
5.951340100594421529e+04
5.957622069806431682e+04
5.944504069501600316e+04
5.929657552202408260e+04
5.943247675659198285e+04
5.927694924554183672e+04
5.922271361073006847e+04
5.923793080323121831e+04
5.935440085352842289e+04
5.918166620941929432e+04
5.918755799420819676e+04
5.920343850022862171e+04
5.936357018747142138e+04
5.929255662246608699e+04
5.934491937204694113e+04
5.927172077427221666e+04
5.909570858100899204e+04
5.906983935375705187e+04
5.910585337600975618e+04
5.910390245389422489e+04
5.921959213534522132e+04
5.911580307879896282e+04
5.900584910836762720e+04
5.894790672153635387e+04
5.896312391403749643e+04
5.890081146166742838e+04
5.875866727632982656e+04
5.865335650053345307e+04
5.876452004267642042e+04
5.872554061880811059e+04
5.911100381039475906e+04
5.893374302697759413e+04
5.892156927297668153e+04
5.903608840115836210e+04
5.896062673372961581e+04
5.912602591068434413e+04
5.921073494894071337e+04
5.936115104404816520e+04
5.929599024538942467e+04
5.908938759335467330e+04
5.925545008382868400e+04
5.907276573693034879e+04
5.905220301783264586e+04
5.909984453589392069e+04
5.903433257125438104e+04
5.904315073921658040e+04
5.925279682975156175e+04
5.920710623380582547e+04
5.926758481938728801e+04
5.938838591678097873e+04
5.932568327998781024e+04
5.920226794695930585e+04
5.907393629019966465e+04
5.918482670324645733e+04
5.922431336686480790e+04
5.919594695930498710e+04
5.930679835390946391e+04
5.922681054717268853e+04
5.918810425240054610e+04
5.927515439719554706e+04
5.906449382716049149e+04
5.931752842554488598e+04
5.908134979423868208e+04
5.888274592287761334e+04
5.888789635726260894e+04
5.873826063100137253e+04
5.875792592592592700e+04
5.892597835695777758e+04
5.874676665142508864e+04
5.875468739521414682e+04
5.866131626276481984e+04
5.874700076207895472e+04
5.880096326779454103e+04
5.862065904587715340e+04
5.872401889955799561e+04
5.866560829141899012e+04
5.868226916628563049e+04
5.856162414266118139e+04
5.867118792866940930e+04
5.868730254534370033e+04
5.873580246913580049e+04
5.865027404359091452e+04
5.879132571254381764e+04
5.867485566224660579e+04
5.873494406340496789e+04
5.860185215668343153e+04
5.865421490626428567e+04
5.864469440634049533e+04
5.854387075140984962e+04
5.853423319615911896e+04
5.892324706599603815e+04
5.884080109739369072e+04
5.869768145099832327e+04
5.868012315195854171e+04
5.869405273586343537e+04
5.868347873799725494e+04
5.866069196768785332e+04
5.869116537113244704e+04
5.853731565310166479e+04
5.860154000914494827e+04
5.862951623228166136e+04
5.857055936595031380e+04
5.846778478890412953e+04
5.839177686328303389e+04
5.851234385002286581e+04
5.834643743331808946e+04
5.848124615150129830e+04
5.847313031550068263e+04
5.848062185642432451e+04
5.842084560280445294e+04
5.847535436671238858e+04
5.836153757049230626e+04
5.828162780064014805e+04
5.822914799573236087e+04
5.816765493065081682e+04
5.821006797744246433e+04
5.828408596250571281e+04
5.816227038561194786e+04
5.791910745313214284e+04
5.811802347203170211e+04
5.803873799725651770e+04
5.805602316720012459e+04
5.824315561652187171e+04
5.811595549458923779e+04
5.808887669562566589e+04
5.813815698826398148e+04
5.796983142813595623e+04
5.814818472793781257e+04
5.809847523243408068e+04
5.810682517908855516e+04
5.817319554945892742e+04
5.838221734491693496e+04
5.823890260631001729e+04
5.855881481481481751e+04
5.844616857186404377e+04
5.839485932022557245e+04
5.842529370522786485e+04
5.848569425392471021e+04
5.847363755525072338e+04
5.831225727785398340e+04
5.851246090534979157e+04
5.849603414113702456e+04
5.852229355281207245e+04
5.855686389269928623e+04
5.855861972260326002e+04
5.859104404816339229e+04
5.846306355738454295e+04
5.852322999542752950e+04
5.866794939795762912e+04
5.852182533150434028e+04
5.843450205761317193e+04
5.830886267337296158e+04
5.848109007773205667e+04
5.847863191586648463e+04
5.857968968145099643e+04
5.865799969516842248e+04
5.842985886297820252e+04
5.844324218869074684e+04
5.846801889955799561e+04
5.854063222069806216e+04
5.858749336991312157e+04
5.848959609815576550e+04
5.828010608139003307e+04
5.825357354061881051e+04
5.844105715592135675e+04
5.828303246456333000e+04
5.835213412589544168e+04
5.828022313671696611e+04
5.829590855052583356e+04
5.826317207742721803e+04
5.827647736625514517e+04
5.823219143423258356e+04
5.820507361682670307e+04
5.821162871513488790e+04
5.830191739064166904e+04
5.827312178021643194e+04
5.826410852004267508e+04
5.837925194330132945e+04
5.844433470507544553e+04
5.860946075293400645e+04
5.875909647919524286e+04
5.859861362597165135e+04
5.855147934766041726e+04
5.887821978356957698e+04
5.878313183965859207e+04
5.865643895747599163e+04
5.861523548239597585e+04
5.851265599756134907e+04
5.842786892242036265e+04
5.865819478737997269e+04
5.859014662399024382e+04
5.842275750647766836e+04
5.859412650510593085e+04
5.860688553574150137e+04
5.845518183203780063e+04
5.851722115531168674e+04
5.861730345983844018e+04
5.839743453741807753e+04
5.827249748513945815e+04
5.853103368388964736e+04
5.834448651120255818e+04
5.838686053955189709e+04
5.845494772138393455e+04
5.844175948788294772e+04
5.841280780368846172e+04
5.854094436823655269e+04
5.837468678555098450e+04
5.832236305441243894e+04
5.835513854595336306e+04
5.846571681146166520e+04
5.823336198750190670e+04
5.829891297058375494e+04
5.822860173754001153e+04
5.831592501143118716e+04
5.834768602347202977e+04
5.817421002895900165e+04
5.826484987044657464e+04
5.872370675201951235e+04
5.854730437433318002e+04
5.840157049230300618e+04
5.831635421429660346e+04
5.820433226642280351e+04
5.818014083219021268e+04
5.818431580551744992e+04
5.814545343697607314e+04
5.814393171772595815e+04
5.849470751409845980e+04
5.834265264441395993e+04
5.872351165980795486e+04
5.873408565767413529e+04
5.864676238378295966e+04
5.862795549458923779e+04
5.870966011278768565e+04
5.858963938424021035e+04
5.875433622923334769e+04
5.853493552812070993e+04
5.847192074378905818e+04
5.838916262764822750e+04
5.850926139308031998e+04
5.851718213686937816e+04
5.850992470659960236e+04
5.861890321597317234e+04
5.845112391403749643e+04
5.846009815576893743e+04
5.835100259106843441e+04
5.856732083523853362e+04
5.833719006249047379e+04
5.836516628562719416e+04
5.836516628562719416e+04
5.283956957780825906e+04
5.348423228166437912e+04
5.436429324798048765e+04
5.598094436823655269e+04
5.700517847889041150e+04
5.823948788294467522e+04
5.942365858862978348e+04
6.060209632677945774e+04
6.021017177259564050e+04
5.717541899100747105e+04
5.353276177411979734e+04
4.493979439109891973e+04
3.935521643042219512e+04
2.674524630391708706e+04
1.696332281664380571e+04
8.901655692729766088e+03
5.078963572626124005e+03
3.293236549306508095e+03
2.603054717268708828e+03
2.351038256363359324e+03
2.299418686175887615e+03
2.329777625361987702e+03
2.355334552659655401e+03
2.313974851394604684e+03
2.087979271452522426e+03
2.218613016308489478e+03
2.183689986282578957e+03
2.238353757049230353e+03
2.255130772748056643e+03
2.097850937357110070e+03
1.957617283950617320e+03
2.142952446273433907e+03
2.425087334247828039e+03
2.443033683889651002e+03
4.311789361377838759e+03
6.577318701417466400e+03
1.023597988111568338e+04
1.167405989940557811e+04
1.922049687547629946e+04
2.088640161560737761e+04
2.717404663923182306e+04
3.623804389574759989e+04
4.366247401310775604e+04
4.328743362292333768e+04
4.347955723212924931e+04
5.219968907178783411e+04
5.536485383325712610e+04
5.940963496418228897e+04
6.021948727328151290e+04
6.045706630086876976e+04
6.172619692120103718e+04
6.172650739216582588e+04
6.256078478890412953e+04
6.239675262917238433e+04
6.240170355128791562e+04
6.229717466849565972e+04
6.220231931108063145e+04
6.200176451760402415e+04
6.184767931717725878e+04
6.171201219326322462e+04
6.141551105014479253e+04
6.143884407864655077e+04
6.122759929888736224e+04
6.134001036427373765e+04
6.120075354366712418e+04
6.110707026367931394e+04
6.076167901234568126e+04
6.066276726108825096e+04
6.052323731138546282e+04
6.044992165828379802e+04
6.026766651425087912e+04
6.014452431031854940e+04
6.016809144947416644e+04
5.996117664990093181e+04
6.000257521719249780e+04
6.007710044200579432e+04
6.023535924401767988e+04
6.008365554031397915e+04
5.998326108824874245e+04
6.003936960829141753e+04
5.999192318244170019e+04
5.978961255906111910e+04
5.985020819996951468e+04
5.985098856881573010e+04
5.987966712391403416e+04
5.959713458314281161e+04
5.973869349184575549e+04
5.969612437128486636e+04
5.965187745770462061e+04
5.944656241426611814e+04
5.944726474622770911e+04
5.938838591678097873e+04
5.932263984148758027e+04
5.937457338820301811e+04
5.911685657674135291e+04
5.910503398872123216e+04
5.906051394604481175e+04
5.897560981557689229e+04
5.897588294467306696e+04
5.895610059442157944e+04
5.887829782045420143e+04
5.868859015393994923e+04
5.873954823959762143e+04
5.852799024538942467e+04
5.860364700502972119e+04
5.867789910074683576e+04
5.866334522176497558e+04
5.847964639536655886e+04
5.855159640298735030e+04
5.832372869989331230e+04
5.818743728090230434e+04
5.824206310013717302e+04
5.809250541076055379e+04
5.826508398110044072e+04
5.820519067215363611e+04
5.807213778387440834e+04
5.777200792562109564e+04
5.773345770461819484e+04
5.783728577960676921e+04
5.796628074988568551e+04
5.783880749885688419e+04
5.764098399634202360e+04
5.774387562871513364e+04
5.789277000457247050e+04
5.791899039780520980e+04
5.785929218106995540e+04
5.774836274958085414e+04
5.800600152415790217e+04
5.779452156683432258e+04
5.763478006401463063e+04
5.759045511354976043e+04
5.758191007468373573e+04
5.760528212162780255e+04
5.745307117817406106e+04
5.756794147233653348e+04
5.749657674135040725e+04
5.762131870141746913e+04
5.741873494894071337e+04
5.743012833409541054e+04
5.752439689071787870e+04
5.744534552659655310e+04
5.726273921658283507e+04
5.741405273586343537e+04
5.740999481786313117e+04
5.739192927907330886e+04
5.724186434994665615e+04
5.719593964334705379e+04
5.723956226185032574e+04
5.747511659807956312e+04
5.753988721231519594e+04
5.737234202103337884e+04
5.744858405730834056e+04
5.729613900320073299e+04
5.741249199817101180e+04
5.729879225727785524e+04
5.711087943910989270e+04
5.718497546105776564e+04
5.708863892699283315e+04
5.699885749123609276e+04
5.734705807041609660e+04
5.717568907178783411e+04
5.708060112787684920e+04
5.707072946197225974e+04
5.710506569120560744e+04
5.710065660722451139e+04
5.716808047553726647e+04
5.688199725651577319e+04
5.691863557384545129e+04
5.690334034445968427e+04
5.669786922725194017e+04
5.676517604023776948e+04
5.704084133516232396e+04
5.705988233500990464e+04
5.718829202865417028e+04
5.720854260021338268e+04
5.722715439719554706e+04
5.740238622161255626e+04
5.736262642889803101e+04
5.732216430422191479e+04
5.767153543667124177e+04
5.756626367931717687e+04
5.758393903368389147e+04
5.752919615912208246e+04
5.776798902606310003e+04
5.772643438500228513e+04
5.786214052735863515e+04
5.783791007468373573e+04
5.790076878524615313e+04
5.774356348117665038e+04
5.782920896204846940e+04
5.800010973936899973e+04
5.800307514098460524e+04
5.779397530864197324e+04
5.781980551745160483e+04
5.773751562261850631e+04
5.767075506782502634e+04
5.764207651272671501e+04
5.760922298430117371e+04
5.789105319311080530e+04
5.773950556317634619e+04
5.784887425697302388e+04
5.765838622161255626e+04
5.773568175582990079e+04
5.763407773205303965e+04
5.752349946654473752e+04
5.755557262612406339e+04
5.769701447950007423e+04
5.757125803993293812e+04
5.772748788294467522e+04
5.757133607681755529e+04
5.741553543667124177e+04
5.744331656759640464e+04
5.758936259716506902e+04
5.746957597927145252e+04
5.761394421582076029e+04
5.735205243103185785e+04
5.743122085048010922e+04
5.731982319768328307e+04
5.737187379972565395e+04
5.740172290809328115e+04
5.745217375400091260e+04
5.738736412132297119e+04
5.743282060661484866e+04
5.742848955951836251e+04
5.738248681603414298e+04
5.744015607376924163e+04
5.755490931260478828e+04
5.737616582837981696e+04
5.739762597165066109e+04
5.755307544581619004e+04
5.754285261393080145e+04
5.754577899710409838e+04
5.729609998475842440e+04
5.738833958238073683e+04
5.739313885078494059e+04
5.728263862216125563e+04
5.727873677793019306e+04
5.736691845755220129e+04
5.714068952903521131e+04
5.722317451607986732e+04
5.721622923334857478e+04
5.719699314128943661e+04
5.721384910836762720e+04
5.716780734644109179e+04
5.716659777472946007e+04
5.714985886297820252e+04
5.719313031550068263e+04
5.725848620637098065e+04
5.734452187166590738e+04
5.725520865721688460e+04
5.730686907483615505e+04
5.732665142508764256e+04
5.744000000000000000e+04
5.728915470202713186e+04
5.737924828532236279e+04
5.728462856271909550e+04
5.719738332571254432e+04
5.718103459838439449e+04
5.717451851851851825e+04
5.720268983386678883e+04
5.714474744703551551e+04
5.738705197378448065e+04
5.730878097850937047e+04
5.706561804602956545e+04
5.720979119036732300e+04
5.712281908245693921e+04
5.697119341563786293e+04
5.695597622313672036e+04
5.692374698978814558e+04
5.692640024386526784e+04
5.703908550525834289e+04
5.727101112635269237e+04
5.709788629782045609e+04
5.722953452217649465e+04
5.730499618960524094e+04
5.727432769394908973e+04
5.734015180612711265e+04
5.725509160188995884e+04
5.733761560737692344e+04
5.734959426916628581e+04
5.721154702027129679e+04
5.740874622770919086e+04
5.728708672458466754e+04
5.730983447645176057e+04
5.735872458466696844e+04
5.729313458314281161e+04
5.741576954732510058e+04
5.717760097546105681e+04
5.709058984910836443e+04
5.703791495198902703e+04
5.714205517451607739e+04
5.712383356195702072e+04
5.704029507696997462e+04
5.707365584514555667e+04
5.716285200426763913e+04
5.705340527358634426e+04
5.723960128029264160e+04
5.719824173144337692e+04
5.716101813747904089e+04
5.712871086724584893e+04
5.700896326779454103e+04
5.710760188995579665e+04
5.708547843316567742e+04
5.724124005486968235e+04
5.713518792866940930e+04
5.715387776253619813e+04
5.714205517451607739e+04
5.733894223441548820e+04
5.734943819539704418e+04
5.734229782045420143e+04
5.725754976375552360e+04
5.731685779606767028e+04
5.734030787989635428e+04
5.728271665904588008e+04
5.711095747599450988e+04
5.725208718183203746e+04
5.722727145252248010e+04
5.721747782350251509e+04
5.719340344459685730e+04
5.728053162627648271e+04
5.710834324035970349e+04
5.725040938881268085e+04
5.739173418686175864e+04
5.721911659807956312e+04
5.720647462277091836e+04
5.728622831885383493e+04
5.729520256058527593e+04
5.719020393232738570e+04
5.713132510288065532e+04
5.719274013107758219e+04
5.702944795000761951e+04
5.710939673830208631e+04
5.707584087791495404e+04
5.700822191739064147e+04
5.688628928516994347e+04
5.691524096936442947e+04
5.697728029263831559e+04
5.689861911294009769e+04
5.696022923334857478e+04
5.691805029721079336e+04
5.678308550525834289e+04
5.672865477823502442e+04
5.662287578113092604e+04
5.668807559823197516e+04
5.659731870141746913e+04
5.672229477213839709e+04
5.657449291266575165e+04
5.670738972717573779e+04
5.672311415942691383e+04
5.679260600518214051e+04
5.678078341716201976e+04
5.665393446121018496e+04
5.654581435756744759e+04
5.665202255753696227e+04
5.655350099070263968e+04
5.657094223441548820e+04
5.657866788599298889e+04
5.674480841335162404e+04
5.666349397957628389e+04
5.674367687852461677e+04
5.650238683127571858e+04
5.655346197226032382e+04
5.657628776101204130e+04
5.641322969059594470e+04
5.667800884011583548e+04
5.640772809023014997e+04
5.635497515622618812e+04
5.662041761926535401e+04
5.683540923639688845e+04
5.716183752476756490e+04
5.736547477518671076e+04
5.744335558603871323e+04
5.760376040237768757e+04
5.761632434080170788e+04
5.770021399176954583e+04
5.777555860387135908e+04
5.787618716659046186e+04
5.790463161103489983e+04
5.800444078646547860e+04
5.785632677945434989e+04
5.798973083371436951e+04
5.811490199664685497e+04
5.796300320073159673e+04
5.809024234110653924e+04
5.810300137174210977e+04
5.825431489102271007e+04
5.819208047553726647e+04
5.806078341716201976e+04
5.810713732662703842e+04
5.818575948788294772e+04
5.799776863283036073e+04
5.804700990702636773e+04
5.259355829903978156e+04
5.265957750342935469e+04
5.359469349184575549e+04
5.459040512117055187e+04
5.585144215820758836e+04
5.740109861301630735e+04
5.859346319158664846e+04
5.983069897881420184e+04
6.077951181222374726e+04
6.022500701112635579e+04
5.700187136107300466e+04
5.418225590611187363e+04
4.782672565157750068e+04
3.705757704618198477e+04
3.162559259259259125e+04
1.892786587410455832e+04
1.133913397347965292e+04
5.144976832799878139e+03
2.896851242188690776e+03
2.115208199969516954e+03
2.272296905959457490e+03
2.157270538027739804e+03
2.073892242036275093e+03
1.983993750952598702e+03
2.125279225727785615e+03
2.096679469593049816e+03
1.978573997866178843e+03
1.931478737997256530e+03
1.823631763450693597e+03
1.873536351165980705e+03
1.935143423258649591e+03
2.019654016156073794e+03
3.073132754153330097e+03
2.377950922115531284e+03
5.083131839658588433e+03
5.521417771681146405e+03
1.050707529340039582e+04
1.023882746532540841e+04
1.919287166590458946e+04
1.977267626886145445e+04
2.386513976527968407e+04
3.090844246303916952e+04
4.522724508459076606e+04
5.087530894680688652e+04
5.279221521109587047e+04
5.600365340649291466e+04
6.028640481633897434e+04
6.171199710409998806e+04
6.199101234567900974e+04
6.194793491845755489e+04
6.199526261240664462e+04
6.255098673982624314e+04
6.236389605243103142e+04
6.234056165218716342e+04
6.235921109586953389e+04
6.205970553269318771e+04
6.190105654625819443e+04
6.168750861149215052e+04
6.154325743026977580e+04
6.144754519128181710e+04
6.122158939186099451e+04
6.100854869684499135e+04
6.090507178783722338e+04
6.084927541533303156e+04
6.081646090534979157e+04
6.063092821216277662e+04
6.042159426916628581e+04
6.048101935680536553e+04
6.036486145404663694e+04
6.023844170096021844e+04
5.996144977899710648e+04
5.988294467306813021e+04
5.993304435299496981e+04
5.996027922572778334e+04
6.012716110349031806e+04
6.006953086419752799e+04
5.997249199817101180e+04
5.991072580399329308e+04
5.985153482700807945e+04
5.967868312757201784e+04
5.971653101661332039e+04
5.969709983234263200e+04
5.955394116750495596e+04
5.950614357567443949e+04
5.934663618350861361e+04
5.943672976680383726e+04
5.936875964029873285e+04
5.932178143575674767e+04
5.914931992074378650e+04
5.916789269928364229e+04
5.899480688919372187e+04
5.910214662399024382e+04
5.892465172991922009e+04
5.898989056546258507e+04
5.884860478585581586e+04
5.892078890413046611e+04
5.881629751562261663e+04
5.856181923487273161e+04
5.879733455265965313e+04
5.893569394909312541e+04
5.868258131382411375e+04
5.882300868770004308e+04
5.859014662399024382e+04
5.860204724889498902e+04
5.850317451607986732e+04
5.854827983539094566e+04
5.853735467154397338e+04
5.834011644566377072e+04
5.835619204389574588e+04
5.834799817101052031e+04
5.842747873799725494e+04
5.830219051973784372e+04
5.822251486053955159e+04
5.819785520499923587e+04
5.807026489864350151e+04
5.814783356195702072e+04
5.797053376009754720e+04
5.789175552507239627e+04
5.778687395214143908e+04
5.786974912360920280e+04
5.789913001066910510e+04
5.769131778692272201e+04
5.786229660112787678e+04
5.788118152720621583e+04
5.801462459990855132e+04
5.788559061118731915e+04
5.788777564395671652e+04
5.796319829294314695e+04
5.793838256363358960e+04
5.782913092516384495e+04
5.785808260935833096e+04
5.777637799115988309e+04
5.755089041304679267e+04
5.764426154549611238e+04
5.777033013260173902e+04
5.788683920134125947e+04
5.762572778539856517e+04
5.760348727328151290e+04
5.758444627343392494e+04
5.769186404511507135e+04
5.765717664990093181e+04
5.758062246608748683e+04
5.747765279682975233e+04
5.756072306050906627e+04
5.741054107605548052e+04
5.719562749580856325e+04
5.743336686480719072e+04
5.742969913122999424e+04
5.750648742569730530e+04
5.744312147538484714e+04
5.739298277701569896e+04
5.743937570492303348e+04
5.747734064929126907e+04
5.761815820759030612e+04
5.734623868312757259e+04
5.737507331199512555e+04
5.738197957628410222e+04
5.729547568968145060e+04
5.734409266880049108e+04
5.729734857491235744e+04
5.733402591068434413e+04
5.720069989330894896e+04
5.730222588020118565e+04
5.737117146776406298e+04
5.720686480719402607e+04
5.716542722146014421e+04
5.716663679317177593e+04
5.717822527053803060e+04
5.721782898948330694e+04
5.701329431489101989e+04
5.704649900929736032e+04
5.715703825636336114e+04
5.737702423411065683e+04
5.760309708885840519e+04
5.759513732662703842e+04
5.774223685413808562e+04
5.783299375095259893e+04
5.781968846212467906e+04
5.778024081694863708e+04
5.782741411370217975e+04
5.781087029416247242e+04
5.771905989940557629e+04
5.769674135040389956e+04
5.769744368236549053e+04
5.793416857186404377e+04
5.789475994513031765e+04
5.802972473708276084e+04
5.792285322359396378e+04
5.801759000152415683e+04
5.794887852461515286e+04
5.779721383935375343e+04
5.790010547172687075e+04
5.790794817863130447e+04
5.761261758878219553e+04
5.773853010211858054e+04
5.769045938119188941e+04
5.785367352537722763e+04
5.813636213991769910e+04
5.789417466849565972e+04
5.770708123761621391e+04
5.783123792104861786e+04
5.771285596707819059e+04
5.763836976070720993e+04
5.770981252857796062e+04
5.763903307422649232e+04
5.767941716201798408e+04
5.750141502819691959e+04
5.767438378295991424e+04
5.769771681146166520e+04
5.770633988721231435e+04
5.775004054260021076e+04
5.767953421734491712e+04
5.754254046639231819e+04
5.768491876238378609e+04
5.753836549306508095e+04
5.765897149824722146e+04
5.752482609358329501e+04
5.761601219326322462e+04
5.752533333333333576e+04
5.739996707818930008e+04
5.738740313976527978e+04
5.750968693796677690e+04
5.751347172687090642e+04
5.751667123914037802e+04
5.746270873342478444e+04
5.736391403749428719e+04
5.761772900472488982e+04
5.726945038866026880e+04
5.727198658741045801e+04
5.737913122999542975e+04
5.754047248894985387e+04
5.737300533455266122e+04
5.757574516079865862e+04
5.736418716659046186e+04
5.729820698064319731e+04
5.748943636640755722e+04
5.740648315805517632e+04
5.726679713458313927e+04
5.727518609967992961e+04
5.721435634811766795e+04
5.719890504496265930e+04
5.708922420362749835e+04
5.726250510592897626e+04
5.749099710409998806e+04
5.746899070263679459e+04
5.745127632982777141e+04
5.741233592440177017e+04
5.738736412132297119e+04
5.758198811156836018e+04
5.747663831732967810e+04
5.756489803383630351e+04
5.758983081847279391e+04
5.733968358481938776e+04
5.747804298125286005e+04
5.752123639689071570e+04
5.735357415028197283e+04
5.740277640603566397e+04
5.724760006096631696e+04
5.730113336381649424e+04
5.732665142508764256e+04
5.744655509830818482e+04
5.724681969212010154e+04
5.723413869836914819e+04
5.700482731290961965e+04
5.707213412589544168e+04
5.699425331504343922e+04
5.705075201950922201e+04
5.715138058222831751e+04
5.722091144642585277e+04
5.742224660874866822e+04
5.730671300106691342e+04
5.740297149824722146e+04
5.732719768327998463e+04
5.740859015393994923e+04
5.741397469897881092e+04
5.761359304983996117e+04
5.760606249047401070e+04
5.737257613168724492e+04
5.771742112482853554e+04
5.751085749123609276e+04
5.739044657826550974e+04
5.746922481329065340e+04
5.746161621704008576e+04
5.737070324645633082e+04
5.728837433318091644e+04
5.738447675659198285e+04
5.740578082609358535e+04
5.739216338972717494e+04
5.739942081999695074e+04
5.723093918609967659e+04
5.719071117207742645e+04
5.729664624295076646e+04
5.728443347050754528e+04
5.746723487273281353e+04
5.745560737692425027e+04
5.764999725651577319e+04
5.772865843621399108e+04
5.748253010211858054e+04
5.771632860844383686e+04
5.772756591982929240e+04
5.751717847889041150e+04
5.742400243865264201e+04
5.754016034141137061e+04
5.748572961438805214e+04
5.745748026215515711e+04
5.737838987959152291e+04
5.739918670934308466e+04
5.746146014327084413e+04
5.738833958238073683e+04
5.751948056698674191e+04
5.740215211095869745e+04
5.725793994817863131e+04
5.718723853071178019e+04
5.707506050906873861e+04
5.716495900015241932e+04
5.721478555098308425e+04
5.713573418686175864e+04
5.729918244170096295e+04
5.733792775491540669e+04
5.738752019509221282e+04
5.724919981710104912e+04
5.727686389269928623e+04
5.731026367931717687e+04
5.730273311995122640e+04
5.710307575064776756e+04
5.710990397805212706e+04
5.719921719250114256e+04
5.701606462429507519e+04
5.732985093735710689e+04
5.694434872732814983e+04
5.703112574302697612e+04
5.690973936899862747e+04
5.694704099984758068e+04
5.690076512726718647e+04
5.709398445358939352e+04
5.688734278311233356e+04
5.667516049382716301e+04
5.683232677945434989e+04
5.668019387288523285e+04
5.656348971193415491e+04
5.674336473098613351e+04
5.678015912208504596e+04
5.677762292333485675e+04
5.677785703398872283e+04
5.657324432251181133e+04
5.681160798658741260e+04
5.664640390184423450e+04
5.674976375552506943e+04
5.672167047706142330e+04
5.669061179698216438e+04
5.646387562871513364e+04
5.649407590306355996e+04
5.661725712543819827e+04
5.649774363664075645e+04
5.660445907636031188e+04
5.664355555555555475e+04
5.654183447645176057e+04
5.648209724127419759e+04
5.656247523243408068e+04
5.666841030330742069e+04
5.653723030025910703e+04
5.640187532388355612e+04
5.642220393232738570e+04
5.631568358481938776e+04
5.642754945892394608e+04
5.669783020880963159e+04
5.690934918457551976e+04
5.695160615759792563e+04
5.709730102118579816e+04
5.716335924401767988e+04
5.711642005791800329e+04
5.727026977594878554e+04
5.739520682822740491e+04
5.724295686633135483e+04
5.723804054260021076e+04
5.731467276329828019e+04
5.726145160798658617e+04
5.745135436671238858e+04
5.741471604938271776e+04
5.741225788751714572e+04
5.750609724127419759e+04
5.740901935680536553e+04
5.743863435451912665e+04
5.730245999085505173e+04
5.750613625971650617e+04
5.742946502057612815e+04
5.746376223136716726e+04
5.734842371589696995e+04
5.742411949397957505e+04
5.731443865264441411e+04
5.731443865264441411e+04
5.263101600365797640e+04
5.301292851699436142e+04
5.420935101356500672e+04
5.542543880506020651e+04
5.653332845602804446e+04
5.809484651729919278e+04
5.925287486663618620e+04
6.017741685718640656e+04
6.094912635269013845e+04
6.012075339125133178e+04
5.929588645023624122e+04
4.896256912056088913e+04
4.107102225270537747e+04
3.335911354976375878e+04
2.959760204237158905e+04
2.103479164761469292e+04
1.408548422496570674e+04
8.846327998780674534e+03
9.318012802926383301e+03
6.493044352994970723e+03
3.246606767261088407e+03
2.195623532998018618e+03
2.217396738302088124e+03
2.122974089315653146e+03
2.014741045572321354e+03
2.401562719097698391e+03
2.414670934308794585e+03
2.879410455723213090e+03
2.577451303155006826e+03
2.890257430269775796e+03
5.931342021033378842e+03
8.626537722908093201e+03
1.077774607529340028e+04
1.652475887821978176e+04
1.674614555707971522e+04
1.961411095869532073e+04
2.223216689529035284e+04
2.741907834171620198e+04
3.326605532693186979e+04
4.057062094192958466e+04
4.158465477823502442e+04
4.993786480719402607e+04
5.660913122999542975e+04
5.408612162780063954e+04
6.067837463801250124e+04
6.095914631915866630e+04
6.239429492455418222e+04
6.250229599146471446e+04
6.246354961133973120e+04
6.214949596098155598e+04
6.199545343697607314e+04
6.237540527358634426e+04
6.229260676726108795e+04
6.202681298582533054e+04
6.175118670934308466e+04
6.178017741197987925e+04
6.152804023776863323e+04
6.159952202408169251e+04
6.142834811766498751e+04
6.125132144490168866e+04
6.110414388050601701e+04
6.103414479500076413e+04
6.073487334247828403e+04
6.088310440481633850e+04
6.071021368693796830e+04
6.067217070568510826e+04
6.070120042676421144e+04
6.065195915256820444e+04
6.040029019966468331e+04
6.027847462277091836e+04
6.059288523090992385e+04
6.022525346745923162e+04
6.008322633744856284e+04
6.013703276939490752e+04
6.002399634202103334e+04
5.999992196311537555e+04
5.991813930803231051e+04
6.004253010211858054e+04
5.996343971955494635e+04
5.996301051668953005e+04
5.995372412741959852e+04
5.985816796220088145e+04
5.973607925621094182e+04
5.978773967383021227e+04
5.969315896966926084e+04
5.974259533607681806e+04
5.944882548392013268e+04
5.937371498247218551e+04
5.939919402530101797e+04
5.935838073464410991e+04
5.931034903215973463e+04
5.927831489102271007e+04
5.923679926840420376e+04
5.931873799725651770e+04
5.907534095412284660e+04
5.894962353299801907e+04
5.909918122237463831e+04
5.900460051821368688e+04
5.913675598231976619e+04
5.908318366102728032e+04
5.896074378905654885e+04
5.906262094192958466e+04
5.916992165828379802e+04
5.888918396585886512e+04
5.875480445054107258e+04
5.890955159274501057e+04
5.878828227404358768e+04
5.871231336686480790e+04
5.880041700960219168e+04
5.877868373723518016e+04
5.860388111568358727e+04
5.867532388355433795e+04
5.862190763603109372e+04
5.858495717116293235e+04
5.845834232586495636e+04
5.852990214906264009e+04
5.814912117055326962e+04
5.821311141594269429e+04
5.815454473403444717e+04
5.817701935680536553e+04
5.834417436366407492e+04
5.827647736625514517e+04
5.830211248285322654e+04
5.819680170705685305e+04
5.825993354671543784e+04
5.802832007315957890e+04
5.804974119798811444e+04
5.803331443377534015e+04
5.785039597622313886e+04
5.799226703246456600e+04
5.797182136869379610e+04
5.785749733272367303e+04
5.803678707514098642e+04
5.794224538942234358e+04
5.786081390032007039e+04
5.788839993903368304e+04
5.792507727480566973e+04
5.784680627953055955e+04
5.785008382868464832e+04
5.789659381191891589e+04
5.752966438042981463e+04
5.777750952598689037e+04
5.779456058527663117e+04
5.751269135802469100e+04
5.752580155464106065e+04
5.756809754610577511e+04
5.768257765584514709e+04
5.766825788751714572e+04
5.743562993446121254e+04
5.739095381801554322e+04
5.719262307575064915e+04
5.745006675811613968e+04
5.744511141594269429e+04
5.738716902911141369e+04
5.725505258344764297e+04
5.719160859625057492e+04
5.715953543667124177e+04
5.711548361530254624e+04
5.717529888736473367e+04
5.716788538332570897e+04
5.704384575522023806e+04
5.702648254839201400e+04
5.687751013565005269e+04
5.670485352842554130e+04
5.663930254534370033e+04
5.679268404206675768e+04
5.649391982929431833e+04
5.656875720164609083e+04
5.670161499771376111e+04
5.680013656454808370e+04
5.684239353757048957e+04
5.711220606614845019e+04
5.733098247218412143e+04
5.717334796524920239e+04
5.728271665904588008e+04
5.741042402072854748e+04
5.739739186099680228e+04
5.744581374790428526e+04
5.749267489711934468e+04
5.758866026520347805e+04
5.758862124676116218e+04
5.743957079713458370e+04
5.771043682365492714e+04
5.752439689071787870e+04
5.753840451150738954e+04
5.759981953970431641e+04
5.753852156683432258e+04
5.751460326169791369e+04
5.747449230300258932e+04
5.744628196921201015e+04
5.758546075293400645e+04
5.760032677945434989e+04
5.766509739368998271e+04
5.765311873190062761e+04
5.770793964334705379e+04
5.756833165675964119e+04
5.770091632373113680e+04
5.776080963267794868e+04
5.764730498399634234e+04
5.772978997104099835e+04
5.772584910836762720e+04
5.769518061271147599e+04
5.762736655997561320e+04
5.797560615759792563e+04
5.767535924401767988e+04
5.767009175430574396e+04
5.777895320835238817e+04
5.764192043895747338e+04
5.768374820911446295e+04
5.770200884011583548e+04
5.765015333028501482e+04
5.761285169943606161e+04
5.755416796220088145e+04
5.756403962810547091e+04
5.760348727328151290e+04
5.761168114616674575e+04
5.754851028806584509e+04
5.755459716506629775e+04
5.765869836915104679e+04
5.760395549458923779e+04
5.754527175735406490e+04
5.771890382563633466e+04
5.780127175735406490e+04
5.764192043895747338e+04
5.762588385916780680e+04
5.757675964029873285e+04
5.767368145099832327e+04
5.765120682822740491e+04
5.764609541228471062e+04
5.745389056546258507e+04
5.761371010516689421e+04
5.752580155464106065e+04
5.740223014784331463e+04
5.735127206218564243e+04
5.746895168419448601e+04
5.715937936290200014e+04
5.721174211248285428e+04
5.713007651272671501e+04
5.692979484834628965e+04
5.693841792409693880e+04
5.680407742722146213e+04
5.664936930345984001e+04
5.674890534979423683e+04
5.659166102728242549e+04
5.678121262002743606e+04
5.690712513336381380e+04
5.668464197530864476e+04
5.653032403597012308e+04
5.673520987654320925e+04
5.678093949093126139e+04
5.652669532083523518e+04
5.654952110958695266e+04
5.644795610425240011e+04
5.645732053040694882e+04
5.629293583295229473e+04
5.666064563328761142e+04
5.624221185794848134e+04
5.631935131839658425e+04
5.617037890565462294e+04
5.614365127267185017e+04
5.615898552049992577e+04
5.604466148452979542e+04
5.605714738606919855e+04
5.596810730071635771e+04
5.606487303764669923e+04
5.594750556317634619e+04
5.598469013869836635e+04
5.627900624904740107e+04
5.628396159122085373e+04
5.627572869989331230e+04
5.637971284865112102e+04
5.645763267794543208e+04
5.647292790733119909e+04
5.660902423411065683e+04
5.654304404816339229e+04
5.661924706599603815e+04
5.666318183203780063e+04
5.657956531016613008e+04
5.673017649748513941e+04
5.673950190519737953e+04
5.672580643194635195e+04
5.680813534522176633e+04
5.692819509221155022e+04
5.687505197378448065e+04
5.702336107300716685e+04
5.682717634506934701e+04
5.703592501143118716e+04
5.691442158207590546e+04
5.691087090382563474e+04
5.663980978509373381e+04
5.670122481329065340e+04
5.675764548087181902e+04
5.677621825941167481e+04
5.673165919829294580e+04
5.680337509525987116e+04
5.686642889803383878e+04
5.675569455875628773e+04
5.689990672153635387e+04
5.667851607986587624e+04
5.684668556622465985e+04
5.658584727937814023e+04
5.677063862216125563e+04
5.671382777015698957e+04
5.667590184423106257e+04
5.684071574455113296e+04
5.677368206066148559e+04
5.664027800640146597e+04
5.660258619112939778e+04
5.671203292181069992e+04
5.658459868922420719e+04
5.647444962658131408e+04
5.646543636640755722e+04
5.633710470964791602e+04
5.639910501447950082e+04
5.624716720012193400e+04
5.643090504496265930e+04
5.649700228623685689e+04
5.656731351928060030e+04
5.656032921810699918e+04
5.642793964334705379e+04
5.641802895900015574e+04
5.647721993598536937e+04
5.662303185490016767e+04
5.651916476146928471e+04
5.645732053040694882e+04
5.639976832799878321e+04
5.631256210943454062e+04
5.635185368084133370e+04
5.640839140374942508e+04
5.626562292333485675e+04
5.627385581466239819e+04
5.615075262917238433e+04
5.641888736473098834e+04
5.608293857643652154e+04
5.634268434689833521e+04
5.627920134125895129e+04
5.608032434080170788e+04
5.601539765279682615e+04
5.606260996799268469e+04
5.591882700807803485e+04
5.604415424477976194e+04
5.614735802469135524e+04
5.593845328456028074e+04
5.609624386526444141e+04
5.603802834933699341e+04
5.597727663465934893e+04
5.611817222984301043e+04
5.613358451455571048e+04
5.617201768023167097e+04
5.615098673982624314e+04
5.603443865264441411e+04
5.592194848346288927e+04
5.603951105014479253e+04
5.596358116140832135e+04
5.598679713458313927e+04
5.609600975461057533e+04
5.596373723517756298e+04
5.582966986739826098e+04
5.584851577503429144e+04
5.605254320987654501e+04
5.581620850480109948e+04
5.568733058984910895e+04
5.586985886297820252e+04
5.564725864959610044e+04
5.583677122389879514e+04
5.628462490474012884e+04
5.643757719859777717e+04
5.667629202865417028e+04
5.688035848193873244e+04
5.690950525834476139e+04
5.696982777015698957e+04
5.687017466849565972e+04
5.705363938424021035e+04
5.718442920286541630e+04
5.710299771376314311e+04
5.699464349946654693e+04
5.703077457704618428e+04
5.700166681908245664e+04
5.736227526291723916e+04
5.708547843316567742e+04
5.705391251333638502e+04
5.729227617741197901e+04
5.710920164609053609e+04
5.726687517146776372e+04
5.740948757811309042e+04
5.733562566681908356e+04
5.719539338515470445e+04
5.720557719859777717e+04
5.720151928059747297e+04
5.716094010059442371e+04
5.718770675201951235e+04
5.733094345374180557e+04
5.733094345374180557e+04
5.299501905197378801e+04
5.389513549763755873e+04
5.477028014022253046e+04
5.590275140984605969e+04
5.727940009144947544e+04
5.850824691358024575e+04
5.954914189910074492e+04
6.068227800640146597e+04
6.037717131534827058e+04
5.805374942844078760e+04
5.293590717878372379e+04
4.698491266575217014e+04
3.732480749885688419e+04
3.226103703703703650e+04
2.575957597927145252e+04
1.351472961438805032e+04
7.000667733577198305e+03
4.318856271909769930e+03
2.644408169486358929e+03
2.113689529035208125e+03
2.205383020880963159e+03
2.363566377076665049e+03
2.129964487120865670e+03
2.312220698064319549e+03
2.127195244627343527e+03
2.109712238987959154e+03
2.109051668952903583e+03
1.898351928059747024e+03
1.804395671391556107e+03
2.032376162170400903e+03
2.064835086114921523e+03
2.006073921658283780e+03
2.132918762383782905e+03
3.079684194482548264e+03
4.534111111111111313e+03
6.830933546715439661e+03
8.039431793933851623e+03
1.343973159579332423e+04
1.246658771528730358e+04
1.944133683889651002e+04
2.344121079103795273e+04
3.045400259106843441e+04
3.764580765127266932e+04
5.386033028501753142e+04
5.006085139460448408e+04
5.561144779759182711e+04
5.850309724127419759e+04
5.989919158664837596e+04
6.172319524462734262e+04
6.235251272671848710e+04
6.160699725651577319e+04
6.240818701417466946e+04
6.262332998018594662e+04
6.248652827312909358e+04
6.239623959762231243e+04
6.225128608443834673e+04
6.210106508154244511e+04
6.206372443225118332e+04
6.190152476756591932e+04
6.198728730376467138e+04
6.170908581008992769e+04
6.151286206370979926e+04
6.146124066453284468e+04
6.143123548239597585e+04
6.130504983996342344e+04
6.115549215058680420e+04
6.114749336991312157e+04
6.078442676421277429e+04
6.063323030025910703e+04
6.073428806584361882e+04
6.074622770919067261e+04
6.077876909007773065e+04
6.079925377229080914e+04
6.062211004420057725e+04
6.064388233500990464e+04
6.072211431184270623e+04
6.073210303307422873e+04
6.062090047248895280e+04
6.042967108672458562e+04
6.041453193110806023e+04
6.021768388965096528e+04
6.032338484987044649e+04
6.009813138241121487e+04
6.008552842554488598e+04
6.001197866178936238e+04
6.003636518823350343e+04
5.984111690291114064e+04
5.981290656912056147e+04
5.984193629019966465e+04
5.971180978509373381e+04
5.977435634811766795e+04
5.978844200579180324e+04
5.973385520499923587e+04
5.965593537570492481e+04
5.952073647309861553e+04
5.974497546105776564e+04
5.955897454656302580e+04
5.945409297363206861e+04
5.945830696540161443e+04
5.958503886602652346e+04
5.947040268251790985e+04
5.947637250419143675e+04
5.931354854442920623e+04
5.935670294162475329e+04
5.908314464258497173e+04
5.909594269166285812e+04
5.913051303155007190e+04
5.925088492607833905e+04
5.910838957475994539e+04
5.900557597927145252e+04
5.909972748056698765e+04
5.915856729157140944e+04
5.896152415790275700e+04
5.893054351470812253e+04
5.892133516232281545e+04
5.886706050906873861e+04
5.880502118579484522e+04
5.864126078341716493e+04
5.872714037494284275e+04
5.890022618503277045e+04
5.907779911598841863e+04
5.898087730528882821e+04
5.891692607834171940e+04
5.899886480719402607e+04
5.902980643194635195e+04
5.876654900167657615e+04
5.885945191281817097e+04
5.903366925773509865e+04
5.894794573997866246e+04
5.900382014936747146e+04
5.920016095107453293e+04
5.907869654016155982e+04
5.913796555403139791e+04
5.897916049382716301e+04
5.915513366864807176e+04
5.893190916018899588e+04
5.888653071178174287e+04
5.882339887212315080e+04
5.870251973784484289e+04
5.866802743484224629e+04
5.862795549458923779e+04
5.871738576436518633e+04
5.846548270080780640e+04
5.851921109586953389e+04
5.863708581008992769e+04
5.844753421734491712e+04
5.831260844383478252e+04
5.837843255601280543e+04
5.841499283645785908e+04
5.825829477213839709e+04
5.825548544429202593e+04
5.813499649443682574e+04
5.827058558146624273e+04
5.826005060204237088e+04
5.835611400701112871e+04
5.823570309404054569e+04
5.808755006858710840e+04
5.798941868617588625e+04
5.810659106843468908e+04
5.809363694558756106e+04
5.793814845297973079e+04
5.806659716506629775e+04
5.793483188538332615e+04
5.793565127267185017e+04
5.784696235329980118e+04
5.785425880201188556e+04
5.798348788294467522e+04
5.811174150281969196e+04
5.839887821978356806e+04
5.844476390794086183e+04
5.834038957475994539e+04
5.848425057155921240e+04
5.841085688157293043e+04
5.848904983996342344e+04
5.857399298887364421e+04
5.857801188843163982e+04
5.863544703551287967e+04
5.854476817558299081e+04
5.865222496570644580e+04
5.871875140984605969e+04
5.848042676421277429e+04
5.865788263984148944e+04
5.880907910379515670e+04
5.855780033531473600e+04
5.862908702941624506e+04
5.868621002895900165e+04
5.875242432556012500e+04
5.863505685108977195e+04
5.862577046181984770e+04
5.853501356500533439e+04
5.859459472641365574e+04
5.854984057308336924e+04
5.844043286084438296e+04
5.832084133516232396e+04
5.852100594421582355e+04
5.842728364578570472e+04
5.834671056241426413e+04
5.842197713763146021e+04
5.841261271147691150e+04
5.838018838591677923e+04
5.831545679012345499e+04
5.840441883859167865e+04
5.820897546105776564e+04
5.834300381039475906e+04
5.841066178936138022e+04
5.842864929126657808e+04
5.818138942234415299e+04
5.822204663923182670e+04
5.807763938424021035e+04
5.806581679622008960e+04
5.804782929431489174e+04
5.807728821825941122e+04
5.792714525224813406e+04
5.796694406340496789e+04
5.777302240512116987e+04
5.781816674287456408e+04
5.799515439719554706e+04
5.793853863740283850e+04
5.823184026825179171e+04
5.808844749276024959e+04
5.822700198140527209e+04
5.821775461057765642e+04
5.817479530559365958e+04
5.820768785246151674e+04
5.810241609510745184e+04
5.838537783874409070e+04
5.815645663770766987e+04
5.804786831275720033e+04
5.818490108215210785e+04
5.828353970431336347e+04
5.831424721841183054e+04
5.840832068282274122e+04
5.829040695016003883e+04
5.808310196616369649e+04
5.805391617131535168e+04
5.819847950007620966e+04
5.791879530559365958e+04
5.773509647919524286e+04
5.785207376924249547e+04
5.786787623837829597e+04
5.778008474317939545e+04
5.798477549154092412e+04
5.785558542905045033e+04
5.787829416247523477e+04
5.795925743026977580e+04
5.772058161865569127e+04
5.775842950769699382e+04
5.776143392775491520e+04
5.779444352994970541e+04
5.774652888279225590e+04
5.774449992379210744e+04
5.772120591373266507e+04
5.775569821673525439e+04
5.771812345679012651e+04
5.778207468373723532e+04
5.771972321292485867e+04
5.776381405273586279e+04
5.781211888431641273e+04
5.776194116750495596e+04
5.777739247065995733e+04
5.768562109434537706e+04
5.769802895900015574e+04
5.753848254839201400e+04
5.740539064167047763e+04
5.762053833257125370e+04
5.785328334095411992e+04
5.791469836915104679e+04
5.785788751714677346e+04
5.790513885078494059e+04
5.804396646852613776e+04
5.814073220545648655e+04
5.813476238378295966e+04
5.822243682365492714e+04
5.827362901996646542e+04
5.826188446883096913e+04
5.821993964334705379e+04
5.812524188385916932e+04
5.836957536960829020e+04
5.816223136716963927e+04
5.788816582837981696e+04
5.797037768632830557e+04
5.812134003962810675e+04
5.799831489102271007e+04
5.811166346593506751e+04
5.799316445663770719e+04
5.821837890565462294e+04
5.801727785398567357e+04
5.809184209724127140e+04
5.795512147538484714e+04
5.806257826550830941e+04
5.802558878219783219e+04
5.822610455723213090e+04
5.808575522024081874e+04
5.810108946806889435e+04
5.798824813290657039e+04
5.810315744551135140e+04
5.812887059899405722e+04
5.789831062338058109e+04
5.812645145557079377e+04
5.816106081390032341e+04
5.808903276939490752e+04
5.809882639841487253e+04
5.809570492303002538e+04
5.821720835238530708e+04
5.835447523243408068e+04
5.805910562414266315e+04
5.808899375095259893e+04
5.792293126047858823e+04
5.812543697607071954e+04
5.794973693034598546e+04
5.780611004420057725e+04
5.796951928059747297e+04
5.795141472336534207e+04
5.785800457247370650e+04
5.781886907483615505e+04
5.771632860844383686e+04
5.794325986892241781e+04
5.772768297515622544e+04
5.794606919676878169e+04
5.791286450236244127e+04
5.789873982624599739e+04
5.780743667123914202e+04
5.784848407254991616e+04
5.783412528577960620e+04
5.770247706142356037e+04
5.769709251638469868e+04
5.776408718183203746e+04
5.775257674135040725e+04
5.772834628867550782e+04
5.791520560890108027e+04
5.775382533150434028e+04
5.781418686175887706e+04
5.789218472793781257e+04
5.781336747447035305e+04
5.771000762078951084e+04
5.774172961438805214e+04
5.771976223136716726e+04
5.758374394147233397e+04
5.760809144947416644e+04
5.781293827160493674e+04
5.784497241274196131e+04
5.772136198750190670e+04
5.785722420362749835e+04
5.767379850632525631e+04
5.784325560128029610e+04
5.784930345983844018e+04
5.758093461362597009e+04
5.783365706447188131e+04
5.761175918305136292e+04
5.766509739368998271e+04
5.784446517299192055e+04
5.775390336838896474e+04
5.762213808870599314e+04
5.759517634506934701e+04
5.763236092059137445e+04
5.777559762231367495e+04
5.758838713610730338e+04
5.771219265355890821e+04
5.770938332571254432e+04
5.772959487882944813e+04
5.762697637555250549e+04
5.761928974241731339e+04
5.766166377076665231e+04
5.791774180765126948e+04
5.799523243408017152e+04
5.841830940405425645e+04
5.841975308641975425e+04
5.852806828227404185e+04
5.839240115836000768e+04
5.846891632373113680e+04
5.865593171772595815e+04
5.869612071330589970e+04
5.858125041914342000e+04
5.856841335162322503e+04
5.850719341563786293e+04
5.848175339125133178e+04
5.848202652034750645e+04
5.852455662246608699e+04
5.843173174820911663e+04
5.853739368998628197e+04
5.833118122237463831e+04
5.843208291418990848e+04
5.845178722755677154e+04
5.836723426306965121e+04
5.860949977137631504e+04
5.830078585581466177e+04
5.815758817253467714e+04
5.820195214144185593e+04
5.835798689224203554e+04
5.834542295381801523e+04
5.842981984453589394e+04
5.839536655997561320e+04
5.218725925925926276e+04
5.257303459838439449e+04
5.330424020728547475e+04
5.468927785398567357e+04
5.561370278920896089e+04
5.697345648529187747e+04
5.823714677640603622e+04
5.970076756591982848e+04
6.042147858558146982e+04
6.105888523090992385e+04
6.005106873952141177e+04
5.686320240816948353e+04
5.292580064014632080e+04
4.640077777777778101e+04
3.958342981252857862e+04
3.751189681450998614e+04
3.439808169486359111e+04
3.097442539247066088e+04
2.649888629782045246e+04
1.825145374180765066e+04
1.454659594573997856e+04
1.102726596555403194e+04
9.687161255906112274e+03
7.319401768023167278e+03
8.799932784636488577e+03
7.198602194787379631e+03
7.271485291876238080e+03
6.667762383782959660e+03
1.171967230605090663e+04
1.461670751409845980e+04
1.527708199969516863e+04
1.776310364273738742e+04
2.314014997713763296e+04
2.861341396128639099e+04
3.157837829599146426e+04
3.493301478433165903e+04
4.446354961133973120e+04
4.436167291571406531e+04
4.689420317024843825e+04
5.021961332114006655e+04
5.279794955037342152e+04
5.881414509983234166e+04
6.000488904130467563e+04
6.228333333333333576e+04
6.212999283645785908e+04
6.252110425240054610e+04
6.254408199969516863e+04
6.259160631001371803e+04
6.231094802621551935e+04
6.237489650967840134e+04
6.215061850327694265e+04
6.194760554793476331e+04
6.195466788599298889e+04
6.177124356043286389e+04
6.144707696997409221e+04
6.136751836610272585e+04
6.113032525529644772e+04
6.119884163999390148e+04
6.106176985215668537e+04
6.082785429050449602e+04
6.050439140374942508e+04
6.049959213534522132e+04
6.030485108977289929e+04
6.015607376924249547e+04
6.013250663008687843e+04
5.996488340192043688e+04
5.987498491083676345e+04
5.969409541228471062e+04
5.958765310166132986e+04
5.953189574759945390e+04
6.003878433165675960e+04
5.960958146623989887e+04
5.948386404511507135e+04
5.944211431184270623e+04
5.939872580399329308e+04
5.921432464563328540e+04
5.924795854290504212e+04
5.890592287761012267e+04
5.907697972869989462e+04
5.875250236244474945e+04
5.870497789971040766e+04
5.857543667123914202e+04
5.825458802011888474e+04
5.827124889498551784e+04
5.832049016918152483e+04
5.818958329522938584e+04
5.819886968449931737e+04
5.814416582837981696e+04
5.806277335771985963e+04
5.790818228928517055e+04
5.771746014327084413e+04
5.776404816338972887e+04
5.771277793019356614e+04
5.763544337753391301e+04
5.778546928821825713e+04
5.759412284712696419e+04
5.760282395976223052e+04
5.744952049992379034e+04
5.746703978052126331e+04
5.735646151501295390e+04
5.740281542447797256e+04
5.737413686937966850e+04
5.721942874561804638e+04
5.710014936747447064e+04
5.734463892699283315e+04
5.707931351928060030e+04
5.714864929126657808e+04
5.700154976375552360e+04
5.695562505715592124e+04
5.688031946349641657e+04
5.681363694558756106e+04
5.671932937052278430e+04
5.651339003200731531e+04
5.663220118884316616e+04
5.656212406645328156e+04
5.648014631915866630e+04
5.648884743179393263e+04
5.674313062033226743e+04
5.675791860996799369e+04
5.659583600060966273e+04
5.679900502972107643e+04
5.659244139612864092e+04
5.658955403139765258e+04
5.667789178478890244e+04
5.663899039780520980e+04
5.666423532998018345e+04
5.658323304374333384e+04
5.664936930345984001e+04
5.653141655235482176e+04
5.663165493065081682e+04
5.654889681450998614e+04
5.646609967992683960e+04
5.658253071178174287e+04
5.658241365645480982e+04
5.650355738454504171e+04
5.647101600365797640e+04
5.636055479347660730e+04
5.638782868465172942e+04
5.658436457857034111e+04
5.628489803383630351e+04
5.626765188233501249e+04
5.626831519585428759e+04
5.631782959914646926e+04
5.650219173906416836e+04
5.660781466239902511e+04
5.650457186404511594e+04
5.648357994208199671e+04
5.654959914647157711e+04
5.660839993903368304e+04
5.640066575217192440e+04
5.653590367322054226e+04
5.627389483310470678e+04
5.626343789056545938e+04
5.633082274043590587e+04
5.628649778997104295e+04
5.631291327541533246e+04
5.624069013869836635e+04
5.616046822130772489e+04
5.609784362139917357e+04
5.620268617588782217e+04
5.624673799725651770e+04
5.619835512879134330e+04
5.604079865874104871e+04
5.600814022252705035e+04
5.610369638774576742e+04
5.622917969821673614e+04
5.626566194177716534e+04
5.640519189147996076e+04
5.668717817405883397e+04
5.690693004115226358e+04
5.656216308489559742e+04
5.673513183965859207e+04
5.680224356043286389e+04
5.690010181374790409e+04
5.708188873647309811e+04
5.720144124371284852e+04
5.698434263069654116e+04
5.705281999695168633e+04
5.692534674592287774e+04
5.696136076817558205e+04
5.674129675354366918e+04
5.698297698521566781e+04
5.678589483310470678e+04
5.673825331504343922e+04
5.694813351623227936e+04
5.674258436213991808e+04
5.681223228166437912e+04
5.659376802316719841e+04
5.652349580856577086e+04
5.651479469593049726e+04
5.649454412437128485e+04
5.658588629782045609e+04
5.674508154244779871e+04
5.659478250266727991e+04
5.654870172229842865e+04
5.673263465935071144e+04
5.656169486358786526e+04
5.655607620789513749e+04
5.635435086114921432e+04
5.623842706904435181e+04
5.638509739368998271e+04
5.607388629782045609e+04
5.615403017832647311e+04
5.623647614692882053e+04
5.609460509068739339e+04
5.610252583447645156e+04
5.616245816186557204e+04
5.618602530102118908e+04
5.610603749428440642e+04
5.622972595640908548e+04
5.613311629324797832e+04
5.622816521871666191e+04
5.600642341106538515e+04
5.606600457247370650e+04
5.602690809327846364e+04
5.623339368998628197e+04
5.628376649900929624e+04
5.641997988111568702e+04
5.628950221002895705e+04
5.636472976680383726e+04
5.653812772443224821e+04
5.652521262002743606e+04
5.637210425240054610e+04
5.657866788599298889e+04
5.655119890260630928e+04
5.639149641822892590e+04
5.645755464106081490e+04
5.658452065233958274e+04
5.642821277244322846e+04
5.638837494284407876e+04
5.632758420972412569e+04
5.636933394299649080e+04
5.625633653406493249e+04
5.640804023776863323e+04
5.624193872885230667e+04
5.630452431031854940e+04
5.636539308032311965e+04
5.626671543971955543e+04
5.628072306050906627e+04
5.639344734034445719e+04
5.648584301173601852e+04
5.621220667581161251e+04
5.631759548849261046e+04
5.666126992836457794e+04
5.643285596707819059e+04
5.638981862520956929e+04
5.626905654625819443e+04
5.630023228166437912e+04
5.615855631763450947e+04
5.613370156988263625e+04
5.614349519890260854e+04
5.610568632830361457e+04
5.620042310623380763e+04
5.615317177259564050e+04
5.615594208199969580e+04
5.613701813747904089e+04
5.622020545648529514e+04
5.612234720317024767e+04
5.615750281969211937e+04
5.625672671848803293e+04
5.598277823502515093e+04
5.604481755829903705e+04
5.595839170858100988e+04
5.600548696844992810e+04
5.602663496418228897e+04
5.617010577655844827e+04
5.648276055479347997e+04
5.636117908855357382e+04
5.636316902911141369e+04
5.630354884926078375e+04
5.644424935223288776e+04
5.652294955037342152e+04
5.651241457094954967e+04
5.657546837372351729e+04
5.645310653863740299e+04
5.647308398110044072e+04
5.643582136869379610e+04
5.651221947873799945e+04
5.655123792104861786e+04
5.644104983996342344e+04
5.663512757201646309e+04
5.649360768175582780e+04
5.633328090230147791e+04
5.631139155616521748e+04
5.639496905959457217e+04
5.619418015546410606e+04
5.607490077732053032e+04
5.611743087943911087e+04
5.611579210486206284e+04
5.613678402682518208e+04
5.616468221307727799e+04
5.611079774424630159e+04
5.624228989483310579e+04
5.610673982624599739e+04
5.607404237158969772e+04
5.602382563633592508e+04
5.609097637555250549e+04
5.607501783264746336e+04
5.596412741960067069e+04
5.606218076512726839e+04
5.621396250571559358e+04
5.615773693034598546e+04
5.594052126200274506e+04
5.593853132144490519e+04
5.591313031550068263e+04
5.588999237921048916e+04
5.581538911751257547e+04
5.593025941167504789e+04
5.585023258649596391e+04
5.571710166133211169e+04
5.574866758116141136e+04
5.568175095259868976e+04
5.569587562871513364e+04
5.575736869379667769e+04
5.591184270690443373e+04
5.586049443682365381e+04
5.561721444901691575e+04
5.584453589391861169e+04
5.581304801097393647e+04
5.578737387593354651e+04
5.567699070263679459e+04
5.576872306050906627e+04
5.577902392927907204e+04
5.593384910836762720e+04
5.576333851547020458e+04
5.582182716049382725e+04
5.583099649443682574e+04
5.582924066453284468e+04
5.586400609663160867e+04
5.579654320987654501e+04
5.583801981405273546e+04
5.586299161713153444e+04
5.590883828684651962e+04
5.580848285322359152e+04
5.571624325560127909e+04
5.570879073311995307e+04
5.568943758573388186e+04
5.595601158360006229e+04
5.590755067825026345e+04
5.582483158055174863e+04
5.594173083371436951e+04
5.581008260935833096e+04
5.591976345069349190e+04
5.599627861606462102e+04
5.594617893613778142e+04
5.589892760249962157e+04
5.588792440176802484e+04
5.560601615607376880e+04
5.553640725499161636e+04
5.575857826550830941e+04
5.580060112787684920e+04
5.567628837067520362e+04
5.567304983996342344e+04
