0.000000000000000000e+00
1.473187109374999579e+02
1.516443750000000819e+02
1.449350000000000023e+02
1.317405859375000432e+02
1.256100000000000989e+02
1.402546484374999523e+02
1.372618749999999750e+02
1.404855859374999625e+02
1.434693750000000989e+02
1.353052734375000057e+02
1.332702734375000375e+02
1.383899999999999295e+02
1.276618749999999238e+02
1.386218359374999807e+02
1.316880859375000057e+02
1.478873437500000421e+02
1.324933984375000762e+02
1.413048437499999750e+02
1.294373437500000534e+02
1.237435937500000307e+02
1.221558984375000421e+02
1.292110937499999750e+02
1.186858984374999153e+02
1.303460937499999943e+02
1.243433984375000989e+02
1.269483984374999181e+02
1.299402734375000250e+02
1.380149999999999295e+02
1.246074609375000648e+02
1.315683984375000932e+02
1.199860937499999665e+02
1.271048437499999864e+02
1.256568750000000421e+02
1.217999999999999972e+02
1.235968749999999972e+02
1.167074609374999881e+02
1.220840234375000790e+02
1.144355859374999937e+02
1.186905859375000034e+02
1.230762109375000364e+02
1.203125000000000000e+02
1.292360937499999523e+02
1.208952734374999807e+02
1.242985937499999665e+02
1.252958984375000000e+02
1.164387109375000335e+02
1.160921484374999864e+02
1.238310937500000080e+02
1.234149999999999636e+02
1.260173437500000517e+02
1.277449609374999966e+02
1.271318750000000648e+02
1.271749999999999972e+02
1.431693750000000307e+02
1.411860937499998840e+02
1.284068750000001558e+02
1.240358984375000517e+02
1.346927734374999943e+02
1.227774999999999608e+02
1.200750000000000028e+02
1.282375000000000114e+02
1.118215234374999909e+02
1.207265234374999920e+02
1.184124999999999943e+02
1.123780859374999608e+02
1.172090234375000648e+02
1.262398437500000057e+02
1.213887109374999937e+02
1.200368749999999380e+02
1.152225000000000392e+02
1.149974609374999943e+02
1.160225000000000364e+02
1.174400000000000119e+02
1.205923437499999835e+02
1.190343359374999466e+02
1.223525000000000063e+02
1.260465234375000421e+02
1.212980859374999909e+02
1.157202734374999125e+02
1.050493749999999693e+02
1.056405859375000347e+02
1.064648437500000000e+02
1.020843359374999721e+02
1.028248437500000421e+02
1.031548437500000119e+02
1.120060937500000620e+02
1.033993749999999636e+02
1.141412109375000057e+02
1.049835937499999972e+02
1.061193750000000762e+02
1.031449609375000165e+02
1.077368750000000119e+02
1.035802734374999972e+02
1.267060937500000648e+02
1.118043359375000847e+02
1.114402734375000108e+02
1.095871484374999909e+02
1.084099999999999397e+02
1.182402734374999937e+02
1.060173437500000517e+02
1.083249609375000375e+02
1.094858984375000261e+02
1.065077734375000063e+02
1.000746484375000733e+02
1.065265234374999892e+02
1.069850000000000136e+02
1.061746484374999682e+02
1.068498437500000620e+02
1.088858984374999892e+02
1.055868749999999352e+02
1.111355859375000534e+02
1.031399999999999864e+02
9.961109374999999488e+01
1.002600000000000477e+02
1.005308984375000563e+02
1.106335937500000028e+02
1.081610937499999920e+02
9.833437499999999432e+01
1.037274999999999636e+02
1.033998437500000307e+02
1.056912109375000028e+02
9.365746093750007617e+01
9.689437500000005343e+01
1.031818750000000620e+02
9.818089843750001933e+01
1.004273437500000057e+02
1.046193749999999909e+02
1.012543359374999881e+02
1.102777734375000165e+02
9.630464843750003467e+01
1.071890234375000261e+02
1.103868749999999181e+02
1.118048437499999892e+02
1.016183984375000193e+02
1.064733984374999807e+02
9.998808593750000284e+01
1.024421484374999665e+02
1.020718750000000057e+02
1.035735937499999864e+02
1.030899999999999892e+02
1.034275000000000091e+02
9.840234375000000000e+01
1.021512109374999966e+02
9.872089843749999716e+01
1.010243749999999352e+02
9.803109374999996817e+01
9.454746093750000568e+01
1.046749609375000034e+02
9.753187499999999943e+01
1.032343750000000000e+02
9.635621093749998067e+01
8.954609374999999716e+01
8.700609374999996248e+01
8.488246093750008470e+01
8.722808593749999773e+01
9.316714843750000341e+01
9.936937500000001933e+01
9.431558593750000341e+01
9.411777343750000568e+01
9.984234375000005457e+01
9.874496093749996817e+01
1.019375000000000000e+02
9.676558593749999204e+01
9.926621093750000568e+01
9.576000000000006196e+01
8.719000000000001194e+01
9.349496093749999659e+01
9.415933593750003183e+01
9.610527343750000284e+01
8.930621093750002615e+01
9.461558593750001478e+01
1.019524999999999579e+02
1.018875000000000028e+02
1.007077734374999665e+02
9.562933593750003070e+01
9.359859374999996362e+01
9.684234375000004036e+01
9.258750000000000568e+01
9.893589843749992951e+01
9.716714843750001762e+01
9.537750000000004036e+01
9.061402343749999488e+01
9.451089843749994657e+01
1.104375000000000000e+02
1.034943750000000335e+02
1.043937109375000318e+02
1.006937109374999437e+02
9.896484375000000000e+01
9.684683593749994657e+01
9.816996093750006480e+01
9.455621093750001194e+01
9.722437499999998067e+01
9.114234374999996646e+01
8.760839843750000000e+01
8.346234375000001648e+01
9.029234374999998636e+01
8.318109375000000227e+01
9.049859374999999773e+01
8.969750000000001933e+01
9.083871093750002501e+01
9.193433593749998067e+01
9.238589843749998920e+01
9.209214843750002899e+01
8.774437500000003354e+01
8.351152343750000284e+01
8.781558593749994657e+01
8.904937499999998352e+01
1.925173437499999523e+02
1.674149999999999352e+02
1.815387109375001273e+02
1.800048437500000205e+02
2.126396484375000000e+02
2.176899999999999977e+02
2.410730859374997124e+02
2.903600000000001273e+02
2.842901503348351184e+02
3.080227939599752176e+02
3.418111649698018937e+02
1.919922459831237120e+03
6.324176004180904783e+03
1.073455237066687187e+04
1.223987484374998712e+04
1.121950859375000073e+04
6.975470273437507785e+03
1.617735000000001492e+03
4.944900000000002365e+02
5.402868750000001228e+02
5.525810937499996953e+02
5.619468749999999773e+02
5.410465234374995589e+02
5.790243750000001910e+02
5.570527734374994679e+02
5.811646484374999773e+02
6.154773437500000455e+02
6.011900000000001683e+02
5.970662109375000455e+02
6.035296484375001000e+02
5.953968359375003274e+02
5.987148437500000000e+02
6.370858984375004184e+02
5.818235937500001000e+02
5.600390234375000773e+02
6.068427734375000000e+02
5.837496484375000136e+02
5.944360937499998272e+02
6.157240234375000227e+02
5.944012109375001955e+02
5.492110937499999181e+02
5.500999609374999864e+02
5.415218750000000227e+02
5.460900000000002592e+02
5.272577734374999636e+02
5.490943749999999000e+02
5.428210937500000455e+02
5.521043359375000819e+02
5.506630859375000000e+02
5.554923437499999181e+02
5.341568749999997863e+02
5.408015234375003502e+02
5.512171484375005548e+02
5.620583984375000455e+02
5.573490234375000227e+02
5.524298437500002592e+02
5.581646484374999773e+02
5.347360937500000091e+02
5.173235937500003274e+02
5.156749609375001455e+02
5.235148437499999545e+02
5.095650000000001683e+02
4.946225000000000591e+02
5.015443750000002865e+02
5.354493750000000318e+02
5.026968749999999773e+02
4.870110937500001569e+02
5.198608984375000546e+02
5.120724999999999909e+02
5.186818749999999909e+02
5.303400000000001455e+02
4.896875000000000000e+02
4.991808984375000477e+02
4.969360937500002251e+02
4.857058984374999682e+02
4.836618750000001228e+02
4.957068749999997408e+02
4.742935937499998431e+02
4.720435937500001273e+02
1.659118749999999807e+02
1.507952734374999011e+02
1.598371484374999056e+02
1.565735937499999295e+02
1.780685937500000193e+02
1.677475000000000023e+02
1.935118749999999750e+02
2.171965234374999341e+02
1.992340234375000136e+02
1.749921484374998784e+02
1.789818750000000023e+02
1.925173437499999238e+02
1.951025000000000205e+02
1.891516205781699114e+02
1.731123437500000648e+02
1.603371484374999909e+02
1.570498437499998943e+02
1.758548437500000148e+02
1.583110937499999977e+02
1.527577734375000205e+02
1.458918359375000762e+02
1.384318749999999341e+02
1.640735937499999864e+02
1.535108984375000603e+02
1.589043359374999227e+02
1.478310937499999227e+02
1.549412109374999886e+02
1.294693359375000057e+02
1.363765234374999977e+02
1.397068750000000250e+02
1.436015234375000205e+02
1.317958984375000000e+02
1.142355859375000193e+02
1.141496484374999483e+02
1.092796484375000148e+02
1.074483984374999466e+02
9.772109374999999432e+01
1.077443359374999972e+02
9.971109374999997499e+01
9.659359374999999659e+01
1.034480859374999966e+02
1.050996484374999227e+02
1.008746484374999852e+02
1.061943750000001074e+02
9.397734375000000284e+01
8.632250000000001933e+01
9.002250000000003638e+01
8.368496093749999432e+01
8.179687500000000000e+01
8.313687500000000341e+01
8.466000000000003922e+01
7.698089843749997385e+01
8.312964843750006594e+01
8.261089843749995509e+01
8.138089843750005059e+01
8.291234374999996248e+01
7.253746093750001478e+01
7.488359375000000284e+01
7.734277343750000000e+01
8.435484375000002899e+01
7.237308593749996533e+01
6.835609375000007049e+01
7.443999999999999773e+01
6.571859374999999659e+01
6.592499999999999716e+01
7.513500000000000512e+01
7.318734374999993975e+01
7.295249999999998636e+01
7.094859374999995794e+01
7.555937500000000284e+01
7.746246093749998352e+01
7.451558593750003467e+01
7.462152343750003070e+01
6.494859374999995794e+01
6.645687500000003922e+01
6.896937499999998522e+01
6.994984374999992838e+01
6.929359375000002785e+01
6.740433593749995111e+01
7.683871093749993975e+01
6.971109375000000341e+01
6.891933593749999432e+01
6.815937499999999716e+01
7.482621093749995111e+01
6.989000000000002899e+01
7.152250000000000796e+01
7.703183593750000568e+01
6.772484375000003354e+01
6.446996093750004775e+01
6.856937499999995111e+01
7.276152343750000284e+01
6.465433593749999375e+01
6.654984374999996533e+01
7.483277343750003752e+01
6.880234375000000568e+01
6.819359374999991985e+01
6.888714843749998806e+01
6.284859375000005599e+01
7.052152343749999375e+01
6.394234374999997783e+01
6.767499999999999716e+01
6.678433593750000341e+01
7.251246093749998067e+01
6.546234375000004491e+01
6.812749999999999773e+01
6.567246093750000568e+01
6.680999999999998806e+01
6.695464843749998352e+01
6.905484375000003183e+01
5.978902343749992809e+01
6.742933593750004206e+01
6.266000000000001080e+01
6.595859375000000568e+01
6.403687499999999488e+01
6.314339843749998948e+01
6.699027343749996533e+01
6.919683593749999773e+01
6.374000000000002331e+01
6.445484375000000909e+01
6.678652343749999432e+01
6.820902343750002217e+01
6.655746093750003922e+01
6.702777343750000227e+01
6.949687500000000284e+01
6.853402343750005343e+01
6.864937500000000625e+01
7.864750000000003638e+01
7.191187500000000909e+01
9.522484374999996248e+01
9.836089843749998352e+01
9.724721383988847379e+01
9.870499313771725269e+01
1.131464038556813705e+02
1.215852149939537412e+02
1.318939362996816840e+02
1.404408622360229515e+02
1.407216721863150497e+03
6.354505789279342025e+03
1.190593359375000000e+04
1.380803609375001179e+04
1.288737734375000036e+04
1.196838496093749927e+04
1.069514000000000306e+04
6.798302500000007058e+03
1.158559023437501310e+03
8.358558984374997181e+02
1.859699609375001330e+02
1.797965234375000705e+02
1.806521484374999886e+02
1.690646484375000114e+02
2.003787109374999886e+02
2.105762109374999511e+02
1.945225000000000648e+02
1.985368750000000091e+02
1.967483984374999864e+02
1.977423437499998613e+02
2.205273437500000000e+02
2.207349609375000057e+02
2.105452734374999579e+02
2.225193750000001671e+02
2.157249609374999579e+02
2.323998437500000307e+02
1.995649999999998840e+02
2.219255859374999886e+02
2.094548437500000091e+02
2.056835937500000000e+02
1.951208984374999886e+02
2.107812109374999068e+02
2.077980859375000762e+02
1.874265234374999523e+02
1.860860937499999181e+02
1.917173437500000261e+02
1.955871484375001046e+02
1.934246484375000250e+02
1.947240234374999943e+02
1.892475000000000307e+02
1.930215234375000080e+02
1.989130859375000000e+02
1.869000000000000057e+02
1.889433984375000648e+02
1.839193750000001160e+02
1.821274999999999125e+02
1.992937109374999807e+02
1.837610937499999011e+02
1.951774999999999523e+02
1.924650000000000603e+02
1.808702734374999750e+02
1.825100000000002183e+02
1.628527734375000762e+02
1.810110937499999864e+02
1.879349609374999943e+02
1.890021484375000114e+02
1.897618749999999750e+02
1.869874609374999181e+02
1.930593359374999238e+02
1.797443750000000477e+02
1.833046484374999068e+02
1.971649999999999068e+02
2.167030859374999636e+02
1.942980859374999341e+02
1.863562109375000375e+02
1.984868749999999125e+02
1.897350000000000421e+02
1.816100000000001842e+02
1.889993749999998727e+02
1.842715234375001785e+02
1.752496484375000705e+02
1.793048437499999181e+02
1.780399999999999068e+02
1.828246484375000875e+02
1.780173437499998954e+02
1.660293359375000080e+02
1.859193750000000023e+02
1.686921484375000091e+02
1.743093359374999807e+02
1.771005859375000000e+02
1.603043359375000421e+02
1.720599609374999943e+02
1.649108984374999523e+02
1.548699609374999682e+02
1.588668359375001273e+02
1.665130859374999943e+02
1.673558984375000023e+02
1.549775000000000489e+02
1.562650000000000716e+02
1.569608984375000205e+02
1.504593749999999943e+02
1.590390234375000205e+02
1.536621484375000364e+02
1.445443750000001160e+02
1.480000000000000000e+02
1.730865234375000057e+02
1.751149999999999807e+02
1.738671484375000205e+02
1.601149999999999238e+02
1.681725000000000989e+02
1.726490234375000057e+02
1.661287109374999886e+02
1.696274999999999977e+02
1.011812109375000119e+02
1.097593359374999693e+02
1.112452734374999608e+02
1.138123437500000108e+02
1.110593359375000091e+02
1.349610350078344823e+02
1.368792131656408344e+02
1.592658932662009761e+02
1.617906512969732091e+02
1.698113963311911334e+02
1.536712027162313348e+02
1.612445264524221784e+02
4.629322394126654103e+02
4.499409887695314865e+02
4.552788561099767435e+02
4.472626155799627554e+02
7.547948959136008398e+02
1.081622077310085388e+03
7.722429942792655311e+02
7.768665220683809594e+02
1.082756289262175869e+03
1.082866345066428039e+03
7.654896792358158564e+02
4.357515447402000177e+02
7.513668242812157132e+02
1.405732790899276779e+03
7.441727491801976839e+02
7.513575397437806487e+02
1.103235656523704193e+02
1.092749909728765516e+02
9.342470367848872570e+01
1.091766432857513536e+02
1.041871831744909258e+02
1.033692111110687364e+02
1.104795528739690837e+02
9.389474947392946547e+01
9.675577065408239719e+01
1.079673649764060457e+02
1.045635760092735609e+02
9.828005128800869272e+01
9.034080867528909664e+01
7.874031871795651227e+01
9.393618606328963949e+01
8.539286453187467885e+01
9.039685224950311238e+01
8.675822524786001111e+01
8.597907119750981053e+01
8.120861768484114407e+01
7.763996710777283283e+01
7.590885296761989309e+01
7.302303535878657215e+01
7.761105070054526323e+01
7.616917339324947989e+01
7.723769145965579241e+01
6.499079051911830618e+01
6.687553682088851303e+01
7.004396506309507231e+01
7.357111270368099554e+01
6.941826440751546556e+01
6.892444837033751526e+01
6.786300487518310831e+01
8.324599103391172150e+01
7.461758000314239325e+01
7.217906944215297926e+01
7.388708724021908836e+01
7.528242454469206280e+01
7.464197013318538154e+01
8.141086539685724688e+01
7.753091214895248129e+01
6.946491454839706137e+01
7.514165664672850653e+01
8.498332404553892161e+01
7.064079662323001685e+01
6.948241266012192341e+01
6.383763303220273144e+01
7.472532098531722511e+01
7.165139825582500066e+01
6.954502230584621714e+01
6.326687310934066488e+01
6.322349872350694255e+01
6.438364395558832598e+01
5.648671405553815106e+01
6.369428403317921550e+01
6.729081005096431056e+01
7.402810253143316288e+01
7.355770210027694134e+01
7.215835037171839872e+01
8.555260621964933421e+01
8.854355335175993957e+01
7.422291043066978773e+02
7.445505293631553059e+02
5.365490041598677635e+03
9.786442343750008149e+03
1.418054058593749869e+04
1.324667249999999149e+04
9.873876210937491123e+03
5.649634335937500509e+03
1.098500585937500091e+03
8.026898437500000227e+02
1.648318750000000250e+02
1.606435937500001216e+02
1.644715234375000250e+02
1.569777734374999909e+02
1.745548437499999181e+02
1.578171484374998386e+02
1.548748437500001387e+02
1.715610937499999125e+02
1.689999609374999068e+02
1.543493749999998954e+02
1.604146484375000057e+02
1.757685937500000648e+02
1.602574609375000421e+02
1.757399999999998954e+02
1.603898437500000114e+02
1.711449609375001160e+02
1.526798437499999466e+02
1.486248437500001103e+02
1.566710937500000114e+02
1.341187109374999125e+02
1.398418359374999795e+02
1.391702734374999295e+02
1.341677734374999886e+02
1.434085937499999943e+02
1.361224999999999739e+02
1.614074609374999625e+02
1.356243749999999295e+02
1.445123437500000705e+02
1.597310937500000989e+02
1.318546484375000603e+02
1.344480859375000534e+02
1.295796484374999977e+02
1.286605859374999739e+02
1.386937109374999295e+02
1.496398437500000114e+02
1.316068359374999943e+02
1.338935937499999795e+02
1.381418359375000193e+02
1.303685937500000875e+02
1.341485937499999750e+02
1.215750000000000028e+02
1.099140234374999210e+02
1.260148437499999972e+02
1.174318750000000335e+02
1.162796484374999437e+02
1.136568750000000563e+02
1.062600000000000620e+02
1.077610937499999864e+02
1.059650000000000034e+02
1.063100000000000307e+02
1.099965234375000591e+02
9.259214843750001478e+01
9.567496093749993236e+01
9.578749999999999432e+01
9.413246093750001364e+01
8.472464843750003638e+01
9.541871093749992383e+01
9.373558593750001933e+01
9.042933593750004206e+01
8.801109374999998636e+01
8.959859374999999204e+01
8.988109375000000512e+01
8.268871093749996248e+01
7.986058593750000512e+01
8.629750000000002785e+01
8.617246093750000568e+01
8.436500000000000909e+01
9.168589843749997215e+01
7.600308593750000341e+01
8.929964843749998238e+01
7.685277343750001933e+01
8.656933593750000000e+01
4.076560937499997976e+02
8.333089843750001080e+01
8.412964843749996646e+01
4.113355859374995021e+02
4.112871484374997522e+02
4.006062109375001228e+02
7.342849609375000455e+02
7.301027734374993088e+02
7.306021484374999773e+02
7.322780859375005775e+02
7.301599999999995134e+02
7.232599999999998772e+02
7.289027734374996044e+02
7.371671484375000318e+02
1.076656210937499964e+03
7.316255859374999773e+02
1.078320273437499509e+03
2.116958398437499909e+03
1.428043398437501764e+03
2.461964843750000000e+03
2.108449843750000582e+03
2.763822500000002947e+03
2.102324648437502219e+03
2.447868593750000400e+03
3.735540000000002237e+03
6.385826210937497308e+03
6.653477343749999818e+03
7.474229843750002146e+03
8.700410898437501601e+03
8.935037148437486394e+03
7.966059999999988577e+03
8.919527773437494034e+03
1.085178687500000524e+04
1.063109339843749149e+04
1.155508734374998676e+04
1.202334964843749185e+04
1.194709609375000036e+04
1.285591933593750036e+04
1.294752359375001106e+04
1.261735621093750524e+04
1.419717339843749869e+04
1.359195687499999985e+04
1.417002027343749614e+04
1.386660121093749149e+04
1.322873714843748894e+04
1.394186558593749578e+04
1.443583359374999964e+04
1.458650121093749840e+04
1.436377437500000269e+04
1.427962246093750036e+04
1.472393433593750888e+04
1.448165464843749942e+04
1.478563121093749942e+04
1.480684808593750313e+04
1.480771464843750073e+04
1.472804984374999549e+04
1.479308746093750597e+04
1.468738808593750036e+04
1.483348121093750888e+04
1.476567984374999287e+04
1.402000933593750597e+04
1.437869749999999840e+04
1.455144214843749978e+04
1.471649687500000073e+04
1.396636187499999869e+04
1.428823187499999221e+04
1.368227984375000233e+04
1.212446246093750597e+04
1.189792484374998821e+04
1.192022984375000306e+04
1.308353746093751033e+04
1.308569496093748967e+04
1.173149902343750000e+04
1.134260902343749331e+04
1.083840746093749840e+04
9.787356835937500364e+03
1.123145484375000706e+04
1.001299996093750815e+04
8.862764023437503056e+03
1.101368714843749149e+04
8.169252499999997781e+03
8.380449648437495853e+03
9.988406093749992579e+03
7.896899374999999054e+03
8.654806093749994034e+03
7.395812148437493306e+03
8.410763710937500946e+03
6.291106093749996944e+03
6.582162460937503965e+03
5.681427773437500036e+03
5.376260000000003856e+03
6.294379335937502219e+03
4.181763085937500364e+03
3.529623398437499418e+03
5.981386093749997599e+03
4.477346093750000364e+03
5.692756875000002765e+03
3.838819960937502856e+03
3.499853710937500182e+03
3.508192343749998145e+03
4.128152499999999236e+03
2.507314648437500182e+03
2.490448593749997144e+03
1.812690273437498490e+03
1.816233593749999955e+03
1.121648593750000373e+03
4.042898437499999886e+02
1.819049960937500146e+03
7.623058984375003320e+02
1.109969375000000127e+03
7.644733984375003502e+02
1.817667148437500146e+03
1.123343593749999627e+03
7.680312109375004184e+02
4.024749609375000432e+02
1.099337343749999945e+03
4.076623437499995362e+02
4.634234375000000483e+01
4.211246093749998920e+01
4.020296484375001000e+02
4.714359375000000796e+01
4.407808593750004178e+01
4.718558593749997243e+01
4.105905859375006912e+02
4.635621093750001620e+01
4.707249999999999801e+01
4.120277343749998522e+01
4.202109374999999858e+01
4.546187499999999204e+01
4.607984374999999488e+01
4.686839843749998380e+01
4.683187499999996817e+01
4.632652343750000057e+01
4.743089843750003354e+01
4.829609374999999716e+01
4.750933593749997641e+01
4.929339843750003780e+01
4.012933984375000591e+02
4.037718359375000432e+02
4.917246093749999858e+01
5.247845773637296674e+01
5.236968088090418405e+01
5.040484374999998352e+01
4.970687500000000369e+01
5.314112802445888661e+01
5.763496093749999716e+01
5.577499999999999858e+01
4.783500000000002927e+01
5.048500000000002075e+01
4.561187499999999773e+01
5.573609374999997357e+01
5.925699319779870677e+01
6.889236875000004147e+03
7.150050219091773215e+03
6.928142638490197896e+03
7.994965585937505239e+03
8.446091835937495489e+03
8.911289023437515425e+03
9.326255898437495489e+03
9.536234375000000000e+03
9.889890585937506330e+03
1.019494339843749731e+04
1.041954214843750378e+04
1.060888027343750036e+04
1.084186859374999403e+04
1.100028187499998967e+04
1.113346734375000960e+04
1.133864359374998821e+04
1.161467437500000960e+04
1.171902464843749294e+04
1.186413902343750124e+04
1.195881683593749403e+04
1.206030687499999476e+04
1.229081246093751179e+04
1.245649996093750633e+04
1.243842027343750306e+04
1.259927499999999964e+04
1.270238687500000196e+04
1.269580277343749549e+04
1.276432339843750924e+04
1.293134996093750306e+04
1.293625777343751543e+04
1.327090152343750196e+04
1.331636152343749927e+04
1.351841234374999476e+04
1.360638609374999578e+04
1.368455777343750560e+04
1.373491683593749440e+04
1.367201246093750888e+04
1.389729683593750451e+04
1.386131187500000487e+04
1.401143109374999403e+04
1.406383109374999185e+04
1.405291558593749687e+04
1.404763687500000015e+04
1.413929058593750233e+04
1.381524183593749513e+04
1.364804359374999513e+04
1.368722339843750524e+04
1.370606558593750015e+04
1.363371839843750422e+04
1.352810464843750015e+04
1.308032750000001033e+04
1.204227183593750487e+04
1.162291464843749964e+04
1.238129234375000487e+04
1.118733714843750022e+04
1.193353187499999513e+04
1.107835484375000306e+04
1.050619359374999658e+04
1.014272777343749112e+04
9.010096874999999272e+03
8.871614843749999636e+03
8.416438710937502037e+03
8.715032773437504147e+03
8.645374843749994398e+03
8.224249843749999854e+03
7.727274960937499600e+03
6.691648593750001055e+03
7.472574023437499818e+03
7.243432773437499236e+03
7.243432773437499236e+03
6.360933593749997783e+01
5.610464843749999631e+01
5.597670953512194103e+01
6.047142638206481990e+01
5.858410049438475653e+01
6.485629674851892901e+01
7.369070052146911110e+01
7.414570306539535238e+01
4.089485015624762241e+02
4.069291182303429650e+02
3.099438134860396531e+03
6.157747499999999491e+03
9.259877148437499272e+03
1.059995902343749549e+04
1.111290777343750051e+04
1.175041371093749149e+04
1.260875308593750196e+04
1.311683187499999440e+04
1.344460937500000000e+04
1.286260687499999767e+04
1.210437359375000597e+04
1.286423609375000888e+04
1.200037652343750779e+04
1.023647249999999440e+04
9.329054335937498763e+03
7.868859999999995125e+03
7.036286875000002510e+03
7.795912460937501237e+03
6.179448398437498327e+03
5.251016835937500218e+03
2.135225777072310393e+03
